   0.998701 
   0.995968 
   0.997555 
   0.997389 
   0.998607 
   0.998818 
   0.998737 
   0.991326 
   0.969388 
   0.934509 
   0.937500 
   0.899225 
   0.890274 
   0.852394 
   0.893899 
   0.955774 
   0.974462 
   0.991400 
   0.997396 
   0.998765 
   0.997382 
   0.997396 
   0.995935 
   0.993351 
   0.991139 
   0.988189 
   0.988111 
   0.994832 
   0.993917 
   0.989924 
   0.992519 
   0.995810 
   0.998756 
   0.991643 
   0.990667 
   0.980867 
   0.991765 
   0.993007 
   0.992331 
   0.954774 
   0.923706 
   0.926593 
   0.945026 
   0.962025 
   0.972452 
   0.970370 
   0.978697 
   0.984211 
   0.986618 
   0.987772 
   0.991443 
   0.994962 
   1.000000 
   1.000000 
   0.997494 
   0.986413 
   0.986979 
   0.995181 
   0.997423 
   0.997361 
   0.989041 
   0.997297 
   0.998701 
   0.998731 
   0.997449 
   0.998724 
   0.996412 
   0.998724 
   1.000000 
   0.998768 
   0.998731 
   0.996073 
   1.000000 
   0.996193 
   0.991713 
   0.997549 
   0.997449 
   1.000000 
   0.998663 
   0.994565 
   0.998775 
   0.986979 
   0.992042 
   0.989950 
   0.964646 
   0.971850 
   0.978142 
   0.990719 
   0.996544 
   0.993351 
   1.000000 
   0.997396 
   0.995946 
   0.996000 
   0.996094 
   0.995227 
   0.996377 
   0.996333 
   1.000000 
   0.992647 
   0.993961 
   0.998741 
   0.993207 
   0.995215 
   0.993169 
   0.984520 
   0.998438 
   1.000000 
   1.000000 
   1.000000 
   1.000000 
   1.000000 
   1.000000 
   1.000000 
   1.000000 
   1.000000 
   1.000000 
   1.000000 
   1.000000 
   1.000000
   0.945455 
   0.951613 
   0.962103 
   0.973890 
   0.994429 
   0.989362 
   0.982323 
   0.992565 
   0.991071 
   0.984887 
   0.975765 
   0.927649 
   0.930175 
   0.876330 
   0.927056 
   0.961916 
   0.990591 
   0.996315 
   0.996094 
   0.995062 
   0.998691 
   0.998698 
   0.997290 
   0.988032 
   0.997468 
   0.990814 
   0.997358 
   0.992248 
   0.992701 
   0.996222 
   0.996259 
   0.998603 
   0.991294 
   0.994429 
   0.996000 
   0.993622 
   0.992941 
   0.990676 
   0.987730 
   0.993719 
   0.915531 
   0.976454 
   0.985602 
   0.994937 
   0.993113 
   0.980247 
   0.987469 
   0.992105 
   0.986618 
   0.978261 
   0.986553 
   0.986146 
   0.981308 
   0.986979 
   0.983709 
   0.983696 
   0.984375 
   0.985542 
   0.966495 
   0.961741 
   0.980822 
   0.987838 
   0.994805 
   0.989848 
   0.980867 
   0.987245 
   0.992823 
   0.982143 
   0.991706 
   0.972906 
   0.988579 
   0.975131 
   0.981333 
   0.986041 
   0.983425 
   0.990196 
   0.997449 
   0.977556 
   0.969251 
   0.989130 
   0.991422 
   0.977865 
   0.984085 
   0.958543 
   0.991162 
   0.990617 
   0.979508 
   0.979118 
   0.995392 
   0.992021 
   0.983173 
   0.990885 
   0.985135 
   0.996000 
   0.992188 
   0.979714 
   0.996377 
   0.992665 
   0.992754 
   0.985294 
   0.974638 
   0.979849 
   0.989130 
   0.986842 
   0.979508 
   0.993808 
   0.975000 
   0.955446 
   0.967337 
   0.971698 
   0.974315 
   0.965461 
   0.962903 
   0.973404 
   0.987261 
   0.969040 
   0.947464 
   0.930712 
   0.958730 
   0.937500 

   0.996627
   0.996840
   0.996678
   0.960854
   0.978369
   0.958678
   0.988136
   0.993333
   0.996622
   0.993232
   0.990876
   0.964093
   0.934505
   0.927835
   0.962903
   0.951134
   0.965392
   0.973199
   0.972028
   0.973378
   0.915683
   0.915966
   0.930579
   0.973244
   0.957821
   0.967532
   0.968586
   0.965096
   0.920139
   0.944171
   0.951987
   0.989691
   0.996633
   1.000000
   0.990228
   0.994898
   0.975945
   0.971067
   0.952984
   0.980198
   0.995130
   1.000000
   0.998433
   0.996409
   0.985507
   0.940692
   0.953451
   0.976364
   0.991482
   0.998182
   0.993043
   0.996672
   0.983974
   0.956026
   0.963478
   0.965909
   0.991197
   0.996743
   0.998325
   0.990033
   0.996875
   0.970543
   0.952381
   0.951667
   0.986046
   0.991453
   0.998333
   0.996627
   0.989916
   0.977049
   0.946309
   0.961921
   0.976708
   0.992883
   0.996644
   0.981261
   0.998361
   0.996678
   0.938739
   0.955631
   0.910596
   0.980551
   0.994992
   0.996656
   0.991722
   0.992089
   0.963351
   0.939799
   0.959114
   0.981261
   0.992995
   0.995090
   0.998392
   0.991597
   0.984071
   0.946809
   0.961739
   0.972696
   0.993243
   0.994690
   1.000000
   1.000000
   0.998261
   1.000000
   0.996460
   0.998342
   1.000000
   0.998299
   1.000000
   1.000000
   1.000000
   0.998195
   1.000000
   0.998255
   0.998382
   0.998363
   1.000000
   1.000000
   1.000000
   1.000000
   0.998331
   1.000000
   0.998377
   1.000000
   0.998366
   1.000000
   1.000000
   1.000000
   1.000000
   0.998392
   0.998273
   1.000000
   0.998336
   0.998302
   1.000000
   1.000000
   0.998201
   0.996448
   0.998342
   1.000000
   1.000000
   1.000000
   1.000000
   1.000000
   1.000000
   0.998342
   0.998403
   0.995041
   1.000000
   0.998353
   0.996497
   1.000000
   0.998342
   1.000000
   0.998353
   1.000000
   1.000000
   1.000000
   0.998255
   1.000000
   0.998288
   0.998361
   1.000000
   1.000000
   0.998172
   1.000000
   1.000000
   1.000000
   1.000000
   0.996705
   0.998230
   1.000000
   1.000000
   1.000000
   1.000000
   1.000000
   1.000000
   0.996721
   0.996454
   0.998243
   0.994932
   0.998418
   1.000000
   1.000000
   0.998236
   1.000000
   1.000000
   0.998395
   1.000000
   0.998403
   1.000000
   1.000000
   1.000000
   1.000000
   0.998282
   1.000000
   0.996516
   0.993730
   0.998246
   1.000000
   0.979275
   0.994709
   0.972222
   0.857143
   0.621762
   0.939891
   0.968254
   0.980296
   1.000000
   0.973684
   0.982857
   0.961957
   0.994624
   0.979058
   0.978261
   0.981481
   0.969325
   0.979695
   0.970874
   0.977901
   0.665025
   0.845304
   0.978836
   0.982955
   0.976331
   0.972973
   0.990566
   0.989418
   0.961326
   0.969231
   0.947090
   1.000000
   0.972826
   0.984925
   0.984536
   0.970588
   0.938144
   0.563830
   0.958974
   0.971154
   0.978723
   0.980676
   0.970297
   0.988095
   0.983607
   0.969697
   0.983333
   0.983240
   0.990148
   0.989418
   0.959538
   0.994819
   0.974490
   0.868750
   0.689840
   0.955307
   0.989418
   0.976636
   0.982659
   0.989529
   0.974619
   0.963855
   0.987879
   0.962963
   0.972376
   0.988024
   0.976331
   0.989474
   0.977901
   0.979798
   0.660098
   0.872093
   0.960976
   0.962963
   0.978261
   0.985366
   0.993789
   0.977169
   0.994083
   0.961957
   0.975460
   0.973545
   0.977401
   0.966851
   0.963731
   0.971098
   0.974490
   0.563158
   0.956757
   0.959064
   1.000000
   0.976415
   0.983051
   0.994709
   0.980099
   0.983333
   0.965318
   0.988095
   1.000000
   0.960227
