0 0 0 0 1.
0 1 0 1 0.934057
0 2 0 2 0.946488
0 3 0 3 0.950751
0 4 0 4 0.952341
0 5 0 5 0.961667
0 6 0 10 0.9525
0 7 0 15 0.962437
0 8 0 20 0.959167
0 9 0 25 0.9625
0 10 0 30 0.95
0 11 0 40 0.959099
0 12 0 50 0.959099
1 0 0.2 0 0.902439
1 1 0.2 1 0.94
1 2 0.2 2 0.958333
1 3 0.2 3 0.9575
1 4 0.2 4 0.966667
1 5 0.2 5 0.966667
1 6 0.2 10 0.9675
1 7 0.2 15 0.965
1 8 0.2 20 0.96
1 9 0.2 25 0.955833
1 10 0.2 30 0.96
1 11 0.2 40 0.965833
1 12 0.2 50 0.965833
2 0 0.4 0 0.874101
2 1 0.4 1 0.926667
2 2 0.4 2 0.953333
2 3 0.4 3 0.955
2 4 0.4 4 0.968333
2 5 0.4 5 0.951667
2 6 0.4 10 0.958333
2 7 0.4 15 0.95
2 8 0.4 20 0.959167
2 9 0.4 25 0.964107
2 10 0.4 30 0.958333
2 11 0.4 40 0.950833
2 12 0.4 50 0.950833
3 0 0.6 0 0.839535
3 1 0.6 1 0.940833
3 2 0.6 2 0.955833
3 3 0.6 3 0.959167
3 4 0.6 4 0.951667
3 5 0.6 5 0.9675
3 6 0.6 10 0.9625
3 7 0.6 15 0.954167
3 8 0.6 20 0.955
3 9 0.6 25 0.9525
3 10 0.6 30 0.958333
3 11 0.6 40 0.948333
3 12 0.6 50 0.948333
4 0 0.8 0 0.810096
4 1 0.8 1 0.923913
4 2 0.8 2 0.934167
4 3 0.8 3 0.943333
4 4 0.8 4 0.943333
4 5 0.8 5 0.958333
4 6 0.8 10 0.955
4 7 0.8 15 0.944167
4 8 0.8 20 0.9325
4 9 0.8 25 0.9425
4 10 0.8 30 0.940833
4 11 0.8 40 0.946667
4 12 0.8 50 0.946667
5 0 1 0 0.810345
5 1 1 1 0.904007
5 2 1 2 0.913333
5 3 1 3 0.919167
5 4 1 4 0.926667
5 5 1 5 0.9325
5 6 1 10 0.9375
5 7 1 15 0.931667
5 8 1 20 0.929167
5 9 1 25 0.920833
5 10 1 30 0.928333
5 11 1 40 0.924167
5 12 1 50 0.924167
6 0 1.2 0 0.782167
6 1 1.2 1 0.859167
6 2 1.2 2 0.909167
6 3 1.2 3 0.907346
6 4 1.2 4 0.911667
6 5 1.2 5 0.909167
6 6 1.2 10 0.902337
6 7 1.2 15 0.9125
6 8 1.2 20 0.914716
6 9 1.2 25 0.915833
6 10 1.2 30 0.905
6 11 1.2 40 0.8825
6 12 1.2 50 0.8825
7 0 1.4 0 0.747653
7 1 1.4 1 0.827759
7 2 1.4 2 0.8525
7 3 1.4 3 0.885833
7 4 1.4 4 0.886667
7 5 1.4 5 0.891667
7 6 1.4 10 0.876667
7 7 1.4 15 0.890833
7 8 1.4 20 0.874167
7 9 1.4 25 0.868333
7 10 1.4 30 0.844167
7 11 1.4 40 0.850833
7 12 1.4 50 0.850833
8 0 1.6 0 0.764908
8 1 1.6 1 0.834725
8 2 1.6 2 0.861667
8 3 1.6 3 0.865609
8 4 1.6 4 0.854758
8 5 1.6 5 0.8775
8 6 1.6 10 0.886667
8 7 1.6 15 0.88
8 8 1.6 20 0.8675
8 9 1.6 25 0.866667
8 10 1.6 30 0.865
8 11 1.6 40 0.865609
8 12 1.6 50 0.865609
9 0 1.8 0 0.782864
9 1 1.8 1 0.829167
9 2 1.8 2 0.8775
9 3 1.8 3 0.873746
9 4 1.8 4 0.877926
9 5 1.8 5 0.879397
9 6 1.8 10 0.893333
9 7 1.8 15 0.871667
9 8 1.8 20 0.873333
9 9 1.8 25 0.874167
9 10 1.8 30 0.8925
9 11 1.8 40 0.8525
9 12 1.8 50 0.8525
10 0 2 0 0.806742
10 1 2 1 0.834725
10 2 2 2 0.865609
10 3 2 3 0.884167
10 4 2 4 0.881271
10 5 2 5 0.876254
10 6 2 10 0.876667
10 7 2 15 0.885833
10 8 2 20 0.861667
10 9 2 25 0.869167
10 10 2 30 0.86
10 11 2 40 0.855833
10 12 2 50 0.855833
11 0 2.2 0 0.761072
11 1 2.2 1 0.817114
11 2 2.2 2 0.847059
11 3 2.2 3 0.852007
11 4 2.2 4 0.861436
11 5 2.2 5 0.853333
11 6 2.2 10 0.861667
11 7 2.2 15 0.875833
11 8 2.2 20 0.850833
11 9 2.2 25 0.855833
11 10 2.2 30 0.8625
11 11 2.2 40 0.865833
11 12 2.2 50 0.865833
12 0 2.4 0 0.761072
12 1 2.4 1 0.817114
12 2 2.4 2 0.847059
12 3 2.4 3 0.852007
12 4 2.4 4 0.861436
12 5 2.4 5 0.853333
12 6 2.4 10 0.861667
12 7 2.4 15 0.875833
12 8 2.4 20 0.850833
12 9 2.4 25 0.855833
12 10 2.4 30 0.8625
12 11 2.4 40 0.865833
12 12 2.4 50 0.865833
