0 0 0 0 0.458935
0 1 0 1 0.40114
0 2 0 2 0.552678
0 3 0 3 0.63897
0 4 0 4 0.672438
0 5 0 5 0.731614
0 6 0 10 0.743411
0 7 0 15 0.797106
0 8 0 20 0.833684
0 9 0 25 0.852212
0 10 0 30 0.857739
0 11 0 40 0.866498
0 12 0 50 0.866498
1 0 0.2 0 0.323415
1 1 0.2 1 0.417133
1 2 0.2 2 0.541662
1 3 0.2 3 0.625468
1 4 0.2 4 0.673519
1 5 0.2 5 0.720052
1 6 0.2 10 0.737486
1 7 0.2 15 0.792784
1 8 0.2 20 0.830318
1 9 0.2 25 0.844589
1 10 0.2 30 0.854768
1 11 0.2 40 0.860426
1 12 0.2 50 0.860426
2 0 0.4 0 0.351313
2 1 0.4 1 0.390913
2 2 0.4 2 0.510641
2 3 0.4 3 0.6136
2 4 0.4 4 0.656481
2 5 0.4 5 0.702106
2 6 0.4 10 0.728026
2 7 0.4 15 0.788802
2 8 0.4 20 0.821799
2 9 0.4 25 0.835252
2 10 0.4 30 0.846749
2 11 0.4 40 0.855334
2 12 0.4 50 0.855334
3 0 0.6 0 0.218732
3 1 0.6 1 0.368194
3 2 0.6 2 0.522306
3 3 0.6 3 0.597413
3 4 0.6 4 0.637372
3 5 0.6 5 0.683267
3 6 0.6 10 0.725773
3 7 0.6 15 0.784291
3 8 0.6 20 0.814753
3 9 0.6 25 0.822448
3 10 0.6 30 0.835015
3 11 0.6 40 0.837353
3 12 0.6 50 0.837353
4 0 0.8 0 0.171054
4 1 0.8 1 0.35179
4 2 0.8 2 0.484171
4 3 0.8 3 0.565566
4 4 0.8 4 0.61657
4 5 0.8 5 0.64095
4 6 0.8 10 0.704823
4 7 0.8 15 0.765666
4 8 0.8 20 0.787319
4 9 0.8 25 0.79996
4 10 0.8 30 0.812998
4 11 0.8 40 0.812998
4 12 0.8 50 0.812998
5 0 1 0 0.131051
5 1 1 1 0.328156
5 2 1 2 0.455533
5 3 1 3 0.520647
5 4 1 4 0.556317
5 5 1 5 0.592788
5 6 1 10 0.684172
5 7 1 15 0.734607
5 8 1 20 0.755268
5 9 1 25 0.769298
5 10 1 30 0.787932
5 11 1 40 0.787932
5 12 1 50 0.787932
6 0 1.2 0 0.18378
6 1 1.2 1 0.266239
6 2 1.2 2 0.381268
6 3 1.2 3 0.448598
6 4 1.2 4 0.488107
6 5 1.2 5 0.524977
6 6 1.2 10 0.618771
6 7 1.2 15 0.661422
6 8 1.2 20 0.685934
6 9 1.2 25 0.737497
6 10 1.2 30 0.737497
6 11 1.2 40 0.737497
6 12 1.2 50 0.737497
7 0 1.4 0 0.302366
7 1 1.4 1 0.322187
7 2 1.4 2 0.466625
7 3 1.4 3 0.517167
7 4 1.4 4 0.512344
7 5 1.4 5 0.597945
7 6 1.4 10 0.693276
7 7 1.4 15 0.722078
7 8 1.4 20 0.688761
7 9 1.4 25 0.688761
7 10 1.4 30 0.688761
7 11 1.4 40 0.688761
7 12 1.4 50 0.688761
8 0 1.6 0 0.425756
8 1 1.6 1 0.524087
8 2 1.6 2 0.603327
8 3 1.6 3 0.619334
8 4 1.6 4 0.635948
8 5 1.6 5 0.729888
8 6 1.6 10 0.799184
8 7 1.6 15 0.814842
8 8 1.6 20 0.814842
8 9 1.6 25 0.814842
8 10 1.6 30 0.814842
8 11 1.6 40 0.814842
8 12 1.6 50 0.814842
9 0 1.8 0 0.469203
9 1 1.8 1 0.58931
9 2 1.8 2 0.646396
9 3 1.8 3 0.650508
9 4 1.8 4 0.697158
9 5 1.8 5 0.781474
9 6 1.8 10 0.825335
9 7 1.8 15 0.838001
9 8 1.8 20 0.838001
9 9 1.8 25 0.838001
9 10 1.8 30 0.838001
9 11 1.8 40 0.838001
9 12 1.8 50 0.838001
10 0 2 0 0.531967
10 1 2 1 0.629224
10 2 2 2 0.65961
10 3 2 3 0.698437
10 4 2 4 0.748335
10 5 2 5 0.808461
10 6 2 10 0.833232
10 7 2 15 0.833232
10 8 2 20 0.833232
10 9 2 25 0.833232
10 10 2 30 0.833232
10 11 2 40 0.833232
10 12 2 50 0.833232
11 0 2.2 0 0.594598
11 1 2.2 1 0.641348
11 2 2.2 2 0.667399
11 3 2.2 3 0.722231
11 4 2.2 4 0.774289
11 5 2.2 5 0.822123
11 6 2.2 10 0.835992
11 7 2.2 15 0.835992
11 8 2.2 20 0.835992
11 9 2.2 25 0.835992
11 10 2.2 30 0.835992
11 11 2.2 40 0.835992
11 12 2.2 50 0.835992
12 0 2.4 0 0.594598
12 1 2.4 1 0.641348
12 2 2.4 2 0.667399
12 3 2.4 3 0.722231
12 4 2.4 4 0.774289
12 5 2.4 5 0.822123
12 6 2.4 10 0.835992
12 7 2.4 15 0.835992
12 8 2.4 20 0.835992
12 9 2.4 25 0.835992
12 10 2.4 30 0.835992
12 11 2.4 40 0.835992
12 12 2.4 50 0.835992
