0  0   0.0  0  0.93  
0  1   0.0  1  0.93
0  2   0.0  2  0.93
0  3   0.0  3  0.93
0  4   0.0  4  0.93
0  5   0.0  5  0.93
0  6   0.0  10 0.93
0  7   0.0  15 0.93
0  8   0.0  20 0.93
0  9   0.0  25 0.93
0  10  0.0  30 0.93
0  11  0.0  40 0.93
0  12  0.0  50 0.93
1  0   0.2  0  0.93
1  1   0.2  1  0.93
1  2   0.2  2  0.93
1  3   0.2  3  0.93
1  4   0.2  4  0.93
1  5   0.2  5  0.93
1  6   0.2  10 0.93
1  7   0.2  15 0.93
1  8   0.2  20 0.93
1  9   0.2  25 0.93
1  10  0.2  30 0.93
1  11  0.2  40 0.93
1  12  0.2  50 0.93
2  0   0.4  0  0.93
2  1   0.4  1  0.93
2  2   0.4  2  0.93
2  3   0.4  3  0.93
2  4   0.4  4  0.93
2  5   0.4  5  0.93
2  6   0.4  10 0.93
2  7   0.4  15 0.93
2  8   0.4  20 0.93
2  9   0.4  25 0.93
2  10  0.4  30 0.93
2  11  0.4  40 0.93
2  12  0.4  50 0.93
3  0   0.6  0  0.93
3  1   0.6  1  0.93
3  2   0.6  2  0.93
3  3   0.6  3  0.93
3  4   0.6  4  0.93
3  5   0.6  5  0.93
3  6   0.6  10 0.93
3  7   0.6  15 0.93
3  8   0.6  20 0.93
3  9   0.6  25 0.93
3  10  0.6  30 0.93
3  11  0.6  40 0.93
3  12  0.6  50 0.93
4  0   0.8  0  0.87
4  1   0.8  1  0.87
4  2   0.8  2  0.87
4  3   0.8  3  0.87
4  4   0.8  4  0.87
4  5   0.8  5  0.87
4  6   0.8  10 0.87
4  7   0.8  15 0.87
4  8   0.8  20 0.87
4  9   0.8  25 0.87
4  10  0.8  30 0.87
4  11  0.8  40 0.87
4  12  0.8  50 0.87
5  0   1.0  0  0.83
5  1   1.0  1  0.83
5  2   1.0  2  0.83
5  3   1.0  3  0.83
5  4   1.0  4  0.83
5  5   1.0  5  0.83
5  6   1.0  10 0.83
5  7   1.0  15 0.83
5  8   1.0  20 0.83
5  9   1.0  25 0.83
5  10  1.0  30 0.83
5  11  1.0  40 0.83
5  12  1.0  50 0.83
6  0   1.2  0  0.79
6  1   1.2  1  0.79
6  2   1.2  2  0.79
6  3   1.2  3  0.79
6  4   1.2  4  0.79
6  5   1.2  5  0.79
6  6   1.2  10 0.79
6  7   1.2  15 0.79
6  8   1.2  20 0.79
6  9   1.2  25 0.79
6  10  1.2  30 0.79
6  11  1.2  40 0.79
6  12  1.2  50 0.79
7  0   1.4  0  0.73
7  1   1.4  1  0.73
7  2   1.4  2  0.73
7  3   1.4  3  0.73
7  4   1.4  4  0.73
7  5   1.4  5  0.73
7  6   1.4  10 0.73
7  7   1.4  15 0.73
7  8   1.4  20 0.73
7  9   1.4  25 0.73
7  10  1.4  30 0.73
7  11  1.4  40 0.73
7  12  1.4  50 0.73
8  0   1.6  0  0.75
8  1   1.6  1  0.75
8  2   1.6  2  0.75
8  3   1.6  3  0.75
8  4   1.6  4  0.75
8  5   1.6  5  0.75
8  6   1.6  10 0.75
8  7   1.6  15 0.75
8  8   1.6  20 0.75
8  9   1.6  25 0.75
8  10  1.6  30 0.75
8  11  1.6  40 0.75
8  12  1.6  50 0.75
9  0   1.8  0  0.75
9  1   1.8  1  0.75
9  2   1.8  2  0.75
9  3   1.8  3  0.75
9  4   1.8  4  0.75
9  5   1.8  5  0.75
9  6   1.8  10 0.75
9  7   1.8  15 0.75
9  8   1.8  20 0.75
9  9   1.8  25 0.75
9  10  1.8  30 0.75
9  11  1.8  40 0.75
9  12  1.8  50 0.75
10  0  2.0  0  0.75
10  1  2.0  1  0.75
10  2  2.0  2  0.75
10  3  2.0  3  0.75
10  4  2.0  4  0.75
10  5  2.0  5  0.75
10  6  2.0  10 0.75
10  7  2.0  15 0.75
10  8  2.0  20 0.75
10  9  2.0  25 0.75
10  10 2.0  30 0.75
10  11 2.0  40 0.75
10  12 2.0  50 0.75
11  0  2.2  0  0.76
11  1  2.2  1  0.76
11  2  2.2  2  0.76
11  3  2.2  3  0.76
11  4  2.2  4  0.76
11  5  2.2  5  0.76
11  6  2.2  10 0.76
11  7  2.2  15 0.76
11  8  2.2  20 0.76
11  9  2.2  25 0.76
11  10 2.2  30 0.76
11  11 2.2  40 0.76
11  12 2.2  50 0.76
12  0  2.4  0  0.76
12  1  2.4  1  0.76
12  2  2.4  2  0.76
12  3  2.4  3  0.76
12  4  2.4  4  0.76
12  5  2.4  5  0.76
12  6  2.4  10 0.76
12  7  2.4  15 0.76
12  8  2.4  20 0.76
12  9  2.4  25 0.76
12  10 2.4  30 0.76
12  11 2.4  40 0.76
12  12 2.4  50 0.76
