   0   0  0.0  0.   1.
   0   1  0.0  1.   0.86
   0   2  0.0  10.  0.92
   0   3  0.0  100. 1.
   1   0  0.5  0.3  1.
   1   1  0.5  1.   0.84
   1   2  0.5  10.  0.90
   1   3  0.5  100. 1.
   2   0  1.0  0.   1.
   2   1  1.0  1.   0.75
   2   2  1.0  10.  0.84
   2   3  1.0  100. 1.
   3   0  1.5  0.   1.
   3   1  1.5  1.   0.78
   3   2  1.5  10.  0.82
   3   3  1.5  100. 1.
   4   0  2.0  0.   1.
   4   1  2.0  1.   0.74
   4   2  2.0  10.  0.78
   4   3  2.0  100. 1.
   5   0  2.5  0.   1.
   5   1  2.5  1.   1.
   5   2  2.5  10.  1.
   5   3  2.5  100. 1.
