0 0 0 0 0.602414
0 1 0 1 0.189601
0 2 0 2 0.438377
0 3 0 3 0.57832
0 4 0 4 0.655527
0 5 0 5 0.698415
0 6 0 10 0.736831
0 7 0 15 0.793896
0 8 0 20 0.836122
0 9 0 25 0.844205
0 10 0 30 0.85816
0 11 0 40 0.862846
0 12 0 50 0.862846
1 0 0.2 0 0.460734
1 1 0.2 1 0.287413
1 2 0.2 2 0.445335
1 3 0.2 3 0.591585
1 4 0.2 4 0.636292
1 5 0.2 5 0.687129
1 6 0.2 10 0.728711
1 7 0.2 15 0.792484
1 8 0.2 20 0.824615
1 9 0.2 25 0.852059
1 10 0.2 30 0.856865
1 11 0.2 40 0.859872
1 12 0.2 50 0.859872
2 0 0.4 0 0.204467
2 1 0.4 1 0.210947
2 2 0.4 2 0.435312
2 3 0.4 3 0.55335
2 4 0.4 4 0.639846
2 5 0.4 5 0.694002
2 6 0.4 10 0.72882
2 7 0.4 15 0.788829
2 8 0.4 20 0.825654
2 9 0.4 25 0.839851
2 10 0.4 30 0.842653
2 11 0.4 40 0.85705
2 12 0.4 50 0.85705
3 0 0.6 0 0.238283
3 1 0.6 1 0.280688
3 2 0.6 2 0.445646
3 3 0.6 3 0.554049
3 4 0.6 4 0.615448
3 5 0.6 5 0.672758
3 6 0.6 10 0.72726
3 7 0.6 15 0.788212
3 8 0.6 20 0.812703
3 9 0.6 25 0.821071
3 10 0.6 30 0.833489
3 11 0.6 40 0.844126
3 12 0.6 50 0.844126
4 0 0.8 0 0.211664
4 1 0.8 1 0.279473
4 2 0.8 2 0.427909
4 3 0.8 3 0.512184
4 4 0.8 4 0.57014
4 5 0.8 5 0.634066
4 6 0.8 10 0.710591
4 7 0.8 15 0.770536
4 8 0.8 20 0.789602
4 9 0.8 25 0.804687
4 10 0.8 30 0.812503
4 11 0.8 40 0.82444
4 12 0.8 50 0.82444
5 0 1 0 0.621312
5 1 1 1 0.230872
5 2 1 2 0.432824
5 3 1 3 0.505937
5 4 1 4 0.536944
5 5 1 5 0.595446
5 6 1 10 0.689903
5 7 1 15 0.737847
5 8 1 20 0.750795
5 9 1 25 0.770238
5 10 1 30 0.787836
5 11 1 40 0.797336
5 12 1 50 0.797336
6 0 1.2 0 0.631929
6 1 1.2 1 0.299476
6 2 1.2 2 0.394673
6 3 1.2 3 0.452386
6 4 1.2 4 0.493027
6 5 1.2 5 0.554659
6 6 1.2 10 0.673412
6 7 1.2 15 0.705947
6 8 1.2 20 0.724468
6 9 1.2 25 0.746673
6 10 1.2 30 0.765405
6 11 1.2 40 0.77928
6 12 1.2 50 0.77928
7 0 1.4 0 0.74551
7 1 1.4 1 0.463342
7 2 1.4 2 0.545755
7 3 1.4 3 0.585631
7 4 1.4 4 0.610445
7 5 1.4 5 0.662531
7 6 1.4 10 0.750851
7 7 1.4 15 0.777451
7 8 1.4 20 0.794726
7 9 1.4 25 0.803898
7 10 1.4 30 0.817412
7 11 1.4 40 0.835918
7 12 1.4 50 0.835918
8 0 1.6 0 0.833401
8 1 1.6 1 0.606493
8 2 1.6 2 0.592196
8 3 1.6 3 0.602904
8 4 1.6 4 0.620045
8 5 1.6 5 0.729386
8 6 1.6 10 0.788556
8 7 1.6 15 0.810529
8 8 1.6 20 0.827409
8 9 1.6 25 0.837304
8 10 1.6 30 0.855991
8 11 1.6 40 0.865213
8 12 1.6 50 0.865213
9 0 1.8 0 0.780221
9 1 1.8 1 0.633039
9 2 1.8 2 0.629461
9 3 1.8 3 0.64166
9 4 1.8 4 0.676038
9 5 1.8 5 0.765414
9 6 1.8 10 0.806749
9 7 1.8 15 0.823931
9 8 1.8 20 0.842647
9 9 1.8 25 0.855765
9 10 1.8 30 0.865034
9 11 1.8 40 0.874908
9 12 1.8 50 0.874908
10 0 2 0 0.756416
10 1 2 1 0.677828
10 2 2 2 0.670905
10 3 2 3 0.685829
10 4 2 4 0.744887
10 5 2 5 0.797872
10 6 2 10 0.829564
10 7 2 15 0.850019
10 8 2 20 0.856971
10 9 2 25 0.870155
10 10 2 30 0.876926
10 11 2 40 0.885277
10 12 2 50 0.885277
11 0 2.2 0 0.772146
11 1 2.2 1 0.707409
11 2 2.2 2 0.692752
11 3 2.2 3 0.761404
11 4 2.2 4 0.773377
11 5 2.2 5 0.818923
11 6 2.2 10 0.845103
11 7 2.2 15 0.858318
11 8 2.2 20 0.868138
11 9 2.2 25 0.872058
11 10 2.2 30 0.881381
11 11 2.2 40 0.887546
11 12 2.2 50 0.887546
12 0 2.4 0 0.772146
12 1 2.4 1 0.707409
12 2 2.4 2 0.692752
12 3 2.4 3 0.761404
12 4 2.4 4 0.773377
12 5 2.4 5 0.818923
12 6 2.4 10 0.845103
12 7 2.4 15 0.858318
12 8 2.4 20 0.868138
12 9 2.4 25 0.872058
12 10 2.4 30 0.881381
12 11 2.4 40 0.887546
12 12 2.4 50 0.887546
