1 0 0.00 0.00 0.00 0.00 0.00 0.00 0.00 0.00 0.00 0.00 0.00 0.00
2 4 0.00 0.00 0.00 0.00 0.00 0.00 0.00 0.00 0.00 0.00 0.00 0.00
3 0 0.00 0.00 0.00 0.00 0.00 0.00 0.00 0.00 0.00 0.00 0.00 0.00
4 4 0.00 0.00 0.00 0.00 0.00 0.00 0.00 0.00 0.00 0.00 0.00 0.00
5 0 0.00 0.00 0.00 0.00 0.00 0.00 0.00 0.00 0.00 0.00 0.00 0.00
6 4 0.00 0.00 0.00 0.00 0.00 0.00 0.00 0.00 0.00 0.00 0.00 0.00
7 0 0.00 0.00 0.00 0.00 0.00 0.00 0.00 0.00 0.00 0.00 0.00 0.00 0.00 0.00 0.00 0.00 0.00 0.00 0.00 0.00 0.00 0.00 0.00 0.00
8 4 0.00 0.00 0.00 0.00 0.00 0.00 0.00 0.00 0.00 0.00 0.00 0.00 0.00 0.00 0.00 0.00 0.00 0.00 0.00 0.00 0.00 0.00 0.00 0.00
 1  0 h120  586.043 -725.040  0 -6 -5 3
 1  0 h120  669.763 -580.032  0 -6 -4 3
 1  0 h120  753.484 -435.024  0 -6 -3 3
 1  0 h120  837.204 -290.016  0 -6 -2 3
 1  0 h120  920.924 -145.008  0 -6 -1 3
 1  0 h120  334.882 -870.048  0 -5 -6 4
 1  0 h120  418.602 -725.040  0 -5 -5 4
 1  0 h120  502.322 -580.032  0 -5 -4 3
 1  0 h120  586.043 -435.024  0 -5 -3 3
 1  0 h120  669.763 -290.016  0 -5 -2 3
 1  0 h120  753.484 -145.008  0 -5 -1 3
 1  0 h120  837.204    0.000  0 -5  0 3
 1  0 h120  920.924  145.008  0 -5  1 2
 1  0 h120  167.441 -870.048  0 -4 -6 4
 1  0 h120  251.161 -725.040  0 -4 -5 4
 1  0 h120  334.882 -580.032  0 -4 -4 4
 1  0 h120  418.602 -435.024  0 -4 -3 3
 1  0 h120  502.322 -290.016  0 -4 -2 3
 1  0 h120  586.043 -145.008  0 -4 -1 3
 1  0 h120  669.763    0.000  0 -4  0 3
 1  0 h120  753.484  145.008  0 -4  1 2
 1  0 h120  837.204  290.016  0 -4  2 2
 1  0 h120    0.000 -870.048  0 -3 -6 4
 1  0 h120   83.720 -725.040  0 -3 -5 4
 1  0 h120  167.441 -580.032  0 -3 -4 4
 1  0 h120  251.161 -435.024  0 -3 -3 4
 1  0 h120  334.882 -290.016  0 -3 -2 3
 1  0 h120  418.602 -145.008  0 -3 -1 3
 1  0 h120  502.322    0.000  0 -3  0 3
 1  0 h120  586.043  145.008  0 -3  1 2
 1  0 h120  669.763  290.016  0 -3  2 2
 1  0 h120  753.484  435.024  0 -3  3 2
 1  0 h120 -167.441 -870.048  0 -2 -6 4
 1  0 h120  -83.720 -725.040  0 -2 -5 4
 1  0 h120    0.000 -580.032  0 -2 -4 4
 1  0 h120   83.720 -435.024  0 -2 -3 4
 1  0 h120  418.602  145.008  0 -2  1 2
 1  0 h120  502.322  290.016  0 -2  2 2
 1  0 h120  586.043  435.024  0 -2  3 2
 1  0 h120  669.763  580.032  0 -2  4 2
 1  0 h120 -334.882 -870.048  0 -1 -6 4
 1  0 h120 -251.161 -725.040  0 -1 -5 4
 1  0 h120 -167.441 -580.032  0 -1 -4 4
 1  0 h120  -83.720 -435.024  0 -1 -3 4
 1  0 h120  334.882  290.016  0 -1  2 2
 1  0 h120  418.602  435.024  0 -1  3 2
 1  0 h120  502.322  580.032  0 -1  4 2
 1  0 h120  586.043  725.040  0 -1  5 2
 1  0 h120 -418.602 -725.040  0  0 -5 5
 1  0 h120 -334.882 -580.032  0  0 -4 5
 1  0 h120 -251.161 -435.024  0  0 -3 5
 1  0 h120  251.161  435.024  0  0  3 1
 1  0 h120  334.882  580.032  0  0  4 1
 1  0 h120  418.602  725.040  0  0  5 1
 1  0 h120 -586.043 -725.040  0  1 -5 5
 1  0 h120 -502.322 -580.032  0  1 -4 5
 1  0 h120 -418.602 -435.024  0  1 -3 5
 1  0 h120 -334.882 -290.016  0  1 -2 5
 1  0 h120   83.720  435.024  0  1  3 1
 1  0 h120  167.441  580.032  0  1  4 1
 1  0 h120  251.161  725.040  0  1  5 1
 1  0 h120  334.882  870.048  0  1  6 1
 1  0 h120 -669.763 -580.032  0  2 -4 5
 1  0 h120 -586.043 -435.024  0  2 -3 5
 1  0 h120 -502.322 -290.016  0  2 -2 5
 1  0 h120 -418.602 -145.008  0  2 -1 5
 1  0 h120  -83.720  435.024  0  2  3 1
 1  0 h120    0.000  580.032  0  2  4 1
 1  0 h120   83.720  725.040  0  2  5 1
 1  0 h120  167.441  870.048  0  2  6 1
 1  0 h120 -753.484 -435.024  0  3 -3 5
 1  0 h120 -669.763 -290.016  0  3 -2 5
 1  0 h120 -586.043 -145.008  0  3 -1 5
 1  0 h120 -502.322    0.000  0  3  0 0
 1  0 h120 -418.602  145.008  0  3  1 0
 1  0 h120 -334.882  290.016  0  3  2 0
 1  0 h120 -251.161  435.024  0  3  3 1
 1  0 h120 -167.441  580.032  0  3  4 1
 1  0 h120  -83.720  725.040  0  3  5 1
 1  0 h120    0.000  870.048  0  3  6 1
 1  0 h120 -837.204 -290.016  0  4 -2 5
 1  0 h120 -753.484 -145.008  0  4 -1 5
 1  0 h120 -669.763    0.000  0  4  0 0
 1  0 h120 -586.043  145.008  0  4  1 0
 1  0 h120 -502.322  290.016  0  4  2 0
 1  0 h120 -418.602  435.024  0  4  3 0
 1  0 h120 -334.882  580.032  0  4  4 1
 1  0 h120 -251.161  725.040  0  4  5 1
 1  0 h120 -167.441  870.048  0  4  6 1
 1  0 h120 -920.924 -145.008  0  5 -1 5
 1  0 h120 -837.204    0.000  0  5  0 0
 1  0 h120 -753.484  145.008  0  5  1 0
 1  0 h120 -669.763  290.016  0  5  2 0
 1  0 h120 -586.043  435.024  0  5  3 0
 1  0 h120 -502.322  580.032  0  5  4 0
 1  0 h120 -418.602  725.040  0  5  5 1
 1  0 h120 -334.882  870.048  0  5  6 1
 1  0 h120 -920.924  145.008  0  6  1 0
 1  0 h120 -837.204  290.016  0  6  2 0
 1  0 h120 -753.484  435.024  0  6  3 0
 1  0 h120 -669.763  580.032  0  6  4 0
 1  0 h120 -586.043  725.040  0  6  5 0
 2  0 h120  586.043 -725.040  0 -6 -5 3
 2  0 h120  669.763 -580.032  0 -6 -4 3
 2  0 h120  753.484 -435.024  0 -6 -3 3
 2  0 h120  837.204 -290.016  0 -6 -2 3
 2  0 h120  920.924 -145.008  0 -6 -1 3
 2  0 h120  334.882 -870.048  0 -5 -6 4
 2  0 h120  418.602 -725.040  0 -5 -5 4
 2  0 h120  502.322 -580.032  0 -5 -4 3
 2  0 h120  586.043 -435.024  0 -5 -3 3
 2  0 h120  669.763 -290.016  0 -5 -2 3
 2  0 h120  753.484 -145.008  0 -5 -1 3
 2  0 h120  837.204    0.000  0 -5  0 3
 2  0 h120  920.924  145.008  0 -5  1 2
 2  0 h120  167.441 -870.048  0 -4 -6 4
 2  0 h120  251.161 -725.040  0 -4 -5 4
 2  0 h120  334.882 -580.032  0 -4 -4 4
 2  0 h120  418.602 -435.024  0 -4 -3 3
 2  0 h120  502.322 -290.016  0 -4 -2 3
 2  0 h120  586.043 -145.008  0 -4 -1 3
 2  0 h120  669.763    0.000  0 -4  0 3
 2  0 h120  753.484  145.008  0 -4  1 2
 2  0 h120  837.204  290.016  0 -4  2 2
 2  0 h120    0.000 -870.048  0 -3 -6 4
 2  0 h120   83.720 -725.040  0 -3 -5 4
 2  0 h120  167.441 -580.032  0 -3 -4 4
 2  0 h120  251.161 -435.024  0 -3 -3 4
 2  0 h120  334.882 -290.016  0 -3 -2 3
 2  0 h120  418.602 -145.008  0 -3 -1 3
 2  0 h120  502.322    0.000  0 -3  0 3
 2  0 h120  586.043  145.008  0 -3  1 2
 2  0 h120  669.763  290.016  0 -3  2 2
 2  0 h120  753.484  435.024  0 -3  3 2
 2  0 h120 -167.441 -870.048  0 -2 -6 4
 2  0 h120  -83.720 -725.040  0 -2 -5 4
 2  0 h120    0.000 -580.032  0 -2 -4 4
 2  0 h120   83.720 -435.024  0 -2 -3 4
 2  0 h120  418.602  145.008  0 -2  1 2
 2  0 h120  502.322  290.016  0 -2  2 2
 2  0 h120  586.043  435.024  0 -2  3 2
 2  0 h120  669.763  580.032  0 -2  4 2
 2  0 h120 -334.882 -870.048  0 -1 -6 4
 2  0 h120 -251.161 -725.040  0 -1 -5 4
 2  0 h120 -167.441 -580.032  0 -1 -4 4
 2  0 h120  -83.720 -435.024  0 -1 -3 4
 2  0 h120  334.882  290.016  0 -1  2 2
 2  0 h120  418.602  435.024  0 -1  3 2
 2  0 h120  502.322  580.032  0 -1  4 2
 2  0 h120  586.043  725.040  0 -1  5 2
 2  0 h120 -418.602 -725.040  0  0 -5 5
 2  0 h120 -334.882 -580.032  0  0 -4 5
 2  0 h120 -251.161 -435.024  0  0 -3 5
 2  0 h120  251.161  435.024  0  0  3 1
 2  0 h120  334.882  580.032  0  0  4 1
 2  0 h120  418.602  725.040  0  0  5 1
 2  0 h120 -586.043 -725.040  0  1 -5 5
 2  0 h120 -502.322 -580.032  0  1 -4 5
 2  0 h120 -418.602 -435.024  0  1 -3 5
 2  0 h120 -334.882 -290.016  0  1 -2 5
 2  0 h120   83.720  435.024  0  1  3 1
 2  0 h120  167.441  580.032  0  1  4 1
 2  0 h120  251.161  725.040  0  1  5 1
 2  0 h120  334.882  870.048  0  1  6 1
 2  0 h120 -669.763 -580.032  0  2 -4 5
 2  0 h120 -586.043 -435.024  0  2 -3 5
 2  0 h120 -502.322 -290.016  0  2 -2 5
 2  0 h120 -418.602 -145.008  0  2 -1 5
 2  0 h120  -83.720  435.024  0  2  3 1
 2  0 h120    0.000  580.032  0  2  4 1
 2  0 h120   83.720  725.040  0  2  5 1
 2  0 h120  167.441  870.048  0  2  6 1
 2  0 h120 -753.484 -435.024  0  3 -3 5
 2  0 h120 -669.763 -290.016  0  3 -2 5
 2  0 h120 -586.043 -145.008  0  3 -1 5
 2  0 h120 -502.322    0.000  0  3  0 0
 2  0 h120 -418.602  145.008  0  3  1 0
 2  0 h120 -334.882  290.016  0  3  2 0
 2  0 h120 -251.161  435.024  0  3  3 1
 2  0 h120 -167.441  580.032  0  3  4 1
 2  0 h120  -83.720  725.040  0  3  5 1
 2  0 h120    0.000  870.048  0  3  6 1
 2  0 h120 -837.204 -290.016  0  4 -2 5
 2  0 h120 -753.484 -145.008  0  4 -1 5
 2  0 h120 -669.763    0.000  0  4  0 0
 2  0 h120 -586.043  145.008  0  4  1 0
 2  0 h120 -502.322  290.016  0  4  2 0
 2  0 h120 -418.602  435.024  0  4  3 0
 2  0 h120 -334.882  580.032  0  4  4 1
 2  0 h120 -251.161  725.040  0  4  5 1
 2  0 h120 -167.441  870.048  0  4  6 1
 2  0 h120 -920.924 -145.008  0  5 -1 5
 2  0 h120 -837.204    0.000  0  5  0 0
 2  0 h120 -753.484  145.008  0  5  1 0
 2  0 h120 -669.763  290.016  0  5  2 0
 2  0 h120 -586.043  435.024  0  5  3 0
 2  0 h120 -502.322  580.032  0  5  4 0
 2  0 h120 -418.602  725.040  0  5  5 1
 2  0 h120 -334.882  870.048  0  5  6 1
 2  0 h120 -920.924  145.008  0  6  1 0
 2  0 h120 -837.204  290.016  0  6  2 0
 2  0 h120 -753.484  435.024  0  6  3 0
 2  0 h120 -669.763  580.032  0  6  4 0
 2  0 h120 -586.043  725.040  0  6  5 0
 3  0 h120  586.043 -725.040  0 -6 -5 3
 3  0 h120  669.763 -580.032  0 -6 -4 3
 3  0 h120  753.484 -435.024  0 -6 -3 3
 3  0 h120  837.204 -290.016  0 -6 -2 3
 3  0 h120  920.924 -145.008  0 -6 -1 3
 3  0 h120  334.882 -870.048  0 -5 -6 4
 3  0 h120  418.602 -725.040  0 -5 -5 4
 3  0 h120  502.322 -580.032  0 -5 -4 3
 3  0 h120  586.043 -435.024  0 -5 -3 3
 3  0 h120  669.763 -290.016  0 -5 -2 3
 3  0 h120  753.484 -145.008  0 -5 -1 3
 3  0 h120  837.204    0.000  0 -5  0 3
 3  0 h120  920.924  145.008  0 -5  1 2
 3  0 h120  167.441 -870.048  0 -4 -6 4
 3  0 h120  251.161 -725.040  0 -4 -5 4
 3  0 h120  334.882 -580.032  0 -4 -4 4
 3  0 h120  418.602 -435.024  0 -4 -3 3
 3  0 h120  502.322 -290.016  0 -4 -2 3
 3  0 h120  586.043 -145.008  0 -4 -1 3
 3  0 h120  669.763    0.000  0 -4  0 3
 3  0 h120  753.484  145.008  0 -4  1 2
 3  0 h120  837.204  290.016  0 -4  2 2
 3  0 h120    0.000 -870.048  0 -3 -6 4
 3  0 h120   83.720 -725.040  0 -3 -5 4
 3  0 h120  167.441 -580.032  0 -3 -4 4
 3  0 h120  251.161 -435.024  0 -3 -3 4
 3  0 h120  334.882 -290.016  0 -3 -2 3
 3  0 h120  418.602 -145.008  0 -3 -1 3
 3  0 h120  502.322    0.000  0 -3  0 3
 3  0 h120  586.043  145.008  0 -3  1 2
 3  0 h120  669.763  290.016  0 -3  2 2
 3  0 h120  753.484  435.024  0 -3  3 2
 3  0 h120 -167.441 -870.048  0 -2 -6 4
 3  0 h120  -83.720 -725.040  0 -2 -5 4
 3  0 h120    0.000 -580.032  0 -2 -4 4
 3  0 h120   83.720 -435.024  0 -2 -3 4
 3  0 h120  418.602  145.008  0 -2  1 2
 3  0 h120  502.322  290.016  0 -2  2 2
 3  0 h120  586.043  435.024  0 -2  3 2
 3  0 h120  669.763  580.032  0 -2  4 2
 3  0 h120 -334.882 -870.048  0 -1 -6 4
 3  0 h120 -251.161 -725.040  0 -1 -5 4
 3  0 h120 -167.441 -580.032  0 -1 -4 4
 3  0 h120  -83.720 -435.024  0 -1 -3 4
 3  0 h120  334.882  290.016  0 -1  2 2
 3  0 h120  418.602  435.024  0 -1  3 2
 3  0 h120  502.322  580.032  0 -1  4 2
 3  0 h120  586.043  725.040  0 -1  5 2
 3  0 h120 -418.602 -725.040  0  0 -5 5
 3  0 h120 -334.882 -580.032  0  0 -4 5
 3  0 h120 -251.161 -435.024  0  0 -3 5
 3  0 h120  251.161  435.024  0  0  3 1
 3  0 h120  334.882  580.032  0  0  4 1
 3  0 h120  418.602  725.040  0  0  5 1
 3  0 h120 -586.043 -725.040  0  1 -5 5
 3  0 h120 -502.322 -580.032  0  1 -4 5
 3  0 h120 -418.602 -435.024  0  1 -3 5
 3  0 h120 -334.882 -290.016  0  1 -2 5
 3  0 h120   83.720  435.024  0  1  3 1
 3  0 h120  167.441  580.032  0  1  4 1
 3  0 h120  251.161  725.040  0  1  5 1
 3  0 h120  334.882  870.048  0  1  6 1
 3  0 h120 -669.763 -580.032  0  2 -4 5
 3  0 h120 -586.043 -435.024  0  2 -3 5
 3  0 h120 -502.322 -290.016  0  2 -2 5
 3  0 h120 -418.602 -145.008  0  2 -1 5
 3  0 h120  -83.720  435.024  0  2  3 1
 3  0 h120    0.000  580.032  0  2  4 1
 3  0 h120   83.720  725.040  0  2  5 1
 3  0 h120  167.441  870.048  0  2  6 1
 3  0 h120 -753.484 -435.024  0  3 -3 5
 3  0 h120 -669.763 -290.016  0  3 -2 5
 3  0 h120 -586.043 -145.008  0  3 -1 5
 3  0 h120 -502.322    0.000  0  3  0 0
 3  0 h120 -418.602  145.008  0  3  1 0
 3  0 h120 -334.882  290.016  0  3  2 0
 3  0 h120 -251.161  435.024  0  3  3 1
 3  0 h120 -167.441  580.032  0  3  4 1
 3  0 h120  -83.720  725.040  0  3  5 1
 3  0 h120    0.000  870.048  0  3  6 1
 3  0 h120 -837.204 -290.016  0  4 -2 5
 3  0 h120 -753.484 -145.008  0  4 -1 5
 3  0 h120 -669.763    0.000  0  4  0 0
 3  0 h120 -586.043  145.008  0  4  1 0
 3  0 h120 -502.322  290.016  0  4  2 0
 3  0 h120 -418.602  435.024  0  4  3 0
 3  0 h120 -334.882  580.032  0  4  4 1
 3  0 h120 -251.161  725.040  0  4  5 1
 3  0 h120 -167.441  870.048  0  4  6 1
 3  0 h120 -920.924 -145.008  0  5 -1 5
 3  0 h120 -837.204    0.000  0  5  0 0
 3  0 h120 -753.484  145.008  0  5  1 0
 3  0 h120 -669.763  290.016  0  5  2 0
 3  0 h120 -586.043  435.024  0  5  3 0
 3  0 h120 -502.322  580.032  0  5  4 0
 3  0 h120 -418.602  725.040  0  5  5 1
 3  0 h120 -334.882  870.048  0  5  6 1
 3  0 h120 -920.924  145.008  0  6  1 0
 3  0 h120 -837.204  290.016  0  6  2 0
 3  0 h120 -753.484  435.024  0  6  3 0
 3  0 h120 -669.763  580.032  0  6  4 0
 3  0 h120 -586.043  725.040  0  6  5 0
 4  0 h120  586.043 -725.040  0 -6 -5 3
 4  0 h120  669.763 -580.032  0 -6 -4 3
 4  0 h120  753.484 -435.024  0 -6 -3 3
 4  0 h120  837.204 -290.016  0 -6 -2 3
 4  0 h120  920.924 -145.008  0 -6 -1 3
 4  0 h120  334.882 -870.048  0 -5 -6 4
 4  0 h120  418.602 -725.040  0 -5 -5 4
 4  0 h120  502.322 -580.032  0 -5 -4 3
 4  0 h120  586.043 -435.024  0 -5 -3 3
 4  0 h120  669.763 -290.016  0 -5 -2 3
 4  0 h120  753.484 -145.008  0 -5 -1 3
 4  0 h120  837.204    0.000  0 -5  0 3
 4  0 h120  920.924  145.008  0 -5  1 2
 4  0 h120  167.441 -870.048  0 -4 -6 4
 4  0 h120  251.161 -725.040  0 -4 -5 4
 4  0 h120  334.882 -580.032  0 -4 -4 4
 4  0 h120  418.602 -435.024  0 -4 -3 3
 4  0 h120  502.322 -290.016  0 -4 -2 3
 4  0 h120  586.043 -145.008  0 -4 -1 3
 4  0 h120  669.763    0.000  0 -4  0 3
 4  0 h120  753.484  145.008  0 -4  1 2
 4  0 h120  837.204  290.016  0 -4  2 2
 4  0 h120    0.000 -870.048  0 -3 -6 4
 4  0 h120   83.720 -725.040  0 -3 -5 4
 4  0 h120  167.441 -580.032  0 -3 -4 4
 4  0 h120  251.161 -435.024  0 -3 -3 4
 4  0 h120  334.882 -290.016  0 -3 -2 3
 4  0 h120  418.602 -145.008  0 -3 -1 3
 4  0 h120  502.322    0.000  0 -3  0 3
 4  0 h120  586.043  145.008  0 -3  1 2
 4  0 h120  669.763  290.016  0 -3  2 2
 4  0 h120  753.484  435.024  0 -3  3 2
 4  0 h120 -167.441 -870.048  0 -2 -6 4
 4  0 h120  -83.720 -725.040  0 -2 -5 4
 4  0 h120    0.000 -580.032  0 -2 -4 4
 4  0 h120   83.720 -435.024  0 -2 -3 4
 4  0 h120  418.602  145.008  0 -2  1 2
 4  0 h120  502.322  290.016  0 -2  2 2
 4  0 h120  586.043  435.024  0 -2  3 2
 4  0 h120  669.763  580.032  0 -2  4 2
 4  0 h120 -334.882 -870.048  0 -1 -6 4
 4  0 h120 -251.161 -725.040  0 -1 -5 4
 4  0 h120 -167.441 -580.032  0 -1 -4 4
 4  0 h120  -83.720 -435.024  0 -1 -3 4
 4  0 h120  334.882  290.016  0 -1  2 2
 4  0 h120  418.602  435.024  0 -1  3 2
 4  0 h120  502.322  580.032  0 -1  4 2
 4  0 h120  586.043  725.040  0 -1  5 2
 4  0 h120 -418.602 -725.040  0  0 -5 5
 4  0 h120 -334.882 -580.032  0  0 -4 5
 4  0 h120 -251.161 -435.024  0  0 -3 5
 4  0 h120  251.161  435.024  0  0  3 1
 4  0 h120  334.882  580.032  0  0  4 1
 4  0 h120  418.602  725.040  0  0  5 1
 4  0 h120 -586.043 -725.040  0  1 -5 5
 4  0 h120 -502.322 -580.032  0  1 -4 5
 4  0 h120 -418.602 -435.024  0  1 -3 5
 4  0 h120 -334.882 -290.016  0  1 -2 5
 4  0 h120   83.720  435.024  0  1  3 1
 4  0 h120  167.441  580.032  0  1  4 1
 4  0 h120  251.161  725.040  0  1  5 1
 4  0 h120  334.882  870.048  0  1  6 1
 4  0 h120 -669.763 -580.032  0  2 -4 5
 4  0 h120 -586.043 -435.024  0  2 -3 5
 4  0 h120 -502.322 -290.016  0  2 -2 5
 4  0 h120 -418.602 -145.008  0  2 -1 5
 4  0 h120  -83.720  435.024  0  2  3 1
 4  0 h120    0.000  580.032  0  2  4 1
 4  0 h120   83.720  725.040  0  2  5 1
 4  0 h120  167.441  870.048  0  2  6 1
 4  0 h120 -753.484 -435.024  0  3 -3 5
 4  0 h120 -669.763 -290.016  0  3 -2 5
 4  0 h120 -586.043 -145.008  0  3 -1 5
 4  0 h120 -502.322    0.000  0  3  0 0
 4  0 h120 -418.602  145.008  0  3  1 0
 4  0 h120 -334.882  290.016  0  3  2 0
 4  0 h120 -251.161  435.024  0  3  3 1
 4  0 h120 -167.441  580.032  0  3  4 1
 4  0 h120  -83.720  725.040  0  3  5 1
 4  0 h120    0.000  870.048  0  3  6 1
 4  0 h120 -837.204 -290.016  0  4 -2 5
 4  0 h120 -753.484 -145.008  0  4 -1 5
 4  0 h120 -669.763    0.000  0  4  0 0
 4  0 h120 -586.043  145.008  0  4  1 0
 4  0 h120 -502.322  290.016  0  4  2 0
 4  0 h120 -418.602  435.024  0  4  3 0
 4  0 h120 -334.882  580.032  0  4  4 1
 4  0 h120 -251.161  725.040  0  4  5 1
 4  0 h120 -167.441  870.048  0  4  6 1
 4  0 h120 -920.924 -145.008  0  5 -1 5
 4  0 h120 -837.204    0.000  0  5  0 0
 4  0 h120 -753.484  145.008  0  5  1 0
 4  0 h120 -669.763  290.016  0  5  2 0
 4  0 h120 -586.043  435.024  0  5  3 0
 4  0 h120 -502.322  580.032  0  5  4 0
 4  0 h120 -418.602  725.040  0  5  5 1
 4  0 h120 -334.882  870.048  0  5  6 1
 4  0 h120 -920.924  145.008  0  6  1 0
 4  0 h120 -837.204  290.016  0  6  2 0
 4  0 h120 -753.484  435.024  0  6  3 0
 4  0 h120 -669.763  580.032  0  6  4 0
 4  0 h120 -586.043  725.040  0  6  5 0
 5  0 h120  586.043 -725.040  0 -6 -5 3
 5  0 h120  669.763 -580.032  0 -6 -4 3
 5  0 h120  753.484 -435.024  0 -6 -3 3
 5  0 h120  837.204 -290.016  0 -6 -2 3
 5  0 h120  920.924 -145.008  0 -6 -1 3
 5  0 h120  334.882 -870.048  0 -5 -6 4
 5  0 h120  418.602 -725.040  0 -5 -5 4
 5  0 h120  502.322 -580.032  0 -5 -4 3
 5  0 h120  586.043 -435.024  0 -5 -3 3
 5  0 h120  669.763 -290.016  0 -5 -2 3
 5  0 h120  753.484 -145.008  0 -5 -1 3
 5  0 h120  837.204    0.000  0 -5  0 3
 5  0 h120  920.924  145.008  0 -5  1 2
 5  0 h120  167.441 -870.048  0 -4 -6 4
 5  0 h120  251.161 -725.040  0 -4 -5 4
 5  0 h120  334.882 -580.032  0 -4 -4 4
 5  0 h120  418.602 -435.024  0 -4 -3 3
 5  0 h120  502.322 -290.016  0 -4 -2 3
 5  0 h120  586.043 -145.008  0 -4 -1 3
 5  0 h120  669.763    0.000  0 -4  0 3
 5  0 h120  753.484  145.008  0 -4  1 2
 5  0 h120  837.204  290.016  0 -4  2 2
 5  0 h120    0.000 -870.048  0 -3 -6 4
 5  0 h120   83.720 -725.040  0 -3 -5 4
 5  0 h120  167.441 -580.032  0 -3 -4 4
 5  0 h120  251.161 -435.024  0 -3 -3 4
 5  0 h120  334.882 -290.016  0 -3 -2 3
 5  0 h120  418.602 -145.008  0 -3 -1 3
 5  0 h120  502.322    0.000  0 -3  0 3
 5  0 h120  586.043  145.008  0 -3  1 2
 5  0 h120  669.763  290.016  0 -3  2 2
 5  0 h120  753.484  435.024  0 -3  3 2
 5  0 h120 -167.441 -870.048  0 -2 -6 4
 5  0 h120  -83.720 -725.040  0 -2 -5 4
 5  0 h120    0.000 -580.032  0 -2 -4 4
 5  0 h120   83.720 -435.024  0 -2 -3 4
 5  0 h120  418.602  145.008  0 -2  1 2
 5  0 h120  502.322  290.016  0 -2  2 2
 5  0 h120  586.043  435.024  0 -2  3 2
 5  0 h120  669.763  580.032  0 -2  4 2
 5  0 h120 -334.882 -870.048  0 -1 -6 4
 5  0 h120 -251.161 -725.040  0 -1 -5 4
 5  0 h120 -167.441 -580.032  0 -1 -4 4
 5  0 h120  -83.720 -435.024  0 -1 -3 4
 5  0 h120  334.882  290.016  0 -1  2 2
 5  0 h120  418.602  435.024  0 -1  3 2
 5  0 h120  502.322  580.032  0 -1  4 2
 5  0 h120  586.043  725.040  0 -1  5 2
 5  0 h120 -418.602 -725.040  0  0 -5 5
 5  0 h120 -334.882 -580.032  0  0 -4 5
 5  0 h120 -251.161 -435.024  0  0 -3 5
 5  0 h120  251.161  435.024  0  0  3 1
 5  0 h120  334.882  580.032  0  0  4 1
 5  0 h120  418.602  725.040  0  0  5 1
 5  0 h120 -586.043 -725.040  0  1 -5 5
 5  0 h120 -502.322 -580.032  0  1 -4 5
 5  0 h120 -418.602 -435.024  0  1 -3 5
 5  0 h120 -334.882 -290.016  0  1 -2 5
 5  0 h120   83.720  435.024  0  1  3 1
 5  0 h120  167.441  580.032  0  1  4 1
 5  0 h120  251.161  725.040  0  1  5 1
 5  0 h120  334.882  870.048  0  1  6 1
 5  0 h120 -669.763 -580.032  0  2 -4 5
 5  0 h120 -586.043 -435.024  0  2 -3 5
 5  0 h120 -502.322 -290.016  0  2 -2 5
 5  0 h120 -418.602 -145.008  0  2 -1 5
 5  0 h120  -83.720  435.024  0  2  3 1
 5  0 h120    0.000  580.032  0  2  4 1
 5  0 h120   83.720  725.040  0  2  5 1
 5  0 h120  167.441  870.048  0  2  6 1
 5  0 h120 -753.484 -435.024  0  3 -3 5
 5  0 h120 -669.763 -290.016  0  3 -2 5
 5  0 h120 -586.043 -145.008  0  3 -1 5
 5  0 h120 -502.322    0.000  0  3  0 0
 5  0 h120 -418.602  145.008  0  3  1 0
 5  0 h120 -334.882  290.016  0  3  2 0
 5  0 h120 -251.161  435.024  0  3  3 1
 5  0 h120 -167.441  580.032  0  3  4 1
 5  0 h120  -83.720  725.040  0  3  5 1
 5  0 h120    0.000  870.048  0  3  6 1
 5  0 h120 -837.204 -290.016  0  4 -2 5
 5  0 h120 -753.484 -145.008  0  4 -1 5
 5  0 h120 -669.763    0.000  0  4  0 0
 5  0 h120 -586.043  145.008  0  4  1 0
 5  0 h120 -502.322  290.016  0  4  2 0
 5  0 h120 -418.602  435.024  0  4  3 0
 5  0 h120 -334.882  580.032  0  4  4 1
 5  0 h120 -251.161  725.040  0  4  5 1
 5  0 h120 -167.441  870.048  0  4  6 1
 5  0 h120 -920.924 -145.008  0  5 -1 5
 5  0 h120 -837.204    0.000  0  5  0 0
 5  0 h120 -753.484  145.008  0  5  1 0
 5  0 h120 -669.763  290.016  0  5  2 0
 5  0 h120 -586.043  435.024  0  5  3 0
 5  0 h120 -502.322  580.032  0  5  4 0
 5  0 h120 -418.602  725.040  0  5  5 1
 5  0 h120 -334.882  870.048  0  5  6 1
 5  0 h120 -920.924  145.008  0  6  1 0
 5  0 h120 -837.204  290.016  0  6  2 0
 5  0 h120 -753.484  435.024  0  6  3 0
 5  0 h120 -669.763  580.032  0  6  4 0
 5  0 h120 -586.043  725.040  0  6  5 0
 6  0 h120  586.043 -725.040  0 -6 -5 3
 6  0 h120  669.763 -580.032  0 -6 -4 3
 6  0 h120  753.484 -435.024  0 -6 -3 3
 6  0 h120  837.204 -290.016  0 -6 -2 3
 6  0 h120  920.924 -145.008  0 -6 -1 3
 6  0 h120  334.882 -870.048  0 -5 -6 4
 6  0 h120  418.602 -725.040  0 -5 -5 4
 6  0 h120  502.322 -580.032  0 -5 -4 3
 6  0 h120  586.043 -435.024  0 -5 -3 3
 6  0 h120  669.763 -290.016  0 -5 -2 3
 6  0 h120  753.484 -145.008  0 -5 -1 3
 6  0 h120  837.204    0.000  0 -5  0 3
 6  0 h120  920.924  145.008  0 -5  1 2
 6  0 h120  167.441 -870.048  0 -4 -6 4
 6  0 h120  251.161 -725.040  0 -4 -5 4
 6  0 h120  334.882 -580.032  0 -4 -4 4
 6  0 h120  418.602 -435.024  0 -4 -3 3
 6  0 h120  502.322 -290.016  0 -4 -2 3
 6  0 h120  586.043 -145.008  0 -4 -1 3
 6  0 h120  669.763    0.000  0 -4  0 3
 6  0 h120  753.484  145.008  0 -4  1 2
 6  0 h120  837.204  290.016  0 -4  2 2
 6  0 h120    0.000 -870.048  0 -3 -6 4
 6  0 h120   83.720 -725.040  0 -3 -5 4
 6  0 h120  167.441 -580.032  0 -3 -4 4
 6  0 h120  251.161 -435.024  0 -3 -3 4
 6  0 h120  334.882 -290.016  0 -3 -2 3
 6  0 h120  418.602 -145.008  0 -3 -1 3
 6  0 h120  502.322    0.000  0 -3  0 3
 6  0 h120  586.043  145.008  0 -3  1 2
 6  0 h120  669.763  290.016  0 -3  2 2
 6  0 h120  753.484  435.024  0 -3  3 2
 6  0 h120 -167.441 -870.048  0 -2 -6 4
 6  0 h120  -83.720 -725.040  0 -2 -5 4
 6  0 h120    0.000 -580.032  0 -2 -4 4
 6  0 h120   83.720 -435.024  0 -2 -3 4
 6  0 h120  418.602  145.008  0 -2  1 2
 6  0 h120  502.322  290.016  0 -2  2 2
 6  0 h120  586.043  435.024  0 -2  3 2
 6  0 h120  669.763  580.032  0 -2  4 2
 6  0 h120 -334.882 -870.048  0 -1 -6 4
 6  0 h120 -251.161 -725.040  0 -1 -5 4
 6  0 h120 -167.441 -580.032  0 -1 -4 4
 6  0 h120  -83.720 -435.024  0 -1 -3 4
 6  0 h120  334.882  290.016  0 -1  2 2
 6  0 h120  418.602  435.024  0 -1  3 2
 6  0 h120  502.322  580.032  0 -1  4 2
 6  0 h120  586.043  725.040  0 -1  5 2
 6  0 h120 -418.602 -725.040  0  0 -5 5
 6  0 h120 -334.882 -580.032  0  0 -4 5
 6  0 h120 -251.161 -435.024  0  0 -3 5
 6  0 h120  251.161  435.024  0  0  3 1
 6  0 h120  334.882  580.032  0  0  4 1
 6  0 h120  418.602  725.040  0  0  5 1
 6  0 h120 -586.043 -725.040  0  1 -5 5
 6  0 h120 -502.322 -580.032  0  1 -4 5
 6  0 h120 -418.602 -435.024  0  1 -3 5
 6  0 h120 -334.882 -290.016  0  1 -2 5
 6  0 h120   83.720  435.024  0  1  3 1
 6  0 h120  167.441  580.032  0  1  4 1
 6  0 h120  251.161  725.040  0  1  5 1
 6  0 h120  334.882  870.048  0  1  6 1
 6  0 h120 -669.763 -580.032  0  2 -4 5
 6  0 h120 -586.043 -435.024  0  2 -3 5
 6  0 h120 -502.322 -290.016  0  2 -2 5
 6  0 h120 -418.602 -145.008  0  2 -1 5
 6  0 h120  -83.720  435.024  0  2  3 1
 6  0 h120    0.000  580.032  0  2  4 1
 6  0 h120   83.720  725.040  0  2  5 1
 6  0 h120  167.441  870.048  0  2  6 1
 6  0 h120 -753.484 -435.024  0  3 -3 5
 6  0 h120 -669.763 -290.016  0  3 -2 5
 6  0 h120 -586.043 -145.008  0  3 -1 5
 6  0 h120 -502.322    0.000  0  3  0 0
 6  0 h120 -418.602  145.008  0  3  1 0
 6  0 h120 -334.882  290.016  0  3  2 0
 6  0 h120 -251.161  435.024  0  3  3 1
 6  0 h120 -167.441  580.032  0  3  4 1
 6  0 h120  -83.720  725.040  0  3  5 1
 6  0 h120    0.000  870.048  0  3  6 1
 6  0 h120 -837.204 -290.016  0  4 -2 5
 6  0 h120 -753.484 -145.008  0  4 -1 5
 6  0 h120 -669.763    0.000  0  4  0 0
 6  0 h120 -586.043  145.008  0  4  1 0
 6  0 h120 -502.322  290.016  0  4  2 0
 6  0 h120 -418.602  435.024  0  4  3 0
 6  0 h120 -334.882  580.032  0  4  4 1
 6  0 h120 -251.161  725.040  0  4  5 1
 6  0 h120 -167.441  870.048  0  4  6 1
 6  0 h120 -920.924 -145.008  0  5 -1 5
 6  0 h120 -837.204    0.000  0  5  0 0
 6  0 h120 -753.484  145.008  0  5  1 0
 6  0 h120 -669.763  290.016  0  5  2 0
 6  0 h120 -586.043  435.024  0  5  3 0
 6  0 h120 -502.322  580.032  0  5  4 0
 6  0 h120 -418.602  725.040  0  5  5 1
 6  0 h120 -334.882  870.048  0  5  6 1
 6  0 h120 -920.924  145.008  0  6  1 0
 6  0 h120 -837.204  290.016  0  6  2 0
 6  0 h120 -753.484  435.024  0  6  3 0
 6  0 h120 -669.763  580.032  0  6  4 0
 6  0 h120 -586.043  725.040  0  6  5 0
 7  0 h120  586.043 -725.040  0 -6 -5 7
 7  0 h120  669.763 -580.032  0 -6 -4 7
 7  0 h120  753.484 -435.024  0 -6 -3 7
 7  0 h120  837.204 -290.016  0 -6 -2 6
 7  0 h120  920.924 -145.008  0 -6 -1 6
 7  0 h120  334.882 -870.048  0 -5 -6 8
 7  0 h120  418.602 -725.040  0 -5 -5 8
 7  0 h120  502.322 -580.032  0 -5 -4 7
 7  0 h120  586.043 -435.024  0 -5 -3 7
 7  0 h120  669.763 -290.016  0 -5 -2 6
 7  0 h120  753.484 -145.008  0 -5 -1 6
 7  0 h120  837.204    0.000  0 -5  0 6
 7  0 h120  920.924  145.008  0 -5  1 5
 7  0 h120  167.441 -870.048  0 -4 -6 8
 7  0 h120  251.161 -725.040  0 -4 -5 8
 7  0 h120  334.882 -580.032  0 -4 -4 8
 7  0 h120  418.602 -435.024  0 -4 -3 7
 7  0 h120  502.322 -290.016  0 -4 -2 7
 7  0 h120  586.043 -145.008  0 -4 -1 6
 7  0 h120  669.763    0.000  0 -4  0 6
 7  0 h120  753.484  145.008  0 -4  1 5
 7  0 h120  837.204  290.016  0 -4  2 5
 7  0 h120    0.000 -870.048  0 -3 -6 9
 7  0 h120   83.720 -725.040  0 -3 -5 8
 7  0 h120  167.441 -580.032  0 -3 -4 8
 7  0 h120  251.161 -435.024  0 -3 -3 8
 7  0 h120  334.882 -290.016  0 -3 -2 7
 7  0 h120  418.602 -145.008  0 -3 -1 6
 7  0 h120  502.322    0.000  0 -3  0 6
 7  0 h120  586.043  145.008  0 -3  1 5
 7  0 h120  669.763  290.016  0 -3  2 5
 7  0 h120  753.484  435.024  0 -3  3 5
 7  0 h120 -167.441 -870.048  0 -2 -6 9
 7  0 h120  -83.720 -725.040  0 -2 -5 9
 7  0 h120    0.000 -580.032  0 -2 -4 9
 7  0 h120   83.720 -435.024  0 -2 -3 8
 7  0 h120  418.602  145.008  0 -2  1 5
 7  0 h120  502.322  290.016  0 -2  2 5
 7  0 h120  586.043  435.024  0 -2  3 4
 7  0 h120  669.763  580.032  0 -2  4 4
 7  0 h120 -334.882 -870.048  0 -1 -6 9
 7  0 h120 -251.161 -725.040  0 -1 -5 9
 7  0 h120 -167.441 -580.032  0 -1 -4 9
 7  0 h120  -83.720 -435.024  0 -1 -3 9
 7  0 h120  334.882  290.016  0 -1  2 4
 7  0 h120  418.602  435.024  0 -1  3 4
 7  0 h120  502.322  580.032  0 -1  4 4
 7  0 h120  586.043  725.040  0 -1  5 4
 7  0 h120 -418.602 -725.040  0  0 -510
 7  0 h120 -334.882 -580.032  0  0 -410
 7  0 h120 -251.161 -435.024  0  0 -310
 7  0 h120  251.161  435.024  0  0  3 3
 7  0 h120  334.882  580.032  0  0  4 3
 7  0 h120  418.602  725.040  0  0  5 3
 7  0 h120 -586.043 -725.040  0  1 -510
 7  0 h120 -502.322 -580.032  0  1 -410
 7  0 h120 -418.602 -435.024  0  1 -310
 7  0 h120 -334.882 -290.016  0  1 -210
 7  0 h120   83.720  435.024  0  1  3 3
 7  0 h120  167.441  580.032  0  1  4 3
 7  0 h120  251.161  725.040  0  1  5 3
 7  0 h120  334.882  870.048  0  1  6 3
 7  0 h120 -669.763 -580.032  0  2 -410
 7  0 h120 -586.043 -435.024  0  2 -310
 7  0 h120 -502.322 -290.016  0  2 -211
 7  0 h120 -418.602 -145.008  0  2 -111
 7  0 h120  -83.720  435.024  0  2  3 2
 7  0 h120    0.000  580.032  0  2  4 3
 7  0 h120   83.720  725.040  0  2  5 3
 7  0 h120  167.441  870.048  0  2  6 3
 7  0 h120 -753.484 -435.024  0  3 -311
 7  0 h120 -669.763 -290.016  0  3 -211
 7  0 h120 -586.043 -145.008  0  3 -111
 7  0 h120 -502.322    0.000  0  3  0 0
 7  0 h120 -418.602  145.008  0  3  1 0
 7  0 h120 -334.882  290.016  0  3  2 1
 7  0 h120 -251.161  435.024  0  3  3 2
 7  0 h120 -167.441  580.032  0  3  4 2
 7  0 h120  -83.720  725.040  0  3  5 2
 7  0 h120    0.000  870.048  0  3  6 3
 7  0 h120 -837.204 -290.016  0  4 -211
 7  0 h120 -753.484 -145.008  0  4 -111
 7  0 h120 -669.763    0.000  0  4  0 0
 7  0 h120 -586.043  145.008  0  4  1 0
 7  0 h120 -502.322  290.016  0  4  2 1
 7  0 h120 -418.602  435.024  0  4  3 1
 7  0 h120 -334.882  580.032  0  4  4 2
 7  0 h120 -251.161  725.040  0  4  5 2
 7  0 h120 -167.441  870.048  0  4  6 2
 7  0 h120 -920.924 -145.008  0  5 -111
 7  0 h120 -837.204    0.000  0  5  0 0
 7  0 h120 -753.484  145.008  0  5  1 0
 7  0 h120 -669.763  290.016  0  5  2 0
 7  0 h120 -586.043  435.024  0  5  3 1
 7  0 h120 -502.322  580.032  0  5  4 1
 7  0 h120 -418.602  725.040  0  5  5 2
 7  0 h120 -334.882  870.048  0  5  6 2
 7  0 h120 -920.924  145.008  0  6  1 0
 7  0 h120 -837.204  290.016  0  6  2 0
 7  0 h120 -753.484  435.024  0  6  3 1
 7  0 h120 -669.763  580.032  0  6  4 1
 7  0 h120 -586.043  725.040  0  6  5 1
 8  0 h120  586.043 -725.040  0 -6 -5 7
 8  0 h120  669.763 -580.032  0 -6 -4 7
 8  0 h120  753.484 -435.024  0 -6 -3 7
 8  0 h120  837.204 -290.016  0 -6 -2 6
 8  0 h120  920.924 -145.008  0 -6 -1 6
 8  0 h120  334.882 -870.048  0 -5 -6 8
 8  0 h120  418.602 -725.040  0 -5 -5 8
 8  0 h120  502.322 -580.032  0 -5 -4 7
 8  0 h120  586.043 -435.024  0 -5 -3 7
 8  0 h120  669.763 -290.016  0 -5 -2 6
 8  0 h120  753.484 -145.008  0 -5 -1 6
 8  0 h120  837.204    0.000  0 -5  0 6
 8  0 h120  920.924  145.008  0 -5  1 5
 8  0 h120  167.441 -870.048  0 -4 -6 8
 8  0 h120  251.161 -725.040  0 -4 -5 8
 8  0 h120  334.882 -580.032  0 -4 -4 8
 8  0 h120  418.602 -435.024  0 -4 -3 7
 8  0 h120  502.322 -290.016  0 -4 -2 7
 8  0 h120  586.043 -145.008  0 -4 -1 6
 8  0 h120  669.763    0.000  0 -4  0 6
 8  0 h120  753.484  145.008  0 -4  1 5
 8  0 h120  837.204  290.016  0 -4  2 5
 8  0 h120    0.000 -870.048  0 -3 -6 9
 8  0 h120   83.720 -725.040  0 -3 -5 8
 8  0 h120  167.441 -580.032  0 -3 -4 8
 8  0 h120  251.161 -435.024  0 -3 -3 8
 8  0 h120  334.882 -290.016  0 -3 -2 7
 8  0 h120  418.602 -145.008  0 -3 -1 6
 8  0 h120  502.322    0.000  0 -3  0 6
 8  0 h120  586.043  145.008  0 -3  1 5
 8  0 h120  669.763  290.016  0 -3  2 5
 8  0 h120  753.484  435.024  0 -3  3 5
 8  0 h120 -167.441 -870.048  0 -2 -6 9
 8  0 h120  -83.720 -725.040  0 -2 -5 9
 8  0 h120    0.000 -580.032  0 -2 -4 9
 8  0 h120   83.720 -435.024  0 -2 -3 8
 8  0 h120  418.602  145.008  0 -2  1 5
 8  0 h120  502.322  290.016  0 -2  2 5
 8  0 h120  586.043  435.024  0 -2  3 4
 8  0 h120  669.763  580.032  0 -2  4 4
 8  0 h120 -334.882 -870.048  0 -1 -6 9
 8  0 h120 -251.161 -725.040  0 -1 -5 9
 8  0 h120 -167.441 -580.032  0 -1 -4 9
 8  0 h120  -83.720 -435.024  0 -1 -3 9
 8  0 h120  334.882  290.016  0 -1  2 4
 8  0 h120  418.602  435.024  0 -1  3 4
 8  0 h120  502.322  580.032  0 -1  4 4
 8  0 h120  586.043  725.040  0 -1  5 4
 8  0 h120 -418.602 -725.040  0  0 -510
 8  0 h120 -334.882 -580.032  0  0 -410
 8  0 h120 -251.161 -435.024  0  0 -310
 8  0 h120  251.161  435.024  0  0  3 3
 8  0 h120  334.882  580.032  0  0  4 3
 8  0 h120  418.602  725.040  0  0  5 3
 8  0 h120 -586.043 -725.040  0  1 -510
 8  0 h120 -502.322 -580.032  0  1 -410
 8  0 h120 -418.602 -435.024  0  1 -310
 8  0 h120 -334.882 -290.016  0  1 -210
 8  0 h120   83.720  435.024  0  1  3 3
 8  0 h120  167.441  580.032  0  1  4 3
 8  0 h120  251.161  725.040  0  1  5 3
 8  0 h120  334.882  870.048  0  1  6 3
 8  0 h120 -669.763 -580.032  0  2 -410
 8  0 h120 -586.043 -435.024  0  2 -310
 8  0 h120 -502.322 -290.016  0  2 -211
 8  0 h120 -418.602 -145.008  0  2 -111
 8  0 h120  -83.720  435.024  0  2  3 2
 8  0 h120    0.000  580.032  0  2  4 3
 8  0 h120   83.720  725.040  0  2  5 3
 8  0 h120  167.441  870.048  0  2  6 3
 8  0 h120 -753.484 -435.024  0  3 -311
 8  0 h120 -669.763 -290.016  0  3 -211
 8  0 h120 -586.043 -145.008  0  3 -111
 8  0 h120 -502.322    0.000  0  3  0 0
 8  0 h120 -418.602  145.008  0  3  1 0
 8  0 h120 -334.882  290.016  0  3  2 1
 8  0 h120 -251.161  435.024  0  3  3 2
 8  0 h120 -167.441  580.032  0  3  4 2
 8  0 h120  -83.720  725.040  0  3  5 2
 8  0 h120    0.000  870.048  0  3  6 3
 8  0 h120 -837.204 -290.016  0  4 -211
 8  0 h120 -753.484 -145.008  0  4 -111
 8  0 h120 -669.763    0.000  0  4  0 0
 8  0 h120 -586.043  145.008  0  4  1 0
 8  0 h120 -502.322  290.016  0  4  2 1
 8  0 h120 -418.602  435.024  0  4  3 1
 8  0 h120 -334.882  580.032  0  4  4 2
 8  0 h120 -251.161  725.040  0  4  5 2
 8  0 h120 -167.441  870.048  0  4  6 2
 8  0 h120 -920.924 -145.008  0  5 -111
 8  0 h120 -837.204    0.000  0  5  0 0
 8  0 h120 -753.484  145.008  0  5  1 0
 8  0 h120 -669.763  290.016  0  5  2 0
 8  0 h120 -586.043  435.024  0  5  3 1
 8  0 h120 -502.322  580.032  0  5  4 1
 8  0 h120 -418.602  725.040  0  5  5 2
 8  0 h120 -334.882  870.048  0  5  6 2
 8  0 h120 -920.924  145.008  0  6  1 0
 8  0 h120 -837.204  290.016  0  6  2 0
 8  0 h120 -753.484  435.024  0  6  3 1
 8  0 h120 -669.763  580.032  0  6  4 1
 8  0 h120 -586.043  725.040  0  6  5 1
