       120 
  0.936248 
  0.956179 
  0.951973 
  0.963702 
  0.950673 
  0.962025 
  0.963446 
  0.962366 
  0.971954 
  0.964286 
  0.964962 
  0.968601 
  0.969506 
  0.961089 
  0.949466 
  0.926279 
  0.944284 
  0.963510 
  0.962385 
  0.953886 
  0.968939 
  0.965233 
  0.968722 
  0.958152 
  0.957686 
  0.965254 
  0.951407 
  0.952598 
  0.957082 
  0.957354 
  0.955046 
  0.953671 
  0.950082 
  0.945291 
  0.954043 
  0.950000 
  0.944700 
  0.948041 
  0.947225 
  0.949868 
  0.956004 
  0.936683 
  0.929112 
  0.958596 
  0.963721 
  0.960679 
  0.956522 
  0.960958 
  0.954338 
  0.953747 
  0.939056 
  0.933786 
  0.940466 
  0.937833 
  0.932521 
  0.929855 
  0.927649 
  0.935683 
  0.916961 
  0.921514 
  0.943734 
  0.973482 
  0.972028 
  0.979058 
  0.981514 
  0.980172 
  0.990359 
  0.980623 
  0.980054 
  0.978320 
  0.977372 
  0.976598 
  0.974695 
  0.968944 
  0.963576 
  0.974182 
  0.986026 
  0.985022 
  0.982773 
  0.986464 
  0.992007 
  0.990054 
  0.991259 
  0.990630 
  0.994941 
  0.985891 
  0.984272 
  0.988465 
  0.993007 
  0.993416 
  0.990009 
  0.993739 
  0.990443 
  0.989691 
  0.993220 
  0.990893 
  0.990917 
  0.993750 
  0.988285 
  0.992021 
  0.989209 
  0.993203 
  0.995626 
  0.991914 
  0.983914 
  0.977231 
  0.961394 
  0.910433 
  0.925543 
  0.930762 
  0.950141 
  0.950413 
  0.950617 
  0.940767 
  0.947712 
  0.937158 
  0.949078 
  0.936871 
  0.903435 
  0.883877 
       100 
  0.972789 
  0.963434 
  0.971572 
  0.935065 
  0.940273 
  0.918685 
  0.972318 
  0.969697 
  0.972743 
  0.965636 
  0.963100 
  0.953096 
  0.929188 
  0.907063 
  0.966216 
  0.974074 
  0.975472 
  0.975904 
  0.967391 
  0.964041 
  0.948339 
  0.950185 
  0.947842 
  0.981034 
  0.962894 
  0.962775 
  0.969147 
  0.958029 
  0.941399 
  0.945709 
  0.942105 
  0.975524 
  0.972881 
  0.977470 
  0.970248 
  0.952055 
  0.959364 
  0.953271 
  0.917782 
  0.964527 
  0.980132 
  0.974662 
  0.973144 
  0.965704 
  0.957407 
  0.940455 
  0.935702 
  0.934457 
  0.970588 
  0.978062 
  0.970228 
  0.973199 
  0.965574 
  0.938038 
  0.929476 
  0.910774 
  0.960784 
  0.985222 
  0.978188 
  0.979730 
  0.957480 
  0.950241 
  0.946181 
  0.922671 
  0.963665 
  0.975737 
  0.976549 
  0.969543 
  0.972696 
  0.947811 
  0.950266 
  0.918685 
  0.934295 
  0.976407 
  0.972927 
  0.968586 
  0.953719 
  0.959933 
  0.949904 
  0.957066 
  0.930403 
  0.978369 
  0.964646 
  0.978151 
  0.953099 
  0.960000 
  0.945155 
  0.955036 
  0.915921 
  0.952962 
  0.989286 
  0.966997 
  0.974068 
  0.962521 
  0.961818 
  0.958254 
  0.947273 
  0.929329 
  0.977891 
  0.978533 
       100 
  0.981132 
  0.966956 
  0.971880 
  0.972509 
  0.978571 
  0.979933 
  0.983022 
  0.981100 
  0.985816 
  0.981419 
  0.977233 
  0.972678 
  0.970588 
  0.961403 
  0.978827 
  0.986755 
  0.984720 
  0.974074 
  0.976744 
  0.969203 
  0.966330 
  0.969751 
  0.977124 
  0.986111 
  0.978618 
  0.974315 
  0.979310 
  0.983395 
  0.977702 
  0.978930 
  0.980969 
  0.986928 
  0.984925 
  0.974182 
  0.972461 
  0.984746 
  0.981949 
  0.983900 
  0.981575 
  0.984183 
  0.992982 
  0.980892 
  0.985507 
  0.982847 
  0.988216 
  0.979764 
  0.972669 
  0.956667 
  0.982114 
  0.983444 
  0.980531 
  0.984848 
  0.978369 
  0.984950 
  0.973422 
  0.978984 
  0.984375 
  0.987654 
  0.984211 
  0.980066 
  0.986087 
  0.976667 
  0.972603 
  0.966608 
  0.976103 
  0.978618 
  0.972789 
  0.966614 
  0.976950 
  0.981758 
  0.982175 
  0.976115 
  0.966899 
  0.990228 
  0.984694 
  0.987132 
  0.970790 
  0.976860 
  0.978571 
  0.977032 
  0.976068 
  0.988818 
  0.970149 
  0.975779 
  0.982301 
  0.978528 
  0.969440 
  0.975610 
  0.984321 
  0.982343 
  0.985507 
  0.989247 
  0.979814 
  0.984720 
  0.984456 
  0.987455 
  0.971880 
  0.968203 
  0.980565 
  0.989529 
       100 
  0.835106 
  0.925134 
  0.948571 
  0.921348 
  0.974359 
  0.976608 
  0.961538 
  0.938776 
  0.932292 
  0.939227 
  0.953216 
  0.926136 
  0.924324 
  0.946237 
  0.949153 
  0.936306 
  0.955696 
  0.917098 
  0.924242 
  0.892045 
  0.932331 
  0.967105 
  0.967033 
  0.947368 
  0.957576 
  0.938202 
  0.966507 
  0.983784 
  0.953488 
  0.978610 
  0.954802 
  0.925134 
  0.955056 
  0.933333 
  0.905263 
  0.950920 
  0.906077 
  0.943396 
  0.973118 
  0.950495 
  0.918478 
  0.940594 
  0.958549 
  0.975610 
  0.938889 
  0.906250 
  0.966102 
  0.948276 
  0.955224 
  0.941176 
  0.945783 
  0.937500 
  0.904255 
  0.927536 
  0.960938 
  0.970760 
  0.946237 
  0.971154 
  0.929412 
  0.946809 
  0.942408 
  0.924528 
  0.938272 
  0.950000 
  0.953757 
  0.963636 
  0.938650 
  0.908602 
  0.943182 
  0.910995 
  0.954198 
  0.993243 
  0.959184 
  0.949721 
  0.966102 
  0.959799 
  0.975000 
  0.911215 
  0.904192 
  0.942529 
  0.936306 
  0.923497 
  0.942197 
  0.947368 
  0.928962 
  0.970238 
  0.915344 
  0.962264 
  0.960452 
  0.938272 
  0.970060 
  0.965854 
  0.895954 
  0.973262 
  0.953846 
  0.948864 
  0.951515 
  0.945783 
  0.934426 
  0.970238 
