       120 
  0.997494
  0.987155
  0.999999
  0.993314
  0.999999
  0.997665
  0.999999
  0.999999
  0.999999
  0.992383
  0.991793
  0.932407
  0.957409
  0.916145
  0.949789
  0.999999
  0.990798
  0.999701
  0.998073
  0.999999
  0.996809
  0.996876
  0.998146
  0.999999
  0.999480
  0.996843
  0.996730
  0.999323
  0.995815
  0.999999
  0.993224
  0.991425
  0.997811
  0.999303
  0.994256
  0.982476
  0.997230
  0.994351
  0.999528
  0.965936
  0.908001
  0.986133
  0.994589
  0.993815
  0.991045
  0.999999
  0.996761
  0.994419
  0.996605
  0.999999
  0.989931
  0.999999
  0.997803
  0.999999
  0.999999
  0.999999
  0.999999
  0.993585
  0.988564
  0.970497
  0.999999
  0.999999
  0.998231
  0.999999
  0.983607
  0.989295
  0.997369
  0.998628
  0.999999
  0.985739
  0.991950
  0.999172
  0.999683
  0.997857
  0.999716
  0.999999
  0.998004
  0.984436
  0.997237
  0.995332
  0.999999
  0.980494
  0.995547
  0.969134
  0.999999
  0.999462
  0.998038
  0.997036
  0.999473
  0.998976
  0.990181
  0.999999
  0.995001
  0.999646
  0.998980
  0.991756
  0.997502
  0.996963
  0.992704
  0.990008
  0.990826
  0.995163
  0.997590
  0.999999
  0.994043
  0.997253
  0.986772
  0.975921
  0.995043
  0.999999
  0.985254
  0.978272
  0.988870
  0.989662
  0.999999
  0.982398
  0.978612
  0.954985
  0.987448
  0.961230 
