        60 
  0.976190 
  0.982759 
  1.000000 
  1.000000 
  1.000000 
  1.000000 
  1.000000 
  1.000000 
  1.000000 
  1.000000 
  1.000000 
  1.000000 
  1.000000 
  1.000000 
  1.000000 
  0.944444 
  1.000000 
  1.000000 
  1.000000 
  1.000000 
  1.000000 
  1.000000 
  1.000000 
  1.000000 
  1.000000 
  1.000000 
  1.000000 
  1.000000 
  1.000000 
  0.833333 
  0.842105 
  1.000000 
  0.969697 
  1.000000 
  1.000000 
  0.916667 
  0.866667 
  1.000000 
  0.958333 
  0.923077 
  1.000000 
  0.916667 
  0.833333 
  0.937500 
  1.000000 
  0.933333 
  1.000000 
  1.000000 
  1.000000 
  1.000000 
  1.000000 
  0.976471 
  0.987654 
  0.990909 
  0.984375 
  0.962366 
  0.977695 
  0.975610 
  0.970982 
  0.950104 
