        60 
  0.650000 
  0.623762 
  0.731481 
  0.742268 
  0.881579 
  0.738971 
  0.495601 
  0.664336 
  0.854430 
  0.852941 
  0.895349 
  0.815217 
  0.878505 
  0.839695 
  0.882883 
  0.895161 
  0.858268 
  0.879310 
  0.854015 
  0.853147 
  0.775362 
  0.899543 
  0.862745 
  0.844961 
  0.866142 
  0.797386 
  0.818182 
  0.783133 
  0.764368 
  0.835165 
  0.613861 
  0.600000 
  0.568182 
  0.545455 
  0.586957 
  0.764706 
  0.640625 
  0.720000 
  0.764706 
  0.837838 
  0.428571 
  0.476190 
  0.227273 
  0.375000 
  0.562500 
  0.421053 
  0.478261 
  0.333333 
  0.588235 
  0.583333 
  0.473684 
  0.647059 
  0.875000 
  0.869748 
  0.828125 
  0.817647 
  0.844920 
  0.853503 
  0.796296 
  0.778302 
