307237188 32 960
307237192 32 960
307245204 32 960
307245208 32 960
307245268 32 960
307245272 32 960
307253284 32 960
307253288 32 960
307253592 2 960
307253588 2 960
307261820 32 960
307261824 32 960
307273808 2 960
307273804 2 960
307278272 2 960
307278268 2 960
307286156 32 960
307286160 32 960
308302160 2 960
308302156 2 960
308302188 32 960
308302192 32 960
308302196 32 960
308302200 32 960
308314288 2 960
308314284 2 960
308314344 2 960
308314340 2 960
308330904 2 960
308330900 2 960
308343108 32 960
308343112 32 960
308355344 2 960
308355340 2 960
308375872 2 960
308375868 2 960
308379748 32 960
308379752 32 960
308379980 32 960
308379984 32 960
309346572 32 960
309346576 32 960
309346736 2 960
309346732 2 960
309350528 2 960
309350524 2 960
309354672 2 960
309354668 2 960
309358616 2 960
309358612 2 960
309375196 32 960
309375200 32 960
309379108 32 960
309379112 32 960
309383452 32 960
309383456 32 960
309383476 32 960
309383480 32 960
309391532 32 960
309391536 32 960
309416196 32 960
309416200 32 960
309416248 2 960
309416244 2 960
309420452 32 960
309420456 32 960
309444712 2 960
309444708 2 960
309448752 2 960
309448748 2 960
309448908 32 960
309448912 32 960
310386720 2 1016
310386716 2 1016
310407292 2 1016
310407296 2 1016
310415544 2 1016
310415540 2 1016
310435872 2 1016
310435868 2 1016
310435896 2 1016
310435892 2 1016
310440040 2 1016
310440036 2 1016
310501524 2 1016
310501528 2 1016
310505500 2 1016
310505504 2 1016
310521968 2 1016
310521964 2 1016
310522000 2 1016
310521996 2 1016
310562936 2 1016
310562932 2 1016
311431196 2 1016
311431200 2 1016
311431204 2 1016
311431208 2 1016
311431212 2 1016
311431216 2 1016
311431220 2 1016
311431224 2 1016
311431228 2 1016
311431232 2 1016
311431236 2 1016
311431240 2 1016
311431244 2 1016
311431248 2 1016
311431252 2 1016
311431256 2 1016
311431260 2 1016
311431264 2 1016
311439444 2 1016
311439448 2 1016
311455784 2 1016
311455780 2 1016
311492728 2 1016
311492724 2 1016
311496816 2 1016
311496812 2 1016
311541808 2 1016
311541804 2 1016
311541880 2 1016
311541876 2 1016
311558148 2 1016
311558152 2 1016
311558156 2 1016
311558160 2 1016
311558164 2 1016
311558168 2 1016
311558172 2 1016
311558176 2 1016
311558180 2 1016
311558184 2 1016
311558188 2 1016
311558192 2 1016
311558196 2 1016
311558200 2 1016
311558204 2 1016
311558208 2 1016
311558212 2 1016
311558216 2 1016
311558220 2 1016
311558224 2 1016
311558228 2 1016
311558232 2 1016
311558236 2 1016
311558240 2 1016
311562244 2 1016
311562248 2 1016
311562252 2 1016
311562256 2 1016
311562260 2 1016
311562264 2 1016
311562268 2 1016
311562272 2 1016
311562276 2 1016
311562280 2 1016
311562284 2 1016
311562288 2 1016
311562292 2 1016
311562296 2 1016
311562300 2 1016
311562304 2 1016
311562308 2 1016
311562312 2 1016
311562316 2 1016
311562320 2 1016
311562324 2 1016
311562328 2 1016
311562332 2 1016
311562336 2 1016
311562404 2 1016
311562408 2 1016
311566340 2 1016
311566344 2 1016
311566348 2 1016
311566352 2 1016
311566356 2 1016
311566360 2 1016
311566364 2 1016
311566368 2 1016
311566372 2 1016
311566376 2 1016
311566380 2 1016
311566384 2 1016
311566388 2 1016
311566392 2 1016
311566396 2 1016
311566400 2 1016
311566404 2 1016
311566408 2 1016
311566412 2 1016
311566416 2 1016
311566420 2 1016
311566424 2 1016
311566428 2 1016
311566432 2 1016
311570436 2 1016
311570440 2 1016
311570444 2 1016
311570448 2 1016
311570452 2 1016
311570456 2 1016
311570460 2 1016
311570464 2 1016
311570468 2 1016
311570472 2 1016
311570476 2 1016
311570480 2 1016
311570484 2 1016
311570488 2 1016
311570492 2 1016
311570496 2 1016
311570500 2 1016
311570504 2 1016
311570508 2 1016
311570512 2 1016
311570516 2 1016
311570520 2 1016
311570524 2 1016
311570528 2 1016
311574532 2 1016
311574536 2 1016
311574540 2 1016
311574544 2 1016
311574548 2 1016
311574552 2 1016
311574556 2 1016
311574560 2 1016
311574564 2 1016
311574568 2 1016
311574572 2 1016
311574576 2 1016
311574580 2 1016
311574584 2 1016
311574588 2 1016
311574592 2 1016
311574596 2 1016
311574600 2 1016
311574604 2 1016
311574608 2 1016
311574612 2 1016
311574616 2 1016
311574620 2 1016
311574624 2 1016
311578628 2 1016
311578632 2 1016
311578636 2 1016
311578640 2 1016
311578644 2 1016
311578648 2 1016
311578652 2 1016
311578656 2 1016
311578660 2 1016
311578664 2 1016
311578668 2 1016
311578672 2 1016
311578676 2 1016
311578680 2 1016
311578684 2 1016
311578688 2 1016
311578692 2 1016
311578696 2 1016
311578700 2 1016
311578704 2 1016
311578708 2 1016
311578712 2 1016
311578716 2 1016
311578720 2 1016
311582724 2 1016
311582728 2 1016
311582732 2 1016
311582736 2 1016
311582740 2 1016
311582744 2 1016
311582748 2 1016
311582752 2 1016
311582756 2 1016
311582760 2 1016
311582764 2 1016
311582768 2 1016
311582772 2 1016
311582776 2 1016
311582780 2 1016
311582784 2 1016
311582788 2 1016
311582792 2 1016
311582796 2 1016
311582800 2 1016
311582804 2 1016
311582808 2 1016
311582812 2 1016
311582816 2 1016
311586820 2 1016
311586824 2 1016
311586828 2 1016
311586832 2 1016
311586836 2 1016
311586840 2 1016
311586844 2 1016
311586848 2 1016
311586852 2 1016
311586856 2 1016
311586860 2 1016
311586864 2 1016
311586868 2 1016
311586872 2 1016
311586876 2 1016
311586880 2 1016
311586884 2 1016
311586888 2 1016
311586892 2 1016
311586896 2 1016
311586900 2 1016
311586904 2 1016
311586908 2 1016
311586912 2 1016
311590916 2 1016
311590920 2 1016
311590924 2 1016
311590928 2 1016
311590932 2 1016
311590936 2 1016
311590940 2 1016
311590944 2 1016
311590948 2 1016
311590952 2 1016
311590956 2 1016
311590960 2 1016
311590964 2 1016
311590968 2 1016
311590972 2 1016
311590976 2 1016
311590980 2 1016
311590984 2 1016
311590988 2 1016
311590992 2 1016
311590996 2 1016
311591000 2 1016
311591004 2 1016
311591008 2 1016
311595012 2 1016
311595016 2 1016
311595020 2 1016
311595024 2 1016
311595028 2 1016
311595032 2 1016
311595036 2 1016
311595040 2 1016
311595044 2 1016
311595048 2 1016
311595052 2 1016
311595056 2 1016
311595060 2 1016
311595064 2 1016
311595068 2 1016
311595072 2 1016
311595076 2 1016
311595080 2 1016
311595084 2 1016
311595088 2 1016
311595092 2 1016
311595096 2 1016
311595100 2 1016
311595104 2 1016
311599108 2 1016
311599112 2 1016
311599116 2 1016
311599120 2 1016
311599124 2 1016
311599128 2 1016
311599132 2 1016
311599136 2 1016
311599140 2 1016
311599144 2 1016
311599148 2 1016
311599152 2 1016
311599156 2 1016
311599160 2 1016
311599164 2 1016
311599168 2 1016
311599172 2 1016
311599176 2 1016
311599180 2 1016
311599184 2 1016
311599188 2 1016
311599192 2 1016
311599196 2 1016
311599200 2 1016
311603204 2 1016
311603208 2 1016
311603212 2 1016
311603216 2 1016
311603220 2 1016
311603224 2 1016
311603228 2 1016
311603232 2 1016
311603236 2 1016
311603240 2 1016
311603244 2 1016
311603248 2 1016
311603252 2 1016
311603256 2 1016
311603260 2 1016
311603264 2 1016
311603268 2 1016
311603272 2 1016
311603276 2 1016
311603280 2 1016
311603284 2 1016
311603288 2 1016
311603292 2 1016
311603296 2 1016
311603380 2 1016
311603384 2 1016
311607300 2 1016
311607304 2 1016
311607308 2 1016
311607312 2 1016
311607316 2 1016
311607320 2 1016
311607324 2 1016
311607328 2 1016
311607332 2 1016
311607336 2 1016
311607340 2 1016
311607344 2 1016
311607348 2 1016
311607352 2 1016
311607356 2 1016
311607360 2 1016
311607364 2 1016
311607368 2 1016
311607372 2 1016
311607376 2 1016
311607380 2 1016
311607384 2 1016
311607388 2 1016
311607392 2 1016
311611396 2 1016
311611400 2 1016
311611404 2 1016
311611408 2 1016
311611412 2 1016
311611416 2 1016
311611420 2 1016
311611424 2 1016
311611428 2 1016
311611432 2 1016
311611436 2 1016
311611440 2 1016
311611444 2 1016
311611448 2 1016
311611452 2 1016
311611456 2 1016
311611460 2 1016
311611464 2 1016
311611468 2 1016
311611472 2 1016
311611476 2 1016
311611480 2 1016
311611484 2 1016
311611488 2 1016
311615492 2 1016
311615496 2 1016
311615500 2 1016
311615504 2 1016
311615508 2 1016
311615512 2 1016
311615516 2 1016
311615520 2 1016
311615524 2 1016
311615528 2 1016
311615532 2 1016
311615536 2 1016
311615540 2 1016
311615544 2 1016
311615548 2 1016
311615552 2 1016
311615556 2 1016
311615560 2 1016
311615564 2 1016
311615568 2 1016
311615572 2 1016
311615576 2 1016
311615580 2 1016
311615584 2 1016
311619588 2 1016
311619592 2 1016
311619596 2 1016
311619600 2 1016
311619604 2 1016
311619608 2 1016
311619612 2 1016
311619616 2 1016
311619620 2 1016
311619624 2 1016
311619628 2 1016
311619632 2 1016
311619636 2 1016
311619640 2 1016
311619644 2 1016
311619648 2 1016
311619652 2 1016
311619656 2 1016
311619660 2 1016
311619664 2 1016
311619668 2 1016
311619672 2 1016
311619676 2 1016
311619680 2 1016
311623684 2 1016
311623688 2 1016
311623692 2 1016
311623696 2 1016
311623700 2 1016
311623704 2 1016
311623708 2 1016
311623712 2 1016
311623716 2 1016
311623720 2 1016
311623724 2 1016
311623728 2 1016
311623732 2 1016
311623736 2 1016
311623740 2 1016
311623744 2 1016
311623748 2 1016
311623752 2 1016
311623756 2 1016
311623760 2 1016
311623764 2 1016
311623768 2 1016
311623772 2 1016
311623776 2 1016
311627780 2 1016
311627784 2 1016
311627788 2 1016
311627792 2 1016
311627796 2 1016
311627800 2 1016
311627804 2 1016
311627808 2 1016
311627812 2 1016
311627816 2 1016
311627820 2 1016
311627824 2 1016
311627828 2 1016
311627832 2 1016
311627836 2 1016
311627840 2 1016
311627844 2 1016
311627848 2 1016
311627852 2 1016
311627856 2 1016
311627860 2 1016
311627864 2 1016
311627868 2 1016
311627872 2 1016
311627968 2 1016
311627964 2 1016
311631876 2 1016
311631880 2 1016
311631884 2 1016
311631888 2 1016
311631892 2 1016
311631896 2 1016
311631900 2 1016
311631904 2 1016
311631908 2 1016
311631912 2 1016
311631916 2 1016
311631920 2 1016
311631924 2 1016
311631928 2 1016
311631932 2 1016
311631936 2 1016
311631940 2 1016
311631944 2 1016
311631948 2 1016
311631952 2 1016
311631956 2 1016
311631960 2 1016
311631964 2 1016
311631968 2 1016
311635972 2 1016
311635976 2 1016
311635980 2 1016
311635984 2 1016
311635988 2 1016
311635992 2 1016
311635996 2 1016
311636000 2 1016
311636004 2 1016
311636008 2 1016
311636012 2 1016
311636016 2 1016
311636020 2 1016
311636024 2 1016
311636028 2 1016
311636032 2 1016
311636036 2 1016
311636040 2 1016
311636044 2 1016
311636048 2 1016
311636052 2 1016
311636056 2 1016
311636060 2 1016
311636064 2 1016
311640068 2 1016
311640072 2 1016
311640076 2 1016
311640080 2 1016
311640084 2 1016
311640088 2 1016
311640092 2 1016
311640096 2 1016
311640100 2 1016
311640104 2 1016
311640108 2 1016
311640112 2 1016
311640116 2 1016
311640120 2 1016
311640124 2 1016
311640128 2 1016
311640132 2 1016
311640136 2 1016
311640140 2 1016
311640144 2 1016
311640148 2 1016
311640152 2 1016
311640156 2 1016
311640160 2 1016
311644164 2 1016
311644168 2 1016
311644172 2 1016
311644176 2 1016
311644180 2 1016
311644184 2 1016
311644188 2 1016
311644192 2 1016
311644196 2 1016
311644200 2 1016
311644204 2 1016
311644208 2 1016
311644212 2 1016
311644216 2 1016
311644220 2 1016
311644224 2 1016
311644228 2 1016
311644232 2 1016
311644236 2 1016
311644240 2 1016
311644244 2 1016
311644248 2 1016
311644252 2 1016
311644256 2 1016
311648260 2 1016
311648264 2 1016
311648268 2 1016
311648272 2 1016
311648276 2 1016
311648280 2 1016
311648284 2 1016
311648288 2 1016
311648292 2 1016
311648296 2 1016
311648300 2 1016
311648304 2 1016
311648308 2 1016
311648312 2 1016
311648316 2 1016
311648320 2 1016
311648324 2 1016
311648328 2 1016
311648332 2 1016
311648336 2 1016
311648340 2 1016
311648344 2 1016
311648348 2 1016
311648352 2 1016
311652356 2 1016
311652360 2 1016
311652364 2 1016
311652368 2 1016
311652372 2 1016
311652376 2 1016
311652380 2 1016
311652384 2 1016
311652388 2 1016
311652392 2 1016
311652396 2 1016
311652400 2 1016
311652404 2 1016
311652408 2 1016
311652412 2 1016
311652416 2 1016
311652420 2 1016
311652424 2 1016
311652428 2 1016
311652432 2 1016
311652436 2 1016
311652440 2 1016
311652444 2 1016
311652448 2 1016
311656452 2 1016
311656456 2 1016
311656460 2 1016
311656464 2 1016
311656468 2 1016
311656472 2 1016
311656476 2 1016
311656480 2 1016
311656484 2 1016
311656488 2 1016
311656492 2 1016
311656496 2 1016
311656500 2 1016
311656504 2 1016
311656508 2 1016
311656512 2 1016
311656516 2 1016
311656520 2 1016
311656524 2 1016
311656528 2 1016
311656532 2 1016
311656536 2 1016
311656540 2 1016
311656544 2 1016
311656596 2 1016
311656600 2 1016
311660548 2 1016
311660552 2 1016
311660556 2 1016
311660560 2 1016
311660564 2 1016
311660568 2 1016
311660572 2 1016
311660576 2 1016
311660580 2 1016
311660584 2 1016
311660588 2 1016
311660592 2 1016
311660596 2 1016
311660600 2 1016
311660604 2 1016
311660608 2 1016
311660612 2 1016
311660616 2 1016
311660620 2 1016
311660624 2 1016
311660628 2 1016
311660632 2 1016
311660636 2 1016
311660640 2 1016
311664644 2 1016
311664648 2 1016
311664652 2 1016
311664656 2 1016
311664660 2 1016
311664664 2 1016
311664668 2 1016
311664672 2 1016
311664676 2 1016
311664680 2 1016
311664684 2 1016
311664688 2 1016
311664692 2 1016
311664696 2 1016
311664700 2 1016
311664704 2 1016
311664708 2 1016
311664712 2 1016
311664716 2 1016
311664720 2 1016
311664724 2 1016
311664728 2 1016
311664732 2 1016
311664736 2 1016
311668740 2 1016
311668744 2 1016
311668748 2 1016
311668752 2 1016
311668756 2 1016
311668760 2 1016
311668764 2 1016
311668768 2 1016
311668772 2 1016
311668776 2 1016
311668780 2 1016
311668784 2 1016
311668788 2 1016
311668792 2 1016
311668796 2 1016
311668800 2 1016
311668804 2 1016
311668808 2 1016
311668812 2 1016
311668816 2 1016
311668820 2 1016
311668824 2 1016
311668828 2 1016
311668832 2 1016
311672836 2 1016
311672840 2 1016
311672844 2 1016
311672848 2 1016
311672852 2 1016
311672856 2 1016
311672860 2 1016
311672864 2 1016
311672868 2 1016
311672872 2 1016
311672876 2 1016
311672880 2 1016
311672884 2 1016
311672888 2 1016
311672892 2 1016
311672896 2 1016
311672900 2 1016
311672904 2 1016
311672908 2 1016
311672912 2 1016
311672916 2 1016
311672920 2 1016
311672924 2 1016
311672928 2 1016
311676932 2 1016
311676936 2 1016
311676940 2 1016
311676944 2 1016
311676948 2 1016
311676952 2 1016
311676956 2 1016
311676960 2 1016
311676964 2 1016
311676968 2 1016
311676972 2 1016
311676976 2 1016
311676980 2 1016
311676984 2 1016
311676988 2 1016
311676992 2 1016
311676996 2 1016
311677000 2 1016
311677004 2 1016
311677008 2 1016
311677012 2 1016
311677016 2 1016
311677020 2 1016
311677024 2 1016
311681028 2 1016
311681032 2 1016
311681036 2 1016
311681040 2 1016
311681044 2 1016
311681048 2 1016
311681052 2 1016
311681056 2 1016
311681060 2 1016
311681064 2 1016
311681068 2 1016
311681072 2 1016
311681076 2 1016
311681080 2 1016
311681084 2 1016
311681088 2 1016
311681092 2 1016
311681096 2 1016
311681100 2 1016
311681104 2 1016
311681108 2 1016
311681112 2 1016
311681116 2 1016
311681120 2 1016
312496152 2 1016
312496148 2 1016
312524980 2 1016
312524984 2 1016
312537116 2 1016
312537120 2 1016
312553492 2 1016
312553496 2 1016
312557640 2 1016
312557636 2 1016
312582324 2 1016
312582328 2 1016
312586332 2 1016
312586336 2 1016
312615032 2 1016
312615028 2 1016
312623292 2 1016
312623296 2 1016
312639528 2 1016
312639524 2 1016
312643588 2 1016
312643592 2 1016
312643644 2 1016
312643648 2 1016
312651924 2 1016
312651928 2 1016
312696856 2 1016
312696852 2 1016
312701024 2 1016
312701020 2 1016
312709152 2 1016
312709148 2 1016
312741976 2 1016
312741972 2 1016
312742012 2 1016
312742016 2 1016
312750124 2 1016
312750128 2 1016
312774748 2 1016
312774752 2 1016
312778760 2 1016
312778756 2 1016
355214420 32 960
355214424 32 960
355226632 2 960
355226628 2 960
355239068 32 960
355239072 32 960
355239176 2 960
355239172 2 960
355243300 32 960
355243304 32 960
355251544 2 1016
355251540 2 1016
355255804 2 1016
355255808 2 1016
355259892 2 1016
355259896 2 1016
355263916 2 1016
355263920 2 1016
355264064 2 1016
355264060 2 1016
355268056 2 1016
355268052 2 1016
355480740 32 960
355480744 32 960
355497072 2 960
355497068 2 960
355517472 2 1016
355517468 2 1016
355522068 2 1016
355522072 2 1016
355530156 2 1016
355530160 2 1016
355763236 32 960
355763240 32 960
355763500 32 960
355763504 32 960
355775760 2 1016
355775756 2 1016
355780060 2 1016
355780064 2 1016
356009088 2 960
356009084 2 960
356021476 32 960
356021480 32 960
356037828 2 1016
356037832 2 1016
356050220 2 1016
356050224 2 1016
356054536 2 1016
356054532 2 1016
356283600 2 960
356283596 2 960
356287684 32 960
356287688 32 960
356295756 2 1016
356295760 2 1016
356308284 2 1016
356308288 2 1016
356312204 2 1016
356312208 2 1016
356312352 2 1016
356312348 2 1016
356316404 2 1016
356316408 2 1016
346838272 2 960
346838268 2 960
346854436 32 960
346854440 32 960
346858676 2 1016
346858680 2 1016
346858868 2 1016
346858872 2 1016
346879024 2 1016
346879020 2 1016
347092128 2 960
347092124 2 960
347096136 2 960
347096132 2 960
347104532 32 960
347104536 32 960
347112544 2 960
347112540 2 960
347120824 2 1016
347120820 2 1016
347120924 2 1016
347120928 2 1016
347124860 2 1016
347124864 2 1016
347129096 2 1016
347129092 2 1016
347137236 2 1016
347137240 2 1016
347137400 2 1016
347137396 2 1016
347362484 32 960
347362488 32 960
347366456 2 960
347366452 2 960
347378924 32 960
347378928 32 960
347387288 2 1016
347387284 2 1016
347399504 2 1016
347399500 2 1016
347399652 2 1016
347399656 2 1016
347403468 2 1016
347403472 2 1016
347403784 2 1016
347403780 2 1016
347649032 2 1016
347649028 2 1016
347657260 2 1016
347657264 2 1016
347665552 2 1016
347665548 2 1016
347895028 32 960
347895032 32 960
347907428 2 1016
347907432 2 1016
347927768 2 1016
347927764 2 1016
