307237244 32 960
307237248 32 960
307237336 2 960
307237332 2 960
307241108 32 960
307241112 32 960
307241264 2 960
307241260 2 960
307241384 2 960
307241380 2 960
307245328 2 960
307245324 2 960
307249392 2 960
307249388 2 960
307249452 32 960
307249456 32 960
307249480 2 960
307249476 2 960
307253276 32 960
307253280 32 960
307253356 32 960
307253360 32 960
307253460 32 960
307253464 32 960
307253464 2 960
307253460 2 960
307253564 32 960
307253568 32 960
307257560 2 960
307257556 2 960
307257780 32 960
307257784 32 960
307257836 32 960
307257840 32 960
307261696 2 960
307261692 2 960
307261808 2 960
307261804 2 960
307261820 32 960
307261824 32 960
307261920 2 960
307261916 2 960
307261932 32 960
307261936 32 960
307265624 2 960
307265620 2 960
307265772 32 960
307265776 32 960
307270024 2 960
307270020 2 960
307270032 2 960
307270028 2 960
307273856 2 960
307273852 2 960
307273908 32 960
307273912 32 960
307274060 32 960
307274064 32 960
307278180 32 960
307278184 32 960
307282164 32 960
307282168 32 960
307286292 32 960
307286296 32 960
307286412 32 960
307286416 32 960
307286440 2 960
307286436 2 960
307286444 32 960
307286448 32 960
307286512 2 960
307286508 2 960
307290500 32 960
307290504 32 960
307294232 2 960
307294228 2 960
307294304 2 960
307294300 2 960
307294440 2 960
307294436 2 960
307294660 32 960
307294664 32 960
307298412 32 960
307298416 32 960
307298724 32 960
307298728 32 960
307298780 32 960
307298784 32 960
308285456 2 960
308285452 2 960
308285620 32 960
308285624 32 960
308285876 32 960
308285880 32 960
308289784 2 960
308289780 2 960
308289940 32 960
308289944 32 960
308293848 2 960
308293844 2 960
308297928 2 960
308297924 2 960
308298044 32 960
308298048 32 960
308302176 2 960
308302172 2 960
308306080 2 960
308306076 2 960
308310104 2 960
308310100 2 960
308310124 32 960
308310128 32 960
308310432 2 960
308310428 2 960
308314164 32 960
308314168 32 960
308314380 32 960
308314384 32 960
308314512 2 960
308314508 2 960
308318412 32 960
308318416 32 960
308318480 2 960
308318476 2 960
308318648 2 960
308318644 2 960
308322600 2 960
308322596 2 960
308322640 2 960
308322636 2 960
308322728 2 960
308322724 2 960
308326468 32 960
308326472 32 960
308326488 2 960
308326484 2 960
308330500 32 960
308330504 32 960
308330900 32 960
308330904 32 960
308334696 2 960
308334692 2 960
308338712 2 960
308338708 2 960
308338752 2 960
308338748 2 960
308338912 2 960
308338908 2 960
308339064 2 960
308339060 2 960
308342908 32 960
308342912 32 960
308343192 2 960
308343188 2 960
308343216 2 960
308343212 2 960
308346980 32 960
308346984 32 960
308347124 32 960
308347128 32 960
308347168 2 960
308347164 2 960
308347256 2 960
308347252 2 960
308351108 32 960
308351112 32 960
308351388 32 960
308351392 32 960
308351396 32 960
308351400 32 960
308355416 2 960
308355412 2 960
308355456 2 960
308355452 2 960
308355512 2 960
308355508 2 960
308359208 2 960
308359204 2 960
308359344 2 960
308359340 2 960
308359540 32 960
308359544 32 960
308359556 32 960
308359560 32 960
308359592 2 960
308359588 2 960
308363372 32 960
308363376 32 960
308363568 2 960
308363564 2 960
308363604 32 960
308363608 32 960
308371464 2 960
308371460 2 960
308371472 2 960
308371468 2 960
308371528 2 960
308371524 2 960
308371548 32 960
308371552 32 960
308371572 32 960
308371576 32 960
308375820 32 960
308375824 32 960
308375936 2 960
308375932 2 960
308379808 2 960
308379804 2 960
308379856 2 960
308379852 2 960
308379864 2 960
308379860 2 960
309334028 32 960
309334032 32 960
309334396 32 960
309334400 32 960
309334420 32 960
309334424 32 960
309338152 2 960
309338148 2 960
309338404 32 960
309338408 32 960
309342216 2 960
309342212 2 960
309342500 32 960
309342504 32 960
309342588 32 960
309342592 32 960
309342608 2 960
309342604 2 960
309346424 2 960
309346420 2 960
309346480 2 960
309346476 2 960
309346584 2 960
309346580 2 960
309354636 32 960
309354640 32 960
309354768 2 960
309354764 2 960
309354772 32 960
309354776 32 960
309354812 32 960
309354816 32 960
309358652 32 960
309358656 32 960
309358936 2 960
309358932 2 960
309362720 2 960
309362716 2 960
309366912 2 960
309366908 2 960
309366928 2 960
309366924 2 960
309366944 2 960
309366940 2 960
309367032 2 960
309367028 2 960
309367132 32 960
309367136 32 960
309367164 32 960
309367168 32 960
309370948 32 960
309370952 32 960
309371188 32 960
309371192 32 960
309371228 32 960
309371232 32 960
309371292 32 960
309371296 32 960
309374980 32 960
309374984 32 960
309379092 32 960
309379096 32 960
309379124 32 960
309379128 32 960
309379196 32 960
309379200 32 960
309379400 2 960
309379396 2 960
309379416 2 960
309379412 2 960
309379424 2 960
309379420 2 960
309379480 2 960
309379476 2 960
309383196 32 960
309383200 32 960
309383448 2 960
309383444 2 960
309383540 32 960
309383544 32 960
309387316 32 960
309387320 32 960
309387328 2 960
309387324 2 960
309387364 32 960
309387368 32 960
309387492 32 960
309387496 32 960
309391704 2 960
309391700 2 960
309395752 2 960
309395748 2 960
309395824 2 960
309395820 2 960
309399880 2 960
309399876 2 960
309399912 2 960
309399908 2 960
309399916 32 960
309399920 32 960
309403720 2 960
309403716 2 960
309407936 2 960
309407932 2 960
309411892 32 960
309411896 32 960
309412028 32 960
309412032 32 960
309412124 32 960
309412128 32 960
309412204 32 960
309412208 32 960
309416036 32 960
309416040 32 960
309416084 32 960
309416088 32 960
309416120 2 960
309416116 2 960
309416316 32 960
309416320 32 960
309420060 32 960
309420064 32 960
309420292 32 960
309420296 32 960
309420460 32 960
309420464 32 960
309424212 32 960
309424216 32 960
309424252 32 960
309424256 32 960
309424336 2 960
309424332 2 960
309424536 2 960
309424532 2 960
309428344 2 960
309428340 2 960
309432700 32 960
309432704 32 960
309436444 32 960
309436448 32 960
309436492 32 960
309436496 32 960
309436556 32 960
309436560 32 960
309436572 32 960
309436576 32 960
309440560 2 960
309440556 2 960
309440580 32 960
309440584 32 960
309444712 2 960
309444708 2 960
309444796 32 960
309444800 32 960
309444832 2 960
309444828 2 960
309448784 2 960
309448780 2 960
309448972 32 960
309448976 32 960
309452924 32 960
309452928 32 960
309453080 2 960
309453076 2 960
309457100 32 960
309457104 32 960
309461008 2 960
309461004 2 960
309461088 2 960
309461084 2 960
309461204 32 960
309461208 32 960
309461388 32 960
309461392 32 960
309461424 2 960
309461420 2 960
309465488 2 960
309465484 2 960
309469332 32 960
309469336 32 960
309469364 32 960
309469368 32 960
310382648 2 1016
310382644 2 1016
310386828 2 1016
310386832 2 1016
310395012 2 1016
310395016 2 1016
310399044 2 1016
310399048 2 1016
310403180 2 1016
310403184 2 1016
310407180 2 1016
310407184 2 1016
310415500 2 1016
310415504 2 1016
310419556 2 1016
310419560 2 1016
310431808 2 1016
310431804 2 1016
310431876 2 1016
310431880 2 1016
310431880 2 1016
310431876 2 1016
310444108 2 1016
310444112 2 1016
310444172 2 1016
310444176 2 1016
310452340 2 1016
310452344 2 1016
310456328 2 1016
310456324 2 1016
310456380 2 1016
310456384 2 1016
310460440 2 1016
310460436 2 1016
310460520 2 1016
310460516 2 1016
310464564 2 1016
310464568 2 1016
310464664 2 1016
310464660 2 1016
310468660 2 1016
310468664 2 1016
310472728 2 1016
310472724 2 1016
310472748 2 1016
310472752 2 1016
310472812 2 1016
310472816 2 1016
310472888 2 1016
310472884 2 1016
310476896 2 1016
310476892 2 1016
310476924 2 1016
310476928 2 1016
310481008 2 1016
310481004 2 1016
310481064 2 1016
310481060 2 1016
310489192 2 1016
310489188 2 1016
310493196 2 1016
310493200 2 1016
310493216 2 1016
310493212 2 1016
310493376 2 1016
310493372 2 1016
310501404 2 1016
310501408 2 1016
310501412 2 1016
310501416 2 1016
310501456 2 1016
310501452 2 1016
310501508 2 1016
310501512 2 1016
310501540 2 1016
310501544 2 1016
310501548 2 1016
310501552 2 1016
310509608 2 1016
310509604 2 1016
310513760 2 1016
310513756 2 1016
310513856 2 1016
310513852 2 1016
310517780 2 1016
310517784 2 1016
310522020 2 1016
310522024 2 1016
310530132 2 1016
310530136 2 1016
310530144 2 1016
310530140 2 1016
310538252 2 1016
310538256 2 1016
310542504 2 1016
310542500 2 1016
310542512 2 1016
310542508 2 1016
310546460 2 1016
310546464 2 1016
310550628 2 1016
310550632 2 1016
310554656 2 1016
310554652 2 1016
310558728 2 1016
310558724 2 1016
310558764 2 1016
310558768 2 1016
310558788 2 1016
310558792 2 1016
310558896 2 1016
310558892 2 1016
310571124 2 1016
310571128 2 1016
311431192 2 1016
311431188 2 1016
311435276 2 1016
311435280 2 1016
311435372 2 1016
311435376 2 1016
311435448 2 1016
311435444 2 1016
311451712 2 1016
311451708 2 1016
311460016 2 1016
311460012 2 1016
311464012 2 1016
311464016 2 1016
311468164 2 1016
311468168 2 1016
311472140 2 1016
311472144 2 1016
311472208 2 1016
311472204 2 1016
311472252 2 1016
311472256 2 1016
311472264 2 1016
311472260 2 1016
311472280 2 1016
311472276 2 1016
311476240 2 1016
311476236 2 1016
311476412 2 1016
311476416 2 1016
311480392 2 1016
311480388 2 1016
311488544 2 1016
311488540 2 1016
311488636 2 1016
311488640 2 1016
311492660 2 1016
311492664 2 1016
311496808 2 1016
311496804 2 1016
311496852 2 1016
311496856 2 1016
311500976 2 1016
311500972 2 1016
311517360 2 1016
311517356 2 1016
311521384 2 1016
311521380 2 1016
311521392 2 1016
311521388 2 1016
311533592 2 1016
311533588 2 1016
311533660 2 1016
311533664 2 1016
311533664 2 1016
311533660 2 1016
311537684 2 1016
311537688 2 1016
311541864 2 1016
311541860 2 1016
311541888 2 1016
311541884 2 1016
311546016 2 1016
311546012 2 1016
311550032 2 1016
311550028 2 1016
311550052 2 1016
311550056 2 1016
311550104 2 1016
311550100 2 1016
311554228 2 1016
311554232 2 1016
311562244 2 1016
311562248 2 1016
311562264 2 1016
311562260 2 1016
311566512 2 1016
311566508 2 1016
311570436 2 1016
311570440 2 1016
311570468 2 1016
311570472 2 1016
311570508 2 1016
311570512 2 1016
311570608 2 1016
311570604 2 1016
311574552 2 1016
311574548 2 1016
311574644 2 1016
311574648 2 1016
311582772 2 1016
311582776 2 1016
311582828 2 1016
311582832 2 1016
311586992 2 1016
311586988 2 1016
311590976 2 1016
311590972 2 1016
311591040 2 1016
311591036 2 1016
311595040 2 1016
311595036 2 1016
311595196 2 1016
311595200 2 1016
311599140 2 1016
311599144 2 1016
311599188 2 1016
311599192 2 1016
311603248 2 1016
311603244 2 1016
311607396 2 1016
311607400 2 1016
311615568 2 1016
311615564 2 1016
311615620 2 1016
311615624 2 1016
311615644 2 1016
311615648 2 1016
311615648 2 1016
311615644 2 1016
311619756 2 1016
311619760 2 1016
311627860 2 1016
311627864 2 1016
311644180 2 1016
311644184 2 1016
311644320 2 1016
311644316 2 1016
311648396 2 1016
311648400 2 1016
311648408 2 1016
311648404 2 1016
311652448 2 1016
311652444 2 1016
311652516 2 1016
311652520 2 1016
311656532 2 1016
311656536 2 1016
311656544 2 1016
311656540 2 1016
311656636 2 1016
311656640 2 1016
311660548 2 1016
311660552 2 1016
311660560 2 1016
311660556 2 1016
311660600 2 1016
311660596 2 1016
311660692 2 1016
311660696 2 1016
311660732 2 1016
311660736 2 1016
311668760 2 1016
311668756 2 1016
311672872 2 1016
311672868 2 1016
311672916 2 1016
311672920 2 1016
311672956 2 1016
311672960 2 1016
311672984 2 1016
311672980 2 1016
311672996 2 1016
311673000 2 1016
311677024 2 1016
311677020 2 1016
312479868 2 1016
312479872 2 1016
312483904 2 1016
312483900 2 1016
312483956 2 1016
312483960 2 1016
312487972 2 1016
312487976 2 1016
312487984 2 1016
312487980 2 1016
312488052 2 1016
312488056 2 1016
312492216 2 1016
312492212 2 1016
312496284 2 1016
312496288 2 1016
312500268 2 1016
312500272 2 1016
312508428 2 1016
312508432 2 1016
312508560 2 1016
312508556 2 1016
312508576 2 1016
312508572 2 1016
312512520 2 1016
312512516 2 1016
312512552 2 1016
312512548 2 1016
312512608 2 1016
312512604 2 1016
312512632 2 1016
312512628 2 1016
312512684 2 1016
312512688 2 1016
312520848 2 1016
312520844 2 1016
312524856 2 1016
312524852 2 1016
312529012 2 1016
312529016 2 1016
312529072 2 1016
312529068 2 1016
312537108 2 1016
312537112 2 1016
312537180 2 1016
312537184 2 1016
312537236 2 1016
312537240 2 1016
312541252 2 1016
312541256 2 1016
312541340 2 1016
312541344 2 1016
312541376 2 1016
312541372 2 1016
312545304 2 1016
312545300 2 1016
312553568 2 1016
312553564 2 1016
312553632 2 1016
312553628 2 1016
312557624 2 1016
312557620 2 1016
312557688 2 1016
312557684 2 1016
312561728 2 1016
312561724 2 1016
312561808 2 1016
312561804 2 1016
312561816 2 1016
312561812 2 1016
312565788 2 1016
312565792 2 1016
312565840 2 1016
312565836 2 1016
312565860 2 1016
312565864 2 1016
312569892 2 1016
312569896 2 1016
312569900 2 1016
312569904 2 1016
312574000 2 1016
312573996 2 1016
312574048 2 1016
312574044 2 1016
312578168 2 1016
312578164 2 1016
312582188 2 1016
312582192 2 1016
312582304 2 1016
312582300 2 1016
312582312 2 1016
312582308 2 1016
312586344 2 1016
312586340 2 1016
312594512 2 1016
312594508 2 1016
312598544 2 1016
312598540 2 1016
312598556 2 1016
312598560 2 1016
312598580 2 1016
312598584 2 1016
312598720 2 1016
312598716 2 1016
312602700 2 1016
312602704 2 1016
312606732 2 1016
312606736 2 1016
312610832 2 1016
312610828 2 1016
312610868 2 1016
312610872 2 1016
312610888 2 1016
312610884 2 1016
312614920 2 1016
312614916 2 1016
312614952 2 1016
312614948 2 1016
312619064 2 1016
312619060 2 1016
312619192 2 1016
312619188 2 1016
312623156 2 1016
312623160 2 1016
312623260 2 1016
312623264 2 1016
312627324 2 1016
312627328 2 1016
312631404 2 1016
312631408 2 1016
312631464 2 1016
312631460 2 1016
312635408 2 1016
312635404 2 1016
312635416 2 1016
312635412 2 1016
312643620 2 1016
312643624 2 1016
312643676 2 1016
312643680 2 1016
312647692 2 1016
312647696 2 1016
312647704 2 1016
312647700 2 1016
312647872 2 1016
312647868 2 1016
312651788 2 1016
312651792 2 1016
312660156 2 1016
312660160 2 1016
312668208 2 1016
312668204 2 1016
312672328 2 1016
312672324 2 1016
312676444 2 1016
312676448 2 1016
312684664 2 1016
312684660 2 1016
312684696 2 1016
312684692 2 1016
312692888 2 1016
312692884 2 1016
312696836 2 1016
312696840 2 1016
312709176 2 1016
312709172 2 1016
312713280 2 1016
312713276 2 1016
312725568 2 1016
312725564 2 1016
312729656 2 1016
312729652 2 1016
312733728 2 1016
312733724 2 1016
312737952 2 1016
312737948 2 1016
312742064 2 1016
312742060 2 1016
312750104 2 1016
312750100 2 1016
312754224 2 1016
312754220 2 1016
312754284 2 1016
312754288 2 1016
312754324 2 1016
312754328 2 1016
312766508 2 1016
312766512 2 1016
312766604 2 1016
312766608 2 1016
312770736 2 1016
312770732 2 1016
312778816 2 1016
312778812 2 1016
312782944 2 1016
312782940 2 1016
312787068 2 1016
312787072 2 1016
312787088 2 1016
312787084 2 1016
355210248 2 960
355210244 2 960
355214428 32 960
355214432 32 960
355218556 32 960
355218560 32 960
355218572 32 960
355218576 32 960
355222576 2 960
355222572 2 960
355222608 2 960
355222604 2 960
355222612 32 960
355222616 32 960
355222620 32 960
355222624 32 960
355222652 32 960
355222656 32 960
355222748 32 960
355222752 32 960
355226660 32 960
355226664 32 960
355230984 2 960
355230980 2 960
355238948 32 960
355238952 32 960
355239136 2 960
355239132 2 960
355243140 32 960
355243144 32 960
355243176 2 960
355243172 2 960
355243280 2 960
355243276 2 960
355247152 2 1016
355247148 2 1016
355247216 2 1016
355247212 2 1016
355247240 2 1016
355247236 2 1016
355255300 2 1016
355255304 2 1016
355255344 2 1016
355255340 2 1016
355255444 2 1016
355255448 2 1016
355255556 2 1016
355255560 2 1016
355255576 2 1016
355255572 2 1016
355255580 2 1016
355255584 2 1016
355255776 2 1016
355255772 2 1016
355259852 2 1016
355259856 2 1016
355263624 2 1016
355263620 2 1016
355263712 2 1016
355263708 2 1016
355263796 2 1016
355263800 2 1016
355264024 2 1016
355264020 2 1016
355264032 2 1016
355264028 2 1016
355264076 2 1016
355264080 2 1016
355267684 2 1016
355267688 2 1016
355267728 2 1016
355267724 2 1016
355267756 2 1016
355267760 2 1016
355268128 2 1016
355268124 2 1016
355472424 2 960
355472420 2 960
355480704 2 960
355480700 2 960
355480712 2 960
355480708 2 960
355484712 2 960
355484708 2 960
355484884 32 960
355484888 32 960
355488788 32 960
355488792 32 960
355488844 32 960
355488848 32 960
355488956 32 960
355488960 32 960
355492976 2 960
355492972 2 960
355497084 32 960
355497088 32 960
355497244 32 960
355497248 32 960
355501104 2 960
355501100 2 960
355501212 32 960
355501216 32 960
355501216 2 960
355501212 2 960
355505188 32 960
355505192 32 960
355509404 2 1016
355509408 2 1016
355509500 2 1016
355509504 2 1016
355509568 2 1016
355509564 2 1016
355509636 2 1016
355509640 2 1016
355513500 2 1016
355513504 2 1016
355513616 2 1016
355513612 2 1016
355517548 2 1016
355517552 2 1016
355517684 2 1016
355517688 2 1016
355517708 2 1016
355517712 2 1016
355517836 2 1016
355517840 2 1016
355521576 2 1016
355521572 2 1016
355521616 2 1016
355521612 2 1016
355521744 2 1016
355521740 2 1016
355521780 2 1016
355521784 2 1016
355525772 2 1016
355525776 2 1016
355525888 2 1016
355525884 2 1016
355525892 2 1016
355525896 2 1016
355526220 2 1016
355526224 2 1016
355530000 2 1016
355529996 2 1016
355530084 2 1016
355530088 2 1016
355530156 2 1016
355530160 2 1016
355530204 2 1016
355530208 2 1016
355734604 32 960
355734608 32 960
355734664 2 960
355734660 2 960
355742732 32 960
355742736 32 960
355742880 2 960
355742876 2 960
355742884 32 960
355742888 32 960
355742912 2 960
355742908 2 960
355751080 2 960
355751076 2 960
355759184 2 960
355759180 2 960
355759260 32 960
355759264 32 960
355759380 32 960
355759384 32 960
355763384 2 960
355763380 2 960
355763436 32 960
355763440 32 960
355763472 2 960
355763468 2 960
355767604 32 960
355767608 32 960
355771648 2 1016
355771644 2 1016
355775608 2 1016
355775604 2 1016
355779604 2 1016
355779608 2 1016
355779836 2 1016
355779840 2 1016
355779916 2 1016
355779920 2 1016
355780056 2 1016
355780052 2 1016
355780072 2 1016
355780068 2 1016
355783768 2 1016
355783764 2 1016
355783780 2 1016
355783784 2 1016
355783792 2 1016
355783788 2 1016
355783844 2 1016
355783848 2 1016
355783964 2 1016
355783968 2 1016
355783988 2 1016
355783992 2 1016
355784036 2 1016
355784040 2 1016
355787832 2 1016
355787828 2 1016
355788228 2 1016
355788232 2 1016
355788332 2 1016
355788336 2 1016
355791996 2 1016
355792000 2 1016
355792316 2 1016
355792320 2 1016
355792396 2 1016
355792400 2 1016
355792428 2 1016
355792432 2 1016
355792484 2 1016
355792488 2 1016
355996772 32 960
355996776 32 960
356000936 2 960
356000932 2 960
356000944 2 960
356000940 2 960
356004936 2 960
356004932 2 960
356013128 2 960
356013124 2 960
356013312 2 960
356013308 2 960
356017208 2 960
356017204 2 960
356017372 32 960
356017376 32 960
356021284 32 960
356021288 32 960
356021344 2 960
356021340 2 960
356021372 32 960
356021376 32 960
356025348 32 960
356025352 32 960
356025552 2 960
356025548 2 960
356029524 32 960
356029528 32 960
356029608 2 960
356029604 2 960
356029632 2 960
356029628 2 960
356029652 32 960
356029656 32 960
356029744 2 960
356029740 2 960
356033652 2 1016
356033656 2 1016
356033660 2 1016
356033664 2 1016
356033864 2 1016
356033860 2 1016
356033884 2 1016
356033888 2 1016
356037748 2 1016
356037752 2 1016
356037776 2 1016
356037772 2 1016
356037896 2 1016
356037892 2 1016
356041860 2 1016
356041864 2 1016
356041896 2 1016
356041892 2 1016
356041996 2 1016
356042000 2 1016
356042016 2 1016
356042012 2 1016
356045956 2 1016
356045960 2 1016
356045960 2 1016
356045956 2 1016
356046056 2 1016
356046052 2 1016
356046104 2 1016
356046100 2 1016
356046108 2 1016
356046112 2 1016
356046168 2 1016
356046164 2 1016
356050036 2 1016
356050040 2 1016
356050092 2 1016
356050096 2 1016
356050112 2 1016
356050108 2 1016
356050372 2 1016
356050376 2 1016
356054132 2 1016
356054136 2 1016
356054148 2 1016
356054152 2 1016
356054200 2 1016
356054196 2 1016
356054328 2 1016
356054324 2 1016
356054532 2 1016
356054536 2 1016
356258828 32 960
356258832 32 960
356258884 32 960
356258888 32 960
356267184 2 960
356267180 2 960
356275420 32 960
356275424 32 960
356279444 32 960
356279448 32 960
356279516 32 960
356279520 32 960
356283560 2 960
356283556 2 960
356287548 32 960
356287552 32 960
356287572 32 960
356287576 32 960
356291788 32 960
356291792 32 960
356295716 2 1016
356295720 2 1016
356295788 2 1016
356295792 2 1016
356299944 2 1016
356299940 2 1016
356300052 2 1016
356300056 2 1016
356300104 2 1016
356300100 2 1016
356300112 2 1016
356300108 2 1016
356304068 2 1016
356304072 2 1016
356304212 2 1016
356304216 2 1016
356304376 2 1016
356304372 2 1016
356308076 2 1016
356308080 2 1016
356312084 2 1016
356312088 2 1016
356312388 2 1016
356312392 2 1016
356312508 2 1016
356312512 2 1016
356312672 2 1016
356312668 2 1016
356316184 2 1016
356316180 2 1016
356316400 2 1016
356316396 2 1016
356316432 2 1016
356316428 2 1016
356316700 2 1016
356316704 2 1016
356316800 2 1016
356316796 2 1016
346821636 32 960
346821640 32 960
346821704 2 960
346821700 2 960
346825780 32 960
346825784 32 960
346829864 2 960
346829860 2 960
346833928 2 960
346833924 2 960
346834000 2 960
346833996 2 960
346834048 2 960
346834044 2 960
346838024 2 960
346838020 2 960
346838188 32 960
346838192 32 960
346842200 2 960
346842196 2 960
346846380 32 960
346846384 32 960
346846452 32 960
346846456 32 960
346850412 32 960
346850416 32 960
346850432 2 960
346850428 2 960
346850488 2 960
346850484 2 960
346850584 2 960
346850580 2 960
346854624 2 960
346854620 2 960
346854628 32 960
346854632 32 960
346858608 2 1016
346858604 2 1016
346858684 2 1016
346858688 2 1016
346858708 2 1016
346858712 2 1016
346862600 2 1016
346862596 2 1016
346862652 2 1016
346862656 2 1016
346862680 2 1016
346862676 2 1016
346862932 2 1016
346862936 2 1016
346863020 2 1016
346863024 2 1016
346866776 2 1016
346866772 2 1016
346866784 2 1016
346866780 2 1016
346866948 2 1016
346866952 2 1016
346866976 2 1016
346866972 2 1016
346867020 2 1016
346867024 2 1016
346867120 2 1016
346867116 2 1016
346870848 2 1016
346870844 2 1016
346871164 2 1016
346871168 2 1016
346871308 2 1016
346871312 2 1016
346875144 2 1016
346875140 2 1016
346875196 2 1016
346875200 2 1016
346875272 2 1016
346875268 2 1016
346875308 2 1016
346875312 2 1016
346875320 2 1016
346875316 2 1016
346878984 2 1016
346878980 2 1016
346879112 2 1016
346879108 2 1016
346879192 2 1016
346879188 2 1016
346879240 2 1016
346879236 2 1016
346879300 2 1016
346879304 2 1016
346879484 2 1016
346879488 2 1016
347087880 2 960
347087876 2 960
347088048 2 960
347088044 2 960
347096076 32 960
347096080 32 960
347096128 2 960
347096124 2 960
347096196 32 960
347096200 32 960
347096272 2 960
347096268 2 960
347100220 32 960
347100224 32 960
347100292 32 960
347100296 32 960
347100320 2 960
347100316 2 960
347104296 2 960
347104292 2 960
347104332 32 960
347104336 32 960
347108452 32 960
347108456 32 960
347108528 2 960
347108524 2 960
347116588 32 960
347116592 32 960
347116624 2 960
347116620 2 960
347120872 2 1016
347120868 2 1016
347120892 2 1016
347120896 2 1016
347120976 2 1016
347120972 2 1016
347124748 2 1016
347124752 2 1016
347125052 2 1016
347125056 2 1016
347125108 2 1016
347125112 2 1016
347125116 2 1016
347125120 2 1016
347128848 2 1016
347128844 2 1016
347128856 2 1016
347128852 2 1016
347128948 2 1016
347128952 2 1016
347129020 2 1016
347129024 2 1016
347129152 2 1016
347129148 2 1016
347132940 2 1016
347132944 2 1016
347133112 2 1016
347133108 2 1016
347133208 2 1016
347133204 2 1016
347133248 2 1016
347133244 2 1016
347133276 2 1016
347133280 2 1016
347137172 2 1016
347137176 2 1016
347137220 2 1016
347137224 2 1016
347137372 2 1016
347137376 2 1016
347137396 2 1016
347137400 2 1016
347137548 2 1016
347137552 2 1016
347354124 32 960
347354128 32 960
347354228 32 960
347354232 32 960
347358432 2 960
347358428 2 960
347362320 2 960
347362316 2 960
347366444 32 960
347366448 32 960
347366500 32 960
347366504 32 960
347366556 32 960
347366560 32 960
347366648 2 960
347366644 2 960
347370548 32 960
347370552 32 960
347370648 2 960
347370644 2 960
347374624 2 960
347374620 2 960
347374636 32 960
347374640 32 960
347374772 32 960
347374776 32 960
347374800 2 960
347374796 2 960
347378756 32 960
347378760 32 960
347378872 2 960
347378868 2 960
347382868 2 1016
347382872 2 1016
347382916 2 1016
347382920 2 1016
347382956 2 1016
347382960 2 1016
347383040 2 1016
347383036 2 1016
347383108 2 1016
347383112 2 1016
347387060 2 1016
347387064 2 1016
347387272 2 1016
347387268 2 1016
347391188 2 1016
347391192 2 1016
347391264 2 1016
347391260 2 1016
347391360 2 1016
347391356 2 1016
347391404 2 1016
347391408 2 1016
347391448 2 1016
347391444 2 1016
347395260 2 1016
347395264 2 1016
347395300 2 1016
347395304 2 1016
347399388 2 1016
347399392 2 1016
347399480 2 1016
347399476 2 1016
347399496 2 1016
347399492 2 1016
347399516 2 1016
347399520 2 1016
347399768 2 1016
347399764 2 1016
347403352 2 1016
347403348 2 1016
347403456 2 1016
347403452 2 1016
347403620 2 1016
347403624 2 1016
347403640 2 1016
347403636 2 1016
347403716 2 1016
347403720 2 1016
347403868 2 1016
347403872 2 1016
347612300 32 960
347612304 32 960
347616276 32 960
347616280 32 960
347620388 32 960
347620392 32 960
347628580 32 960
347628584 32 960
347632728 2 960
347632724 2 960
347632924 32 960
347632928 32 960
347636932 32 960
347636936 32 960
347640848 2 960
347640844 2 960
347640948 32 960
347640952 32 960
347640996 32 960
347641000 32 960
347641048 2 960
347641044 2 960
347645132 2 1016
347645136 2 1016
347645180 2 1016
347645184 2 1016
347649096 2 1016
347649092 2 1016
347649140 2 1016
347649144 2 1016
347649144 2 1016
347649140 2 1016
347649212 2 1016
347649216 2 1016
347649472 2 1016
347649468 2 1016
347653208 2 1016
347653204 2 1016
347653624 2 1016
347653620 2 1016
347657356 2 1016
347657360 2 1016
347657384 2 1016
347657380 2 1016
347657472 2 1016
347657468 2 1016
347661440 2 1016
347661436 2 1016
347661800 2 1016
347661796 2 1016
347665512 2 1016
347665508 2 1016
347870292 32 960
347870296 32 960
347870308 32 960
347870312 32 960
347874312 2 960
347874308 2 960
347874476 32 960
347874480 32 960
347878596 32 960
347878600 32 960
347886668 32 960
347886672 32 960
347886720 2 960
347886716 2 960
347890820 32 960
347890824 32 960
347898972 32 960
347898976 32 960
347902996 32 960
347903000 32 960
347903084 32 960
347903088 32 960
347903136 2 960
347903132 2 960
347907180 2 1016
347907184 2 1016
347907404 2 1016
347907408 2 1016
347907428 2 1016
347907432 2 1016
347911184 2 1016
347911180 2 1016
347911404 2 1016
347911408 2 1016
347911408 2 1016
347911404 2 1016
347911452 2 1016
347911456 2 1016
347911596 2 1016
347911600 2 1016
347915548 2 1016
347915552 2 1016
347915628 2 1016
347915632 2 1016
347919368 2 1016
347919364 2 1016
347919384 2 1016
347919380 2 1016
347919564 2 1016
347919568 2 1016
347919748 2 1016
347919752 2 1016
347919852 2 1016
347919856 2 1016
347919856 2 1016
347919852 2 1016
347923844 2 1016
347923848 2 1016
347923960 2 1016
347923956 2 1016
347927580 2 1016
347927584 2 1016
347927640 2 1016
347927636 2 1016
347927724 2 1016
347927728 2 1016
347927960 2 1016
347927956 2 1016
