[quark]
{2 JetPt Rho 1 x TMath::Exp(-1.*x*[0]/[1])*TMath::Power(x,[0]-1)*TMath::Power([1]/[0],-1.*[0])/TMath::Gamma([0]) Correction QGL_axis2_QC_F_quark}
20 22 0 1 4 0 100 26.615 49.126
20 22 1 2 4 0 100 17.382 39.100
20 22 2 3 4 0 100 29.557 2.989
20 22 3 4 4 0 100 57.679 2.712
20 22 4 5 4 0 100 44.419 2.725
20 22 5 6 4 0 100 44.499 2.728
20 22 6 7 4 0 100 32.840 2.708
20 22 7 8 4 0 100 35.757 2.694
20 22 8 9 4 0 100 35.944 2.624
20 22 9 10 4 0 100 35.656 2.639
20 22 10 11 4 0 100 37.504 2.593
20 22 11 12 4 0 100 38.854 2.510
20 22 12 13 4 0 100 37.892 2.545
20 22 13 14 4 0 100 39.306 2.529
20 22 14 15 4 0 100 40.559 2.486
20 22 15 16 4 0 100 40.798 2.479
20 22 16 17 4 0 100 43.179 2.458
20 22 17 18 4 0 100 41.273 2.418
20 22 18 19 4 0 100 45.666 2.448
20 22 19 20 4 0 100 47.879 2.382
20 22 20 21 4 0 100 51.643 2.378
20 22 21 22 4 0 100 52.797 2.340
20 22 22 23 4 0 100 60.876 2.388
20 22 23 24 4 0 100 56.513 2.299
20 22 24 25 4 0 100 96.266 2.370
20 22 25 26 4 0 100 100.000 2.253
20 22 26 27 4 0 100 91.790 2.318
20 22 27 28 4 0 100 100.000 2.170
20 22 28 29 4 0 100 100.000 2.253
20 22 29 30 4 0 100 100.000 2.228
20 22 30 31 4 0 100 100.000 2.004
20 22 31 32 4 0 100 9.312 94.201
20 22 32 33 4 0 100 99.777 90.897
20 22 33 34 4 0 100 13.423 91.542
20 22 34 35 4 0 100 8.588 99.770
20 22 35 36 4 0 100 83.048 51.025
20 22 36 37 4 0 100 34.917 90.946
20 22 37 38 4 0 100 32.867 66.663
20 22 38 39 4 0 100 87.294 99.481
20 22 39 40 4 0 100 46.465 99.979
20 22 40 41 4 0 100 99.086 65.163
20 22 43 100 4 0 100 79.902 20.197
22 25 0 1 4 0 100 89.302 18.459
22 25 1 2 4 0 100 100.000 3.171
22 25 2 3 4 0 100 55.947 2.701
22 25 3 4 4 0 100 48.675 2.891
22 25 4 5 4 0 100 36.329 2.802
22 25 5 6 4 0 100 33.741 2.792
22 25 6 7 4 0 100 34.033 2.760
22 25 7 8 4 0 100 35.240 2.739
22 25 8 9 4 0 100 34.824 2.733
22 25 9 10 4 0 100 34.268 2.680
22 25 10 11 4 0 100 35.149 2.671
22 25 11 12 4 0 100 33.939 2.634
22 25 12 13 4 0 100 36.434 2.614
22 25 13 14 4 0 100 37.932 2.584
22 25 14 15 4 0 100 37.321 2.555
22 25 15 16 4 0 100 37.588 2.538
22 25 16 17 4 0 100 38.612 2.506
22 25 17 18 4 0 100 36.938 2.505
22 25 18 19 4 0 100 41.614 2.504
22 25 19 20 4 0 100 42.092 2.441
22 25 20 21 4 0 100 44.298 2.440
22 25 21 22 4 0 100 44.514 2.434
22 25 22 23 4 0 100 36.934 2.432
22 25 23 24 4 0 100 47.436 2.417
22 25 24 25 4 0 100 52.301 2.386
22 25 25 26 4 0 100 79.474 2.415
22 25 26 27 4 0 100 90.270 2.363
22 25 27 28 4 0 100 70.800 2.218
22 25 28 29 4 0 100 62.007 2.355
22 25 29 30 4 0 100 100.000 2.329
22 25 30 31 4 0 100 100.000 2.282
22 25 31 32 4 0 100 100.000 2.081
22 25 32 33 4 0 100 100.000 1.955
22 25 33 34 4 0 100 10.110 95.396
22 25 34 35 4 0 100 100.000 2.361
22 25 35 36 4 0 100 96.987 47.274
22 25 36 37 4 0 100 20.715 49.481
22 25 37 38 4 0 100 99.630 35.074
22 25 38 39 4 0 100 98.023 93.714
22 25 39 40 4 0 100 28.089 43.907
22 25 40 41 4 0 100 99.344 85.223
22 25 41 42 4 0 100 79.732 26.451
22 25 42 43 4 0 100 63.031 50.165
22 25 43 44 4 0 100 61.691 79.250
22 25 44 100 4 0 100 69.294 42.030
25 27 0 1 4 0 100 98.634 22.393
25 27 1 2 4 0 100 95.539 38.788
25 27 2 3 4 0 100 96.065 2.828
25 27 3 4 4 0 100 72.091 2.874
25 27 4 5 4 0 100 69.009 2.883
25 27 5 6 4 0 100 37.544 2.839
25 27 6 7 4 0 100 32.565 2.856
25 27 7 8 4 0 100 34.912 2.790
25 27 8 9 4 0 100 35.566 2.778
25 27 9 10 4 0 100 39.519 2.721
25 27 10 11 4 0 100 37.792 2.700
25 27 11 12 4 0 100 37.084 2.701
25 27 12 13 4 0 100 39.741 2.648
25 27 13 14 4 0 100 38.198 2.637
25 27 14 15 4 0 100 42.060 2.630
25 27 15 16 4 0 100 38.421 2.599
25 27 16 17 4 0 100 43.958 2.546
25 27 17 18 4 0 100 37.891 2.584
25 27 18 19 4 0 100 45.620 2.524
25 27 19 20 4 0 100 42.849 2.508
25 27 20 21 4 0 100 45.166 2.535
25 27 21 22 4 0 100 49.154 2.457
25 27 22 23 4 0 100 54.052 2.502
25 27 23 24 4 0 100 53.222 2.412
25 27 24 25 4 0 100 64.061 2.401
25 27 25 26 4 0 100 51.744 2.363
25 27 26 27 4 0 100 100.000 2.326
25 27 27 28 4 0 100 60.141 2.464
25 27 28 29 4 0 100 82.064 2.430
25 27 29 30 4 0 100 100.000 2.453
25 27 30 31 4 0 100 100.000 2.187
25 27 31 32 4 0 100 100.000 2.103
25 27 32 33 4 0 100 100.000 2.260
25 27 33 34 4 0 100 100.000 2.551
25 27 34 35 4 0 100 36.146 53.968
25 27 35 36 4 0 100 45.870 71.069
25 27 36 37 4 0 100 76.074 48.040
25 27 37 38 4 0 100 100.000 2.395
25 27 38 39 4 0 100 45.049 75.671
25 27 39 40 4 0 100 92.597 64.558
25 27 40 41 4 0 100 70.813 79.555
25 27 41 42 4 0 100 98.971 40.222
25 27 42 43 4 0 100 81.599 76.903
25 27 43 100 4 0 100 25.066 96.290
27 29 0 1 4 0 100 9.936 89.786
27 29 1 2 4 0 100 11.932 45.990
27 29 2 3 4 0 100 100.000 3.171
27 29 3 4 4 0 100 62.659 3.036
27 29 4 5 4 0 100 36.967 2.917
27 29 5 6 4 0 100 37.305 2.859
27 29 6 7 4 0 100 32.237 2.869
27 29 7 8 4 0 100 35.865 2.814
27 29 8 9 4 0 100 33.656 2.804
27 29 9 10 4 0 100 33.572 2.824
27 29 10 11 4 0 100 33.144 2.762
27 29 11 12 4 0 100 34.279 2.730
27 29 12 13 4 0 100 34.202 2.713
27 29 13 14 4 0 100 37.552 2.673
27 29 14 15 4 0 100 38.913 2.637
27 29 15 16 4 0 100 35.775 2.661
27 29 16 17 4 0 100 35.905 2.617
27 29 17 18 4 0 100 41.134 2.616
27 29 18 19 4 0 100 39.414 2.592
27 29 19 20 4 0 100 43.772 2.570
27 29 20 21 4 0 100 42.505 2.517
27 29 21 22 4 0 100 50.948 2.522
27 29 22 23 4 0 100 43.258 2.529
27 29 23 24 4 0 100 41.791 2.514
27 29 24 25 4 0 100 53.820 2.511
27 29 25 26 4 0 100 75.998 2.478
27 29 26 27 4 0 100 68.830 2.419
27 29 27 28 4 0 100 65.805 2.417
27 29 28 29 4 0 100 71.554 2.491
27 29 29 30 4 0 100 85.954 2.342
27 29 30 31 4 0 100 100.000 2.394
27 29 31 32 4 0 100 100.000 2.535
27 29 32 33 4 0 100 99.735 27.569
27 29 33 34 4 0 100 100.000 2.477
27 29 34 35 4 0 100 47.935 50.005
27 29 35 36 4 0 100 38.880 49.296
27 29 36 37 4 0 100 100.000 2.170
27 29 37 38 4 0 100 9.501 99.997
27 29 38 39 4 0 100 45.477 76.474
27 29 39 40 4 0 100 93.200 99.570
27 29 40 41 4 0 100 68.247 69.740
27 29 41 42 4 0 100 96.517 51.557
27 29 43 44 4 0 100 52.405 61.041
27 29 44 100 4 0 100 94.966 74.929
29 32 0 1 4 0 100 10.221 99.997
29 32 1 2 4 0 100 100.000 2.574
29 32 2 3 4 0 100 88.032 2.914
29 32 3 4 4 0 100 51.761 2.941
29 32 4 5 4 0 100 37.303 2.926
29 32 5 6 4 0 100 31.719 2.979
29 32 6 7 4 0 100 33.992 2.890
29 32 7 8 4 0 100 34.577 2.875
29 32 8 9 4 0 100 33.564 2.850
29 32 9 10 4 0 100 35.729 2.815
29 32 10 11 4 0 100 35.626 2.814
29 32 11 12 4 0 100 34.564 2.788
29 32 12 13 4 0 100 35.348 2.774
29 32 13 14 4 0 100 34.963 2.713
29 32 14 15 4 0 100 37.625 2.719
29 32 15 16 4 0 100 40.187 2.691
29 32 16 17 4 0 100 37.638 2.694
29 32 17 18 4 0 100 38.094 2.664
29 32 18 19 4 0 100 38.702 2.653
29 32 19 20 4 0 100 39.892 2.621
29 32 20 21 4 0 100 37.257 2.611
29 32 21 22 4 0 100 39.770 2.579
29 32 22 23 4 0 100 46.347 2.556
29 32 23 24 4 0 100 48.036 2.561
29 32 24 25 4 0 100 46.687 2.495
29 32 25 26 4 0 100 45.817 2.523
29 32 26 27 4 0 100 49.117 2.547
29 32 27 28 4 0 100 87.555 2.399
29 32 28 29 4 0 100 85.869 2.374
29 32 29 30 4 0 100 73.755 2.468
29 32 30 31 4 0 100 100.000 2.442
29 32 31 32 4 0 100 94.675 2.486
29 32 32 33 4 0 100 100.000 2.440
29 32 33 34 4 0 100 100.000 2.580
29 32 34 35 4 0 100 100.000 2.429
29 32 35 36 4 0 100 100.000 2.338
29 32 36 37 4 0 100 100.000 2.300
29 32 37 38 4 0 100 9.489 99.940
29 32 38 39 4 0 100 35.390 47.670
29 32 39 40 4 0 100 75.330 86.747
29 32 40 41 4 0 100 43.647 69.018
29 32 41 42 4 0 100 13.921 96.376
29 32 42 43 4 0 100 20.767 97.230
29 32 43 44 4 0 100 24.930 99.647
29 32 44 100 4 0 100 47.960 71.101
32 35 0 1 4 0 100 38.373 80.975
32 35 1 2 4 0 100 4.743 99.998
32 35 2 3 4 0 100 48.560 3.061
32 35 3 4 4 0 100 42.670 3.051
32 35 4 5 4 0 100 34.649 3.067
32 35 5 6 4 0 100 35.180 3.037
32 35 6 7 4 0 100 33.344 2.972
32 35 7 8 4 0 100 32.895 2.921
32 35 8 9 4 0 100 34.016 2.915
32 35 9 10 4 0 100 32.221 2.909
32 35 10 11 4 0 100 35.198 2.890
32 35 11 12 4 0 100 34.001 2.825
32 35 12 13 4 0 100 33.439 2.808
32 35 13 14 4 0 100 36.385 2.773
32 35 14 15 4 0 100 35.645 2.788
32 35 15 16 4 0 100 36.370 2.763
32 35 16 17 4 0 100 37.475 2.724
32 35 17 18 4 0 100 38.083 2.685
32 35 18 19 4 0 100 41.699 2.702
32 35 19 20 4 0 100 37.161 2.692
32 35 20 21 4 0 100 39.538 2.708
32 35 21 22 4 0 100 43.543 2.594
32 35 22 23 4 0 100 40.094 2.620
32 35 23 24 4 0 100 37.470 2.622
32 35 24 25 4 0 100 42.993 2.599
32 35 25 26 4 0 100 44.617 2.596
32 35 26 27 4 0 100 50.044 2.561
32 35 27 28 4 0 100 57.351 2.580
32 35 28 29 4 0 100 49.149 2.560
32 35 29 30 4 0 100 64.243 2.467
32 35 30 31 4 0 100 99.507 2.473
32 35 31 32 4 0 100 100.000 2.408
32 35 32 33 4 0 100 81.099 2.569
32 35 33 34 4 0 100 100.000 2.470
32 35 34 35 4 0 100 100.000 2.351
32 35 35 36 4 0 100 100.000 2.236
32 35 36 37 4 0 100 6.402 100.000
32 35 37 38 4 0 100 100.000 2.312
32 35 38 39 4 0 100 100.000 2.436
32 35 39 40 4 0 100 15.447 83.021
32 35 40 41 4 0 100 89.781 63.296
32 35 41 42 4 0 100 98.219 29.921
32 35 42 43 4 0 100 26.838 91.751
32 35 43 44 4 0 100 13.517 96.193
32 35 44 100 4 0 100 42.121 98.619
35 39 0 1 4 0 100 14.393 76.596
35 39 1 2 4 0 100 33.437 3.026
35 39 2 3 4 0 100 45.248 3.099
35 39 3 4 4 0 100 36.053 3.187
35 39 4 5 4 0 100 38.309 3.035
35 39 5 6 4 0 100 34.454 3.082
35 39 6 7 4 0 100 32.564 3.027
35 39 7 8 4 0 100 32.759 2.991
35 39 8 9 4 0 100 34.146 2.987
35 39 9 10 4 0 100 31.601 2.963
35 39 10 11 4 0 100 34.963 2.918
35 39 11 12 4 0 100 34.474 2.884
35 39 12 13 4 0 100 34.291 2.899
35 39 13 14 4 0 100 35.544 2.846
35 39 14 15 4 0 100 34.230 2.832
35 39 15 16 4 0 100 35.066 2.818
35 39 16 17 4 0 100 34.832 2.809
35 39 17 18 4 0 100 37.957 2.771
35 39 18 19 4 0 100 38.891 2.765
35 39 19 20 4 0 100 35.008 2.765
35 39 20 21 4 0 100 37.311 2.736
35 39 21 22 4 0 100 42.581 2.725
35 39 22 23 4 0 100 39.483 2.723
35 39 23 24 4 0 100 42.442 2.686
35 39 24 25 4 0 100 43.700 2.716
35 39 25 26 4 0 100 39.860 2.703
35 39 26 27 4 0 100 49.617 2.681
35 39 27 28 4 0 100 49.009 2.622
35 39 28 29 4 0 100 56.442 2.663
35 39 29 30 4 0 100 58.257 2.665
35 39 30 31 4 0 100 66.625 2.557
35 39 31 32 4 0 100 68.113 2.446
35 39 32 33 4 0 100 91.895 2.398
35 39 33 34 4 0 100 74.306 2.580
35 39 34 35 4 0 100 100.000 2.446
35 39 35 36 4 0 100 100.000 2.630
35 39 36 37 4 0 100 100.000 2.539
35 39 37 38 4 0 100 18.108 2.806
35 39 38 39 4 0 100 7.136 98.719
35 39 39 40 4 0 100 100.000 2.621
35 39 40 41 4 0 100 100.000 2.389
35 39 41 42 4 0 100 13.311 92.185
35 39 42 43 4 0 100 11.165 91.310
35 39 43 44 4 0 100 25.021 47.566
35 39 44 100 4 0 100 15.646 81.554
39 42 0 1 4 0 100 14.028 78.610
39 42 1 2 4 0 100 19.551 3.210
39 42 2 3 4 0 100 53.881 3.117
39 42 3 4 4 0 100 44.534 3.152
39 42 4 5 4 0 100 42.814 3.197
39 42 5 6 4 0 100 37.490 3.077
39 42 6 7 4 0 100 35.416 3.112
39 42 7 8 4 0 100 34.948 3.033
39 42 8 9 4 0 100 36.086 3.052
39 42 9 10 4 0 100 32.105 3.023
39 42 10 11 4 0 100 35.970 2.966
39 42 11 12 4 0 100 32.890 2.974
39 42 12 13 4 0 100 33.544 2.967
39 42 13 14 4 0 100 37.015 2.903
39 42 14 15 4 0 100 33.757 2.896
39 42 15 16 4 0 100 35.252 2.882
39 42 16 17 4 0 100 36.896 2.878
39 42 17 18 4 0 100 34.548 2.854
39 42 18 19 4 0 100 36.521 2.835
39 42 19 20 4 0 100 39.592 2.835
39 42 20 21 4 0 100 38.989 2.793
39 42 21 22 4 0 100 42.628 2.783
39 42 22 23 4 0 100 40.387 2.723
39 42 23 24 4 0 100 39.145 2.797
39 42 24 25 4 0 100 43.454 2.714
39 42 25 26 4 0 100 53.023 2.709
39 42 26 27 4 0 100 54.551 2.692
39 42 27 28 4 0 100 84.924 2.561
39 42 28 29 4 0 100 65.398 2.654
39 42 29 30 4 0 100 52.131 2.759
39 42 30 31 4 0 100 100.000 2.675
39 42 31 32 4 0 100 72.150 2.645
39 42 32 33 4 0 100 100.000 2.576
39 42 33 34 4 0 100 100.000 2.698
39 42 34 35 4 0 100 100.000 2.671
39 42 35 36 4 0 100 100.000 2.439
39 42 36 37 4 0 100 93.780 67.207
39 42 37 38 4 0 100 24.904 48.091
39 42 38 39 4 0 100 100.000 2.813
39 42 39 40 4 0 100 67.144 97.229
39 42 40 41 4 0 100 98.934 88.951
39 42 41 42 4 0 100 10.040 92.022
39 42 42 43 4 0 100 71.760 99.986
39 42 43 100 4 0 100 80.873 61.487
42 46 1 2 4 0 100 100.000 3.447
42 46 2 3 4 0 100 87.544 3.064
42 46 3 4 4 0 100 45.335 3.378
42 46 4 5 4 0 100 39.822 3.255
42 46 5 6 4 0 100 31.900 3.163
42 46 6 7 4 0 100 33.966 3.173
42 46 7 8 4 0 100 32.099 3.114
42 46 8 9 4 0 100 34.741 3.090
42 46 9 10 4 0 100 33.132 3.070
42 46 10 11 4 0 100 34.456 3.037
42 46 11 12 4 0 100 32.382 3.014
42 46 12 13 4 0 100 35.179 2.990
42 46 13 14 4 0 100 34.356 2.967
42 46 14 15 4 0 100 34.565 2.964
42 46 15 16 4 0 100 37.195 2.923
42 46 16 17 4 0 100 33.375 2.898
42 46 17 18 4 0 100 35.896 2.917
42 46 18 19 4 0 100 37.314 2.880
42 46 19 20 4 0 100 36.947 2.896
42 46 20 21 4 0 100 37.130 2.853
42 46 21 22 4 0 100 40.400 2.833
42 46 22 23 4 0 100 36.829 2.824
42 46 23 24 4 0 100 42.096 2.823
42 46 24 25 4 0 100 49.411 2.790
42 46 25 26 4 0 100 45.535 2.724
42 46 26 27 4 0 100 47.224 2.750
42 46 27 28 4 0 100 45.860 2.780
42 46 28 29 4 0 100 56.288 2.746
42 46 29 30 4 0 100 63.142 2.645
42 46 30 31 4 0 100 92.678 2.588
42 46 31 32 4 0 100 89.378 2.637
42 46 32 33 4 0 100 74.708 2.717
42 46 33 34 4 0 100 100.000 2.566
42 46 34 35 4 0 100 100.000 2.641
42 46 35 36 4 0 100 100.000 3.095
42 46 36 37 4 0 100 27.087 46.818
42 46 37 38 4 0 100 33.453 2.786
42 46 38 39 4 0 100 100.000 2.523
42 46 39 40 4 0 100 99.386 47.216
42 46 40 41 4 0 100 25.053 45.190
42 46 41 42 4 0 100 35.780 89.911
42 46 42 43 4 0 100 63.146 85.920
42 46 43 44 4 0 100 12.663 80.846
42 46 44 100 4 0 100 89.039 71.896
46 51 0 1 4 0 100 82.435 53.831
46 51 1 2 4 0 100 11.864 50.758
46 51 2 3 4 0 100 88.893 3.293
46 51 3 4 4 0 100 44.797 3.252
46 51 4 5 4 0 100 37.417 3.268
46 51 5 6 4 0 100 29.034 3.275
46 51 6 7 4 0 100 33.944 3.248
46 51 7 8 4 0 100 32.509 3.192
46 51 8 9 4 0 100 33.081 3.119
46 51 9 10 4 0 100 33.503 3.111
46 51 10 11 4 0 100 33.016 3.114
46 51 11 12 4 0 100 34.511 3.099
46 51 12 13 4 0 100 34.049 3.068
46 51 13 14 4 0 100 34.069 3.039
46 51 14 15 4 0 100 33.280 3.032
46 51 15 16 4 0 100 32.861 2.998
46 51 16 17 4 0 100 34.967 2.991
46 51 17 18 4 0 100 36.886 2.975
46 51 18 19 4 0 100 34.638 2.944
46 51 19 20 4 0 100 35.903 2.966
46 51 20 21 4 0 100 36.708 2.926
46 51 21 22 4 0 100 36.800 2.918
46 51 22 23 4 0 100 42.585 2.882
46 51 23 24 4 0 100 39.654 2.896
46 51 24 25 4 0 100 49.802 2.863
46 51 25 26 4 0 100 37.369 2.883
46 51 26 27 4 0 100 50.091 2.814
46 51 27 28 4 0 100 47.955 2.809
46 51 28 29 4 0 100 49.209 2.742
46 51 29 30 4 0 100 47.922 2.807
46 51 30 31 4 0 100 55.119 2.759
46 51 31 32 4 0 100 52.631 2.726
46 51 32 33 4 0 100 95.656 2.684
46 51 33 34 4 0 100 91.966 2.638
46 51 34 35 4 0 100 100.000 2.836
46 51 35 36 4 0 100 100.000 2.656
46 51 36 37 4 0 100 100.000 2.869
46 51 37 38 4 0 100 100.000 2.561
46 51 38 39 4 0 100 8.668 99.979
46 51 39 40 4 0 100 12.432 69.550
46 51 40 41 4 0 100 8.223 99.471
46 51 41 42 4 0 100 16.281 62.449
46 51 42 43 4 0 100 20.739 50.697
46 51 43 44 4 0 100 96.056 64.769
46 51 44 100 4 0 100 13.685 99.612
51 56 0 1 4 0 100 11.424 75.544
51 56 1 2 4 0 100 100.000 3.063
51 56 2 3 4 0 100 47.150 3.384
51 56 3 4 4 0 100 42.283 3.422
51 56 4 5 4 0 100 38.447 3.338
51 56 5 6 4 0 100 38.453 3.263
51 56 6 7 4 0 100 31.227 3.304
51 56 7 8 4 0 100 33.735 3.249
51 56 8 9 4 0 100 34.050 3.223
51 56 9 10 4 0 100 32.708 3.198
51 56 10 11 4 0 100 30.838 3.204
51 56 11 12 4 0 100 33.464 3.152
51 56 12 13 4 0 100 32.021 3.147
51 56 13 14 4 0 100 34.444 3.105
51 56 14 15 4 0 100 34.111 3.085
51 56 15 16 4 0 100 34.403 3.064
51 56 16 17 4 0 100 38.204 3.058
51 56 17 18 4 0 100 34.383 3.022
51 56 18 19 4 0 100 36.248 3.034
51 56 19 20 4 0 100 37.504 3.002
51 56 20 21 4 0 100 35.548 2.983
51 56 21 22 4 0 100 36.796 2.995
51 56 22 23 4 0 100 35.499 2.931
51 56 23 24 4 0 100 41.246 2.893
51 56 24 25 4 0 100 40.656 2.928
51 56 25 26 4 0 100 40.542 2.925
51 56 26 27 4 0 100 46.379 2.905
51 56 27 28 4 0 100 50.535 2.898
51 56 28 29 4 0 100 49.314 2.845
51 56 29 30 4 0 100 60.194 2.855
51 56 30 31 4 0 100 64.815 2.770
51 56 31 32 4 0 100 80.375 2.889
51 56 32 33 4 0 100 76.683 2.873
51 56 33 34 4 0 100 100.000 3.015
51 56 34 35 4 0 100 100.000 2.665
51 56 35 36 4 0 100 100.000 2.715
51 56 36 37 4 0 100 100.000 2.675
51 56 37 38 4 0 100 78.912 34.014
51 56 38 39 4 0 100 100.000 2.852
51 56 39 40 4 0 100 6.996 99.796
51 56 40 41 4 0 100 13.232 89.714
51 56 42 43 4 0 100 23.885 81.889
51 56 43 44 4 0 100 10.340 91.955
51 56 44 100 4 0 100 60.758 56.404
56 61 0 1 4 0 100 9.210 86.186
56 61 1 2 4 0 100 13.042 55.209
56 61 2 3 4 0 100 100.000 2.952
56 61 3 4 4 0 100 43.412 3.475
56 61 4 5 4 0 100 34.140 3.406
56 61 5 6 4 0 100 33.709 3.364
56 61 6 7 4 0 100 30.901 3.354
56 61 7 8 4 0 100 35.020 3.313
56 61 8 9 4 0 100 30.656 3.288
56 61 9 10 4 0 100 31.758 3.248
56 61 10 11 4 0 100 33.870 3.241
56 61 11 12 4 0 100 34.604 3.217
56 61 12 13 4 0 100 34.002 3.188
56 61 13 14 4 0 100 33.537 3.189
56 61 14 15 4 0 100 33.860 3.160
56 61 15 16 4 0 100 34.021 3.149
56 61 16 17 4 0 100 35.131 3.081
56 61 17 18 4 0 100 36.201 3.126
56 61 18 19 4 0 100 35.653 3.102
56 61 19 20 4 0 100 37.547 3.049
56 61 20 21 4 0 100 37.131 3.066
56 61 21 22 4 0 100 38.170 3.033
56 61 22 23 4 0 100 40.733 3.007
56 61 23 24 4 0 100 43.054 2.999
56 61 24 25 4 0 100 40.335 2.934
56 61 25 26 4 0 100 43.601 2.962
56 61 26 27 4 0 100 45.317 2.973
56 61 27 28 4 0 100 93.716 2.931
56 61 28 29 4 0 100 54.020 2.955
56 61 29 30 4 0 100 56.423 2.864
56 61 30 31 4 0 100 62.754 2.863
56 61 31 32 4 0 100 53.109 2.933
56 61 32 33 4 0 100 100.000 2.727
56 61 33 34 4 0 100 94.842 2.910
56 61 34 35 4 0 100 100.000 2.892
56 61 35 36 4 0 100 23.955 2.857
56 61 36 37 4 0 100 100.000 2.900
56 61 37 38 4 0 100 75.885 91.453
56 61 38 39 4 0 100 87.268 99.223
56 61 39 40 4 0 100 6.788 98.200
56 61 41 42 4 0 100 12.786 89.990
56 61 43 44 4 0 100 11.711 91.221
56 61 44 100 4 0 100 32.224 80.971
61 67 0 1 4 0 100 12.086 91.539
61 67 1 2 4 0 100 100.000 3.462
61 67 2 3 4 0 100 69.446 3.503
61 67 3 4 4 0 100 45.625 3.411
61 67 4 5 4 0 100 37.519 3.381
61 67 5 6 4 0 100 32.638 3.449
61 67 6 7 4 0 100 31.075 3.369
61 67 7 8 4 0 100 32.710 3.364
61 67 8 9 4 0 100 31.202 3.334
61 67 9 10 4 0 100 33.131 3.330
61 67 10 11 4 0 100 33.083 3.313
61 67 11 12 4 0 100 31.187 3.269
61 67 12 13 4 0 100 31.564 3.267
61 67 13 14 4 0 100 32.894 3.225
61 67 14 15 4 0 100 34.543 3.206
61 67 15 16 4 0 100 34.123 3.203
61 67 16 17 4 0 100 34.587 3.165
61 67 17 18 4 0 100 33.521 3.143
61 67 18 19 4 0 100 36.942 3.159
61 67 19 20 4 0 100 41.353 3.110
61 67 20 21 4 0 100 37.767 3.086
61 67 21 22 4 0 100 38.857 3.055
61 67 22 23 4 0 100 40.797 3.075
61 67 23 24 4 0 100 44.702 3.052
61 67 24 25 4 0 100 45.358 3.072
61 67 25 26 4 0 100 45.837 3.051
61 67 26 27 4 0 100 40.876 2.934
61 67 27 28 4 0 100 78.407 2.840
61 67 28 29 4 0 100 45.492 2.978
61 67 29 30 4 0 100 50.204 2.982
61 67 30 31 4 0 100 100.000 2.966
61 67 31 32 4 0 100 85.537 3.089
61 67 32 33 4 0 100 92.041 2.953
61 67 33 34 4 0 100 100.000 2.858
61 67 34 35 4 0 100 100.000 3.223
61 67 35 36 4 0 100 100.000 3.125
61 67 36 37 4 0 100 100.000 2.790
61 67 37 38 4 0 100 100.000 2.948
61 67 38 39 4 0 100 100.000 2.950
61 67 39 40 4 0 100 91.719 52.148
61 67 40 41 4 0 100 84.011 49.827
61 67 41 42 4 0 100 95.862 18.018
61 67 42 43 4 0 100 91.100 49.576
61 67 43 100 4 0 100 13.137 73.637
67 73 1 2 4 0 100 99.745 59.201
67 73 2 3 4 0 100 100.000 3.330
67 73 3 4 4 0 100 40.219 3.369
67 73 4 5 4 0 100 41.329 3.564
67 73 5 6 4 0 100 36.987 3.525
67 73 6 7 4 0 100 34.025 3.470
67 73 7 8 4 0 100 31.688 3.428
67 73 8 9 4 0 100 30.948 3.365
67 73 9 10 4 0 100 31.242 3.415
67 73 10 11 4 0 100 32.837 3.298
67 73 11 12 4 0 100 32.718 3.336
67 73 12 13 4 0 100 32.619 3.286
67 73 13 14 4 0 100 34.589 3.296
67 73 14 15 4 0 100 34.418 3.279
67 73 15 16 4 0 100 34.545 3.291
67 73 16 17 4 0 100 35.316 3.221
67 73 17 18 4 0 100 33.628 3.238
67 73 18 19 4 0 100 35.388 3.218
67 73 19 20 4 0 100 39.730 3.218
67 73 20 21 4 0 100 37.284 3.171
67 73 21 22 4 0 100 39.065 3.084
67 73 22 23 4 0 100 41.498 3.149
67 73 23 24 4 0 100 37.461 3.126
67 73 24 25 4 0 100 40.662 3.124
67 73 25 26 4 0 100 43.189 3.075
67 73 26 27 4 0 100 53.318 3.153
67 73 27 28 4 0 100 52.155 3.058
67 73 28 29 4 0 100 58.592 2.958
67 73 29 30 4 0 100 56.359 3.064
67 73 30 31 4 0 100 65.482 2.959
67 73 31 32 4 0 100 100.000 3.055
67 73 32 33 4 0 100 100.000 2.872
67 73 33 34 4 0 100 100.000 3.114
67 73 34 35 4 0 100 10.941 56.896
67 73 35 36 4 0 100 10.293 58.526
67 73 36 37 4 0 100 100.000 3.074
67 73 37 38 4 0 100 7.349 98.685
67 73 38 39 4 0 100 6.001 100.000
67 73 39 40 4 0 100 100.000 3.237
67 73 40 41 4 0 100 8.482 99.999
67 73 41 42 4 0 100 68.216 42.390
67 73 42 43 4 0 100 12.478 74.309
67 73 43 100 4 0 100 9.816 97.401
73 81 0 1 4 0 100 10.937 99.386
73 81 1 2 4 0 100 100.000 3.322
73 81 2 3 4 0 100 100.000 3.204
73 81 3 4 4 0 100 43.225 3.530
73 81 4 5 4 0 100 35.134 3.459
73 81 5 6 4 0 100 35.216 3.495
73 81 6 7 4 0 100 31.492 3.477
73 81 7 8 4 0 100 31.218 3.506
73 81 8 9 4 0 100 32.450 3.452
73 81 9 10 4 0 100 30.234 3.440
73 81 10 11 4 0 100 32.893 3.392
73 81 11 12 4 0 100 32.741 3.404
73 81 12 13 4 0 100 33.050 3.399
73 81 13 14 4 0 100 33.047 3.353
73 81 14 15 4 0 100 35.610 3.303
73 81 15 16 4 0 100 33.982 3.299
73 81 16 17 4 0 100 32.358 3.292
73 81 17 18 4 0 100 34.511 3.289
73 81 18 19 4 0 100 36.036 3.275
73 81 19 20 4 0 100 44.100 3.274
73 81 20 21 4 0 100 39.361 3.253
73 81 21 22 4 0 100 38.113 3.242
73 81 22 23 4 0 100 40.834 3.188
73 81 23 24 4 0 100 41.283 3.180
73 81 24 25 4 0 100 39.102 3.127
73 81 25 26 4 0 100 39.969 3.162
73 81 26 27 4 0 100 44.329 3.142
73 81 27 28 4 0 100 57.526 3.143
73 81 28 29 4 0 100 56.641 3.046
73 81 29 30 4 0 100 75.980 3.047
73 81 30 31 4 0 100 59.245 3.121
73 81 31 32 4 0 100 100.000 3.155
73 81 32 33 4 0 100 100.000 3.084
73 81 33 34 4 0 100 100.000 3.095
73 81 34 35 4 0 100 100.000 2.640
73 81 35 36 4 0 100 100.000 2.947
73 81 36 37 4 0 100 32.844 3.101
73 81 37 38 4 0 100 100.000 3.217
73 81 38 39 4 0 100 100.000 2.797
73 81 39 40 4 0 100 48.435 29.897
73 81 40 41 4 0 100 31.467 64.128
73 81 41 42 4 0 100 29.217 35.935
73 81 42 43 4 0 100 22.729 55.771
73 81 43 44 4 0 100 19.664 53.866
73 81 44 100 4 0 100 11.430 76.344
81 88 0 1 4 0 100 9.356 90.951
81 88 1 2 4 0 100 4.900 98.851
81 88 2 3 4 0 100 100.000 4.074
81 88 3 4 4 0 100 49.233 3.551
81 88 4 5 4 0 100 39.381 3.616
81 88 5 6 4 0 100 36.391 3.623
81 88 6 7 4 0 100 31.840 3.552
81 88 7 8 4 0 100 36.107 3.556
81 88 8 9 4 0 100 31.761 3.500
81 88 9 10 4 0 100 33.209 3.462
81 88 10 11 4 0 100 33.300 3.437
81 88 11 12 4 0 100 33.436 3.477
81 88 12 13 4 0 100 31.714 3.433
81 88 13 14 4 0 100 34.156 3.389
81 88 14 15 4 0 100 35.193 3.383
81 88 15 16 4 0 100 36.915 3.375
81 88 16 17 4 0 100 36.150 3.383
81 88 17 18 4 0 100 36.374 3.315
81 88 18 19 4 0 100 35.613 3.307
81 88 19 20 4 0 100 42.229 3.340
81 88 20 21 4 0 100 45.992 3.258
81 88 21 22 4 0 100 38.597 3.282
81 88 22 23 4 0 100 41.652 3.301
81 88 23 24 4 0 100 45.652 3.233
81 88 24 25 4 0 100 42.596 3.228
81 88 25 26 4 0 100 46.902 3.207
81 88 26 27 4 0 100 61.771 3.268
81 88 27 28 4 0 100 66.398 3.259
81 88 28 29 4 0 100 51.772 3.136
81 88 29 30 4 0 100 73.685 3.056
81 88 30 31 4 0 100 82.159 3.012
81 88 31 32 4 0 100 100.000 3.329
81 88 32 33 4 0 100 100.000 2.803
81 88 33 34 4 0 100 100.000 3.030
81 88 34 35 4 0 100 100.000 3.034
81 88 35 36 4 0 100 5.508 96.142
81 88 36 37 4 0 100 100.000 3.073
81 88 37 38 4 0 100 7.836 92.220
81 88 38 39 4 0 100 6.422 99.969
81 88 40 41 4 0 100 65.452 90.285
81 88 41 42 4 0 100 11.961 89.859
81 88 42 43 4 0 100 68.618 72.972
81 88 43 100 4 0 100 57.520 42.602
88 97 1 2 4 0 100 4.982 100.000
88 97 2 3 4 0 100 67.511 3.710
88 97 3 4 4 0 100 38.388 3.568
88 97 4 5 4 0 100 35.288 3.713
88 97 5 6 4 0 100 34.175 3.681
88 97 6 7 4 0 100 36.395 3.625
88 97 7 8 4 0 100 31.200 3.628
88 97 8 9 4 0 100 30.786 3.566
88 97 9 10 4 0 100 34.004 3.558
88 97 10 11 4 0 100 31.380 3.521
88 97 11 12 4 0 100 34.550 3.492
88 97 12 13 4 0 100 34.723 3.473
88 97 13 14 4 0 100 34.329 3.459
88 97 14 15 4 0 100 33.211 3.468
88 97 15 16 4 0 100 35.379 3.391
88 97 16 17 4 0 100 34.328 3.361
88 97 17 18 4 0 100 37.347 3.382
88 97 18 19 4 0 100 35.190 3.396
88 97 19 20 4 0 100 36.564 3.388
88 97 20 21 4 0 100 37.430 3.359
88 97 21 22 4 0 100 37.585 3.361
88 97 22 23 4 0 100 38.161 3.313
88 97 23 24 4 0 100 42.443 3.309
88 97 24 25 4 0 100 44.179 3.240
88 97 25 26 4 0 100 47.577 3.168
88 97 26 27 4 0 100 52.107 3.292
88 97 27 28 4 0 100 56.768 3.231
88 97 28 29 4 0 100 61.225 3.160
88 97 29 30 4 0 100 74.263 3.187
88 97 30 31 4 0 100 77.789 3.157
88 97 31 32 4 0 100 100.000 3.170
88 97 32 33 4 0 100 100.000 3.117
88 97 33 34 4 0 100 23.642 3.393
88 97 34 35 4 0 100 100.000 3.099
88 97 35 36 4 0 100 6.814 91.128
88 97 36 37 4 0 100 35.867 3.237
88 97 37 38 4 0 100 100.000 3.283
88 97 39 40 4 0 100 12.496 67.511
88 97 40 41 4 0 100 13.703 66.031
88 97 41 42 4 0 100 8.867 99.354
88 97 42 100 4 0 100 11.609 70.791
97 106 0 1 4 0 100 10.265 78.462
97 106 1 2 4 0 100 4.333 100.000
97 106 2 3 4 0 100 32.736 50.615
97 106 3 4 4 0 100 71.626 3.775
97 106 4 5 4 0 100 41.640 3.742
97 106 5 6 4 0 100 40.956 3.819
97 106 6 7 4 0 100 36.540 3.688
97 106 7 8 4 0 100 33.225 3.664
97 106 8 9 4 0 100 34.848 3.623
97 106 9 10 4 0 100 31.371 3.612
97 106 10 11 4 0 100 31.774 3.548
97 106 11 12 4 0 100 33.295 3.575
97 106 12 13 4 0 100 36.791 3.530
97 106 13 14 4 0 100 33.565 3.544
97 106 14 15 4 0 100 38.706 3.524
97 106 15 16 4 0 100 34.522 3.495
97 106 16 17 4 0 100 36.206 3.472
97 106 17 18 4 0 100 40.164 3.483
97 106 18 19 4 0 100 37.258 3.487
97 106 19 20 4 0 100 39.370 3.436
97 106 20 21 4 0 100 41.864 3.428
97 106 21 22 4 0 100 39.584 3.449
97 106 22 23 4 0 100 48.342 3.411
97 106 23 24 4 0 100 45.894 3.320
97 106 24 25 4 0 100 46.576 3.304
97 106 25 26 4 0 100 62.572 3.305
97 106 26 27 4 0 100 52.426 3.319
97 106 27 28 4 0 100 80.721 3.226
97 106 28 29 4 0 100 100.000 3.314
97 106 29 30 4 0 100 74.328 3.133
97 106 30 31 4 0 100 100.000 3.212
97 106 31 32 4 0 100 100.000 3.018
97 106 32 33 4 0 100 100.000 3.010
97 106 33 34 4 0 100 100.000 2.926
97 106 34 35 4 0 100 8.263 99.454
97 106 35 36 4 0 100 11.086 99.904
97 106 36 37 4 0 100 6.075 99.633
97 106 38 39 4 0 100 9.300 74.114
97 106 39 40 4 0 100 75.001 41.163
97 106 40 41 4 0 100 21.739 43.557
97 106 42 100 4 0 100 10.235 92.003
106 116 1 2 4 0 100 94.206 16.968
106 116 2 3 4 0 100 100.000 4.188
106 116 3 4 4 0 100 48.368 3.774
106 116 4 5 4 0 100 45.409 3.747
106 116 5 6 4 0 100 43.381 3.778
106 116 6 7 4 0 100 34.749 3.768
106 116 7 8 4 0 100 37.796 3.732
106 116 8 9 4 0 100 32.309 3.651
106 116 9 10 4 0 100 36.148 3.650
106 116 10 11 4 0 100 34.977 3.652
106 116 11 12 4 0 100 35.409 3.658
106 116 12 13 4 0 100 38.242 3.620
106 116 13 14 4 0 100 34.908 3.601
106 116 14 15 4 0 100 35.783 3.589
106 116 15 16 4 0 100 42.296 3.571
106 116 16 17 4 0 100 35.653 3.578
106 116 17 18 4 0 100 39.155 3.507
106 116 18 19 4 0 100 37.222 3.491
106 116 19 20 4 0 100 41.356 3.470
106 116 20 21 4 0 100 42.954 3.546
106 116 21 22 4 0 100 48.839 3.387
106 116 22 23 4 0 100 45.876 3.464
106 116 23 24 4 0 100 46.647 3.493
106 116 24 25 4 0 100 45.812 3.374
106 116 25 26 4 0 100 54.934 3.369
106 116 26 27 4 0 100 75.167 3.234
106 116 27 28 4 0 100 68.032 3.397
106 116 28 29 4 0 100 97.641 3.449
106 116 29 30 4 0 100 85.006 3.259
106 116 30 31 4 0 100 100.000 2.979
106 116 31 32 4 0 100 100.000 2.797
106 116 32 33 4 0 100 100.000 3.289
106 116 33 34 4 0 100 4.786 99.999
106 116 34 35 4 0 100 4.673 100.000
106 116 35 36 4 0 100 5.712 99.175
106 116 36 37 4 0 100 18.144 45.541
106 116 37 38 4 0 100 11.714 85.338
106 116 38 39 4 0 100 7.989 82.547
106 116 39 40 4 0 100 12.154 67.128
106 116 42 43 4 0 100 13.160 89.752
106 116 43 44 4 0 100 86.702 32.863
106 116 44 100 4 0 100 11.421 98.994
116 127 1 2 4 0 100 22.189 39.292
116 127 2 3 4 0 100 100.000 4.216
116 127 3 4 4 0 100 58.665 3.733
116 127 4 5 4 0 100 95.886 3.962
116 127 5 6 4 0 100 35.253 3.792
116 127 6 7 4 0 100 42.172 3.701
116 127 7 8 4 0 100 40.716 3.711
116 127 8 9 4 0 100 37.473 3.789
116 127 9 10 4 0 100 36.905 3.623
116 127 10 11 4 0 100 31.485 3.678
116 127 11 12 4 0 100 35.095 3.684
116 127 12 13 4 0 100 36.423 3.658
116 127 13 14 4 0 100 36.804 3.612
116 127 14 15 4 0 100 36.144 3.649
116 127 15 16 4 0 100 40.165 3.636
116 127 16 17 4 0 100 36.969 3.594
116 127 17 18 4 0 100 38.617 3.617
116 127 18 19 4 0 100 43.657 3.554
116 127 19 20 4 0 100 45.978 3.569
116 127 20 21 4 0 100 43.009 3.520
116 127 21 22 4 0 100 42.156 3.466
116 127 22 23 4 0 100 44.129 3.495
116 127 23 24 4 0 100 46.374 3.626
116 127 24 25 4 0 100 61.220 3.426
116 127 25 26 4 0 100 54.027 3.412
116 127 26 27 4 0 100 72.271 3.314
116 127 27 28 4 0 100 91.053 3.345
116 127 28 29 4 0 100 60.375 3.432
116 127 29 30 4 0 100 100.000 3.662
116 127 30 31 4 0 100 100.000 3.488
116 127 31 32 4 0 100 100.000 3.563
116 127 32 33 4 0 100 100.000 3.091
116 127 33 34 4 0 100 5.377 94.712
116 127 34 35 4 0 100 93.709 97.874
116 127 35 36 4 0 100 10.976 62.589
116 127 36 37 4 0 100 10.657 65.471
116 127 37 38 4 0 100 11.296 62.440
116 127 38 39 4 0 100 39.684 30.096
116 127 40 41 4 0 100 8.943 92.139
116 127 41 42 4 0 100 88.364 77.084
116 127 42 100 4 0 100 11.538 75.879
127 4000 1 2 4 0 100 3.840 100.000
127 4000 2 3 4 0 100 50.267 4.080
127 4000 3 4 4 0 100 47.601 3.941
127 4000 4 5 4 0 100 33.917 4.042
127 4000 5 6 4 0 100 29.712 3.993
127 4000 6 7 4 0 100 32.466 3.974
127 4000 7 8 4 0 100 31.654 3.954
127 4000 8 9 4 0 100 31.590 3.921
127 4000 9 10 4 0 100 31.548 3.937
127 4000 10 11 4 0 100 32.142 3.911
127 4000 11 12 4 0 100 31.590 3.893
127 4000 12 13 4 0 100 33.201 3.897
127 4000 13 14 4 0 100 32.053 3.856
127 4000 14 15 4 0 100 33.560 3.875
127 4000 15 16 4 0 100 33.508 3.820
127 4000 16 17 4 0 100 36.341 3.798
127 4000 17 18 4 0 100 35.768 3.758
127 4000 18 19 4 0 100 36.192 3.775
127 4000 19 20 4 0 100 37.092 3.755
127 4000 20 21 4 0 100 37.637 3.748
127 4000 21 22 4 0 100 35.205 3.698
127 4000 22 23 4 0 100 39.178 3.684
127 4000 23 24 4 0 100 40.977 3.735
127 4000 24 25 4 0 100 39.588 3.688
127 4000 25 26 4 0 100 48.978 3.671
127 4000 26 27 4 0 100 47.995 3.624
127 4000 27 28 4 0 100 53.534 3.597
127 4000 28 29 4 0 100 62.665 3.461
127 4000 29 30 4 0 100 68.097 3.647
127 4000 30 31 4 0 100 55.769 3.556
127 4000 31 32 4 0 100 63.852 3.607
127 4000 32 33 4 0 100 64.841 3.504
127 4000 33 34 4 0 100 100.000 3.639
127 4000 34 35 4 0 100 100.000 3.869
127 4000 35 36 4 0 100 100.000 3.403
127 4000 37 38 4 0 100 100.000 3.589
127 4000 38 39 4 0 100 100.000 3.617
127 4000 39 40 4 0 100 12.874 49.911
127 4000 43 44 4 0 100 24.692 41.511
127 4000 44 100 4 0 100 6.514 99.999
[gluon]
{2 JetPt Rho 1 x TMath::Exp(-1.*x*[0]/[1])*TMath::Power(x,[0]-1)*TMath::Power([1]/[0],-1.*[0])/TMath::Gamma([0]) Correction QGL_axis2_QC_F_gluon}
20 22 0 1 4 0 100 9.989 90.531
20 22 1 2 4 0 100 67.292 22.252
20 22 2 3 4 0 100 57.473 2.589
20 22 3 4 4 0 100 49.473 2.557
20 22 4 5 4 0 100 50.914 2.422
20 22 5 6 4 0 100 48.272 2.501
20 22 6 7 4 0 100 48.211 2.447
20 22 7 8 4 0 100 46.097 2.463
20 22 8 9 4 0 100 47.021 2.404
20 22 9 10 4 0 100 45.539 2.380
20 22 10 11 4 0 100 45.166 2.359
20 22 11 12 4 0 100 49.650 2.334
20 22 12 13 4 0 100 48.711 2.317
20 22 13 14 4 0 100 47.070 2.300
20 22 14 15 4 0 100 50.224 2.286
20 22 15 16 4 0 100 48.887 2.274
20 22 16 17 4 0 100 51.988 2.235
20 22 17 18 4 0 100 48.355 2.222
20 22 18 19 4 0 100 49.877 2.222
20 22 19 20 4 0 100 48.912 2.226
20 22 20 21 4 0 100 64.194 2.187
20 22 21 22 4 0 100 58.400 2.199
20 22 22 23 4 0 100 62.687 2.173
20 22 23 24 4 0 100 61.877 2.088
20 22 24 25 4 0 100 68.139 2.155
20 22 25 26 4 0 100 65.832 2.188
20 22 26 27 4 0 100 93.799 2.087
20 22 27 28 4 0 100 100.000 2.010
20 22 28 29 4 0 100 61.508 2.248
20 22 29 30 4 0 100 100.000 2.018
20 22 30 31 4 0 100 100.000 2.012
20 22 31 32 4 0 100 100.000 2.002
20 22 32 33 4 0 100 100.000 2.321
20 22 33 34 4 0 100 34.920 63.164
20 22 34 35 4 0 100 100.000 2.223
20 22 35 36 4 0 100 100.000 2.004
20 22 36 37 4 0 100 12.059 99.971
20 22 37 38 4 0 100 13.911 91.020
20 22 38 39 4 0 100 24.221 74.827
20 22 39 40 4 0 100 98.718 49.955
20 22 40 41 4 0 100 20.006 65.105
20 22 43 100 4 0 100 42.861 95.316
22 25 0 1 4 0 100 97.515 50.199
22 25 1 2 4 0 100 100.000 2.423
22 25 2 3 4 0 100 76.618 2.579
22 25 3 4 4 0 100 53.891 2.565
22 25 4 5 4 0 100 42.360 2.558
22 25 5 6 4 0 100 39.726 2.535
22 25 6 7 4 0 100 39.651 2.491
22 25 7 8 4 0 100 43.369 2.468
22 25 8 9 4 0 100 40.725 2.464
22 25 9 10 4 0 100 39.975 2.408
22 25 10 11 4 0 100 42.397 2.400
22 25 11 12 4 0 100 42.475 2.382
22 25 12 13 4 0 100 43.223 2.346
22 25 13 14 4 0 100 44.415 2.324
22 25 14 15 4 0 100 46.218 2.331
22 25 15 16 4 0 100 45.249 2.297
22 25 16 17 4 0 100 46.801 2.290
22 25 17 18 4 0 100 45.585 2.273
22 25 18 19 4 0 100 51.159 2.266
22 25 19 20 4 0 100 51.327 2.250
22 25 20 21 4 0 100 50.812 2.248
22 25 21 22 4 0 100 50.626 2.224
22 25 22 23 4 0 100 56.673 2.200
22 25 23 24 4 0 100 52.517 2.209
22 25 24 25 4 0 100 64.400 2.183
22 25 25 26 4 0 100 58.953 2.153
22 25 26 27 4 0 100 82.144 2.118
22 25 27 28 4 0 100 83.995 2.189
22 25 28 29 4 0 100 81.596 2.158
22 25 29 30 4 0 100 100.000 2.153
22 25 30 31 4 0 100 100.000 2.130
22 25 31 32 4 0 100 100.000 1.885
22 25 32 33 4 0 100 100.000 1.988
22 25 33 34 4 0 100 100.000 2.090
22 25 34 35 4 0 100 100.000 2.031
22 25 35 36 4 0 100 100.000 2.342
22 25 36 37 4 0 100 100.000 1.919
22 25 37 38 4 0 100 100.000 2.040
22 25 38 39 4 0 100 16.760 69.325
22 25 39 40 4 0 100 86.769 89.896
22 25 40 41 4 0 100 23.146 55.893
22 25 41 42 4 0 100 54.589 36.913
22 25 42 43 4 0 100 81.855 49.802
22 25 43 44 4 0 100 24.749 44.080
22 25 44 100 4 0 100 28.348 44.740
25 27 0 1 4 0 100 94.677 99.365
25 27 1 2 4 0 100 100.000 2.687
25 27 2 3 4 0 100 76.833 2.601
25 27 3 4 4 0 100 70.563 2.580
25 27 4 5 4 0 100 59.220 2.504
25 27 5 6 4 0 100 46.307 2.549
25 27 6 7 4 0 100 42.848 2.528
25 27 7 8 4 0 100 41.916 2.505
25 27 8 9 4 0 100 46.657 2.452
25 27 9 10 4 0 100 42.619 2.466
25 27 10 11 4 0 100 41.919 2.438
25 27 11 12 4 0 100 43.817 2.390
25 27 12 13 4 0 100 45.732 2.404
25 27 13 14 4 0 100 46.010 2.394
25 27 14 15 4 0 100 44.890 2.358
25 27 15 16 4 0 100 46.641 2.363
25 27 16 17 4 0 100 50.766 2.333
25 27 17 18 4 0 100 52.243 2.308
25 27 18 19 4 0 100 50.287 2.304
25 27 19 20 4 0 100 50.932 2.277
25 27 20 21 4 0 100 47.008 2.276
25 27 21 22 4 0 100 51.682 2.260
25 27 22 23 4 0 100 59.540 2.300
25 27 23 24 4 0 100 69.660 2.241
25 27 24 25 4 0 100 83.843 2.148
25 27 25 26 4 0 100 87.586 2.185
25 27 26 27 4 0 100 66.941 2.206
25 27 27 28 4 0 100 90.652 2.171
25 27 28 29 4 0 100 100.000 2.221
25 27 29 30 4 0 100 100.000 2.195
25 27 30 31 4 0 100 94.471 2.199
25 27 31 32 4 0 100 100.000 2.137
25 27 32 33 4 0 100 75.197 34.932
25 27 33 34 4 0 100 87.826 42.911
25 27 34 35 4 0 100 100.000 2.316
25 27 35 36 4 0 100 12.353 89.382
25 27 36 37 4 0 100 100.000 1.937
25 27 37 38 4 0 100 100.000 2.228
25 27 38 39 4 0 100 92.972 77.913
25 27 39 40 4 0 100 15.253 81.050
25 27 40 41 4 0 100 46.917 58.543
25 27 41 42 4 0 100 80.258 98.415
25 27 42 43 4 0 100 15.712 86.416
25 27 43 100 4 0 100 18.778 88.652
27 29 0 1 4 0 100 85.159 99.851
27 29 1 2 4 0 100 100.000 2.338
27 29 2 3 4 0 100 84.418 2.588
27 29 3 4 4 0 100 60.447 2.720
27 29 4 5 4 0 100 50.554 2.643
27 29 5 6 4 0 100 50.202 2.545
27 29 6 7 4 0 100 41.769 2.563
27 29 7 8 4 0 100 38.097 2.552
27 29 8 9 4 0 100 45.017 2.517
27 29 9 10 4 0 100 40.228 2.488
27 29 10 11 4 0 100 41.641 2.461
27 29 11 12 4 0 100 49.340 2.406
27 29 12 13 4 0 100 44.263 2.430
27 29 13 14 4 0 100 46.454 2.393
27 29 14 15 4 0 100 42.072 2.394
27 29 15 16 4 0 100 48.943 2.356
27 29 16 17 4 0 100 51.409 2.360
27 29 17 18 4 0 100 55.427 2.378
27 29 18 19 4 0 100 45.771 2.355
27 29 19 20 4 0 100 49.337 2.323
27 29 20 21 4 0 100 54.045 2.327
27 29 21 22 4 0 100 69.341 2.276
27 29 22 23 4 0 100 62.267 2.294
27 29 23 24 4 0 100 48.835 2.269
27 29 24 25 4 0 100 57.175 2.287
27 29 25 26 4 0 100 63.831 2.281
27 29 26 27 4 0 100 89.627 2.175
27 29 27 28 4 0 100 100.000 2.107
27 29 28 29 4 0 100 91.516 2.302
27 29 29 30 4 0 100 100.000 2.203
27 29 30 31 4 0 100 100.000 2.440
27 29 31 32 4 0 100 100.000 2.099
27 29 32 33 4 0 100 9.518 96.623
27 29 33 34 4 0 100 11.178 86.296
27 29 34 35 4 0 100 99.045 70.273
27 29 35 36 4 0 100 12.259 95.438
27 29 36 37 4 0 100 32.925 41.410
27 29 37 38 4 0 100 26.183 48.335
27 29 38 39 4 0 100 30.242 43.162
27 29 39 40 4 0 100 37.926 35.986
27 29 40 41 4 0 100 85.649 24.720
27 29 41 42 4 0 100 84.056 23.209
27 29 43 44 4 0 100 87.664 67.201
27 29 44 100 4 0 100 44.725 58.641
29 32 0 1 4 0 100 99.900 19.272
29 32 1 2 4 0 100 100.000 2.652
29 32 2 3 4 0 100 100.000 2.414
29 32 3 4 4 0 100 73.681 2.637
29 32 4 5 4 0 100 48.111 2.676
29 32 5 6 4 0 100 45.106 2.640
29 32 6 7 4 0 100 40.105 2.599
29 32 7 8 4 0 100 40.855 2.558
29 32 8 9 4 0 100 42.970 2.546
29 32 9 10 4 0 100 42.086 2.516
29 32 10 11 4 0 100 37.971 2.491
29 32 11 12 4 0 100 41.668 2.473
29 32 12 13 4 0 100 42.179 2.456
29 32 13 14 4 0 100 44.728 2.430
29 32 14 15 4 0 100 46.276 2.416
29 32 15 16 4 0 100 45.783 2.411
29 32 16 17 4 0 100 45.270 2.388
29 32 17 18 4 0 100 43.694 2.383
29 32 18 19 4 0 100 48.661 2.362
29 32 19 20 4 0 100 51.340 2.358
29 32 20 21 4 0 100 48.243 2.350
29 32 21 22 4 0 100 52.702 2.325
29 32 22 23 4 0 100 55.442 2.324
29 32 23 24 4 0 100 54.706 2.291
29 32 24 25 4 0 100 58.675 2.274
29 32 25 26 4 0 100 51.457 2.270
29 32 26 27 4 0 100 59.513 2.277
29 32 27 28 4 0 100 70.231 2.289
29 32 28 29 4 0 100 62.956 2.324
29 32 29 30 4 0 100 97.974 2.208
29 32 30 31 4 0 100 87.164 2.184
29 32 31 32 4 0 100 100.000 1.909
29 32 32 33 4 0 100 100.000 2.104
29 32 33 34 4 0 100 100.000 2.133
29 32 34 35 4 0 100 100.000 2.163
29 32 35 36 4 0 100 100.000 2.202
29 32 36 37 4 0 100 100.000 2.322
29 32 37 38 4 0 100 96.964 97.857
29 32 38 39 4 0 100 68.784 62.078
29 32 39 40 4 0 100 100.000 2.231
29 32 40 41 4 0 100 39.320 50.951
29 32 41 42 4 0 100 68.861 80.815
29 32 42 43 4 0 100 91.751 77.724
29 32 43 44 4 0 100 99.993 48.083
29 32 44 100 4 0 100 23.294 99.042
32 35 0 1 4 0 100 20.760 55.332
32 35 1 2 4 0 100 100.000 2.610
32 35 2 3 4 0 100 100.000 2.642
32 35 3 4 4 0 100 76.034 2.561
32 35 4 5 4 0 100 39.582 2.700
32 35 5 6 4 0 100 44.189 2.652
32 35 6 7 4 0 100 42.159 2.621
32 35 7 8 4 0 100 46.855 2.593
32 35 8 9 4 0 100 45.355 2.562
32 35 9 10 4 0 100 41.068 2.577
32 35 10 11 4 0 100 37.362 2.533
32 35 11 12 4 0 100 43.849 2.515
32 35 12 13 4 0 100 44.704 2.488
32 35 13 14 4 0 100 50.946 2.441
32 35 14 15 4 0 100 41.327 2.472
32 35 15 16 4 0 100 45.068 2.463
32 35 16 17 4 0 100 48.547 2.423
32 35 17 18 4 0 100 49.128 2.405
32 35 18 19 4 0 100 52.493 2.376
32 35 19 20 4 0 100 47.709 2.424
32 35 20 21 4 0 100 47.604 2.378
32 35 21 22 4 0 100 49.377 2.379
32 35 22 23 4 0 100 55.462 2.393
32 35 23 24 4 0 100 60.796 2.325
32 35 24 25 4 0 100 61.042 2.339
32 35 25 26 4 0 100 66.650 2.291
32 35 26 27 4 0 100 60.514 2.339
32 35 27 28 4 0 100 84.616 2.228
32 35 28 29 4 0 100 74.730 2.334
32 35 29 30 4 0 100 99.117 2.114
32 35 30 31 4 0 100 94.471 2.398
32 35 31 32 4 0 100 100.000 2.229
32 35 32 33 4 0 100 100.000 2.004
32 35 33 34 4 0 100 12.977 2.394
32 35 34 35 4 0 100 100.000 2.197
32 35 35 36 4 0 100 100.000 2.189
32 35 36 37 4 0 100 100.000 2.106
32 35 37 38 4 0 100 100.000 2.042
32 35 38 39 4 0 100 82.216 56.766
32 35 39 40 4 0 100 32.617 67.558
32 35 40 41 4 0 100 100.000 2.173
32 35 41 42 4 0 100 26.268 99.999
32 35 42 43 4 0 100 98.452 94.565
32 35 43 44 4 0 100 99.859 91.540
32 35 44 100 4 0 100 99.991 69.115
35 39 0 1 4 0 100 74.286 99.992
35 39 1 2 4 0 100 100.000 2.660
35 39 2 3 4 0 100 100.000 2.793
35 39 3 4 4 0 100 69.389 2.670
35 39 4 5 4 0 100 56.596 2.690
35 39 5 6 4 0 100 42.736 2.711
35 39 6 7 4 0 100 39.228 2.681
35 39 7 8 4 0 100 42.541 2.650
35 39 8 9 4 0 100 41.684 2.617
35 39 9 10 4 0 100 38.031 2.632
35 39 10 11 4 0 100 42.839 2.577
35 39 11 12 4 0 100 40.898 2.582
35 39 12 13 4 0 100 41.375 2.585
35 39 13 14 4 0 100 41.690 2.533
35 39 14 15 4 0 100 41.813 2.522
35 39 15 16 4 0 100 41.050 2.495
35 39 16 17 4 0 100 47.061 2.451
35 39 17 18 4 0 100 38.377 2.469
35 39 18 19 4 0 100 49.245 2.426
35 39 19 20 4 0 100 48.924 2.449
35 39 20 21 4 0 100 43.634 2.447
35 39 21 22 4 0 100 47.964 2.425
35 39 22 23 4 0 100 51.117 2.422
35 39 23 24 4 0 100 52.052 2.416
35 39 24 25 4 0 100 55.012 2.390
35 39 25 26 4 0 100 50.042 2.371
35 39 26 27 4 0 100 61.335 2.377
35 39 27 28 4 0 100 54.686 2.375
35 39 28 29 4 0 100 94.637 2.263
35 39 29 30 4 0 100 73.438 2.292
35 39 30 31 4 0 100 100.000 2.140
35 39 31 32 4 0 100 100.000 2.373
35 39 32 33 4 0 100 92.026 2.247
35 39 33 34 4 0 100 100.000 2.409
35 39 34 35 4 0 100 100.000 2.274
35 39 35 36 4 0 100 100.000 2.470
35 39 36 37 4 0 100 100.000 2.203
35 39 37 38 4 0 100 64.216 90.526
35 39 38 39 4 0 100 74.096 60.503
35 39 39 40 4 0 100 79.423 28.053
35 39 40 41 4 0 100 78.856 28.381
35 39 41 42 4 0 100 54.041 99.197
35 39 42 43 4 0 100 99.885 18.136
35 39 43 44 4 0 100 18.220 69.058
35 39 44 100 4 0 100 99.215 75.792
39 42 0 1 4 0 100 34.934 37.897
39 42 1 2 4 0 100 27.582 47.971
39 42 2 3 4 0 100 100.000 2.950
39 42 3 4 4 0 100 56.810 2.719
39 42 4 5 4 0 100 52.627 2.759
39 42 5 6 4 0 100 40.455 2.741
39 42 6 7 4 0 100 42.470 2.693
39 42 7 8 4 0 100 42.263 2.711
39 42 8 9 4 0 100 39.943 2.695
39 42 9 10 4 0 100 45.022 2.621
39 42 10 11 4 0 100 43.090 2.642
39 42 11 12 4 0 100 42.123 2.632
39 42 12 13 4 0 100 41.080 2.586
39 42 13 14 4 0 100 42.488 2.570
39 42 14 15 4 0 100 45.133 2.584
39 42 15 16 4 0 100 43.622 2.546
39 42 16 17 4 0 100 41.466 2.533
39 42 17 18 4 0 100 44.485 2.520
39 42 18 19 4 0 100 45.604 2.487
39 42 19 20 4 0 100 47.654 2.517
39 42 20 21 4 0 100 49.567 2.465
39 42 21 22 4 0 100 57.292 2.436
39 42 22 23 4 0 100 50.464 2.489
39 42 23 24 4 0 100 52.805 2.446
39 42 24 25 4 0 100 51.369 2.475
39 42 25 26 4 0 100 68.334 2.390
39 42 26 27 4 0 100 79.836 2.511
39 42 27 28 4 0 100 75.777 2.466
39 42 28 29 4 0 100 100.000 2.267
39 42 29 30 4 0 100 100.000 2.271
39 42 30 31 4 0 100 100.000 2.363
39 42 31 32 4 0 100 100.000 2.401
39 42 32 33 4 0 100 100.000 2.521
39 42 33 34 4 0 100 100.000 2.289
39 42 34 35 4 0 100 53.020 51.447
39 42 35 36 4 0 100 100.000 2.187
39 42 36 37 4 0 100 14.364 75.681
39 42 37 38 4 0 100 82.622 85.857
39 42 38 39 4 0 100 97.023 52.501
39 42 39 40 4 0 100 15.166 77.073
39 42 40 41 4 0 100 22.978 62.521
39 42 41 42 4 0 100 51.042 53.529
39 42 42 43 4 0 100 41.495 99.886
39 42 43 100 4 0 100 99.692 40.768
42 46 1 2 4 0 100 8.156 99.507
42 46 2 3 4 0 100 100.000 2.802
42 46 3 4 4 0 100 100.000 2.715
42 46 4 5 4 0 100 49.240 2.792
42 46 5 6 4 0 100 44.131 2.756
42 46 6 7 4 0 100 38.779 2.734
42 46 7 8 4 0 100 42.262 2.739
42 46 8 9 4 0 100 43.803 2.692
42 46 9 10 4 0 100 42.460 2.677
42 46 10 11 4 0 100 44.677 2.677
42 46 11 12 4 0 100 41.826 2.623
42 46 12 13 4 0 100 39.816 2.631
42 46 13 14 4 0 100 40.853 2.622
42 46 14 15 4 0 100 41.603 2.600
42 46 15 16 4 0 100 42.160 2.579
42 46 16 17 4 0 100 43.655 2.608
42 46 17 18 4 0 100 42.518 2.570
42 46 18 19 4 0 100 44.780 2.519
42 46 19 20 4 0 100 44.517 2.499
42 46 20 21 4 0 100 46.842 2.520
42 46 21 22 4 0 100 54.666 2.466
42 46 22 23 4 0 100 55.131 2.456
42 46 23 24 4 0 100 55.542 2.496
42 46 24 25 4 0 100 51.829 2.431
42 46 25 26 4 0 100 52.360 2.476
42 46 26 27 4 0 100 64.438 2.433
42 46 27 28 4 0 100 81.534 2.412
42 46 28 29 4 0 100 100.000 2.508
42 46 29 30 4 0 100 94.321 2.484
42 46 30 31 4 0 100 100.000 2.432
42 46 31 32 4 0 100 100.000 2.405
42 46 32 33 4 0 100 100.000 2.540
42 46 33 34 4 0 100 100.000 2.234
42 46 34 35 4 0 100 100.000 2.433
42 46 35 36 4 0 100 100.000 2.471
42 46 36 37 4 0 100 100.000 2.247
42 46 37 38 4 0 100 23.395 51.245
42 46 38 39 4 0 100 10.243 94.839
42 46 39 40 4 0 100 96.114 41.501
42 46 40 41 4 0 100 99.906 66.064
42 46 41 42 4 0 100 100.000 2.496
42 46 42 43 4 0 100 66.956 32.924
42 46 43 44 4 0 100 14.065 78.008
42 46 44 100 4 0 100 79.449 24.836
46 51 0 1 4 0 100 63.766 49.777
46 51 1 2 4 0 100 19.428 44.526
46 51 2 3 4 0 100 100.000 2.841
46 51 3 4 4 0 100 89.538 2.743
46 51 4 5 4 0 100 51.488 2.856
46 51 5 6 4 0 100 46.838 2.766
46 51 6 7 4 0 100 46.726 2.770
46 51 7 8 4 0 100 38.109 2.802
46 51 8 9 4 0 100 44.894 2.750
46 51 9 10 4 0 100 47.365 2.706
46 51 10 11 4 0 100 41.941 2.688
46 51 11 12 4 0 100 41.135 2.711
46 51 12 13 4 0 100 36.998 2.724
46 51 13 14 4 0 100 40.654 2.659
46 51 14 15 4 0 100 41.411 2.676
46 51 15 16 4 0 100 41.448 2.662
46 51 16 17 4 0 100 40.719 2.636
46 51 17 18 4 0 100 48.412 2.619
46 51 18 19 4 0 100 44.619 2.598
46 51 19 20 4 0 100 41.653 2.569
46 51 20 21 4 0 100 44.132 2.578
46 51 21 22 4 0 100 48.928 2.588
46 51 22 23 4 0 100 42.414 2.523
46 51 23 24 4 0 100 57.641 2.548
46 51 24 25 4 0 100 48.405 2.537
46 51 25 26 4 0 100 80.230 2.532
46 51 26 27 4 0 100 58.192 2.498
46 51 27 28 4 0 100 86.790 2.413
46 51 28 29 4 0 100 100.000 2.417
46 51 29 30 4 0 100 100.000 2.417
46 51 30 31 4 0 100 85.753 2.412
46 51 31 32 4 0 100 100.000 2.270
46 51 32 33 4 0 100 100.000 2.361
46 51 33 34 4 0 100 100.000 2.157
46 51 34 35 4 0 100 100.000 2.559
46 51 35 36 4 0 100 100.000 2.531
46 51 36 37 4 0 100 92.169 71.890
46 51 37 38 4 0 100 99.926 66.999
46 51 38 39 4 0 100 13.311 77.971
46 51 39 40 4 0 100 33.095 66.421
46 51 40 41 4 0 100 26.438 47.655
46 51 41 42 4 0 100 12.138 98.545
46 51 42 43 4 0 100 38.095 93.344
46 51 43 44 4 0 100 88.007 70.826
46 51 44 100 4 0 100 99.964 92.571
51 56 0 1 4 0 100 29.120 37.519
51 56 1 2 4 0 100 40.481 29.406
51 56 2 3 4 0 100 100.000 2.990
51 56 3 4 4 0 100 84.273 2.774
51 56 4 5 4 0 100 50.241 2.850
51 56 5 6 4 0 100 51.343 2.863
51 56 6 7 4 0 100 45.550 2.842
51 56 7 8 4 0 100 40.211 2.811
51 56 8 9 4 0 100 42.464 2.833
51 56 9 10 4 0 100 41.883 2.771
51 56 10 11 4 0 100 45.807 2.735
51 56 11 12 4 0 100 41.075 2.776
51 56 12 13 4 0 100 43.307 2.723
51 56 13 14 4 0 100 38.369 2.753
51 56 14 15 4 0 100 38.566 2.694
51 56 15 16 4 0 100 39.971 2.691
51 56 16 17 4 0 100 45.537 2.654
51 56 17 18 4 0 100 42.196 2.666
51 56 18 19 4 0 100 41.615 2.673
51 56 19 20 4 0 100 47.648 2.655
51 56 20 21 4 0 100 53.136 2.620
51 56 21 22 4 0 100 46.670 2.610
51 56 22 23 4 0 100 66.475 2.592
51 56 23 24 4 0 100 68.780 2.532
51 56 24 25 4 0 100 66.039 2.505
51 56 25 26 4 0 100 70.764 2.536
51 56 26 27 4 0 100 59.347 2.581
51 56 27 28 4 0 100 97.055 2.468
51 56 28 29 4 0 100 100.000 2.445
51 56 29 30 4 0 100 100.000 2.164
51 56 30 31 4 0 100 100.000 2.520
51 56 31 32 4 0 100 100.000 2.508
51 56 32 33 4 0 100 100.000 2.484
51 56 33 34 4 0 100 100.000 2.454
51 56 34 35 4 0 100 100.000 2.347
51 56 35 36 4 0 100 100.000 2.660
51 56 36 37 4 0 100 12.166 87.314
51 56 37 38 4 0 100 26.444 47.951
51 56 38 39 4 0 100 49.780 64.365
51 56 39 40 4 0 100 91.168 26.595
51 56 40 41 4 0 100 24.881 99.361
51 56 42 43 4 0 100 40.907 69.333
51 56 43 44 4 0 100 84.007 95.562
51 56 44 100 4 0 100 78.740 74.439
56 61 0 1 4 0 100 36.645 89.681
56 61 1 2 4 0 100 15.099 57.650
56 61 2 3 4 0 100 100.000 2.724
56 61 3 4 4 0 100 66.010 2.919
56 61 4 5 4 0 100 56.634 2.915
56 61 5 6 4 0 100 48.605 2.839
56 61 6 7 4 0 100 45.481 2.908
56 61 7 8 4 0 100 36.063 2.822
56 61 8 9 4 0 100 44.370 2.820
56 61 9 10 4 0 100 46.151 2.781
56 61 10 11 4 0 100 42.320 2.812
56 61 11 12 4 0 100 35.787 2.794
56 61 12 13 4 0 100 43.686 2.780
56 61 13 14 4 0 100 41.352 2.774
56 61 14 15 4 0 100 41.315 2.786
56 61 15 16 4 0 100 45.081 2.753
56 61 16 17 4 0 100 45.383 2.743
56 61 17 18 4 0 100 42.203 2.749
56 61 18 19 4 0 100 47.816 2.692
56 61 19 20 4 0 100 43.745 2.696
56 61 20 21 4 0 100 58.112 2.737
56 61 21 22 4 0 100 55.371 2.643
56 61 22 23 4 0 100 77.024 2.673
56 61 23 24 4 0 100 50.603 2.682
56 61 24 25 4 0 100 71.255 2.549
56 61 25 26 4 0 100 63.559 2.571
56 61 26 27 4 0 100 82.378 2.578
56 61 27 28 4 0 100 72.321 2.594
56 61 28 29 4 0 100 100.000 2.804
56 61 29 30 4 0 100 100.000 2.532
56 61 30 31 4 0 100 100.000 2.570
56 61 31 32 4 0 100 100.000 2.495
56 61 32 33 4 0 100 35.568 32.940
56 61 33 34 4 0 100 59.877 98.014
56 61 34 35 4 0 100 9.305 84.797
56 61 35 36 4 0 100 12.779 81.297
56 61 36 37 4 0 100 100.000 2.505
56 61 37 38 4 0 100 88.629 71.977
56 61 38 39 4 0 100 12.155 92.153
56 61 39 40 4 0 100 57.416 51.417
56 61 41 42 4 0 100 13.795 92.607
56 61 43 44 4 0 100 12.901 95.748
56 61 44 100 4 0 100 25.078 91.117
61 67 0 1 4 0 100 85.960 99.753
61 67 1 2 4 0 100 53.766 96.231
61 67 2 3 4 0 100 100.000 2.945
61 67 3 4 4 0 100 100.000 3.156
61 67 4 5 4 0 100 76.885 2.882
61 67 5 6 4 0 100 45.893 2.940
61 67 6 7 4 0 100 45.274 2.923
61 67 7 8 4 0 100 58.325 2.882
61 67 8 9 4 0 100 39.108 2.946
61 67 9 10 4 0 100 48.849 2.889
61 67 10 11 4 0 100 42.104 2.876
61 67 11 12 4 0 100 46.201 2.843
61 67 12 13 4 0 100 41.341 2.850
61 67 13 14 4 0 100 41.799 2.812
61 67 14 15 4 0 100 42.879 2.806
61 67 15 16 4 0 100 41.521 2.776
61 67 16 17 4 0 100 42.101 2.755
61 67 17 18 4 0 100 48.188 2.809
61 67 18 19 4 0 100 50.136 2.767
61 67 19 20 4 0 100 47.416 2.793
61 67 20 21 4 0 100 52.914 2.706
61 67 21 22 4 0 100 49.338 2.648
61 67 22 23 4 0 100 58.423 2.819
61 67 23 24 4 0 100 73.122 2.782
61 67 24 25 4 0 100 56.029 2.640
61 67 25 26 4 0 100 93.467 2.777
61 67 26 27 4 0 100 62.029 2.706
61 67 27 28 4 0 100 87.142 2.515
61 67 28 29 4 0 100 100.000 2.407
61 67 29 30 4 0 100 100.000 2.594
61 67 30 31 4 0 100 100.000 2.608
61 67 31 32 4 0 100 100.000 2.566
61 67 32 33 4 0 100 100.000 2.635
61 67 33 34 4 0 100 100.000 2.601
61 67 34 35 4 0 100 93.965 30.526
61 67 35 36 4 0 100 60.757 95.866
61 67 36 37 4 0 100 7.322 99.999
61 67 37 38 4 0 100 42.236 27.676
61 67 38 39 4 0 100 19.862 80.790
61 67 39 40 4 0 100 95.614 43.089
61 67 40 41 4 0 100 94.112 88.524
61 67 41 42 4 0 100 99.291 21.864
61 67 42 43 4 0 100 95.324 81.147
61 67 43 100 4 0 100 80.998 63.721
67 73 1 2 4 0 100 17.242 54.697
67 73 2 3 4 0 100 100.000 2.921
67 73 3 4 4 0 100 100.000 2.846
67 73 4 5 4 0 100 94.373 2.816
67 73 5 6 4 0 100 43.284 3.041
67 73 6 7 4 0 100 54.485 3.040
67 73 7 8 4 0 100 48.419 2.924
67 73 8 9 4 0 100 46.330 2.960
67 73 9 10 4 0 100 49.655 2.984
67 73 10 11 4 0 100 48.349 2.929
67 73 11 12 4 0 100 46.231 2.924
67 73 12 13 4 0 100 51.544 2.900
67 73 13 14 4 0 100 50.349 2.818
67 73 14 15 4 0 100 48.995 2.866
67 73 15 16 4 0 100 46.932 2.889
67 73 16 17 4 0 100 43.326 2.823
67 73 17 18 4 0 100 46.382 2.808
67 73 18 19 4 0 100 55.338 2.735
67 73 19 20 4 0 100 44.853 2.829
67 73 20 21 4 0 100 50.778 2.759
67 73 21 22 4 0 100 54.090 2.744
67 73 22 23 4 0 100 65.861 2.631
67 73 23 24 4 0 100 72.589 2.705
67 73 24 25 4 0 100 85.345 2.661
67 73 25 26 4 0 100 100.000 2.825
67 73 26 27 4 0 100 80.649 2.604
67 73 27 28 4 0 100 100.000 2.608
67 73 28 29 4 0 100 100.000 2.731
67 73 29 30 4 0 100 100.000 2.463
67 73 30 31 4 0 100 100.000 2.711
67 73 31 32 4 0 100 100.000 2.433
67 73 32 33 4 0 100 100.000 2.473
67 73 33 34 4 0 100 14.323 78.283
67 73 34 35 4 0 100 24.297 98.401
67 73 35 36 4 0 100 100.000 2.790
67 73 36 37 4 0 100 22.168 49.452
67 73 37 38 4 0 100 39.147 79.895
67 73 38 39 4 0 100 20.439 53.375
67 73 39 40 4 0 100 54.023 57.124
67 73 40 41 4 0 100 67.313 91.238
67 73 41 42 4 0 100 99.284 34.359
67 73 42 43 4 0 100 14.747 67.358
67 73 43 100 4 0 100 22.287 51.447
73 81 0 1 4 0 100 68.432 72.487
73 81 1 2 4 0 100 14.126 69.513
73 81 2 3 4 0 100 22.954 3.333
73 81 3 4 4 0 100 3.974 100.000
73 81 4 5 4 0 100 86.303 3.045
73 81 5 6 4 0 100 59.289 2.972
73 81 6 7 4 0 100 36.598 3.016
73 81 7 8 4 0 100 40.281 3.033
73 81 8 9 4 0 100 47.481 3.045
73 81 9 10 4 0 100 44.592 2.978
73 81 10 11 4 0 100 47.346 2.958
73 81 11 12 4 0 100 43.069 3.024
73 81 12 13 4 0 100 41.329 2.968
73 81 13 14 4 0 100 45.993 2.931
73 81 14 15 4 0 100 40.955 2.865
73 81 15 16 4 0 100 54.205 2.894
73 81 16 17 4 0 100 42.703 2.888
73 81 17 18 4 0 100 49.721 2.841
73 81 18 19 4 0 100 46.379 2.886
73 81 19 20 4 0 100 53.891 2.830
73 81 20 21 4 0 100 66.290 2.902
73 81 21 22 4 0 100 53.621 2.768
73 81 22 23 4 0 100 39.172 2.776
73 81 23 24 4 0 100 83.834 2.708
73 81 24 25 4 0 100 78.986 2.653
73 81 25 26 4 0 100 100.000 2.698
73 81 26 27 4 0 100 100.000 2.833
73 81 27 28 4 0 100 100.000 2.990
73 81 28 29 4 0 100 100.000 2.642
73 81 29 30 4 0 100 100.000 2.554
73 81 30 31 4 0 100 18.613 95.776
73 81 31 32 4 0 100 100.000 2.823
73 81 32 33 4 0 100 100.000 2.706
73 81 33 34 4 0 100 93.052 17.776
73 81 34 35 4 0 100 78.105 39.630
73 81 35 36 4 0 100 97.907 45.760
73 81 36 37 4 0 100 80.278 61.837
73 81 37 38 4 0 100 19.508 56.029
73 81 38 39 4 0 100 12.676 91.538
73 81 39 40 4 0 100 11.047 99.091
73 81 40 41 4 0 100 90.589 57.842
73 81 41 42 4 0 100 97.063 60.098
73 81 42 43 4 0 100 17.382 73.926
73 81 43 44 4 0 100 31.442 91.629
73 81 44 100 4 0 100 12.137 99.999
81 88 0 1 4 0 100 83.903 42.237
81 88 1 2 4 0 100 11.827 72.938
81 88 2 3 4 0 100 5.061 99.997
81 88 3 4 4 0 100 100.000 3.060
81 88 4 5 4 0 100 100.000 3.095
81 88 5 6 4 0 100 58.908 3.253
81 88 6 7 4 0 100 53.132 3.116
81 88 7 8 4 0 100 62.421 3.055
81 88 8 9 4 0 100 56.281 2.973
81 88 9 10 4 0 100 50.852 3.007
81 88 10 11 4 0 100 56.701 3.008
81 88 11 12 4 0 100 43.767 2.965
81 88 12 13 4 0 100 56.817 3.034
81 88 13 14 4 0 100 48.475 3.009
81 88 14 15 4 0 100 48.207 2.954
81 88 15 16 4 0 100 51.470 2.907
81 88 16 17 4 0 100 49.929 2.910
81 88 17 18 4 0 100 52.858 2.882
81 88 18 19 4 0 100 56.519 2.918
81 88 19 20 4 0 100 62.973 2.907
81 88 20 21 4 0 100 66.035 2.889
81 88 21 22 4 0 100 68.200 2.942
81 88 22 23 4 0 100 72.946 2.721
81 88 23 24 4 0 100 100.000 2.950
81 88 24 25 4 0 100 100.000 2.650
81 88 25 26 4 0 100 100.000 2.966
81 88 26 27 4 0 100 100.000 2.812
81 88 27 28 4 0 100 100.000 2.786
81 88 28 29 4 0 100 100.000 2.854
81 88 29 30 4 0 100 5.525 99.991
81 88 30 31 4 0 100 7.185 95.477
81 88 31 32 4 0 100 7.771 86.310
81 88 32 33 4 0 100 72.223 57.666
81 88 33 34 4 0 100 76.677 70.921
81 88 34 35 4 0 100 99.767 77.808
81 88 35 36 4 0 100 43.158 29.897
81 88 36 37 4 0 100 96.185 84.387
81 88 37 38 4 0 100 29.428 37.002
81 88 38 39 4 0 100 13.610 67.015
81 88 40 41 4 0 100 18.364 62.225
81 88 41 42 4 0 100 10.759 89.686
81 88 42 43 4 0 100 99.601 65.857
81 88 43 100 4 0 100 76.824 90.244
88 97 1 2 4 0 100 100.000 2.778
88 97 2 3 4 0 100 8.304 77.534
88 97 3 4 4 0 100 16.165 3.322
88 97 4 5 4 0 100 100.000 2.896
88 97 5 6 4 0 100 100.000 3.345
88 97 6 7 4 0 100 73.411 3.254
88 97 7 8 4 0 100 65.958 3.235
88 97 8 9 4 0 100 60.716 3.173
88 97 9 10 4 0 100 66.824 3.068
88 97 10 11 4 0 100 54.434 3.115
88 97 11 12 4 0 100 51.611 3.037
88 97 12 13 4 0 100 49.758 3.026
88 97 13 14 4 0 100 46.529 3.017
88 97 14 15 4 0 100 47.258 3.053
88 97 15 16 4 0 100 52.095 3.031
88 97 16 17 4 0 100 57.466 2.989
88 97 17 18 4 0 100 61.206 3.080
88 97 18 19 4 0 100 62.229 3.048
88 97 19 20 4 0 100 64.010 2.958
88 97 20 21 4 0 100 80.670 2.971
88 97 21 22 4 0 100 62.579 2.934
88 97 22 23 4 0 100 85.376 2.730
88 97 23 24 4 0 100 100.000 2.802
88 97 24 25 4 0 100 100.000 3.044
88 97 25 26 4 0 100 100.000 2.523
88 97 26 27 4 0 100 100.000 2.998
88 97 27 28 4 0 100 100.000 3.072
88 97 28 29 4 0 100 100.000 2.711
88 97 29 30 4 0 100 100.000 2.942
88 97 30 31 4 0 100 8.730 100.000
88 97 31 32 4 0 100 7.301 97.572
88 97 32 33 4 0 100 100.000 2.937
88 97 33 34 4 0 100 100.000 2.792
88 97 34 35 4 0 100 11.525 89.680
88 97 35 36 4 0 100 93.994 17.828
88 97 36 37 4 0 100 14.122 67.040
88 97 37 38 4 0 100 95.449 36.451
88 97 39 40 4 0 100 75.416 27.375
88 97 40 41 4 0 100 18.025 72.381
88 97 41 42 4 0 100 91.278 55.924
88 97 42 100 4 0 100 54.445 49.348
97 106 0 1 4 0 100 37.308 74.306
97 106 1 2 4 0 100 10.119 83.815
97 106 2 3 4 0 100 38.335 30.591
97 106 3 4 4 0 100 52.911 32.171
97 106 4 5 4 0 100 100.000 3.121
97 106 5 6 4 0 100 100.000 2.967
97 106 6 7 4 0 100 100.000 2.916
97 106 7 8 4 0 100 61.327 3.306
97 106 8 9 4 0 100 100.000 2.932
97 106 9 10 4 0 100 55.072 3.218
97 106 10 11 4 0 100 82.091 2.918
97 106 11 12 4 0 100 72.453 3.118
97 106 12 13 4 0 100 61.378 3.061
97 106 13 14 4 0 100 98.626 2.985
97 106 14 15 4 0 100 72.886 2.952
97 106 15 16 4 0 100 56.085 3.156
97 106 16 17 4 0 100 65.958 3.079
97 106 17 18 4 0 100 75.525 3.113
97 106 18 19 4 0 100 58.639 3.033
97 106 19 20 4 0 100 100.000 2.941
97 106 20 21 4 0 100 100.000 2.914
97 106 21 22 4 0 100 82.457 2.926
97 106 22 23 4 0 100 100.000 3.022
97 106 23 24 4 0 100 100.000 2.831
97 106 24 25 4 0 100 97.807 2.988
97 106 25 26 4 0 100 100.000 3.028
97 106 26 27 4 0 100 100.000 2.872
97 106 27 28 4 0 100 30.598 2.891
97 106 28 29 4 0 100 29.411 40.818
97 106 29 30 4 0 100 15.322 54.230
97 106 30 31 4 0 100 8.639 81.405
97 106 31 32 4 0 100 8.994 84.581
97 106 32 33 4 0 100 27.086 50.286
97 106 33 34 4 0 100 11.174 97.859
97 106 34 35 4 0 100 68.283 40.465
97 106 35 36 4 0 100 99.433 87.439
97 106 36 37 4 0 100 52.842 84.556
97 106 38 39 4 0 100 10.614 97.368
97 106 39 40 4 0 100 92.906 98.318
97 106 40 41 4 0 100 53.520 96.589
97 106 42 100 4 0 100 78.100 60.486
106 116 1 2 4 0 100 10.027 89.368
106 116 2 3 4 0 100 13.475 66.306
106 116 3 4 4 0 100 5.783 99.501
106 116 4 5 4 0 100 100.000 3.422
106 116 5 6 4 0 100 100.000 3.097
106 116 6 7 4 0 100 100.000 3.054
106 116 7 8 4 0 100 100.000 3.107
106 116 8 9 4 0 100 82.674 2.978
106 116 9 10 4 0 100 62.412 3.154
106 116 10 11 4 0 100 100.000 3.045
106 116 11 12 4 0 100 64.001 2.996
106 116 12 13 4 0 100 73.587 3.091
106 116 13 14 4 0 100 53.401 3.240
106 116 14 15 4 0 100 62.897 3.058
106 116 15 16 4 0 100 76.481 3.025
106 116 16 17 4 0 100 92.052 3.077
106 116 17 18 4 0 100 81.013 3.177
106 116 18 19 4 0 100 100.000 3.144
106 116 19 20 4 0 100 91.151 3.074
106 116 20 21 4 0 100 100.000 2.930
106 116 21 22 4 0 100 100.000 2.899
106 116 22 23 4 0 100 100.000 3.142
106 116 23 24 4 0 100 100.000 2.757
106 116 24 25 4 0 100 100.000 3.005
106 116 25 26 4 0 100 4.777 100.000
106 116 26 27 4 0 100 7.216 87.184
106 116 27 28 4 0 100 100.000 2.642
106 116 28 29 4 0 100 24.517 3.066
106 116 29 30 4 0 100 18.421 56.171
106 116 30 31 4 0 100 7.892 91.745
106 116 31 32 4 0 100 12.513 70.152
106 116 32 33 4 0 100 8.468 99.254
106 116 33 34 4 0 100 59.822 97.952
106 116 34 35 4 0 100 9.100 98.928
106 116 35 36 4 0 100 10.587 96.472
106 116 36 37 4 0 100 84.663 30.553
106 116 37 38 4 0 100 31.438 78.488
106 116 38 39 4 0 100 73.979 69.006
106 116 39 40 4 0 100 41.043 48.475
106 116 42 43 4 0 100 94.118 49.354
106 116 43 44 4 0 100 28.011 69.591
106 116 44 100 4 0 100 18.990 85.991
116 127 1 2 4 0 100 9.279 88.143
116 127 2 3 4 0 100 63.912 99.906
116 127 3 4 4 0 100 5.177 100.000
116 127 4 5 4 0 100 4.963 100.000
116 127 5 6 4 0 100 6.475 69.748
116 127 6 7 4 0 100 100.000 3.025
116 127 7 8 4 0 100 100.000 3.885
116 127 8 9 4 0 100 100.000 3.473
116 127 9 10 4 0 100 100.000 3.135
116 127 10 11 4 0 100 48.541 3.253
116 127 11 12 4 0 100 100.000 3.299
116 127 12 13 4 0 100 100.000 3.105
116 127 13 14 4 0 100 100.000 3.066
116 127 14 15 4 0 100 81.132 3.273
116 127 15 16 4 0 100 90.740 3.143
116 127 16 17 4 0 100 91.312 3.207
116 127 17 18 4 0 100 100.000 2.815
116 127 18 19 4 0 100 100.000 3.468
116 127 19 20 4 0 100 100.000 3.138
116 127 20 21 4 0 100 31.415 3.284
116 127 21 22 4 0 100 100.000 3.033
116 127 22 23 4 0 100 100.000 2.831
116 127 23 24 4 0 100 7.167 93.473
116 127 24 25 4 0 100 100.000 2.322
116 127 25 26 4 0 100 100.000 3.211
116 127 26 27 4 0 100 7.280 95.349
116 127 27 28 4 0 100 15.686 53.505
116 127 28 29 4 0 100 10.942 80.331
116 127 29 30 4 0 100 6.056 99.999
116 127 30 31 4 0 100 11.327 67.013
116 127 31 32 4 0 100 9.730 77.823
116 127 32 33 4 0 100 12.110 80.542
116 127 33 34 4 0 100 95.381 49.876
116 127 34 35 4 0 100 11.116 95.018
116 127 35 36 4 0 100 29.504 67.920
116 127 36 37 4 0 100 70.510 69.564
116 127 37 38 4 0 100 20.415 54.016
116 127 38 39 4 0 100 90.544 90.086
116 127 40 41 4 0 100 63.340 65.840
116 127 41 42 4 0 100 33.104 95.609
116 127 42 100 4 0 100 88.841 70.527
127 4000 1 2 4 0 100 11.731 73.993
127 4000 2 3 4 0 100 5.948 100.000
127 4000 3 4 4 0 100 35.996 3.367
127 4000 4 5 4 0 100 100.000 3.029
127 4000 5 6 4 0 100 100.000 3.210
127 4000 6 7 4 0 100 61.494 3.355
127 4000 7 8 4 0 100 66.198 3.204
127 4000 8 9 4 0 100 100.000 3.057
127 4000 9 10 4 0 100 53.080 3.397
127 4000 10 11 4 0 100 74.475 3.304
127 4000 11 12 4 0 100 72.639 3.322
127 4000 12 13 4 0 100 66.655 3.393
127 4000 13 14 4 0 100 55.289 3.366
127 4000 14 15 4 0 100 52.407 3.355
127 4000 15 16 4 0 100 62.657 3.344
127 4000 16 17 4 0 100 76.120 3.035
127 4000 17 18 4 0 100 100.000 3.569
127 4000 18 19 4 0 100 64.970 3.357
127 4000 19 20 4 0 100 77.114 3.163
127 4000 20 21 4 0 100 75.145 3.288
127 4000 21 22 4 0 100 3.593 100.000
127 4000 22 23 4 0 100 70.052 3.387
127 4000 23 24 4 0 100 22.449 3.274
127 4000 24 25 4 0 100 100.000 3.400
127 4000 25 26 4 0 100 100.000 2.971
127 4000 26 27 4 0 100 11.224 55.092
127 4000 27 28 4 0 100 100.000 3.061
127 4000 28 29 4 0 100 5.510 99.982
127 4000 29 30 4 0 100 9.211 64.758
127 4000 30 31 4 0 100 22.047 59.262
127 4000 31 32 4 0 100 6.891 99.887
127 4000 32 33 4 0 100 8.328 99.104
127 4000 33 34 4 0 100 23.303 45.627
127 4000 34 35 4 0 100 11.279 88.526
127 4000 35 36 4 0 100 91.732 97.010
127 4000 37 38 4 0 100 27.434 38.999
127 4000 38 39 4 0 100 98.669 49.363
127 4000 39 40 4 0 100 25.003 49.792
127 4000 43 44 4 0 100 12.865 99.837
127 4000 44 100 4 0 100 81.099 69.604
