[quark]
{2 JetPt Rho 1 x TMath::Exp(-1.*x*[0]/[1])*TMath::Power(x,[0]-1)*TMath::Power([1]/[0],-1.*[0])/TMath::Gamma([0]) Correction QGL_axis2_QC_quark}
20 26 0 1 4 0 100 7.275 68.131
20 26 1 2 4 0 100 100.000 2.963
20 26 2 3 4 0 100 27.319 3.086
20 26 3 4 4 0 100 28.573 2.985
20 26 4 5 4 0 100 27.387 2.955
20 26 5 6 4 0 100 27.657 2.901
20 26 6 7 4 0 100 26.694 2.918
20 26 7 8 4 0 100 27.322 2.864
20 26 8 9 4 0 100 26.227 2.859
20 26 9 10 4 0 100 25.911 2.815
20 26 10 11 4 0 100 25.060 2.816
20 26 11 12 4 0 100 25.342 2.806
20 26 12 13 4 0 100 24.192 2.788
20 26 13 14 4 0 100 24.256 2.774
20 26 14 15 4 0 100 24.446 2.724
20 26 15 16 4 0 100 23.893 2.740
20 26 16 17 4 0 100 23.161 2.724
20 26 17 18 4 0 100 24.334 2.682
20 26 18 19 4 0 100 24.381 2.682
20 26 19 20 4 0 100 25.535 2.645
20 26 20 21 4 0 100 24.243 2.644
20 26 21 22 4 0 100 23.972 2.641
20 26 22 23 4 0 100 26.491 2.616
20 26 23 24 4 0 100 26.174 2.581
20 26 24 25 4 0 100 25.866 2.577
20 26 25 26 4 0 100 27.118 2.593
20 26 26 27 4 0 100 25.861 2.536
20 26 27 28 4 0 100 28.281 2.545
20 26 28 29 4 0 100 30.081 2.489
20 26 29 30 4 0 100 41.032 2.313
20 26 30 31 4 0 100 37.454 2.444
20 26 31 32 4 0 100 57.250 2.341
20 26 32 33 4 0 100 45.359 2.622
20 26 33 34 4 0 100 75.017 2.347
20 26 34 35 4 0 100 100.000 2.189
20 26 35 36 4 0 100 21.305 2.530
20 26 36 37 4 0 100 23.916 2.560
20 26 37 38 4 0 100 100.000 2.276
20 26 38 39 4 0 100 36.874 58.390
20 26 39 40 4 0 100 100.000 2.187
20 26 40 41 4 0 100 35.906 49.200
20 26 41 42 4 0 100 11.636 98.512
20 26 42 43 4 0 100 41.476 27.035
20 26 43 44 4 0 100 99.995 99.130
20 26 44 100 4 0 100 92.816 77.194
26 32 0 1 4 0 100 8.495 76.463
26 32 1 2 4 0 100 100.000 3.257
26 32 2 3 4 0 100 31.352 3.165
26 32 3 4 4 0 100 32.075 3.092
26 32 4 5 4 0 100 27.843 3.076
26 32 5 6 4 0 100 28.220 3.030
26 32 6 7 4 0 100 28.784 3.003
26 32 7 8 4 0 100 27.697 2.977
26 32 8 9 4 0 100 26.578 2.947
26 32 9 10 4 0 100 28.199 2.937
26 32 10 11 4 0 100 26.576 2.914
26 32 11 12 4 0 100 27.767 2.917
26 32 12 13 4 0 100 27.386 2.891
26 32 13 14 4 0 100 26.588 2.888
26 32 14 15 4 0 100 26.373 2.856
26 32 15 16 4 0 100 26.873 2.860
26 32 16 17 4 0 100 27.632 2.831
26 32 17 18 4 0 100 26.472 2.817
26 32 18 19 4 0 100 25.812 2.823
26 32 19 20 4 0 100 27.009 2.786
26 32 20 21 4 0 100 25.175 2.791
26 32 21 22 4 0 100 24.917 2.763
26 32 22 23 4 0 100 25.956 2.756
26 32 23 24 4 0 100 26.418 2.735
26 32 24 25 4 0 100 25.459 2.707
26 32 25 26 4 0 100 27.308 2.705
26 32 26 27 4 0 100 26.954 2.699
26 32 27 28 4 0 100 30.098 2.676
26 32 28 29 4 0 100 30.865 2.697
26 32 29 30 4 0 100 35.286 2.591
26 32 30 31 4 0 100 33.049 2.591
26 32 31 32 4 0 100 36.903 2.603
26 32 32 33 4 0 100 33.754 2.679
26 32 33 34 4 0 100 58.949 2.473
26 32 34 35 4 0 100 62.140 2.605
26 32 35 36 4 0 100 35.192 2.355
26 32 36 37 4 0 100 49.806 2.463
26 32 37 38 4 0 100 93.001 2.339
26 32 38 39 4 0 100 100.000 2.437
26 32 39 40 4 0 100 29.400 67.265
26 32 40 41 4 0 100 100.000 2.318
26 32 41 42 4 0 100 100.000 2.623
26 32 42 43 4 0 100 100.000 2.181
26 32 43 44 4 0 100 100.000 2.121
26 32 44 100 4 0 100 16.133 64.271
32 40 0 1 4 0 100 6.037 99.999
32 40 1 2 4 0 100 100.000 2.971
32 40 2 3 4 0 100 39.593 3.144
32 40 3 4 4 0 100 35.042 3.123
32 40 4 5 4 0 100 31.321 3.125
32 40 5 6 4 0 100 30.875 3.121
32 40 6 7 4 0 100 29.819 3.109
32 40 7 8 4 0 100 29.359 3.101
32 40 8 9 4 0 100 29.306 3.046
32 40 9 10 4 0 100 28.878 3.064
32 40 10 11 4 0 100 29.516 3.021
32 40 11 12 4 0 100 28.604 3.027
32 40 12 13 4 0 100 30.067 3.007
32 40 13 14 4 0 100 30.358 2.991
32 40 14 15 4 0 100 29.267 2.982
32 40 15 16 4 0 100 28.484 2.983
32 40 16 17 4 0 100 28.097 2.959
32 40 17 18 4 0 100 28.893 2.949
32 40 18 19 4 0 100 29.678 2.923
32 40 19 20 4 0 100 28.227 2.935
32 40 20 21 4 0 100 28.832 2.914
32 40 21 22 4 0 100 27.500 2.885
32 40 22 23 4 0 100 27.148 2.889
32 40 23 24 4 0 100 29.130 2.879
32 40 24 25 4 0 100 28.698 2.894
32 40 25 26 4 0 100 28.949 2.839
32 40 26 27 4 0 100 28.553 2.863
32 40 27 28 4 0 100 28.724 2.830
32 40 28 29 4 0 100 32.011 2.846
32 40 29 30 4 0 100 28.521 2.773
32 40 30 31 4 0 100 28.498 2.836
32 40 31 32 4 0 100 31.644 2.761
32 40 32 33 4 0 100 38.938 2.749
32 40 33 34 4 0 100 34.924 2.780
32 40 34 35 4 0 100 47.553 2.686
32 40 35 36 4 0 100 59.499 2.577
32 40 36 37 4 0 100 100.000 3.035
32 40 37 38 4 0 100 54.172 2.705
32 40 38 39 4 0 100 67.138 2.506
32 40 39 40 4 0 100 100.000 2.810
32 40 40 41 4 0 100 100.000 2.870
32 40 41 42 4 0 100 100.000 2.788
32 40 42 43 4 0 100 100.000 2.623
32 40 43 44 4 0 100 10.186 99.901
32 40 44 100 4 0 100 33.121 47.260
40 51 0 1 4 0 100 12.284 51.648
40 51 1 2 4 0 100 74.031 3.239
40 51 2 3 4 0 100 33.487 3.296
40 51 3 4 4 0 100 34.255 3.264
40 51 4 5 4 0 100 31.303 3.254
40 51 5 6 4 0 100 32.302 3.238
40 51 6 7 4 0 100 33.211 3.229
40 51 7 8 4 0 100 32.361 3.202
40 51 8 9 4 0 100 32.842 3.196
40 51 9 10 4 0 100 32.662 3.187
40 51 10 11 4 0 100 30.758 3.168
40 51 11 12 4 0 100 33.669 3.161
40 51 12 13 4 0 100 33.170 3.143
40 51 13 14 4 0 100 32.962 3.139
40 51 14 15 4 0 100 32.278 3.121
40 51 15 16 4 0 100 31.910 3.112
40 51 16 17 4 0 100 31.580 3.096
40 51 17 18 4 0 100 32.821 3.089
40 51 18 19 4 0 100 31.967 3.074
40 51 19 20 4 0 100 32.225 3.073
40 51 20 21 4 0 100 32.691 3.057
40 51 21 22 4 0 100 32.413 3.040
40 51 22 23 4 0 100 32.562 3.031
40 51 23 24 4 0 100 32.858 3.026
40 51 24 25 4 0 100 32.046 2.996
40 51 25 26 4 0 100 32.349 2.994
40 51 26 27 4 0 100 34.241 2.989
40 51 27 28 4 0 100 32.198 3.001
40 51 28 29 4 0 100 29.972 2.958
40 51 29 30 4 0 100 30.677 2.953
40 51 30 31 4 0 100 37.292 2.954
40 51 31 32 4 0 100 33.892 2.948
40 51 32 33 4 0 100 32.019 2.897
40 51 33 34 4 0 100 35.691 2.995
40 51 34 35 4 0 100 43.275 2.938
40 51 35 36 4 0 100 60.432 2.957
40 51 36 37 4 0 100 74.066 2.727
40 51 37 38 4 0 100 44.869 2.942
40 51 38 39 4 0 100 70.835 2.833
40 51 39 40 4 0 100 93.860 2.943
40 51 40 41 4 0 100 76.474 2.947
40 51 41 42 4 0 100 100.000 2.646
40 51 42 43 4 0 100 100.000 2.994
40 51 43 44 4 0 100 53.530 35.381
40 51 44 100 4 0 100 9.420 71.344
51 64 0 1 4 0 100 5.389 100.000
51 64 1 2 4 0 100 71.997 3.330
51 64 2 3 4 0 100 38.734 3.434
51 64 3 4 4 0 100 35.091 3.386
51 64 4 5 4 0 100 33.133 3.385
51 64 5 6 4 0 100 33.927 3.358
51 64 6 7 4 0 100 33.280 3.366
51 64 7 8 4 0 100 34.418 3.341
51 64 8 9 4 0 100 35.292 3.323
51 64 9 10 4 0 100 34.808 3.319
51 64 10 11 4 0 100 33.533 3.304
51 64 11 12 4 0 100 34.138 3.283
51 64 12 13 4 0 100 33.715 3.283
51 64 13 14 4 0 100 35.356 3.269
51 64 14 15 4 0 100 34.744 3.262
51 64 15 16 4 0 100 33.400 3.255
51 64 16 17 4 0 100 34.657 3.239
51 64 17 18 4 0 100 34.174 3.235
51 64 18 19 4 0 100 34.065 3.235
51 64 19 20 4 0 100 34.451 3.216
51 64 20 21 4 0 100 34.200 3.203
51 64 21 22 4 0 100 34.556 3.205
51 64 22 23 4 0 100 35.282 3.178
51 64 23 24 4 0 100 33.282 3.192
51 64 24 25 4 0 100 34.136 3.156
51 64 25 26 4 0 100 39.032 3.142
51 64 26 27 4 0 100 34.313 3.166
51 64 27 28 4 0 100 33.681 3.157
51 64 28 29 4 0 100 35.954 3.143
51 64 29 30 4 0 100 31.704 3.102
51 64 30 31 4 0 100 40.240 3.136
51 64 31 32 4 0 100 38.485 3.061
51 64 32 33 4 0 100 39.644 3.109
51 64 33 34 4 0 100 41.538 3.058
51 64 34 35 4 0 100 39.827 3.078
51 64 35 36 4 0 100 40.889 3.087
51 64 36 37 4 0 100 45.080 3.055
51 64 37 38 4 0 100 87.156 3.096
51 64 38 39 4 0 100 51.587 3.051
51 64 39 40 4 0 100 58.890 3.053
51 64 40 41 4 0 100 100.000 2.734
51 64 41 42 4 0 100 100.000 3.193
51 64 42 43 4 0 100 100.000 3.086
51 64 43 44 4 0 100 4.883 99.634
51 64 44 100 4 0 100 4.938 99.999
64 80 0 1 4 0 100 5.641 99.998
64 80 1 2 4 0 100 100.000 3.520
64 80 2 3 4 0 100 38.457 3.556
64 80 3 4 4 0 100 36.455 3.514
64 80 4 5 4 0 100 37.432 3.512
64 80 5 6 4 0 100 36.521 3.494
64 80 6 7 4 0 100 36.233 3.480
64 80 7 8 4 0 100 36.577 3.478
64 80 8 9 4 0 100 35.466 3.478
64 80 9 10 4 0 100 34.994 3.452
64 80 10 11 4 0 100 35.425 3.443
64 80 11 12 4 0 100 36.032 3.432
64 80 12 13 4 0 100 35.969 3.422
64 80 13 14 4 0 100 35.554 3.412
64 80 14 15 4 0 100 36.899 3.410
64 80 15 16 4 0 100 37.086 3.402
64 80 16 17 4 0 100 36.609 3.391
64 80 17 18 4 0 100 36.636 3.374
64 80 18 19 4 0 100 35.832 3.361
64 80 19 20 4 0 100 37.284 3.354
64 80 20 21 4 0 100 37.437 3.358
64 80 21 22 4 0 100 36.839 3.341
64 80 22 23 4 0 100 37.289 3.330
64 80 23 24 4 0 100 36.464 3.339
64 80 24 25 4 0 100 37.470 3.311
64 80 25 26 4 0 100 35.612 3.308
64 80 26 27 4 0 100 36.692 3.304
64 80 27 28 4 0 100 41.582 3.294
64 80 28 29 4 0 100 38.543 3.302
64 80 29 30 4 0 100 35.854 3.244
64 80 30 31 4 0 100 37.383 3.263
64 80 31 32 4 0 100 38.301 3.247
64 80 32 33 4 0 100 40.449 3.274
64 80 33 34 4 0 100 36.286 3.248
64 80 34 35 4 0 100 43.006 3.154
64 80 35 36 4 0 100 46.629 3.239
64 80 36 37 4 0 100 45.939 3.274
64 80 37 38 4 0 100 46.589 3.191
64 80 38 39 4 0 100 83.295 3.148
64 80 39 40 4 0 100 100.000 3.191
64 80 40 41 4 0 100 80.315 3.186
64 80 41 42 4 0 100 75.731 3.037
64 80 42 43 4 0 100 100.000 3.152
64 80 43 44 4 0 100 84.157 3.121
64 80 44 100 4 0 100 90.217 32.406
80 101 0 1 4 0 100 4.993 100.000
80 101 1 2 4 0 100 48.742 3.640
80 101 2 3 4 0 100 40.088 3.676
80 101 3 4 4 0 100 35.658 3.665
80 101 4 5 4 0 100 35.888 3.628
80 101 5 6 4 0 100 37.635 3.639
80 101 6 7 4 0 100 37.735 3.617
80 101 7 8 4 0 100 35.844 3.616
80 101 8 9 4 0 100 36.288 3.611
80 101 9 10 4 0 100 37.214 3.606
80 101 10 11 4 0 100 36.916 3.594
80 101 11 12 4 0 100 36.993 3.585
80 101 12 13 4 0 100 37.075 3.572
80 101 13 14 4 0 100 37.763 3.562
80 101 14 15 4 0 100 36.817 3.557
80 101 15 16 4 0 100 36.733 3.545
80 101 16 17 4 0 100 37.655 3.537
80 101 17 18 4 0 100 38.213 3.520
80 101 18 19 4 0 100 37.781 3.529
80 101 19 20 4 0 100 37.566 3.508
80 101 20 21 4 0 100 36.112 3.502
80 101 21 22 4 0 100 38.774 3.495
80 101 22 23 4 0 100 38.862 3.491
80 101 23 24 4 0 100 38.555 3.466
80 101 24 25 4 0 100 37.777 3.469
80 101 25 26 4 0 100 38.685 3.461
80 101 26 27 4 0 100 37.239 3.456
80 101 27 28 4 0 100 39.463 3.440
80 101 28 29 4 0 100 35.215 3.420
80 101 29 30 4 0 100 41.221 3.447
80 101 30 31 4 0 100 37.604 3.455
80 101 31 32 4 0 100 41.009 3.401
80 101 32 33 4 0 100 35.893 3.404
80 101 33 34 4 0 100 43.129 3.398
80 101 34 35 4 0 100 43.485 3.405
80 101 35 36 4 0 100 44.364 3.328
80 101 36 37 4 0 100 49.544 3.297
80 101 37 38 4 0 100 46.767 3.375
80 101 38 39 4 0 100 55.171 3.298
80 101 39 40 4 0 100 45.471 3.372
80 101 40 41 4 0 100 76.999 3.376
80 101 41 42 4 0 100 85.305 3.382
80 101 42 43 4 0 100 100.000 3.106
80 101 43 44 4 0 100 99.422 3.238
80 101 44 100 4 0 100 100.000 2.975
101 127 0 1 4 0 100 5.196 99.977
101 127 1 2 4 0 100 52.444 3.854
101 127 2 3 4 0 100 38.084 3.814
101 127 3 4 4 0 100 39.320 3.811
101 127 4 5 4 0 100 37.492 3.802
101 127 5 6 4 0 100 39.625 3.797
101 127 6 7 4 0 100 37.821 3.771
101 127 7 8 4 0 100 37.734 3.759
101 127 8 9 4 0 100 37.477 3.755
101 127 9 10 4 0 100 38.018 3.738
101 127 10 11 4 0 100 38.342 3.737
101 127 11 12 4 0 100 38.222 3.730
101 127 12 13 4 0 100 38.012 3.725
101 127 13 14 4 0 100 38.761 3.722
101 127 14 15 4 0 100 39.509 3.710
101 127 15 16 4 0 100 38.699 3.699
101 127 16 17 4 0 100 39.259 3.691
101 127 17 18 4 0 100 38.573 3.689
101 127 18 19 4 0 100 39.528 3.674
101 127 19 20 4 0 100 37.984 3.660
101 127 20 21 4 0 100 38.164 3.666
101 127 21 22 4 0 100 39.666 3.658
101 127 22 23 4 0 100 38.846 3.641
101 127 23 24 4 0 100 39.630 3.630
101 127 24 25 4 0 100 40.200 3.623
101 127 25 26 4 0 100 38.263 3.620
101 127 26 27 4 0 100 38.281 3.615
101 127 27 28 4 0 100 39.305 3.608
101 127 28 29 4 0 100 42.054 3.619
101 127 29 30 4 0 100 37.366 3.581
101 127 30 31 4 0 100 38.224 3.579
101 127 31 32 4 0 100 42.662 3.590
101 127 32 33 4 0 100 45.897 3.563
101 127 33 34 4 0 100 39.323 3.554
101 127 34 35 4 0 100 46.346 3.539
101 127 35 36 4 0 100 42.979 3.556
101 127 36 37 4 0 100 47.215 3.521
101 127 37 38 4 0 100 58.494 3.503
101 127 38 39 4 0 100 58.206 3.488
101 127 39 40 4 0 100 74.037 3.680
101 127 40 41 4 0 100 87.478 3.537
101 127 41 42 4 0 100 74.854 3.520
101 127 42 43 4 0 100 100.000 3.468
101 127 43 44 4 0 100 100.000 3.368
101 127 44 100 4 0 100 100.000 3.445
127 159 0 1 4 0 100 100.000 4.038
127 159 1 2 4 0 100 48.348 3.948
127 159 2 3 4 0 100 41.014 3.977
127 159 3 4 4 0 100 42.591 3.953
127 159 4 5 4 0 100 37.240 3.931
127 159 5 6 4 0 100 38.023 3.938
127 159 6 7 4 0 100 39.162 3.933
127 159 7 8 4 0 100 38.988 3.912
127 159 8 9 4 0 100 39.191 3.909
127 159 9 10 4 0 100 39.366 3.900
127 159 10 11 4 0 100 39.395 3.889
127 159 11 12 4 0 100 39.836 3.885
127 159 12 13 4 0 100 39.746 3.874
127 159 13 14 4 0 100 39.440 3.870
127 159 14 15 4 0 100 40.370 3.864
127 159 15 16 4 0 100 40.270 3.856
127 159 16 17 4 0 100 39.922 3.861
127 159 17 18 4 0 100 39.486 3.845
127 159 18 19 4 0 100 40.838 3.839
127 159 19 20 4 0 100 39.380 3.822
127 159 20 21 4 0 100 40.596 3.819
127 159 21 22 4 0 100 40.987 3.810
127 159 22 23 4 0 100 40.843 3.812
127 159 23 24 4 0 100 39.713 3.792
127 159 24 25 4 0 100 40.089 3.794
127 159 25 26 4 0 100 40.684 3.770
127 159 26 27 4 0 100 42.907 3.775
127 159 27 28 4 0 100 43.622 3.751
127 159 28 29 4 0 100 41.635 3.741
127 159 29 30 4 0 100 40.903 3.742
127 159 30 31 4 0 100 41.721 3.768
127 159 31 32 4 0 100 39.592 3.726
127 159 32 33 4 0 100 41.389 3.713
127 159 33 34 4 0 100 48.653 3.705
127 159 34 35 4 0 100 43.434 3.697
127 159 35 36 4 0 100 49.508 3.716
127 159 36 37 4 0 100 51.372 3.716
127 159 37 38 4 0 100 45.182 3.628
127 159 38 39 4 0 100 53.856 3.649
127 159 39 40 4 0 100 62.374 3.748
127 159 40 41 4 0 100 87.401 3.622
127 159 41 42 4 0 100 70.433 3.683
127 159 42 43 4 0 100 64.689 3.512
127 159 43 44 4 0 100 100.000 3.671
127 159 44 100 4 0 100 100.000 3.764
159 201 0 1 4 0 100 16.992 41.081
159 201 1 2 4 0 100 54.697 4.065
159 201 2 3 4 0 100 38.316 4.070
159 201 3 4 4 0 100 39.364 4.092
159 201 4 5 4 0 100 39.180 4.081
159 201 5 6 4 0 100 39.844 4.074
159 201 6 7 4 0 100 39.686 4.076
159 201 7 8 4 0 100 39.822 4.077
159 201 8 9 4 0 100 39.758 4.074
159 201 9 10 4 0 100 40.289 4.071
159 201 10 11 4 0 100 40.106 4.067
159 201 11 12 4 0 100 40.139 4.057
159 201 12 13 4 0 100 40.199 4.048
159 201 13 14 4 0 100 40.480 4.037
159 201 14 15 4 0 100 39.953 4.039
159 201 15 16 4 0 100 41.397 4.023
159 201 16 17 4 0 100 40.393 4.019
159 201 17 18 4 0 100 41.620 4.010
159 201 18 19 4 0 100 40.536 3.994
159 201 19 20 4 0 100 41.335 3.998
159 201 20 21 4 0 100 41.485 3.993
159 201 21 22 4 0 100 39.953 3.971
159 201 22 23 4 0 100 41.375 3.969
159 201 23 24 4 0 100 41.537 3.955
159 201 24 25 4 0 100 40.717 3.958
159 201 25 26 4 0 100 41.147 3.950
159 201 26 27 4 0 100 41.289 3.934
159 201 27 28 4 0 100 42.839 3.941
159 201 28 29 4 0 100 43.013 3.927
159 201 29 30 4 0 100 41.683 3.904
159 201 30 31 4 0 100 41.605 3.900
159 201 31 32 4 0 100 44.532 3.911
159 201 32 33 4 0 100 41.320 3.873
159 201 33 34 4 0 100 46.305 3.896
159 201 34 35 4 0 100 54.618 3.872
159 201 35 36 4 0 100 47.450 3.898
159 201 36 37 4 0 100 43.643 3.862
159 201 37 38 4 0 100 54.630 3.813
159 201 38 39 4 0 100 52.385 3.839
159 201 39 40 4 0 100 47.108 3.782
159 201 40 41 4 0 100 53.219 3.813
159 201 41 42 4 0 100 65.558 3.763
159 201 42 43 4 0 100 95.363 3.938
159 201 43 44 4 0 100 100.000 3.958
159 201 44 100 4 0 100 44.704 3.530
201 252 0 1 4 0 100 4.096 100.000
201 252 1 2 4 0 100 85.675 4.236
201 252 2 3 4 0 100 42.296 4.282
201 252 3 4 4 0 100 39.604 4.261
201 252 4 5 4 0 100 39.857 4.253
201 252 5 6 4 0 100 39.880 4.239
201 252 6 7 4 0 100 39.999 4.245
201 252 7 8 4 0 100 40.491 4.241
201 252 8 9 4 0 100 40.872 4.235
201 252 9 10 4 0 100 41.643 4.235
201 252 10 11 4 0 100 41.339 4.219
201 252 11 12 4 0 100 40.480 4.208
201 252 12 13 4 0 100 41.866 4.218
201 252 13 14 4 0 100 42.523 4.198
201 252 14 15 4 0 100 42.062 4.197
201 252 15 16 4 0 100 40.828 4.191
201 252 16 17 4 0 100 41.250 4.180
201 252 17 18 4 0 100 43.307 4.183
201 252 18 19 4 0 100 42.009 4.170
201 252 19 20 4 0 100 41.765 4.150
201 252 20 21 4 0 100 42.625 4.165
201 252 21 22 4 0 100 41.992 4.157
201 252 22 23 4 0 100 42.403 4.130
201 252 23 24 4 0 100 41.793 4.125
201 252 24 25 4 0 100 43.969 4.127
201 252 25 26 4 0 100 42.592 4.124
201 252 26 27 4 0 100 42.069 4.116
201 252 27 28 4 0 100 43.193 4.101
201 252 28 29 4 0 100 45.655 4.094
201 252 29 30 4 0 100 43.006 4.057
201 252 30 31 4 0 100 44.289 4.087
201 252 31 32 4 0 100 44.759 4.078
201 252 32 33 4 0 100 46.645 4.046
201 252 33 34 4 0 100 43.852 4.063
201 252 34 35 4 0 100 46.163 4.069
201 252 35 36 4 0 100 49.290 4.027
201 252 36 37 4 0 100 49.509 4.068
201 252 37 38 4 0 100 56.141 4.021
201 252 38 39 4 0 100 64.767 4.034
201 252 39 40 4 0 100 65.775 4.041
201 252 40 41 4 0 100 70.673 4.137
201 252 41 42 4 0 100 97.031 3.953
201 252 42 43 4 0 100 100.000 4.217
201 252 43 44 4 0 100 64.486 3.889
201 252 44 100 4 0 100 10.194 54.893
252 317 0 1 4 0 100 12.959 37.001
252 317 1 2 4 0 100 64.517 4.412
252 317 2 3 4 0 100 45.631 4.462
252 317 3 4 4 0 100 42.067 4.387
252 317 4 5 4 0 100 41.468 4.410
252 317 5 6 4 0 100 41.209 4.400
252 317 6 7 4 0 100 41.495 4.408
252 317 7 8 4 0 100 42.334 4.389
252 317 8 9 4 0 100 42.894 4.395
252 317 9 10 4 0 100 42.737 4.394
252 317 10 11 4 0 100 42.490 4.383
252 317 11 12 4 0 100 43.673 4.380
252 317 12 13 4 0 100 43.354 4.372
252 317 13 14 4 0 100 43.518 4.378
252 317 14 15 4 0 100 42.806 4.359
252 317 15 16 4 0 100 43.144 4.352
252 317 16 17 4 0 100 43.576 4.358
252 317 17 18 4 0 100 44.694 4.349
252 317 18 19 4 0 100 42.948 4.335
252 317 19 20 4 0 100 44.818 4.330
252 317 20 21 4 0 100 44.461 4.322
252 317 21 22 4 0 100 43.799 4.321
252 317 22 23 4 0 100 42.299 4.302
252 317 23 24 4 0 100 44.203 4.310
252 317 24 25 4 0 100 45.017 4.301
252 317 25 26 4 0 100 44.649 4.290
252 317 26 27 4 0 100 45.889 4.286
252 317 27 28 4 0 100 45.719 4.279
252 317 28 29 4 0 100 46.687 4.263
252 317 29 30 4 0 100 47.892 4.243
252 317 30 31 4 0 100 43.881 4.255
252 317 31 32 4 0 100 44.816 4.233
252 317 32 33 4 0 100 42.795 4.208
252 317 33 34 4 0 100 45.657 4.203
252 317 34 35 4 0 100 46.467 4.230
252 317 35 36 4 0 100 52.394 4.223
252 317 36 37 4 0 100 58.492 4.224
252 317 37 38 4 0 100 48.903 4.083
252 317 38 39 4 0 100 60.202 4.160
252 317 39 40 4 0 100 59.191 4.103
252 317 40 41 4 0 100 73.666 4.131
252 317 41 42 4 0 100 80.001 4.155
252 317 42 43 4 0 100 100.000 4.120
252 317 43 44 4 0 100 88.570 4.091
252 317 44 100 4 0 100 100.000 4.406
317 400 0 1 4 0 100 80.509 26.815
317 400 1 2 4 0 100 67.709 4.654
317 400 2 3 4 0 100 45.932 4.539
317 400 3 4 4 0 100 42.040 4.547
317 400 4 5 4 0 100 45.441 4.577
317 400 5 6 4 0 100 44.120 4.557
317 400 6 7 4 0 100 44.482 4.569
317 400 7 8 4 0 100 44.594 4.567
317 400 8 9 4 0 100 46.011 4.570
317 400 9 10 4 0 100 45.046 4.564
317 400 10 11 4 0 100 43.035 4.541
317 400 11 12 4 0 100 45.011 4.555
317 400 12 13 4 0 100 44.534 4.544
317 400 13 14 4 0 100 45.475 4.538
317 400 14 15 4 0 100 44.880 4.537
317 400 15 16 4 0 100 46.421 4.531
317 400 16 17 4 0 100 46.300 4.532
317 400 17 18 4 0 100 44.857 4.515
317 400 18 19 4 0 100 44.892 4.510
317 400 19 20 4 0 100 46.215 4.507
317 400 20 21 4 0 100 46.535 4.499
317 400 21 22 4 0 100 44.965 4.495
317 400 22 23 4 0 100 46.754 4.484
317 400 23 24 4 0 100 47.000 4.470
317 400 24 25 4 0 100 45.592 4.453
317 400 25 26 4 0 100 47.206 4.471
317 400 26 27 4 0 100 46.697 4.444
317 400 27 28 4 0 100 47.377 4.438
317 400 28 29 4 0 100 45.573 4.455
317 400 29 30 4 0 100 49.039 4.434
317 400 30 31 4 0 100 49.053 4.414
317 400 31 32 4 0 100 47.135 4.415
317 400 32 33 4 0 100 48.438 4.393
317 400 33 34 4 0 100 50.327 4.406
317 400 34 35 4 0 100 51.925 4.432
317 400 35 36 4 0 100 51.049 4.379
317 400 36 37 4 0 100 54.442 4.407
317 400 37 38 4 0 100 53.959 4.362
317 400 38 39 4 0 100 57.392 4.343
317 400 39 40 4 0 100 65.850 4.380
317 400 40 41 4 0 100 63.871 4.345
317 400 41 42 4 0 100 77.363 4.394
317 400 42 43 4 0 100 65.803 4.244
317 400 43 44 4 0 100 100.000 4.268
317 400 44 100 4 0 100 100.000 4.344
400 503 0 1 4 0 100 100.000 4.696
400 503 1 2 4 0 100 52.038 4.716
400 503 2 3 4 0 100 50.043 4.744
400 503 3 4 4 0 100 47.054 4.730
400 503 4 5 4 0 100 45.013 4.725
400 503 5 6 4 0 100 45.885 4.741
400 503 6 7 4 0 100 46.282 4.726
400 503 7 8 4 0 100 45.414 4.727
400 503 8 9 4 0 100 46.214 4.723
400 503 9 10 4 0 100 48.441 4.742
400 503 10 11 4 0 100 46.556 4.716
400 503 11 12 4 0 100 47.877 4.723
400 503 12 13 4 0 100 47.445 4.716
400 503 13 14 4 0 100 47.749 4.710
400 503 14 15 4 0 100 47.284 4.716
400 503 15 16 4 0 100 49.022 4.702
400 503 16 17 4 0 100 47.238 4.698
400 503 17 18 4 0 100 47.340 4.696
400 503 18 19 4 0 100 47.118 4.683
400 503 19 20 4 0 100 48.326 4.696
400 503 20 21 4 0 100 48.022 4.675
400 503 21 22 4 0 100 48.529 4.680
400 503 22 23 4 0 100 49.082 4.664
400 503 23 24 4 0 100 49.097 4.640
400 503 24 25 4 0 100 48.619 4.655
400 503 25 26 4 0 100 50.039 4.629
400 503 26 27 4 0 100 48.752 4.627
400 503 27 28 4 0 100 48.580 4.630
400 503 28 29 4 0 100 50.337 4.620
400 503 29 30 4 0 100 51.875 4.613
400 503 30 31 4 0 100 51.188 4.582
400 503 31 32 4 0 100 52.341 4.606
400 503 32 33 4 0 100 52.403 4.577
400 503 33 34 4 0 100 53.377 4.599
400 503 34 35 4 0 100 50.514 4.569
400 503 35 36 4 0 100 62.569 4.634
400 503 36 37 4 0 100 62.599 4.622
400 503 37 38 4 0 100 77.326 4.653
400 503 38 39 4 0 100 83.667 4.625
400 503 39 40 4 0 100 97.672 4.551
400 503 40 41 4 0 100 100.000 4.689
400 503 41 42 4 0 100 71.288 4.453
400 503 42 43 4 0 100 93.586 4.469
400 503 43 44 4 0 100 100.000 4.615
400 503 44 100 4 0 100 100.000 3.765
503 633 0 1 4 0 100 4.351 100.000
503 633 1 2 4 0 100 93.939 5.040
503 633 2 3 4 0 100 49.989 4.888
503 633 3 4 4 0 100 49.153 4.880
503 633 4 5 4 0 100 50.279 4.917
503 633 5 6 4 0 100 51.766 4.924
503 633 6 7 4 0 100 50.299 4.921
503 633 7 8 4 0 100 50.461 4.911
503 633 8 9 4 0 100 49.924 4.899
503 633 9 10 4 0 100 49.057 4.902
503 633 10 11 4 0 100 49.896 4.902
503 633 11 12 4 0 100 49.062 4.904
503 633 12 13 4 0 100 50.888 4.900
503 633 13 14 4 0 100 49.714 4.907
503 633 14 15 4 0 100 51.268 4.885
503 633 15 16 4 0 100 51.692 4.888
503 633 16 17 4 0 100 48.651 4.873
503 633 17 18 4 0 100 50.823 4.870
503 633 18 19 4 0 100 50.841 4.861
503 633 19 20 4 0 100 52.899 4.866
503 633 20 21 4 0 100 50.681 4.858
503 633 21 22 4 0 100 52.665 4.852
503 633 22 23 4 0 100 52.282 4.836
503 633 23 24 4 0 100 52.601 4.839
503 633 24 25 4 0 100 53.229 4.816
503 633 25 26 4 0 100 50.305 4.838
503 633 26 27 4 0 100 52.669 4.818
503 633 27 28 4 0 100 52.596 4.812
503 633 28 29 4 0 100 58.880 4.815
503 633 29 30 4 0 100 53.195 4.780
503 633 30 31 4 0 100 55.669 4.778
503 633 31 32 4 0 100 53.127 4.773
503 633 32 33 4 0 100 64.328 4.832
503 633 33 34 4 0 100 60.043 4.784
503 633 34 35 4 0 100 62.989 4.773
503 633 35 36 4 0 100 61.832 4.788
503 633 36 37 4 0 100 63.592 4.723
503 633 37 38 4 0 100 65.473 4.726
503 633 38 39 4 0 100 70.553 4.703
503 633 39 40 4 0 100 77.938 4.633
503 633 40 41 4 0 100 100.000 4.656
503 633 41 42 4 0 100 100.000 4.612
503 633 42 43 4 0 100 100.000 4.791
503 633 43 44 4 0 100 100.000 4.820
503 633 44 100 4 0 100 100.000 4.694
633 797 0 1 4 0 100 4.418 100.000
633 797 1 2 4 0 100 100.000 5.221
633 797 2 3 4 0 100 57.369 5.086
633 797 3 4 4 0 100 55.993 5.091
633 797 4 5 4 0 100 55.707 5.090
633 797 5 6 4 0 100 51.355 5.091
633 797 6 7 4 0 100 51.407 5.064
633 797 7 8 4 0 100 52.811 5.077
633 797 8 9 4 0 100 52.294 5.080
633 797 9 10 4 0 100 53.921 5.086
633 797 10 11 4 0 100 53.832 5.084
633 797 11 12 4 0 100 54.143 5.098
633 797 12 13 4 0 100 52.708 5.067
633 797 13 14 4 0 100 52.495 5.064
633 797 14 15 4 0 100 53.234 5.073
633 797 15 16 4 0 100 56.367 5.073
633 797 16 17 4 0 100 55.228 5.058
633 797 17 18 4 0 100 54.296 5.068
633 797 18 19 4 0 100 55.690 5.055
633 797 19 20 4 0 100 56.289 5.058
633 797 20 21 4 0 100 56.241 5.043
633 797 21 22 4 0 100 54.557 5.039
633 797 22 23 4 0 100 57.305 5.035
633 797 23 24 4 0 100 58.074 5.028
633 797 24 25 4 0 100 53.907 5.024
633 797 25 26 4 0 100 55.354 5.028
633 797 26 27 4 0 100 56.747 5.005
633 797 27 28 4 0 100 60.209 5.025
633 797 28 29 4 0 100 57.993 4.996
633 797 29 30 4 0 100 57.694 5.001
633 797 30 31 4 0 100 60.046 5.013
633 797 31 32 4 0 100 57.485 4.979
633 797 32 33 4 0 100 63.401 4.945
633 797 33 34 4 0 100 65.187 4.958
633 797 34 35 4 0 100 76.140 4.965
633 797 35 36 4 0 100 67.890 4.903
633 797 36 37 4 0 100 87.314 4.947
633 797 37 38 4 0 100 91.896 4.999
633 797 38 39 4 0 100 98.144 5.064
633 797 39 40 4 0 100 93.897 4.960
633 797 40 41 4 0 100 100.000 4.982
633 797 41 42 4 0 100 100.000 5.209
633 797 42 43 4 0 100 100.000 5.045
633 797 43 44 4 0 100 100.000 4.428
633 797 44 100 4 0 100 100.000 4.909
797 1003 0 1 4 0 100 4.945 99.998
797 1003 1 2 4 0 100 100.000 5.309
797 1003 2 3 4 0 100 69.202 5.235
797 1003 3 4 4 0 100 60.902 5.250
797 1003 4 5 4 0 100 59.673 5.277
797 1003 5 6 4 0 100 58.579 5.261
797 1003 6 7 4 0 100 59.082 5.260
797 1003 7 8 4 0 100 57.659 5.272
797 1003 8 9 4 0 100 54.784 5.265
797 1003 9 10 4 0 100 55.316 5.259
797 1003 10 11 4 0 100 57.697 5.276
797 1003 11 12 4 0 100 59.791 5.264
797 1003 12 13 4 0 100 58.911 5.276
797 1003 13 14 4 0 100 56.737 5.267
797 1003 14 15 4 0 100 58.011 5.269
797 1003 15 16 4 0 100 59.309 5.267
797 1003 16 17 4 0 100 62.094 5.262
797 1003 17 18 4 0 100 56.925 5.244
797 1003 18 19 4 0 100 58.332 5.239
797 1003 19 20 4 0 100 61.459 5.255
797 1003 20 21 4 0 100 59.819 5.215
797 1003 21 22 4 0 100 61.873 5.229
797 1003 22 23 4 0 100 61.066 5.240
797 1003 23 24 4 0 100 62.604 5.222
797 1003 24 25 4 0 100 59.726 5.212
797 1003 25 26 4 0 100 60.249 5.196
797 1003 26 27 4 0 100 63.263 5.236
797 1003 27 28 4 0 100 62.847 5.176
797 1003 28 29 4 0 100 63.739 5.164
797 1003 29 30 4 0 100 69.128 5.147
797 1003 30 31 4 0 100 76.510 5.244
797 1003 31 32 4 0 100 67.824 5.185
797 1003 32 33 4 0 100 83.016 5.165
797 1003 33 34 4 0 100 78.022 5.091
797 1003 34 35 4 0 100 95.039 5.241
797 1003 35 36 4 0 100 100.000 5.201
797 1003 36 37 4 0 100 87.691 5.147
797 1003 37 38 4 0 100 97.855 5.191
797 1003 38 39 4 0 100 100.000 5.218
797 1003 39 40 4 0 100 100.000 5.250
797 1003 40 41 4 0 100 100.000 5.071
797 1003 41 42 4 0 100 100.000 4.941
797 1003 42 43 4 0 100 100.000 5.580
797 1003 43 44 4 0 100 92.699 17.409
797 1003 44 100 4 0 100 39.016 36.716
1003 1262 1 2 4 0 100 100.000 5.657
1003 1262 2 3 4 0 100 74.799 5.424
1003 1262 3 4 4 0 100 65.809 5.477
1003 1262 4 5 4 0 100 64.754 5.475
1003 1262 5 6 4 0 100 61.276 5.465
1003 1262 6 7 4 0 100 60.483 5.432
1003 1262 7 8 4 0 100 59.690 5.427
1003 1262 8 9 4 0 100 66.488 5.473
1003 1262 9 10 4 0 100 62.444 5.438
1003 1262 10 11 4 0 100 59.039 5.457
1003 1262 11 12 4 0 100 63.997 5.469
1003 1262 12 13 4 0 100 63.950 5.458
1003 1262 13 14 4 0 100 66.688 5.464
1003 1262 14 15 4 0 100 63.615 5.451
1003 1262 15 16 4 0 100 62.760 5.453
1003 1262 16 17 4 0 100 67.817 5.471
1003 1262 17 18 4 0 100 64.542 5.455
1003 1262 18 19 4 0 100 65.600 5.433
1003 1262 19 20 4 0 100 65.174 5.446
1003 1262 20 21 4 0 100 67.034 5.437
1003 1262 21 22 4 0 100 67.274 5.448
1003 1262 22 23 4 0 100 68.041 5.409
1003 1262 23 24 4 0 100 60.080 5.398
1003 1262 24 25 4 0 100 66.046 5.393
1003 1262 25 26 4 0 100 71.955 5.416
1003 1262 26 27 4 0 100 73.764 5.426
1003 1262 27 28 4 0 100 67.377 5.351
1003 1262 28 29 4 0 100 86.897 5.407
1003 1262 29 30 4 0 100 74.521 5.318
1003 1262 30 31 4 0 100 98.845 5.480
1003 1262 31 32 4 0 100 100.000 5.360
1003 1262 32 33 4 0 100 99.513 5.362
1003 1262 33 34 4 0 100 100.000 5.313
1003 1262 34 35 4 0 100 100.000 5.345
1003 1262 35 36 4 0 100 100.000 5.161
1003 1262 36 37 4 0 100 100.000 5.401
1003 1262 37 38 4 0 100 100.000 5.481
1003 1262 38 39 4 0 100 92.748 21.818
1003 1262 39 40 4 0 100 13.749 34.513
1003 1262 40 41 4 0 100 100.000 5.574
1003 1262 41 42 4 0 100 4.008 100.000
1003 1262 42 43 4 0 100 4.400 100.000
1003 1262 43 44 4 0 100 59.840 17.662
1003 1262 44 100 4 0 100 4.001 100.000
1262 1589 1 2 4 0 100 3.533 100.000
1262 1589 2 3 4 0 100 100.000 5.690
1262 1589 3 4 4 0 100 100.000 5.583
1262 1589 4 5 4 0 100 92.123 5.632
1262 1589 5 6 4 0 100 69.696 5.670
1262 1589 6 7 4 0 100 63.409 5.612
1262 1589 7 8 4 0 100 66.265 5.646
1262 1589 8 9 4 0 100 73.142 5.653
1262 1589 9 10 4 0 100 71.541 5.671
1262 1589 10 11 4 0 100 71.928 5.649
1262 1589 11 12 4 0 100 74.054 5.662
1262 1589 12 13 4 0 100 66.275 5.662
1262 1589 13 14 4 0 100 69.433 5.659
1262 1589 14 15 4 0 100 72.424 5.638
1262 1589 15 16 4 0 100 66.693 5.636
1262 1589 16 17 4 0 100 69.560 5.656
1262 1589 17 18 4 0 100 65.730 5.608
1262 1589 18 19 4 0 100 76.210 5.648
1262 1589 19 20 4 0 100 66.523 5.588
1262 1589 20 21 4 0 100 82.591 5.692
1262 1589 21 22 4 0 100 76.291 5.620
1262 1589 22 23 4 0 100 73.915 5.591
1262 1589 23 24 4 0 100 81.815 5.645
1262 1589 24 25 4 0 100 83.829 5.636
1262 1589 25 26 4 0 100 100.000 5.653
1262 1589 26 27 4 0 100 100.000 5.575
1262 1589 27 28 4 0 100 82.558 5.615
1262 1589 28 29 4 0 100 100.000 5.472
1262 1589 29 30 4 0 100 100.000 5.470
1262 1589 30 31 4 0 100 100.000 5.570
1262 1589 31 32 4 0 100 100.000 5.543
1262 1589 32 33 4 0 100 100.000 5.534
1262 1589 33 34 4 0 100 100.000 5.739
1262 1589 34 35 4 0 100 100.000 5.748
1262 1589 35 36 4 0 100 100.000 5.907
1262 1589 36 37 4 0 100 100.000 5.696
1262 1589 37 38 4 0 100 52.788 5.511
1262 1589 38 39 4 0 100 100.000 5.880
1262 1589 39 40 4 0 100 3.898 100.000
1262 1589 40 41 4 0 100 4.676 99.999
1262 1589 41 42 4 0 100 4.499 100.000
1262 1589 42 43 4 0 100 10.039 84.638
1262 1589 43 100 4 0 100 5.868 99.209
1589 2000 1 2 4 0 100 4.487 100.000
1589 2000 3 4 4 0 100 100.000 5.734
1589 2000 4 5 4 0 100 100.000 5.738
1589 2000 5 6 4 0 100 100.000 5.934
1589 2000 6 7 4 0 100 100.000 5.732
1589 2000 7 8 4 0 100 84.577 5.836
1589 2000 8 9 4 0 100 97.500 5.842
1589 2000 9 10 4 0 100 81.705 5.857
1589 2000 10 11 4 0 100 80.674 5.881
1589 2000 11 12 4 0 100 82.008 5.842
1589 2000 12 13 4 0 100 73.685 5.769
1589 2000 13 14 4 0 100 83.580 5.771
1589 2000 14 15 4 0 100 93.077 5.837
1589 2000 15 16 4 0 100 76.780 5.803
1589 2000 16 17 4 0 100 96.155 5.769
1589 2000 17 18 4 0 100 100.000 5.829
1589 2000 18 19 4 0 100 94.631 5.844
1589 2000 19 20 4 0 100 84.740 5.822
1589 2000 20 21 4 0 100 100.000 5.726
1589 2000 21 22 4 0 100 100.000 5.785
1589 2000 22 23 4 0 100 100.000 5.833
1589 2000 23 24 4 0 100 100.000 5.797
1589 2000 24 25 4 0 100 100.000 5.896
1589 2000 25 26 4 0 100 100.000 5.655
1589 2000 26 27 4 0 100 100.000 5.787
1589 2000 27 28 4 0 100 100.000 5.786
1589 2000 28 29 4 0 100 100.000 6.114
1589 2000 29 30 4 0 100 71.524 5.806
1589 2000 30 31 4 0 100 3.518 100.000
1589 2000 31 32 4 0 100 3.311 100.000
1589 2000 32 33 4 0 100 3.309 99.924
1589 2000 33 34 4 0 100 3.913 100.000
1589 2000 34 35 4 0 100 3.775 100.000
1589 2000 35 36 4 0 100 13.320 34.054
1589 2000 37 38 4 0 100 5.027 99.998
1589 2000 38 39 4 0 100 12.559 45.153
1589 2000 40 41 4 0 100 8.762 62.065
1589 2000 41 42 4 0 100 8.195 79.137
1589 2000 43 100 4 0 100 9.452 93.407
2000 4000 2 3 4 0 100 5.049 100.000
2000 4000 3 4 4 0 100 4.693 100.000
2000 4000 4 5 4 0 100 3.977 100.000
2000 4000 5 6 4 0 100 3.693 100.000
2000 4000 6 7 4 0 100 3.060 100.000
2000 4000 7 8 4 0 100 100.000 6.185
2000 4000 8 9 4 0 100 34.510 38.361
2000 4000 9 10 4 0 100 2.576 72.930
2000 4000 10 11 4 0 100 100.000 6.331
2000 4000 11 12 4 0 100 100.000 6.129
2000 4000 12 13 4 0 100 100.000 6.130
2000 4000 13 14 4 0 100 3.015 70.747
2000 4000 14 15 4 0 100 2.512 100.000
2000 4000 15 16 4 0 100 3.098 58.178
2000 4000 16 17 4 0 100 71.244 22.352
2000 4000 17 18 4 0 100 65.360 5.884
2000 4000 18 19 4 0 100 100.000 6.175
2000 4000 19 20 4 0 100 2.720 100.000
2000 4000 20 21 4 0 100 3.321 100.000
2000 4000 21 22 4 0 100 3.132 100.000
2000 4000 22 23 4 0 100 3.014 100.000
2000 4000 24 25 4 0 100 3.733 100.000
2000 4000 25 26 4 0 100 4.703 99.999
2000 4000 26 27 4 0 100 4.411 100.000
2000 4000 27 28 4 0 100 4.320 100.000
2000 4000 28 29 4 0 100 6.493 95.217
2000 4000 29 30 4 0 100 99.021 47.920
2000 4000 31 32 4 0 100 4.854 100.000
2000 4000 37 100 4 0 100 7.721 74.989
[gluon]
{2 JetPt Rho 1 x TMath::Exp(-1.*x*[0]/[1])*TMath::Power(x,[0]-1)*TMath::Power([1]/[0],-1.*[0])/TMath::Gamma([0]) Correction QGL_axis2_QC_gluon}
20 26 0 1 4 0 100 100.000 2.537
20 26 1 2 4 0 100 39.157 2.631
20 26 2 3 4 0 100 35.029 2.616
20 26 3 4 4 0 100 35.688 2.576
20 26 4 5 4 0 100 33.074 2.574
20 26 5 6 4 0 100 34.180 2.548
20 26 6 7 4 0 100 33.601 2.527
20 26 7 8 4 0 100 33.284 2.512
20 26 8 9 4 0 100 33.050 2.497
20 26 9 10 4 0 100 33.150 2.479
20 26 10 11 4 0 100 33.598 2.458
20 26 11 12 4 0 100 32.216 2.452
20 26 12 13 4 0 100 32.576 2.437
20 26 13 14 4 0 100 32.914 2.424
20 26 14 15 4 0 100 32.942 2.412
20 26 15 16 4 0 100 32.100 2.403
20 26 16 17 4 0 100 32.098 2.383
20 26 17 18 4 0 100 32.468 2.378
20 26 18 19 4 0 100 32.213 2.363
20 26 19 20 4 0 100 32.902 2.355
20 26 20 21 4 0 100 32.140 2.347
20 26 21 22 4 0 100 32.040 2.332
20 26 22 23 4 0 100 32.135 2.324
20 26 23 24 4 0 100 32.323 2.318
20 26 24 25 4 0 100 31.674 2.312
20 26 25 26 4 0 100 33.533 2.297
20 26 26 27 4 0 100 34.188 2.296
20 26 27 28 4 0 100 33.417 2.277
20 26 28 29 4 0 100 35.172 2.266
20 26 29 30 4 0 100 33.038 2.259
20 26 30 31 4 0 100 33.061 2.236
20 26 31 32 4 0 100 33.941 2.236
20 26 32 33 4 0 100 36.372 2.256
20 26 33 34 4 0 100 39.388 2.204
20 26 34 35 4 0 100 46.028 2.170
20 26 35 36 4 0 100 48.460 2.157
20 26 36 37 4 0 100 56.358 2.192
20 26 37 38 4 0 100 61.273 2.110
20 26 38 39 4 0 100 58.143 2.110
20 26 39 40 4 0 100 70.683 2.143
20 26 40 41 4 0 100 61.982 2.125
20 26 41 42 4 0 100 69.011 1.998
20 26 42 43 4 0 100 100.000 1.971
20 26 43 44 4 0 100 100.000 1.902
20 26 44 100 4 0 100 100.000 1.954
26 32 0 1 4 0 100 100.000 2.599
26 32 1 2 4 0 100 38.442 2.704
26 32 2 3 4 0 100 39.098 2.644
26 32 3 4 4 0 100 34.529 2.667
26 32 4 5 4 0 100 35.769 2.623
26 32 5 6 4 0 100 35.951 2.605
26 32 6 7 4 0 100 35.590 2.601
26 32 7 8 4 0 100 34.243 2.578
26 32 8 9 4 0 100 34.740 2.574
26 32 9 10 4 0 100 34.847 2.551
26 32 10 11 4 0 100 34.373 2.540
26 32 11 12 4 0 100 34.318 2.536
26 32 12 13 4 0 100 34.780 2.519
26 32 13 14 4 0 100 34.516 2.506
26 32 14 15 4 0 100 34.268 2.494
26 32 15 16 4 0 100 33.853 2.488
26 32 16 17 4 0 100 34.350 2.478
26 32 17 18 4 0 100 33.530 2.470
26 32 18 19 4 0 100 34.025 2.457
26 32 19 20 4 0 100 34.082 2.451
26 32 20 21 4 0 100 33.853 2.441
26 32 21 22 4 0 100 33.975 2.420
26 32 22 23 4 0 100 33.706 2.415
26 32 23 24 4 0 100 33.194 2.408
26 32 24 25 4 0 100 32.611 2.401
26 32 25 26 4 0 100 33.857 2.392
26 32 26 27 4 0 100 32.594 2.388
26 32 27 28 4 0 100 33.839 2.376
26 32 28 29 4 0 100 34.195 2.376
26 32 29 30 4 0 100 33.499 2.345
26 32 30 31 4 0 100 33.463 2.336
26 32 31 32 4 0 100 34.265 2.347
26 32 32 33 4 0 100 33.546 2.324
26 32 33 34 4 0 100 35.753 2.346
26 32 34 35 4 0 100 35.590 2.305
26 32 35 36 4 0 100 36.881 2.306
26 32 36 37 4 0 100 39.853 2.263
26 32 37 38 4 0 100 42.661 2.333
26 32 38 39 4 0 100 39.983 2.287
26 32 39 40 4 0 100 47.278 2.224
26 32 40 41 4 0 100 35.140 2.261
26 32 41 42 4 0 100 44.204 2.258
26 32 42 43 4 0 100 86.815 2.293
26 32 43 44 4 0 100 96.495 2.101
26 32 44 100 4 0 100 69.491 2.079
32 40 0 1 4 0 100 100.000 2.787
32 40 1 2 4 0 100 49.445 2.688
32 40 2 3 4 0 100 39.143 2.734
32 40 3 4 4 0 100 37.842 2.711
32 40 4 5 4 0 100 37.184 2.699
32 40 5 6 4 0 100 37.236 2.684
32 40 6 7 4 0 100 37.596 2.669
32 40 7 8 4 0 100 36.935 2.658
32 40 8 9 4 0 100 37.424 2.644
32 40 9 10 4 0 100 36.770 2.633
32 40 10 11 4 0 100 37.434 2.625
32 40 11 12 4 0 100 36.719 2.618
32 40 12 13 4 0 100 36.783 2.604
32 40 13 14 4 0 100 36.989 2.599
32 40 14 15 4 0 100 37.153 2.592
32 40 15 16 4 0 100 37.227 2.581
32 40 16 17 4 0 100 36.677 2.568
32 40 17 18 4 0 100 36.696 2.559
32 40 18 19 4 0 100 36.280 2.555
32 40 19 20 4 0 100 35.255 2.545
32 40 20 21 4 0 100 35.408 2.541
32 40 21 22 4 0 100 36.665 2.519
32 40 22 23 4 0 100 36.100 2.520
32 40 23 24 4 0 100 35.942 2.517
32 40 24 25 4 0 100 36.200 2.499
32 40 25 26 4 0 100 36.074 2.498
32 40 26 27 4 0 100 34.380 2.497
32 40 27 28 4 0 100 35.194 2.496
32 40 28 29 4 0 100 33.685 2.470
32 40 29 30 4 0 100 33.085 2.458
32 40 30 31 4 0 100 33.995 2.462
32 40 31 32 4 0 100 33.293 2.465
32 40 32 33 4 0 100 34.337 2.442
32 40 33 34 4 0 100 33.017 2.436
32 40 34 35 4 0 100 35.327 2.434
32 40 35 36 4 0 100 35.478 2.430
32 40 36 37 4 0 100 37.561 2.401
32 40 37 38 4 0 100 35.106 2.395
32 40 38 39 4 0 100 38.048 2.337
32 40 39 40 4 0 100 40.685 2.319
32 40 40 41 4 0 100 42.446 2.387
32 40 41 42 4 0 100 45.260 2.256
32 40 42 43 4 0 100 54.079 2.366
32 40 43 44 4 0 100 58.132 2.332
32 40 44 100 4 0 100 65.952 2.227
40 51 0 1 4 0 100 100.000 2.747
40 51 1 2 4 0 100 56.052 2.856
40 51 2 3 4 0 100 41.203 2.822
40 51 3 4 4 0 100 40.288 2.803
40 51 4 5 4 0 100 40.698 2.787
40 51 5 6 4 0 100 39.244 2.767
40 51 6 7 4 0 100 40.101 2.762
40 51 7 8 4 0 100 39.668 2.754
40 51 8 9 4 0 100 39.429 2.743
40 51 9 10 4 0 100 39.701 2.731
40 51 10 11 4 0 100 39.552 2.722
40 51 11 12 4 0 100 39.132 2.720
40 51 12 13 4 0 100 39.207 2.711
40 51 13 14 4 0 100 38.584 2.701
40 51 14 15 4 0 100 39.108 2.694
40 51 15 16 4 0 100 39.341 2.685
40 51 16 17 4 0 100 39.777 2.679
40 51 17 18 4 0 100 38.763 2.669
40 51 18 19 4 0 100 39.184 2.663
40 51 19 20 4 0 100 38.606 2.659
40 51 20 21 4 0 100 39.616 2.650
40 51 21 22 4 0 100 38.060 2.643
40 51 22 23 4 0 100 37.874 2.637
40 51 23 24 4 0 100 37.908 2.630
40 51 24 25 4 0 100 38.504 2.619
40 51 25 26 4 0 100 37.681 2.612
40 51 26 27 4 0 100 39.125 2.614
40 51 27 28 4 0 100 38.945 2.601
40 51 28 29 4 0 100 38.097 2.601
40 51 29 30 4 0 100 38.619 2.581
40 51 30 31 4 0 100 38.411 2.576
40 51 31 32 4 0 100 40.129 2.569
40 51 32 33 4 0 100 37.817 2.567
40 51 33 34 4 0 100 38.650 2.561
40 51 34 35 4 0 100 37.184 2.564
40 51 35 36 4 0 100 42.872 2.554
40 51 36 37 4 0 100 36.190 2.517
40 51 37 38 4 0 100 38.749 2.532
40 51 38 39 4 0 100 38.061 2.567
40 51 39 40 4 0 100 35.320 2.530
40 51 40 41 4 0 100 39.857 2.481
40 51 41 42 4 0 100 48.350 2.507
40 51 42 43 4 0 100 47.180 2.563
40 51 43 44 4 0 100 70.278 2.390
40 51 44 100 4 0 100 62.741 2.483
51 64 0 1 4 0 100 100.000 2.848
51 64 1 2 4 0 100 52.392 2.918
51 64 2 3 4 0 100 40.717 2.911
51 64 3 4 4 0 100 42.775 2.883
51 64 4 5 4 0 100 41.013 2.894
51 64 5 6 4 0 100 39.931 2.876
51 64 6 7 4 0 100 41.923 2.866
51 64 7 8 4 0 100 41.498 2.862
51 64 8 9 4 0 100 41.923 2.852
51 64 9 10 4 0 100 41.029 2.839
51 64 10 11 4 0 100 41.205 2.837
51 64 11 12 4 0 100 41.280 2.820
51 64 12 13 4 0 100 41.270 2.821
51 64 13 14 4 0 100 41.289 2.818
51 64 14 15 4 0 100 41.428 2.808
51 64 15 16 4 0 100 41.149 2.798
51 64 16 17 4 0 100 40.825 2.795
51 64 17 18 4 0 100 41.392 2.787
51 64 18 19 4 0 100 41.469 2.782
51 64 19 20 4 0 100 40.702 2.772
51 64 20 21 4 0 100 42.750 2.758
51 64 21 22 4 0 100 41.000 2.757
51 64 22 23 4 0 100 41.126 2.748
51 64 23 24 4 0 100 40.131 2.748
51 64 24 25 4 0 100 40.350 2.738
51 64 25 26 4 0 100 41.109 2.733
51 64 26 27 4 0 100 41.628 2.726
51 64 27 28 4 0 100 40.432 2.722
51 64 28 29 4 0 100 41.089 2.716
51 64 29 30 4 0 100 39.612 2.712
51 64 30 31 4 0 100 41.147 2.714
51 64 31 32 4 0 100 43.877 2.702
51 64 32 33 4 0 100 38.963 2.691
51 64 33 34 4 0 100 39.799 2.683
51 64 34 35 4 0 100 39.621 2.682
51 64 35 36 4 0 100 39.851 2.668
51 64 36 37 4 0 100 42.122 2.657
51 64 37 38 4 0 100 40.907 2.658
51 64 38 39 4 0 100 42.597 2.616
51 64 39 40 4 0 100 45.650 2.631
51 64 40 41 4 0 100 46.089 2.624
51 64 41 42 4 0 100 49.767 2.654
51 64 42 43 4 0 100 61.734 2.597
51 64 43 44 4 0 100 77.296 2.636
51 64 44 100 4 0 100 68.666 2.543
64 80 0 1 4 0 100 100.000 2.591
64 80 1 2 4 0 100 44.810 3.039
64 80 2 3 4 0 100 42.442 3.010
64 80 3 4 4 0 100 44.241 3.004
64 80 4 5 4 0 100 42.015 2.997
64 80 5 6 4 0 100 41.617 2.985
64 80 6 7 4 0 100 42.157 2.979
64 80 7 8 4 0 100 42.706 2.969
64 80 8 9 4 0 100 42.035 2.960
64 80 9 10 4 0 100 42.484 2.951
64 80 10 11 4 0 100 42.565 2.944
64 80 11 12 4 0 100 42.948 2.939
64 80 12 13 4 0 100 42.248 2.932
64 80 13 14 4 0 100 41.945 2.930
64 80 14 15 4 0 100 42.485 2.920
64 80 15 16 4 0 100 42.802 2.913
64 80 16 17 4 0 100 41.998 2.911
64 80 17 18 4 0 100 42.116 2.905
64 80 18 19 4 0 100 43.000 2.905
64 80 19 20 4 0 100 42.501 2.891
64 80 20 21 4 0 100 42.455 2.885
64 80 21 22 4 0 100 42.761 2.883
64 80 22 23 4 0 100 42.175 2.875
64 80 23 24 4 0 100 42.994 2.874
64 80 24 25 4 0 100 41.521 2.875
64 80 25 26 4 0 100 43.052 2.862
64 80 26 27 4 0 100 42.621 2.847
64 80 27 28 4 0 100 42.911 2.852
64 80 28 29 4 0 100 43.102 2.833
64 80 29 30 4 0 100 41.770 2.839
64 80 30 31 4 0 100 44.025 2.834
64 80 31 32 4 0 100 41.769 2.811
64 80 32 33 4 0 100 41.263 2.816
64 80 33 34 4 0 100 41.552 2.798
64 80 34 35 4 0 100 41.660 2.807
64 80 35 36 4 0 100 44.267 2.778
64 80 36 37 4 0 100 41.326 2.797
64 80 37 38 4 0 100 41.478 2.811
64 80 38 39 4 0 100 47.251 2.768
64 80 39 40 4 0 100 53.658 2.746
64 80 40 41 4 0 100 39.564 2.804
64 80 41 42 4 0 100 46.922 2.711
64 80 42 43 4 0 100 46.284 2.688
64 80 43 44 4 0 100 83.363 2.811
64 80 44 100 4 0 100 62.850 2.650
80 101 0 1 4 0 100 100.000 3.108
80 101 1 2 4 0 100 46.312 3.111
80 101 2 3 4 0 100 41.729 3.116
80 101 3 4 4 0 100 42.347 3.118
80 101 4 5 4 0 100 42.265 3.106
80 101 5 6 4 0 100 42.863 3.101
80 101 6 7 4 0 100 43.280 3.101
80 101 7 8 4 0 100 43.114 3.082
80 101 8 9 4 0 100 42.689 3.075
80 101 9 10 4 0 100 42.855 3.072
80 101 10 11 4 0 100 43.529 3.059
80 101 11 12 4 0 100 42.888 3.058
80 101 12 13 4 0 100 43.228 3.050
80 101 13 14 4 0 100 42.697 3.050
80 101 14 15 4 0 100 43.045 3.041
80 101 15 16 4 0 100 43.502 3.038
80 101 16 17 4 0 100 43.063 3.030
80 101 17 18 4 0 100 43.242 3.026
80 101 18 19 4 0 100 43.696 3.017
80 101 19 20 4 0 100 43.122 3.016
80 101 20 21 4 0 100 42.701 3.009
80 101 21 22 4 0 100 43.841 3.008
80 101 22 23 4 0 100 43.387 3.003
80 101 23 24 4 0 100 43.260 2.990
80 101 24 25 4 0 100 44.542 2.994
80 101 25 26 4 0 100 43.655 2.984
80 101 26 27 4 0 100 43.662 2.981
80 101 27 28 4 0 100 42.703 2.981
80 101 28 29 4 0 100 42.646 2.964
80 101 29 30 4 0 100 44.841 2.976
80 101 30 31 4 0 100 43.639 2.964
80 101 31 32 4 0 100 43.433 2.941
80 101 32 33 4 0 100 44.321 2.947
80 101 33 34 4 0 100 42.205 2.944
80 101 34 35 4 0 100 42.682 2.935
80 101 35 36 4 0 100 44.704 2.937
80 101 36 37 4 0 100 44.701 2.913
80 101 37 38 4 0 100 43.350 2.891
80 101 38 39 4 0 100 45.446 2.919
80 101 39 40 4 0 100 49.742 2.891
80 101 40 41 4 0 100 47.202 2.913
80 101 41 42 4 0 100 54.054 2.881
80 101 42 43 4 0 100 48.242 2.869
80 101 43 44 4 0 100 69.694 2.866
80 101 44 100 4 0 100 71.706 2.861
101 127 0 1 4 0 100 100.000 3.011
101 127 1 2 4 0 100 40.485 3.278
101 127 2 3 4 0 100 43.310 3.254
101 127 3 4 4 0 100 42.661 3.238
101 127 4 5 4 0 100 43.430 3.232
101 127 5 6 4 0 100 42.837 3.219
101 127 6 7 4 0 100 42.829 3.213
101 127 7 8 4 0 100 43.646 3.210
101 127 8 9 4 0 100 42.798 3.203
101 127 9 10 4 0 100 43.336 3.195
101 127 10 11 4 0 100 43.594 3.193
101 127 11 12 4 0 100 43.292 3.187
101 127 12 13 4 0 100 43.033 3.182
101 127 13 14 4 0 100 43.058 3.173
101 127 14 15 4 0 100 42.860 3.176
101 127 15 16 4 0 100 43.076 3.168
101 127 16 17 4 0 100 43.999 3.163
101 127 17 18 4 0 100 44.405 3.155
101 127 18 19 4 0 100 43.469 3.156
101 127 19 20 4 0 100 42.919 3.154
101 127 20 21 4 0 100 43.288 3.139
101 127 21 22 4 0 100 42.918 3.137
101 127 22 23 4 0 100 43.307 3.132
101 127 23 24 4 0 100 42.043 3.129
101 127 24 25 4 0 100 43.231 3.117
101 127 25 26 4 0 100 43.668 3.123
101 127 26 27 4 0 100 43.193 3.119
101 127 27 28 4 0 100 43.270 3.107
101 127 28 29 4 0 100 44.227 3.105
101 127 29 30 4 0 100 42.277 3.108
101 127 30 31 4 0 100 43.591 3.097
101 127 31 32 4 0 100 43.914 3.091
101 127 32 33 4 0 100 44.654 3.082
101 127 33 34 4 0 100 43.614 3.077
101 127 34 35 4 0 100 41.566 3.065
101 127 35 36 4 0 100 46.425 3.045
101 127 36 37 4 0 100 43.640 3.056
101 127 37 38 4 0 100 42.777 3.048
101 127 38 39 4 0 100 38.182 3.031
101 127 39 40 4 0 100 45.963 3.062
101 127 40 41 4 0 100 49.791 3.027
101 127 41 42 4 0 100 51.731 3.060
101 127 42 43 4 0 100 50.365 3.007
101 127 43 44 4 0 100 55.590 3.012
101 127 44 100 4 0 100 64.060 3.004
127 159 0 1 4 0 100 28.450 3.453
127 159 1 2 4 0 100 48.126 3.342
127 159 2 3 4 0 100 44.601 3.371
127 159 3 4 4 0 100 42.712 3.356
127 159 4 5 4 0 100 41.846 3.351
127 159 5 6 4 0 100 42.687 3.348
127 159 6 7 4 0 100 41.895 3.343
127 159 7 8 4 0 100 42.682 3.337
127 159 8 9 4 0 100 42.395 3.340
127 159 9 10 4 0 100 42.370 3.332
127 159 10 11 4 0 100 42.576 3.318
127 159 11 12 4 0 100 42.510 3.323
127 159 12 13 4 0 100 41.635 3.313
127 159 13 14 4 0 100 42.418 3.312
127 159 14 15 4 0 100 42.414 3.305
127 159 15 16 4 0 100 43.045 3.301
127 159 16 17 4 0 100 43.411 3.296
127 159 17 18 4 0 100 42.632 3.295
127 159 18 19 4 0 100 43.069 3.291
127 159 19 20 4 0 100 43.023 3.284
127 159 20 21 4 0 100 42.174 3.280
127 159 21 22 4 0 100 42.239 3.275
127 159 22 23 4 0 100 42.371 3.269
127 159 23 24 4 0 100 42.754 3.268
127 159 24 25 4 0 100 42.850 3.261
127 159 25 26 4 0 100 43.533 3.252
127 159 26 27 4 0 100 41.700 3.250
127 159 27 28 4 0 100 42.518 3.241
127 159 28 29 4 0 100 43.718 3.230
127 159 29 30 4 0 100 40.995 3.225
127 159 30 31 4 0 100 43.416 3.225
127 159 31 32 4 0 100 42.846 3.230
127 159 32 33 4 0 100 44.445 3.230
127 159 33 34 4 0 100 40.835 3.214
127 159 34 35 4 0 100 43.022 3.211
127 159 35 36 4 0 100 43.506 3.221
127 159 36 37 4 0 100 42.638 3.202
127 159 37 38 4 0 100 46.585 3.201
127 159 38 39 4 0 100 52.176 3.167
127 159 39 40 4 0 100 45.966 3.193
127 159 40 41 4 0 100 51.683 3.203
127 159 41 42 4 0 100 59.187 3.156
127 159 42 43 4 0 100 65.333 3.141
127 159 43 44 4 0 100 73.394 3.146
127 159 44 100 4 0 100 60.522 3.123
159 201 0 1 4 0 100 100.000 3.166
159 201 1 2 4 0 100 53.560 3.517
159 201 2 3 4 0 100 41.831 3.506
159 201 3 4 4 0 100 40.557 3.495
159 201 4 5 4 0 100 41.127 3.512
159 201 5 6 4 0 100 40.758 3.494
159 201 6 7 4 0 100 40.085 3.488
159 201 7 8 4 0 100 41.749 3.480
159 201 8 9 4 0 100 40.630 3.475
159 201 9 10 4 0 100 42.013 3.475
159 201 10 11 4 0 100 41.535 3.466
159 201 11 12 4 0 100 41.480 3.468
159 201 12 13 4 0 100 41.433 3.465
159 201 13 14 4 0 100 41.464 3.458
159 201 14 15 4 0 100 41.097 3.453
159 201 15 16 4 0 100 41.491 3.452
159 201 16 17 4 0 100 41.969 3.444
159 201 17 18 4 0 100 41.636 3.446
159 201 18 19 4 0 100 41.724 3.430
159 201 19 20 4 0 100 41.761 3.427
159 201 20 21 4 0 100 42.309 3.429
159 201 21 22 4 0 100 42.226 3.421
159 201 22 23 4 0 100 41.875 3.416
159 201 23 24 4 0 100 42.786 3.408
159 201 24 25 4 0 100 42.390 3.418
159 201 25 26 4 0 100 41.580 3.402
159 201 26 27 4 0 100 42.699 3.410
159 201 27 28 4 0 100 42.649 3.398
159 201 28 29 4 0 100 41.186 3.401
159 201 29 30 4 0 100 42.322 3.384
159 201 30 31 4 0 100 41.458 3.362
159 201 31 32 4 0 100 42.856 3.366
159 201 32 33 4 0 100 43.611 3.374
159 201 33 34 4 0 100 41.825 3.362
159 201 34 35 4 0 100 42.786 3.372
159 201 35 36 4 0 100 43.251 3.338
159 201 36 37 4 0 100 48.059 3.378
159 201 37 38 4 0 100 46.019 3.329
159 201 38 39 4 0 100 44.133 3.311
159 201 39 40 4 0 100 42.657 3.334
159 201 40 41 4 0 100 42.274 3.366
159 201 41 42 4 0 100 55.142 3.326
159 201 42 43 4 0 100 58.640 3.230
159 201 43 44 4 0 100 66.512 3.259
159 201 44 100 4 0 100 78.084 3.301
201 252 0 1 4 0 100 100.000 3.646
201 252 1 2 4 0 100 43.657 3.666
201 252 2 3 4 0 100 41.137 3.635
201 252 3 4 4 0 100 40.686 3.634
201 252 4 5 4 0 100 41.184 3.646
201 252 5 6 4 0 100 39.549 3.633
201 252 6 7 4 0 100 39.189 3.629
201 252 7 8 4 0 100 39.322 3.638
201 252 8 9 4 0 100 40.178 3.626
201 252 9 10 4 0 100 40.146 3.629
201 252 10 11 4 0 100 41.109 3.627
201 252 11 12 4 0 100 40.178 3.625
201 252 12 13 4 0 100 40.094 3.621
201 252 13 14 4 0 100 40.204 3.617
201 252 14 15 4 0 100 40.560 3.608
201 252 15 16 4 0 100 40.298 3.604
201 252 16 17 4 0 100 40.769 3.603
201 252 17 18 4 0 100 39.572 3.595
201 252 18 19 4 0 100 40.466 3.590
201 252 19 20 4 0 100 40.840 3.596
201 252 20 21 4 0 100 40.473 3.580
201 252 21 22 4 0 100 41.755 3.584
201 252 22 23 4 0 100 39.700 3.574
201 252 23 24 4 0 100 40.974 3.572
201 252 24 25 4 0 100 41.036 3.559
201 252 25 26 4 0 100 40.509 3.556
201 252 26 27 4 0 100 42.726 3.554
201 252 27 28 4 0 100 41.570 3.549
201 252 28 29 4 0 100 40.361 3.549
201 252 29 30 4 0 100 40.935 3.526
201 252 30 31 4 0 100 41.497 3.527
201 252 31 32 4 0 100 41.110 3.539
201 252 32 33 4 0 100 40.514 3.510
201 252 33 34 4 0 100 43.572 3.529
201 252 34 35 4 0 100 43.733 3.533
201 252 35 36 4 0 100 43.397 3.492
201 252 36 37 4 0 100 42.991 3.527
201 252 37 38 4 0 100 44.409 3.476
201 252 38 39 4 0 100 49.800 3.457
201 252 39 40 4 0 100 53.460 3.507
201 252 40 41 4 0 100 62.056 3.475
201 252 41 42 4 0 100 50.612 3.403
201 252 42 43 4 0 100 69.690 3.476
201 252 43 44 4 0 100 72.988 3.491
201 252 44 100 4 0 100 62.752 3.330
252 317 0 1 4 0 100 4.903 99.997
252 317 1 2 4 0 100 50.617 3.800
252 317 2 3 4 0 100 39.155 3.805
252 317 3 4 4 0 100 42.473 3.809
252 317 4 5 4 0 100 40.196 3.805
252 317 5 6 4 0 100 39.388 3.792
252 317 6 7 4 0 100 39.776 3.791
252 317 7 8 4 0 100 39.335 3.795
252 317 8 9 4 0 100 39.390 3.788
252 317 9 10 4 0 100 39.694 3.792
252 317 10 11 4 0 100 39.755 3.780
252 317 11 12 4 0 100 39.545 3.779
252 317 12 13 4 0 100 39.330 3.780
252 317 13 14 4 0 100 39.871 3.781
252 317 14 15 4 0 100 39.858 3.770
252 317 15 16 4 0 100 40.077 3.768
252 317 16 17 4 0 100 38.663 3.767
252 317 17 18 4 0 100 39.514 3.763
252 317 18 19 4 0 100 39.206 3.759
252 317 19 20 4 0 100 39.866 3.757
252 317 20 21 4 0 100 40.000 3.741
252 317 21 22 4 0 100 40.068 3.746
252 317 22 23 4 0 100 40.443 3.734
252 317 23 24 4 0 100 40.697 3.739
252 317 24 25 4 0 100 39.097 3.720
252 317 25 26 4 0 100 39.941 3.721
252 317 26 27 4 0 100 41.170 3.726
252 317 27 28 4 0 100 41.121 3.715
252 317 28 29 4 0 100 40.567 3.711
252 317 29 30 4 0 100 42.221 3.728
252 317 30 31 4 0 100 40.426 3.705
252 317 31 32 4 0 100 40.464 3.688
252 317 32 33 4 0 100 42.425 3.682
252 317 33 34 4 0 100 40.030 3.682
252 317 34 35 4 0 100 42.360 3.667
252 317 35 36 4 0 100 41.204 3.645
252 317 36 37 4 0 100 45.092 3.678
252 317 37 38 4 0 100 47.935 3.646
252 317 38 39 4 0 100 48.309 3.658
252 317 39 40 4 0 100 57.524 3.647
252 317 40 41 4 0 100 40.112 3.619
252 317 41 42 4 0 100 71.169 3.636
252 317 42 43 4 0 100 58.389 3.604
252 317 43 44 4 0 100 53.094 3.549
252 317 44 100 4 0 100 100.000 3.542
317 400 0 1 4 0 100 4.707 100.000
317 400 1 2 4 0 100 69.484 3.958
317 400 2 3 4 0 100 42.474 3.926
317 400 3 4 4 0 100 38.463 3.944
317 400 4 5 4 0 100 38.322 3.958
317 400 5 6 4 0 100 38.414 3.961
317 400 6 7 4 0 100 39.171 3.958
317 400 7 8 4 0 100 38.871 3.967
317 400 8 9 4 0 100 40.254 3.965
317 400 9 10 4 0 100 39.732 3.958
317 400 10 11 4 0 100 39.116 3.957
317 400 11 12 4 0 100 39.250 3.955
317 400 12 13 4 0 100 40.332 3.959
317 400 13 14 4 0 100 39.280 3.959
317 400 14 15 4 0 100 40.421 3.944
317 400 15 16 4 0 100 39.818 3.947
317 400 16 17 4 0 100 38.478 3.935
317 400 17 18 4 0 100 38.942 3.932
317 400 18 19 4 0 100 39.062 3.928
317 400 19 20 4 0 100 39.997 3.931
317 400 20 21 4 0 100 39.703 3.920
317 400 21 22 4 0 100 39.525 3.919
317 400 22 23 4 0 100 40.481 3.909
317 400 23 24 4 0 100 42.010 3.906
317 400 24 25 4 0 100 39.966 3.903
317 400 25 26 4 0 100 40.401 3.904
317 400 26 27 4 0 100 42.245 3.895
317 400 27 28 4 0 100 39.116 3.878
317 400 28 29 4 0 100 41.227 3.903
317 400 29 30 4 0 100 42.037 3.870
317 400 30 31 4 0 100 40.461 3.894
317 400 31 32 4 0 100 42.241 3.861
317 400 32 33 4 0 100 44.187 3.877
317 400 33 34 4 0 100 44.525 3.869
317 400 34 35 4 0 100 45.374 3.830
317 400 35 36 4 0 100 47.661 3.832
317 400 36 37 4 0 100 46.825 3.824
317 400 37 38 4 0 100 45.952 3.825
317 400 38 39 4 0 100 49.178 3.817
317 400 39 40 4 0 100 56.404 3.840
317 400 40 41 4 0 100 63.695 3.710
317 400 41 42 4 0 100 59.248 3.758
317 400 42 43 4 0 100 68.931 3.739
317 400 43 44 4 0 100 84.808 3.890
317 400 44 100 4 0 100 51.830 3.747
400 503 0 1 4 0 100 5.122 99.988
400 503 1 2 4 0 100 78.193 4.214
400 503 2 3 4 0 100 49.920 4.141
400 503 3 4 4 0 100 43.325 4.136
400 503 4 5 4 0 100 38.995 4.106
400 503 5 6 4 0 100 41.506 4.139
400 503 6 7 4 0 100 42.497 4.163
400 503 7 8 4 0 100 40.463 4.139
400 503 8 9 4 0 100 40.979 4.133
400 503 9 10 4 0 100 40.084 4.141
400 503 10 11 4 0 100 41.761 4.146
400 503 11 12 4 0 100 40.859 4.145
400 503 12 13 4 0 100 40.274 4.141
400 503 13 14 4 0 100 40.692 4.133
400 503 14 15 4 0 100 40.799 4.128
400 503 15 16 4 0 100 41.756 4.133
400 503 16 17 4 0 100 40.227 4.115
400 503 17 18 4 0 100 39.430 4.113
400 503 18 19 4 0 100 40.754 4.113
400 503 19 20 4 0 100 42.145 4.111
400 503 20 21 4 0 100 40.085 4.099
400 503 21 22 4 0 100 40.872 4.090
400 503 22 23 4 0 100 40.531 4.085
400 503 23 24 4 0 100 41.784 4.070
400 503 24 25 4 0 100 42.463 4.088
400 503 25 26 4 0 100 40.306 4.061
400 503 26 27 4 0 100 40.780 4.078
400 503 27 28 4 0 100 44.208 4.084
400 503 28 29 4 0 100 44.327 4.089
400 503 29 30 4 0 100 42.778 4.054
400 503 30 31 4 0 100 41.160 4.043
400 503 31 32 4 0 100 43.322 4.039
400 503 32 33 4 0 100 44.365 4.020
400 503 33 34 4 0 100 46.891 4.053
400 503 34 35 4 0 100 48.020 4.006
400 503 35 36 4 0 100 48.979 4.046
400 503 36 37 4 0 100 50.933 4.021
400 503 37 38 4 0 100 55.035 3.995
400 503 38 39 4 0 100 58.606 3.947
400 503 39 40 4 0 100 84.385 4.024
400 503 40 41 4 0 100 83.851 3.926
400 503 41 42 4 0 100 75.743 3.886
400 503 42 43 4 0 100 100.000 4.117
400 503 43 44 4 0 100 97.046 4.123
400 503 44 100 4 0 100 97.405 3.878
503 633 0 1 4 0 100 8.901 73.081
503 633 1 2 4 0 100 100.000 4.292
503 633 2 3 4 0 100 53.562 4.315
503 633 3 4 4 0 100 47.876 4.312
503 633 4 5 4 0 100 46.875 4.362
503 633 5 6 4 0 100 41.275 4.312
503 633 6 7 4 0 100 42.681 4.318
503 633 7 8 4 0 100 42.771 4.311
503 633 8 9 4 0 100 44.210 4.316
503 633 9 10 4 0 100 44.115 4.330
503 633 10 11 4 0 100 41.983 4.313
503 633 11 12 4 0 100 43.768 4.316
503 633 12 13 4 0 100 42.686 4.325
503 633 13 14 4 0 100 42.537 4.313
503 633 14 15 4 0 100 43.046 4.320
503 633 15 16 4 0 100 41.983 4.306
503 633 16 17 4 0 100 41.129 4.301
503 633 17 18 4 0 100 43.862 4.299
503 633 18 19 4 0 100 43.466 4.296
503 633 19 20 4 0 100 43.605 4.282
503 633 20 21 4 0 100 44.044 4.287
503 633 21 22 4 0 100 42.300 4.279
503 633 22 23 4 0 100 43.622 4.294
503 633 23 24 4 0 100 42.404 4.248
503 633 24 25 4 0 100 46.439 4.272
503 633 25 26 4 0 100 44.047 4.257
503 633 26 27 4 0 100 47.809 4.266
503 633 27 28 4 0 100 44.908 4.227
503 633 28 29 4 0 100 43.864 4.216
503 633 29 30 4 0 100 49.089 4.262
503 633 30 31 4 0 100 47.593 4.196
503 633 31 32 4 0 100 49.832 4.226
503 633 32 33 4 0 100 53.398 4.264
503 633 33 34 4 0 100 56.303 4.262
503 633 34 35 4 0 100 43.544 4.164
503 633 35 36 4 0 100 71.311 4.257
503 633 36 37 4 0 100 53.085 4.115
503 633 37 38 4 0 100 45.846 4.113
503 633 38 39 4 0 100 74.730 4.200
503 633 39 40 4 0 100 85.677 4.218
503 633 40 41 4 0 100 100.000 4.263
503 633 41 42 4 0 100 100.000 4.093
503 633 42 43 4 0 100 100.000 4.395
503 633 43 44 4 0 100 36.985 21.750
503 633 44 100 4 0 100 3.732 100.000
633 797 0 1 4 0 100 9.344 78.034
633 797 1 2 4 0 100 100.000 4.289
633 797 2 3 4 0 100 80.964 4.557
633 797 3 4 4 0 100 61.557 4.504
633 797 4 5 4 0 100 50.714 4.473
633 797 5 6 4 0 100 47.769 4.488
633 797 6 7 4 0 100 49.859 4.509
633 797 7 8 4 0 100 48.804 4.507
633 797 8 9 4 0 100 46.330 4.490
633 797 9 10 4 0 100 46.382 4.503
633 797 10 11 4 0 100 49.356 4.517
633 797 11 12 4 0 100 43.596 4.485
633 797 12 13 4 0 100 45.793 4.501
633 797 13 14 4 0 100 45.221 4.497
633 797 14 15 4 0 100 47.718 4.505
633 797 15 16 4 0 100 44.719 4.476
633 797 16 17 4 0 100 45.960 4.486
633 797 17 18 4 0 100 47.918 4.494
633 797 18 19 4 0 100 48.150 4.468
633 797 19 20 4 0 100 48.989 4.473
633 797 20 21 4 0 100 45.696 4.447
633 797 21 22 4 0 100 49.573 4.484
633 797 22 23 4 0 100 48.574 4.459
633 797 23 24 4 0 100 47.094 4.454
633 797 24 25 4 0 100 48.356 4.435
633 797 25 26 4 0 100 49.420 4.442
633 797 26 27 4 0 100 50.067 4.441
633 797 27 28 4 0 100 50.646 4.442
633 797 28 29 4 0 100 51.856 4.423
633 797 29 30 4 0 100 57.717 4.443
633 797 30 31 4 0 100 53.763 4.407
633 797 31 32 4 0 100 56.153 4.408
633 797 32 33 4 0 100 53.805 4.306
633 797 33 34 4 0 100 64.978 4.428
633 797 34 35 4 0 100 84.007 4.493
633 797 35 36 4 0 100 89.118 4.508
633 797 36 37 4 0 100 100.000 4.459
633 797 37 38 4 0 100 94.548 4.351
633 797 38 39 4 0 100 98.118 4.393
633 797 39 40 4 0 100 100.000 4.384
633 797 40 41 4 0 100 100.000 4.409
633 797 41 42 4 0 100 100.000 4.591
633 797 42 43 4 0 100 100.000 4.541
633 797 43 44 4 0 100 3.868 99.996
633 797 44 100 4 0 100 100.000 4.434
797 1003 0 1 4 0 100 11.303 87.921
797 1003 1 2 4 0 100 8.375 48.046
797 1003 2 3 4 0 100 100.000 4.621
797 1003 3 4 4 0 100 53.598 4.585
797 1003 4 5 4 0 100 60.315 4.673
797 1003 5 6 4 0 100 59.973 4.679
797 1003 6 7 4 0 100 61.168 4.703
797 1003 7 8 4 0 100 52.127 4.663
797 1003 8 9 4 0 100 49.620 4.675
797 1003 9 10 4 0 100 54.167 4.688
797 1003 10 11 4 0 100 51.577 4.663
797 1003 11 12 4 0 100 51.120 4.698
797 1003 12 13 4 0 100 53.144 4.701
797 1003 13 14 4 0 100 51.248 4.669
797 1003 14 15 4 0 100 48.075 4.660
797 1003 15 16 4 0 100 51.843 4.676
797 1003 16 17 4 0 100 53.427 4.665
797 1003 17 18 4 0 100 56.811 4.694
797 1003 18 19 4 0 100 54.828 4.655
797 1003 19 20 4 0 100 52.766 4.680
797 1003 20 21 4 0 100 46.039 4.634
797 1003 21 22 4 0 100 52.518 4.651
797 1003 22 23 4 0 100 54.111 4.626
797 1003 23 24 4 0 100 57.542 4.677
797 1003 24 25 4 0 100 53.116 4.649
797 1003 25 26 4 0 100 53.591 4.626
797 1003 26 27 4 0 100 57.193 4.681
797 1003 27 28 4 0 100 55.716 4.619
797 1003 28 29 4 0 100 69.329 4.661
797 1003 29 30 4 0 100 59.730 4.603
797 1003 30 31 4 0 100 91.513 4.682
797 1003 31 32 4 0 100 51.702 4.582
797 1003 32 33 4 0 100 86.191 4.571
797 1003 33 34 4 0 100 100.000 4.462
797 1003 34 35 4 0 100 100.000 4.637
797 1003 35 36 4 0 100 100.000 4.712
797 1003 36 37 4 0 100 100.000 4.765
797 1003 37 38 4 0 100 100.000 4.281
797 1003 38 39 4 0 100 55.795 18.742
797 1003 39 40 4 0 100 3.496 100.000
797 1003 40 41 4 0 100 52.429 4.767
797 1003 41 42 4 0 100 100.000 4.991
797 1003 42 43 4 0 100 4.435 99.999
797 1003 43 44 4 0 100 4.322 100.000
797 1003 44 100 4 0 100 4.805 99.998
1003 1262 1 2 4 0 100 4.479 100.000
1003 1262 2 3 4 0 100 100.000 5.078
1003 1262 3 4 4 0 100 100.000 4.986
1003 1262 4 5 4 0 100 97.098 4.895
1003 1262 5 6 4 0 100 76.543 4.727
1003 1262 6 7 4 0 100 61.217 4.769
1003 1262 7 8 4 0 100 59.709 4.831
1003 1262 8 9 4 0 100 66.147 4.888
1003 1262 9 10 4 0 100 66.541 4.846
1003 1262 10 11 4 0 100 64.710 4.894
1003 1262 11 12 4 0 100 53.981 4.820
1003 1262 12 13 4 0 100 56.744 4.850
1003 1262 13 14 4 0 100 59.331 4.867
1003 1262 14 15 4 0 100 60.398 4.835
1003 1262 15 16 4 0 100 57.471 4.853
1003 1262 16 17 4 0 100 50.790 4.824
1003 1262 17 18 4 0 100 60.003 4.793
1003 1262 18 19 4 0 100 61.171 4.810
1003 1262 19 20 4 0 100 75.565 4.906
1003 1262 20 21 4 0 100 58.631 4.779
1003 1262 21 22 4 0 100 67.466 4.809
1003 1262 22 23 4 0 100 57.729 4.751
1003 1262 23 24 4 0 100 57.712 4.828
1003 1262 24 25 4 0 100 83.241 4.852
1003 1262 25 26 4 0 100 79.511 4.919
1003 1262 26 27 4 0 100 78.761 4.909
1003 1262 27 28 4 0 100 100.000 4.976
1003 1262 28 29 4 0 100 100.000 4.819
1003 1262 29 30 4 0 100 100.000 4.838
1003 1262 30 31 4 0 100 99.383 4.699
1003 1262 31 32 4 0 100 100.000 5.184
1003 1262 32 33 4 0 100 100.000 5.034
1003 1262 33 34 4 0 100 100.000 4.786
1003 1262 34 35 4 0 100 100.000 4.743
1003 1262 35 36 4 0 100 100.000 4.872
1003 1262 36 37 4 0 100 3.864 100.000
1003 1262 37 38 4 0 100 4.329 100.000
1003 1262 38 39 4 0 100 5.115 96.163
1003 1262 39 40 4 0 100 99.574 34.784
1003 1262 40 41 4 0 100 5.260 100.000
1003 1262 41 42 4 0 100 66.247 28.765
1003 1262 42 43 4 0 100 7.956 70.562
1003 1262 43 44 4 0 100 6.503 99.999
1003 1262 44 100 4 0 100 7.657 81.442
1262 1589 1 2 4 0 100 11.126 55.483
1262 1589 2 3 4 0 100 4.816 99.997
1262 1589 3 4 4 0 100 3.397 100.000
1262 1589 4 5 4 0 100 91.744 21.543
1262 1589 5 6 4 0 100 100.000 5.432
1262 1589 6 7 4 0 100 100.000 5.158
1262 1589 7 8 4 0 100 100.000 5.193
1262 1589 8 9 4 0 100 88.182 4.921
1262 1589 9 10 4 0 100 77.621 4.921
1262 1589 10 11 4 0 100 95.179 5.125
1262 1589 11 12 4 0 100 100.000 5.006
1262 1589 12 13 4 0 100 100.000 5.131
1262 1589 13 14 4 0 100 89.442 4.977
1262 1589 14 15 4 0 100 83.181 4.968
1262 1589 15 16 4 0 100 78.930 4.978
1262 1589 16 17 4 0 100 81.618 4.970
1262 1589 17 18 4 0 100 100.000 5.051
1262 1589 18 19 4 0 100 86.337 4.958
1262 1589 19 20 4 0 100 70.427 4.986
1262 1589 20 21 4 0 100 80.190 4.931
1262 1589 21 22 4 0 100 99.180 5.031
1262 1589 22 23 4 0 100 100.000 4.953
1262 1589 23 24 4 0 100 96.721 4.847
1262 1589 24 25 4 0 100 100.000 5.164
1262 1589 25 26 4 0 100 100.000 5.013
1262 1589 26 27 4 0 100 100.000 4.754
1262 1589 27 28 4 0 100 100.000 4.966
1262 1589 28 29 4 0 100 100.000 5.051
1262 1589 29 30 4 0 100 100.000 5.296
1262 1589 30 31 4 0 100 87.345 4.937
1262 1589 31 32 4 0 100 100.000 5.037
1262 1589 32 33 4 0 100 3.973 100.000
1262 1589 33 34 4 0 100 4.950 100.000
1262 1589 34 35 4 0 100 5.075 99.999
1262 1589 35 36 4 0 100 28.090 24.482
1262 1589 36 37 4 0 100 5.060 100.000
1262 1589 37 38 4 0 100 6.322 89.935
1262 1589 38 39 4 0 100 5.633 99.994
1262 1589 39 40 4 0 100 6.698 100.000
1262 1589 40 41 4 0 100 10.304 54.921
1262 1589 41 42 4 0 100 7.328 99.991
1262 1589 42 43 4 0 100 99.174 63.107
1262 1589 43 100 4 0 100 10.491 85.733
1589 2000 1 2 4 0 100 10.258 90.771
1589 2000 3 4 4 0 100 7.437 80.919
1589 2000 4 5 4 0 100 5.538 99.983
1589 2000 5 6 4 0 100 100.000 5.443
1589 2000 6 7 4 0 100 3.897 100.000
1589 2000 7 8 4 0 100 48.493 22.185
1589 2000 8 9 4 0 100 100.000 5.230
1589 2000 9 10 4 0 100 100.000 5.160
1589 2000 10 11 4 0 100 100.000 4.573
1589 2000 11 12 4 0 100 100.000 4.861
1589 2000 12 13 4 0 100 100.000 5.155
1589 2000 13 14 4 0 100 100.000 4.791
1589 2000 14 15 4 0 100 44.476 47.698
1589 2000 15 16 4 0 100 2.845 100.000
1589 2000 16 17 4 0 100 3.226 100.000
1589 2000 17 18 4 0 100 3.542 100.000
1589 2000 18 19 4 0 100 100.000 5.250
1589 2000 19 20 4 0 100 3.415 100.000
1589 2000 20 21 4 0 100 3.493 100.000
1589 2000 21 22 4 0 100 3.629 100.000
1589 2000 22 23 4 0 100 3.757 100.000
1589 2000 23 24 4 0 100 4.459 100.000
1589 2000 24 25 4 0 100 4.284 100.000
1589 2000 25 26 4 0 100 5.125 99.999
1589 2000 26 27 4 0 100 4.649 100.000
1589 2000 27 28 4 0 100 6.304 99.979
1589 2000 28 29 4 0 100 5.432 99.971
1589 2000 29 30 4 0 100 5.472 100.000
1589 2000 30 31 4 0 100 5.631 99.786
1589 2000 31 32 4 0 100 5.446 100.000
1589 2000 32 33 4 0 100 5.592 100.000
1589 2000 33 34 4 0 100 96.491 92.638
1589 2000 34 35 4 0 100 96.964 28.430
1589 2000 35 36 4 0 100 12.014 68.576
1589 2000 37 38 4 0 100 7.935 99.999
1589 2000 38 39 4 0 100 10.176 72.604
1589 2000 40 41 4 0 100 96.734 99.642
1589 2000 41 42 4 0 100 13.840 82.300
1589 2000 43 100 4 0 100 10.963 81.336
2000 4000 2 3 4 0 100 89.000 85.150
2000 4000 3 4 4 0 100 12.159 79.958
2000 4000 4 5 4 0 100 13.757 60.337
2000 4000 5 6 4 0 100 12.857 81.950
2000 4000 6 7 4 0 100 7.341 77.579
2000 4000 7 8 4 0 100 6.827 99.990
2000 4000 8 9 4 0 100 14.062 49.794
2000 4000 9 10 4 0 100 16.000 46.326
2000 4000 10 11 4 0 100 9.709 75.214
2000 4000 11 12 4 0 100 8.442 63.022
2000 4000 12 13 4 0 100 6.614 99.994
2000 4000 13 14 4 0 100 5.010 100.000
2000 4000 14 15 4 0 100 9.617 65.198
2000 4000 15 16 4 0 100 18.248 31.389
2000 4000 16 17 4 0 100 15.443 45.327
2000 4000 17 18 4 0 100 5.396 99.976
2000 4000 18 19 4 0 100 99.315 32.561
2000 4000 19 20 4 0 100 8.788 68.381
2000 4000 20 21 4 0 100 8.915 78.921
2000 4000 21 22 4 0 100 7.903 99.967
2000 4000 22 23 4 0 100 7.558 99.164
2000 4000 24 25 4 0 100 11.466 59.412
2000 4000 25 26 4 0 100 99.996 46.303
2000 4000 26 27 4 0 100 19.163 53.089
2000 4000 27 28 4 0 100 27.532 39.050
2000 4000 28 29 4 0 100 8.603 95.129
2000 4000 29 30 4 0 100 10.595 89.522
2000 4000 31 32 4 0 100 9.532 78.170
2000 4000 37 100 4 0 100 44.056 83.779
