[quark]
{2 JetPt Rho 1 x TMath::Exp(-1.*x*[0]/[1])*TMath::Power(x,[0]-1)*TMath::Power([1]/[0],-1.*[0])/TMath::Gamma([0]) Correction QGL_axis2_QC_F_quark}
20 22 0 1 4 0 100 26.615 49.126
20 22 1 2 4 0 100 5.089 100.000
20 22 2 3 4 0 100 100.000 2.746
20 22 3 4 4 0 100 63.995 2.688
20 22 4 5 4 0 100 44.300 2.716
20 22 5 6 4 0 100 43.916 2.713
20 22 6 7 4 0 100 33.374 2.693
20 22 7 8 4 0 100 40.902 2.677
20 22 8 9 4 0 100 36.733 2.635
20 22 9 10 4 0 100 33.836 2.642
20 22 10 11 4 0 100 43.205 2.564
20 22 11 12 4 0 100 42.240 2.502
20 22 12 13 4 0 100 37.640 2.512
20 22 13 14 4 0 100 43.186 2.528
20 22 14 15 4 0 100 44.264 2.441
20 22 15 16 4 0 100 44.341 2.416
20 22 16 17 4 0 100 67.754 2.318
20 22 17 18 4 0 100 76.233 2.370
20 22 18 19 4 0 100 69.152 2.416
20 22 19 20 4 0 100 96.378 2.159
20 22 20 21 4 0 100 100.000 2.185
20 22 21 22 4 0 100 100.000 2.004
20 22 22 23 4 0 100 100.000 2.139
20 22 23 24 4 0 100 100.000 2.309
20 22 24 25 4 0 100 100.000 2.324
20 22 25 26 4 0 100 14.627 74.847
20 22 26 27 4 0 100 75.756 34.513
20 22 27 28 4 0 100 28.630 48.220
20 22 28 29 4 0 100 53.695 38.600
20 22 29 30 4 0 100 17.038 76.053
20 22 30 31 4 0 100 99.918 78.313
20 22 31 32 4 0 100 69.087 22.218
20 22 32 33 4 0 100 32.428 50.458
20 22 33 34 4 0 100 93.297 38.531
20 22 34 35 4 0 100 89.875 77.499
20 22 35 36 4 0 100 24.595 44.055
20 22 36 37 4 0 100 99.127 48.594
20 22 37 38 4 0 100 39.922 47.221
20 22 39 40 4 0 100 86.835 45.666
20 22 40 100 4 0 100 94.670 98.372
22 25 0 1 4 0 100 27.353 39.541
22 25 1 2 4 0 100 100.000 3.171
22 25 2 3 4 0 100 55.668 2.705
22 25 3 4 4 0 100 48.939 2.894
22 25 4 5 4 0 100 35.670 2.804
22 25 5 6 4 0 100 32.645 2.798
22 25 6 7 4 0 100 34.494 2.767
22 25 7 8 4 0 100 34.621 2.745
22 25 8 9 4 0 100 33.985 2.748
22 25 9 10 4 0 100 34.172 2.680
22 25 10 11 4 0 100 35.814 2.686
22 25 11 12 4 0 100 34.731 2.632
22 25 12 13 4 0 100 35.323 2.601
22 25 13 14 4 0 100 36.859 2.616
22 25 14 15 4 0 100 37.466 2.555
22 25 15 16 4 0 100 42.182 2.536
22 25 16 17 4 0 100 41.353 2.502
22 25 17 18 4 0 100 39.291 2.498
22 25 18 19 4 0 100 48.698 2.498
22 25 19 20 4 0 100 42.151 2.443
22 25 20 21 4 0 100 69.342 2.380
22 25 21 22 4 0 100 75.506 2.460
22 25 22 23 4 0 100 75.473 2.248
22 25 23 24 4 0 100 67.277 2.284
22 25 24 25 4 0 100 78.289 2.361
22 25 25 26 4 0 100 100.000 2.302
22 25 26 27 4 0 100 100.000 2.224
22 25 27 28 4 0 100 100.000 2.322
22 25 28 29 4 0 100 100.000 2.218
22 25 29 30 4 0 100 21.489 49.496
22 25 30 31 4 0 100 100.000 1.991
22 25 31 32 4 0 100 56.197 35.297
22 25 32 33 4 0 100 9.565 97.631
22 25 33 34 4 0 100 41.831 67.838
22 25 34 35 4 0 100 33.281 57.896
22 25 35 36 4 0 100 76.281 40.846
22 25 36 37 4 0 100 24.664 89.302
22 25 37 38 4 0 100 17.884 79.991
22 25 40 41 4 0 100 52.048 46.370
22 25 41 100 4 0 100 28.585 69.920
25 27 0 1 4 0 100 16.151 83.027
25 27 1 2 4 0 100 95.803 38.647
25 27 2 3 4 0 100 96.065 2.828
25 27 3 4 4 0 100 72.202 2.873
25 27 4 5 4 0 100 68.566 2.884
25 27 5 6 4 0 100 37.407 2.836
25 27 6 7 4 0 100 32.448 2.858
25 27 7 8 4 0 100 34.792 2.786
25 27 8 9 4 0 100 36.202 2.770
25 27 9 10 4 0 100 39.027 2.725
25 27 10 11 4 0 100 37.060 2.702
25 27 11 12 4 0 100 38.200 2.711
25 27 12 13 4 0 100 39.601 2.645
25 27 13 14 4 0 100 37.054 2.631
25 27 14 15 4 0 100 40.494 2.622
25 27 15 16 4 0 100 37.825 2.591
25 27 16 17 4 0 100 45.778 2.534
25 27 17 18 4 0 100 37.999 2.589
25 27 18 19 4 0 100 50.202 2.506
25 27 19 20 4 0 100 56.671 2.476
25 27 20 21 4 0 100 45.238 2.477
25 27 21 22 4 0 100 59.088 2.448
25 27 22 23 4 0 100 59.092 2.504
25 27 23 24 4 0 100 55.009 2.425
25 27 24 25 4 0 100 100.000 2.324
25 27 25 26 4 0 100 100.000 2.338
25 27 26 27 4 0 100 100.000 2.317
25 27 27 28 4 0 100 100.000 2.335
25 27 28 29 4 0 100 100.000 2.055
25 27 29 30 4 0 100 100.000 2.356
25 27 30 31 4 0 100 100.000 2.466
25 27 31 32 4 0 100 11.743 77.418
25 27 32 33 4 0 100 53.243 24.395
25 27 33 34 4 0 100 40.198 45.696
25 27 34 35 4 0 100 87.794 76.072
25 27 35 36 4 0 100 86.129 57.726
25 27 36 37 4 0 100 27.749 62.848
25 27 37 38 4 0 100 38.638 37.511
25 27 38 39 4 0 100 87.541 38.025
25 27 40 41 4 0 100 22.165 73.868
25 27 42 100 4 0 100 63.178 98.140
27 29 0 1 4 0 100 10.382 88.813
27 29 1 2 4 0 100 54.714 97.077
27 29 2 3 4 0 100 100.000 3.171
27 29 3 4 4 0 100 62.704 3.038
27 29 4 5 4 0 100 36.992 2.916
27 29 5 6 4 0 100 39.509 2.866
27 29 6 7 4 0 100 32.019 2.864
27 29 7 8 4 0 100 36.507 2.818
27 29 8 9 4 0 100 33.704 2.806
27 29 9 10 4 0 100 33.373 2.828
27 29 10 11 4 0 100 33.177 2.774
27 29 11 12 4 0 100 34.569 2.736
27 29 12 13 4 0 100 34.664 2.716
27 29 13 14 4 0 100 37.764 2.675
27 29 14 15 4 0 100 40.495 2.638
27 29 15 16 4 0 100 36.266 2.664
27 29 16 17 4 0 100 37.381 2.620
27 29 17 18 4 0 100 40.430 2.623
27 29 18 19 4 0 100 39.654 2.590
27 29 19 20 4 0 100 45.934 2.543
27 29 20 21 4 0 100 43.100 2.515
27 29 21 22 4 0 100 60.021 2.475
27 29 22 23 4 0 100 50.512 2.481
27 29 23 24 4 0 100 54.914 2.484
27 29 24 25 4 0 100 58.431 2.409
27 29 25 26 4 0 100 70.714 2.501
27 29 26 27 4 0 100 74.343 2.390
27 29 27 28 4 0 100 100.000 2.338
27 29 28 29 4 0 100 100.000 2.373
27 29 29 30 4 0 100 100.000 2.425
27 29 30 31 4 0 100 30.998 42.700
27 29 31 32 4 0 100 100.000 2.413
27 29 32 33 4 0 100 9.012 98.869
27 29 33 34 4 0 100 45.597 52.004
27 29 34 35 4 0 100 91.206 56.895
27 29 35 36 4 0 100 12.950 99.993
27 29 36 37 4 0 100 96.121 26.002
27 29 37 38 4 0 100 98.766 80.357
27 29 38 39 4 0 100 64.499 50.408
27 29 39 40 4 0 100 34.293 49.136
27 29 40 41 4 0 100 93.281 99.812
27 29 41 100 4 0 100 98.594 49.469
29 32 0 1 4 0 100 10.221 99.998
29 32 1 2 4 0 100 100.000 2.574
29 32 2 3 4 0 100 88.032 2.914
29 32 3 4 4 0 100 51.761 2.941
29 32 4 5 4 0 100 37.659 2.929
29 32 5 6 4 0 100 31.608 2.981
29 32 6 7 4 0 100 34.606 2.883
29 32 7 8 4 0 100 35.392 2.877
29 32 8 9 4 0 100 33.745 2.853
29 32 9 10 4 0 100 35.665 2.819
29 32 10 11 4 0 100 35.927 2.817
29 32 11 12 4 0 100 34.758 2.790
29 32 12 13 4 0 100 35.971 2.774
29 32 13 14 4 0 100 34.944 2.719
29 32 14 15 4 0 100 37.197 2.726
29 32 15 16 4 0 100 40.882 2.687
29 32 16 17 4 0 100 39.524 2.694
29 32 17 18 4 0 100 38.650 2.665
29 32 18 19 4 0 100 39.910 2.654
29 32 19 20 4 0 100 43.479 2.618
29 32 20 21 4 0 100 39.165 2.603
29 32 21 22 4 0 100 40.513 2.564
29 32 22 23 4 0 100 46.294 2.574
29 32 23 24 4 0 100 47.183 2.554
29 32 24 25 4 0 100 54.447 2.527
29 32 25 26 4 0 100 55.393 2.500
29 32 26 27 4 0 100 81.523 2.589
29 32 27 28 4 0 100 87.938 2.398
29 32 28 29 4 0 100 68.800 2.464
29 32 29 30 4 0 100 99.465 2.399
29 32 30 31 4 0 100 82.894 2.330
29 32 31 32 4 0 100 100.000 2.442
29 32 32 33 4 0 100 100.000 2.204
29 32 33 34 4 0 100 100.000 2.543
29 32 34 35 4 0 100 100.000 2.308
29 32 35 36 4 0 100 83.323 78.309
29 32 36 37 4 0 100 23.633 49.042
29 32 37 38 4 0 100 86.762 50.690
29 32 38 39 4 0 100 44.652 98.807
29 32 40 41 4 0 100 10.208 100.000
29 32 41 42 4 0 100 21.147 70.334
29 32 42 43 4 0 100 85.498 85.567
29 32 43 100 4 0 100 99.833 91.789
32 35 0 1 4 0 100 89.343 78.420
32 35 1 2 4 0 100 10.079 55.383
32 35 2 3 4 0 100 48.560 3.061
32 35 3 4 4 0 100 42.885 3.054
32 35 4 5 4 0 100 34.559 3.069
32 35 5 6 4 0 100 35.043 3.039
32 35 6 7 4 0 100 33.257 2.978
32 35 7 8 4 0 100 32.703 2.921
32 35 8 9 4 0 100 33.949 2.918
32 35 9 10 4 0 100 32.212 2.911
32 35 10 11 4 0 100 35.244 2.888
32 35 11 12 4 0 100 34.299 2.822
32 35 12 13 4 0 100 33.085 2.810
32 35 13 14 4 0 100 37.010 2.770
32 35 14 15 4 0 100 35.587 2.784
32 35 15 16 4 0 100 36.319 2.765
32 35 16 17 4 0 100 36.751 2.720
32 35 17 18 4 0 100 40.438 2.693
32 35 18 19 4 0 100 41.686 2.708
32 35 19 20 4 0 100 36.790 2.684
32 35 20 21 4 0 100 37.334 2.697
32 35 21 22 4 0 100 45.953 2.600
32 35 22 23 4 0 100 40.624 2.613
32 35 23 24 4 0 100 37.526 2.615
32 35 24 25 4 0 100 43.020 2.589
32 35 25 26 4 0 100 44.753 2.597
32 35 26 27 4 0 100 54.698 2.522
32 35 27 28 4 0 100 59.432 2.515
32 35 28 29 4 0 100 53.523 2.532
32 35 29 30 4 0 100 74.638 2.482
32 35 30 31 4 0 100 100.000 2.553
32 35 31 32 4 0 100 100.000 2.272
32 35 32 33 4 0 100 100.000 2.480
32 35 33 34 4 0 100 55.763 38.948
32 35 34 35 4 0 100 100.000 2.447
32 35 35 36 4 0 100 29.345 38.343
32 35 36 37 4 0 100 90.637 34.848
32 35 37 38 4 0 100 32.348 99.991
32 35 38 39 4 0 100 18.713 59.477
32 35 39 40 4 0 100 28.099 44.381
32 35 40 41 4 0 100 57.166 79.180
32 35 41 42 4 0 100 32.939 96.787
32 35 43 44 4 0 100 79.524 86.998
32 35 44 100 4 0 100 49.405 72.048
35 39 0 1 4 0 100 14.936 75.080
35 39 1 2 4 0 100 33.437 3.026
35 39 2 3 4 0 100 45.248 3.099
35 39 3 4 4 0 100 35.955 3.186
35 39 4 5 4 0 100 38.359 3.035
35 39 5 6 4 0 100 34.462 3.084
35 39 6 7 4 0 100 32.642 3.028
35 39 7 8 4 0 100 32.932 2.993
35 39 8 9 4 0 100 34.036 2.987
35 39 9 10 4 0 100 31.587 2.961
35 39 10 11 4 0 100 34.924 2.919
35 39 11 12 4 0 100 34.512 2.883
35 39 12 13 4 0 100 34.501 2.900
35 39 13 14 4 0 100 35.440 2.844
35 39 14 15 4 0 100 34.448 2.836
35 39 15 16 4 0 100 35.075 2.818
35 39 16 17 4 0 100 35.021 2.813
35 39 17 18 4 0 100 37.162 2.769
35 39 18 19 4 0 100 38.882 2.765
35 39 19 20 4 0 100 34.280 2.764
35 39 20 21 4 0 100 37.370 2.739
35 39 21 22 4 0 100 42.485 2.728
35 39 22 23 4 0 100 39.769 2.730
35 39 23 24 4 0 100 43.572 2.674
35 39 24 25 4 0 100 43.390 2.709
35 39 25 26 4 0 100 40.062 2.705
35 39 26 27 4 0 100 50.362 2.677
35 39 27 28 4 0 100 45.052 2.630
35 39 28 29 4 0 100 57.533 2.664
35 39 29 30 4 0 100 59.244 2.665
35 39 30 31 4 0 100 84.890 2.499
35 39 31 32 4 0 100 71.399 2.449
35 39 32 33 4 0 100 91.626 2.329
35 39 33 34 4 0 100 86.969 2.584
35 39 34 35 4 0 100 100.000 2.499
35 39 35 36 4 0 100 100.000 2.423
35 39 36 37 4 0 100 10.797 71.809
35 39 37 38 4 0 100 23.393 2.698
35 39 38 39 4 0 100 12.474 76.408
35 39 39 40 4 0 100 17.594 61.646
35 39 40 41 4 0 100 12.260 91.452
35 39 41 42 4 0 100 15.247 87.937
35 39 42 100 4 0 100 29.975 99.993
39 42 0 1 4 0 100 12.532 92.661
39 42 1 2 4 0 100 19.551 3.210
39 42 2 3 4 0 100 53.881 3.117
39 42 3 4 4 0 100 44.534 3.152
39 42 4 5 4 0 100 42.678 3.197
39 42 5 6 4 0 100 39.003 3.087
39 42 6 7 4 0 100 35.773 3.113
39 42 7 8 4 0 100 34.847 3.033
39 42 8 9 4 0 100 35.943 3.052
39 42 9 10 4 0 100 32.335 3.028
39 42 10 11 4 0 100 35.496 2.961
39 42 11 12 4 0 100 32.781 2.974
39 42 12 13 4 0 100 33.693 2.970
39 42 13 14 4 0 100 37.270 2.905
39 42 14 15 4 0 100 33.906 2.896
39 42 15 16 4 0 100 35.590 2.884
39 42 16 17 4 0 100 37.467 2.882
39 42 17 18 4 0 100 34.322 2.859
39 42 18 19 4 0 100 36.827 2.840
39 42 19 20 4 0 100 39.982 2.828
39 42 20 21 4 0 100 40.216 2.796
39 42 21 22 4 0 100 44.203 2.787
39 42 22 23 4 0 100 43.962 2.708
39 42 23 24 4 0 100 48.020 2.831
39 42 24 25 4 0 100 47.322 2.730
39 42 25 26 4 0 100 52.478 2.701
39 42 26 27 4 0 100 54.351 2.689
39 42 27 28 4 0 100 85.694 2.556
39 42 28 29 4 0 100 65.141 2.657
39 42 29 30 4 0 100 52.671 2.787
39 42 30 31 4 0 100 89.622 2.655
39 42 31 32 4 0 100 72.728 2.648
39 42 32 33 4 0 100 100.000 2.589
39 42 33 34 4 0 100 23.687 2.678
39 42 34 35 4 0 100 100.000 2.671
39 42 35 36 4 0 100 100.000 2.490
39 42 36 37 4 0 100 64.849 35.053
39 42 37 38 4 0 100 100.000 2.674
39 42 38 39 4 0 100 100.000 2.598
39 42 39 40 4 0 100 15.302 73.823
39 42 40 41 4 0 100 99.549 44.482
39 42 41 42 4 0 100 21.251 52.531
39 42 42 43 4 0 100 99.982 79.001
39 42 43 100 4 0 100 11.464 89.184
42 46 1 2 4 0 100 100.000 3.447
42 46 2 3 4 0 100 87.544 3.064
42 46 3 4 4 0 100 45.335 3.378
42 46 4 5 4 0 100 39.985 3.258
42 46 5 6 4 0 100 31.111 3.159
42 46 6 7 4 0 100 33.923 3.172
42 46 7 8 4 0 100 32.151 3.112
42 46 8 9 4 0 100 34.612 3.092
42 46 9 10 4 0 100 32.971 3.070
42 46 10 11 4 0 100 34.382 3.038
42 46 11 12 4 0 100 32.420 3.013
42 46 12 13 4 0 100 34.840 2.988
42 46 13 14 4 0 100 34.233 2.965
42 46 14 15 4 0 100 34.664 2.964
42 46 15 16 4 0 100 36.626 2.920
42 46 16 17 4 0 100 33.196 2.898
42 46 17 18 4 0 100 35.550 2.916
42 46 18 19 4 0 100 37.140 2.884
42 46 19 20 4 0 100 37.226 2.891
42 46 20 21 4 0 100 36.976 2.848
42 46 21 22 4 0 100 41.341 2.836
42 46 22 23 4 0 100 37.220 2.823
42 46 23 24 4 0 100 41.993 2.814
42 46 24 25 4 0 100 49.409 2.786
42 46 25 26 4 0 100 46.658 2.724
42 46 26 27 4 0 100 46.990 2.747
42 46 27 28 4 0 100 52.885 2.724
42 46 28 29 4 0 100 55.562 2.762
42 46 29 30 4 0 100 59.927 2.651
42 46 30 31 4 0 100 89.289 2.597
42 46 31 32 4 0 100 87.313 2.631
42 46 32 33 4 0 100 76.313 2.715
42 46 33 34 4 0 100 100.000 2.576
42 46 34 35 4 0 100 100.000 2.642
42 46 35 36 4 0 100 100.000 2.278
42 46 36 37 4 0 100 52.457 24.471
42 46 37 38 4 0 100 100.000 2.565
42 46 38 39 4 0 100 100.000 2.394
42 46 39 40 4 0 100 12.204 87.157
42 46 40 41 4 0 100 49.472 46.230
42 46 41 42 4 0 100 8.781 96.302
42 46 42 43 4 0 100 10.036 89.548
42 46 43 44 4 0 100 66.345 34.245
42 46 44 100 4 0 100 78.762 28.345
46 51 0 1 4 0 100 50.144 48.906
46 51 1 2 4 0 100 4.949 99.999
46 51 2 3 4 0 100 88.893 3.293
46 51 3 4 4 0 100 44.852 3.253
46 51 4 5 4 0 100 37.389 3.266
46 51 5 6 4 0 100 29.034 3.275
46 51 6 7 4 0 100 33.878 3.249
46 51 7 8 4 0 100 32.856 3.194
46 51 8 9 4 0 100 33.090 3.119
46 51 9 10 4 0 100 33.696 3.113
46 51 10 11 4 0 100 32.893 3.115
46 51 11 12 4 0 100 34.089 3.097
46 51 12 13 4 0 100 34.163 3.069
46 51 13 14 4 0 100 34.103 3.040
46 51 14 15 4 0 100 33.114 3.031
46 51 15 16 4 0 100 32.733 2.997
46 51 16 17 4 0 100 35.346 2.994
46 51 17 18 4 0 100 37.076 2.978
46 51 18 19 4 0 100 34.952 2.944
46 51 19 20 4 0 100 35.318 2.965
46 51 20 21 4 0 100 36.480 2.930
46 51 21 22 4 0 100 35.868 2.896
46 51 22 23 4 0 100 42.563 2.878
46 51 23 24 4 0 100 39.551 2.896
46 51 24 25 4 0 100 49.723 2.865
46 51 25 26 4 0 100 37.615 2.879
46 51 26 27 4 0 100 50.760 2.819
46 51 27 28 4 0 100 49.388 2.821
46 51 28 29 4 0 100 49.460 2.742
46 51 29 30 4 0 100 47.403 2.801
46 51 30 31 4 0 100 54.604 2.754
46 51 31 32 4 0 100 60.840 2.759
46 51 32 33 4 0 100 98.590 2.680
46 51 33 34 4 0 100 91.345 2.641
46 51 34 35 4 0 100 100.000 2.839
46 51 35 36 4 0 100 100.000 2.657
46 51 36 37 4 0 100 100.000 2.869
46 51 37 38 4 0 100 100.000 2.561
46 51 38 39 4 0 100 16.905 64.589
46 51 39 40 4 0 100 11.297 91.171
46 51 40 41 4 0 100 9.444 95.679
46 51 41 42 4 0 100 8.350 99.496
46 51 42 43 4 0 100 77.345 20.744
46 51 43 44 4 0 100 9.946 99.999
46 51 44 100 4 0 100 61.284 70.402
51 56 0 1 4 0 100 15.877 67.252
51 56 1 2 4 0 100 100.000 3.063
51 56 2 3 4 0 100 47.150 3.384
51 56 3 4 4 0 100 42.283 3.422
51 56 4 5 4 0 100 38.447 3.338
51 56 5 6 4 0 100 38.537 3.264
51 56 6 7 4 0 100 31.229 3.302
51 56 7 8 4 0 100 33.666 3.249
51 56 8 9 4 0 100 33.873 3.221
51 56 9 10 4 0 100 32.875 3.200
51 56 10 11 4 0 100 30.887 3.204
51 56 11 12 4 0 100 33.717 3.154
51 56 12 13 4 0 100 31.852 3.146
51 56 13 14 4 0 100 34.350 3.104
51 56 14 15 4 0 100 34.129 3.086
51 56 15 16 4 0 100 34.352 3.065
51 56 16 17 4 0 100 38.290 3.059
51 56 17 18 4 0 100 34.072 3.016
51 56 18 19 4 0 100 36.471 3.036
51 56 19 20 4 0 100 37.087 3.001
51 56 20 21 4 0 100 35.225 2.984
51 56 21 22 4 0 100 36.678 2.995
51 56 22 23 4 0 100 35.049 2.930
51 56 23 24 4 0 100 41.203 2.893
51 56 24 25 4 0 100 40.751 2.933
51 56 25 26 4 0 100 43.245 2.907
51 56 26 27 4 0 100 45.468 2.898
51 56 27 28 4 0 100 48.634 2.882
51 56 28 29 4 0 100 48.811 2.839
51 56 29 30 4 0 100 58.761 2.864
51 56 30 31 4 0 100 64.701 2.774
51 56 31 32 4 0 100 81.585 2.886
51 56 32 33 4 0 100 77.427 2.875
51 56 33 34 4 0 100 100.000 3.019
51 56 34 35 4 0 100 100.000 2.665
51 56 35 36 4 0 100 100.000 2.719
51 56 36 37 4 0 100 100.000 2.861
51 56 37 38 4 0 100 8.812 75.509
51 56 38 39 4 0 100 100.000 2.852
51 56 39 40 4 0 100 98.423 17.612
51 56 40 41 4 0 100 39.243 41.156
51 56 42 43 4 0 100 53.279 78.636
51 56 43 44 4 0 100 61.612 37.255
51 56 44 100 4 0 100 86.509 56.509
56 61 0 1 4 0 100 8.150 94.805
56 61 1 2 4 0 100 22.852 34.069
56 61 2 3 4 0 100 100.000 2.952
56 61 3 4 4 0 100 43.378 3.478
56 61 4 5 4 0 100 34.119 3.405
56 61 5 6 4 0 100 33.893 3.361
56 61 6 7 4 0 100 30.965 3.355
56 61 7 8 4 0 100 35.208 3.316
56 61 8 9 4 0 100 31.354 3.294
56 61 9 10 4 0 100 31.499 3.247
56 61 10 11 4 0 100 33.805 3.241
56 61 11 12 4 0 100 34.688 3.217
56 61 12 13 4 0 100 34.004 3.191
56 61 13 14 4 0 100 33.816 3.186
56 61 14 15 4 0 100 33.768 3.160
56 61 15 16 4 0 100 33.889 3.148
56 61 16 17 4 0 100 35.132 3.082
56 61 17 18 4 0 100 36.088 3.129
56 61 18 19 4 0 100 35.656 3.100
56 61 19 20 4 0 100 37.557 3.046
56 61 20 21 4 0 100 37.097 3.064
56 61 21 22 4 0 100 38.093 3.035
56 61 22 23 4 0 100 41.086 3.008
56 61 23 24 4 0 100 45.618 2.985
56 61 24 25 4 0 100 40.672 2.938
56 61 25 26 4 0 100 43.074 2.968
56 61 26 27 4 0 100 45.495 2.971
56 61 27 28 4 0 100 90.404 2.945
56 61 28 29 4 0 100 53.957 2.955
56 61 29 30 4 0 100 56.736 2.863
56 61 30 31 4 0 100 62.920 2.865
56 61 31 32 4 0 100 52.287 2.933
56 61 32 33 4 0 100 100.000 2.727
56 61 33 34 4 0 100 93.649 2.901
56 61 34 35 4 0 100 100.000 2.892
56 61 35 36 4 0 100 23.948 2.857
56 61 36 37 4 0 100 100.000 2.900
56 61 37 38 4 0 100 6.467 96.918
56 61 38 39 4 0 100 34.976 69.137
56 61 39 40 4 0 100 10.949 66.311
56 61 41 42 4 0 100 12.786 89.341
56 61 43 44 4 0 100 56.809 95.857
56 61 44 100 4 0 100 26.444 55.749
61 67 0 1 4 0 100 37.275 75.163
61 67 1 2 4 0 100 100.000 3.462
61 67 2 3 4 0 100 69.705 3.504
61 67 3 4 4 0 100 45.757 3.414
61 67 4 5 4 0 100 37.525 3.382
61 67 5 6 4 0 100 32.552 3.449
61 67 6 7 4 0 100 31.020 3.370
61 67 7 8 4 0 100 32.518 3.363
61 67 8 9 4 0 100 31.135 3.334
61 67 9 10 4 0 100 33.159 3.332
61 67 10 11 4 0 100 33.335 3.316
61 67 11 12 4 0 100 31.307 3.267
61 67 12 13 4 0 100 31.629 3.266
61 67 13 14 4 0 100 32.857 3.230
61 67 14 15 4 0 100 34.806 3.204
61 67 15 16 4 0 100 33.891 3.203
61 67 16 17 4 0 100 34.676 3.165
61 67 17 18 4 0 100 33.489 3.144
61 67 18 19 4 0 100 37.270 3.165
61 67 19 20 4 0 100 41.105 3.114
61 67 20 21 4 0 100 38.442 3.092
61 67 21 22 4 0 100 38.988 3.048
61 67 22 23 4 0 100 41.604 3.081
61 67 23 24 4 0 100 44.505 3.053
61 67 24 25 4 0 100 44.814 3.059
61 67 25 26 4 0 100 45.700 3.046
61 67 26 27 4 0 100 40.218 2.938
61 67 27 28 4 0 100 78.946 2.836
61 67 28 29 4 0 100 46.142 2.981
61 67 29 30 4 0 100 54.807 3.007
61 67 30 31 4 0 100 100.000 2.971
61 67 31 32 4 0 100 83.563 3.104
61 67 32 33 4 0 100 93.207 2.952
61 67 33 34 4 0 100 100.000 2.859
61 67 34 35 4 0 100 100.000 3.109
61 67 35 36 4 0 100 100.000 3.125
61 67 36 37 4 0 100 100.000 2.789
61 67 37 38 4 0 100 69.670 48.701
61 67 38 39 4 0 100 100.000 2.950
61 67 39 40 4 0 100 13.092 64.320
61 67 40 41 4 0 100 17.692 54.817
61 67 41 42 4 0 100 46.587 49.696
61 67 42 43 4 0 100 42.449 50.256
61 67 43 100 4 0 100 13.141 86.777
67 73 1 2 4 0 100 99.248 59.296
67 73 2 3 4 0 100 100.000 3.330
67 73 3 4 4 0 100 40.194 3.369
67 73 4 5 4 0 100 41.408 3.566
67 73 5 6 4 0 100 36.987 3.525
67 73 6 7 4 0 100 34.025 3.472
67 73 7 8 4 0 100 31.469 3.428
67 73 8 9 4 0 100 30.937 3.365
67 73 9 10 4 0 100 31.200 3.415
67 73 10 11 4 0 100 32.684 3.298
67 73 11 12 4 0 100 32.778 3.336
67 73 12 13 4 0 100 32.571 3.286
67 73 13 14 4 0 100 34.341 3.292
67 73 14 15 4 0 100 34.215 3.281
67 73 15 16 4 0 100 34.357 3.292
67 73 16 17 4 0 100 35.392 3.221
67 73 17 18 4 0 100 34.007 3.240
67 73 18 19 4 0 100 35.447 3.218
67 73 19 20 4 0 100 40.239 3.222
67 73 20 21 4 0 100 38.149 3.157
67 73 21 22 4 0 100 39.003 3.084
67 73 22 23 4 0 100 41.428 3.147
67 73 23 24 4 0 100 37.035 3.118
67 73 24 25 4 0 100 40.730 3.126
67 73 25 26 4 0 100 43.378 3.076
67 73 26 27 4 0 100 53.327 3.149
67 73 27 28 4 0 100 51.932 3.059
67 73 28 29 4 0 100 57.250 2.950
67 73 29 30 4 0 100 63.226 3.116
67 73 30 31 4 0 100 65.778 2.957
67 73 31 32 4 0 100 100.000 3.050
67 73 32 33 4 0 100 100.000 2.873
67 73 33 34 4 0 100 96.443 2.991
67 73 34 35 4 0 100 10.666 57.871
67 73 35 36 4 0 100 29.866 44.024
67 73 36 37 4 0 100 100.000 3.074
67 73 37 38 4 0 100 7.169 99.996
67 73 38 39 4 0 100 6.795 90.595
67 73 39 40 4 0 100 100.000 3.237
67 73 40 41 4 0 100 67.055 61.618
67 73 41 42 4 0 100 59.771 53.406
67 73 42 43 4 0 100 12.572 73.581
67 73 43 100 4 0 100 10.238 94.169
73 81 0 1 4 0 100 9.781 87.620
73 81 1 2 4 0 100 100.000 3.322
73 81 2 3 4 0 100 100.000 3.204
73 81 3 4 4 0 100 43.259 3.529
73 81 4 5 4 0 100 35.129 3.459
73 81 5 6 4 0 100 35.216 3.495
73 81 6 7 4 0 100 31.493 3.477
73 81 7 8 4 0 100 31.253 3.505
73 81 8 9 4 0 100 32.491 3.452
73 81 9 10 4 0 100 30.302 3.440
73 81 10 11 4 0 100 32.923 3.393
73 81 11 12 4 0 100 32.752 3.404
73 81 12 13 4 0 100 33.366 3.404
73 81 13 14 4 0 100 33.071 3.354
73 81 14 15 4 0 100 35.801 3.304
73 81 15 16 4 0 100 34.380 3.301
73 81 16 17 4 0 100 32.375 3.292
73 81 17 18 4 0 100 34.112 3.287
73 81 18 19 4 0 100 36.328 3.277
73 81 19 20 4 0 100 43.888 3.272
73 81 20 21 4 0 100 39.135 3.256
73 81 21 22 4 0 100 38.325 3.243
73 81 22 23 4 0 100 40.900 3.189
73 81 23 24 4 0 100 41.540 3.183
73 81 24 25 4 0 100 39.128 3.129
73 81 25 26 4 0 100 40.374 3.168
73 81 26 27 4 0 100 44.470 3.145
73 81 27 28 4 0 100 58.637 3.154
73 81 28 29 4 0 100 57.147 3.050
73 81 29 30 4 0 100 70.038 3.020
73 81 30 31 4 0 100 55.142 3.100
73 81 31 32 4 0 100 100.000 3.154
73 81 32 33 4 0 100 100.000 3.081
73 81 33 34 4 0 100 100.000 3.094
73 81 34 35 4 0 100 100.000 2.640
73 81 35 36 4 0 100 100.000 2.947
73 81 36 37 4 0 100 32.839 3.101
73 81 37 38 4 0 100 100.000 3.217
73 81 38 39 4 0 100 100.000 2.797
73 81 39 40 4 0 100 62.787 66.129
73 81 40 41 4 0 100 13.733 60.241
73 81 41 42 4 0 100 100.000 15.751
73 81 42 43 4 0 100 22.734 55.771
73 81 43 44 4 0 100 87.460 25.959
73 81 44 100 4 0 100 38.376 44.391
81 88 0 1 4 0 100 99.607 21.331
81 88 1 2 4 0 100 25.744 30.564
81 88 2 3 4 0 100 100.000 4.074
81 88 3 4 4 0 100 49.233 3.551
81 88 4 5 4 0 100 39.337 3.616
81 88 5 6 4 0 100 36.391 3.623
81 88 6 7 4 0 100 31.840 3.552
81 88 7 8 4 0 100 36.024 3.558
81 88 8 9 4 0 100 31.718 3.498
81 88 9 10 4 0 100 33.287 3.462
81 88 10 11 4 0 100 33.249 3.436
81 88 11 12 4 0 100 33.418 3.476
81 88 12 13 4 0 100 31.392 3.433
81 88 13 14 4 0 100 34.228 3.388
81 88 14 15 4 0 100 34.930 3.381
81 88 15 16 4 0 100 38.492 3.388
81 88 16 17 4 0 100 36.356 3.380
81 88 17 18 4 0 100 36.385 3.317
81 88 18 19 4 0 100 35.652 3.309
81 88 19 20 4 0 100 42.263 3.340
81 88 20 21 4 0 100 46.478 3.258
81 88 21 22 4 0 100 38.470 3.281
81 88 22 23 4 0 100 41.865 3.301
81 88 23 24 4 0 100 46.574 3.244
81 88 24 25 4 0 100 42.530 3.224
81 88 25 26 4 0 100 46.915 3.208
81 88 26 27 4 0 100 61.198 3.276
81 88 27 28 4 0 100 65.957 3.255
81 88 28 29 4 0 100 51.696 3.135
81 88 29 30 4 0 100 73.317 3.057
81 88 30 31 4 0 100 82.429 3.013
81 88 31 32 4 0 100 100.000 3.335
81 88 32 33 4 0 100 100.000 2.803
81 88 33 34 4 0 100 100.000 3.030
81 88 34 35 4 0 100 100.000 3.034
81 88 35 36 4 0 100 13.063 73.862
81 88 36 37 4 0 100 100.000 3.073
81 88 37 38 4 0 100 8.211 94.165
81 88 38 39 4 0 100 13.041 59.066
81 88 40 41 4 0 100 65.456 90.282
81 88 41 42 4 0 100 65.937 93.264
81 88 42 43 4 0 100 68.094 99.868
81 88 43 100 4 0 100 57.520 42.602
88 97 1 2 4 0 100 4.982 100.000
88 97 2 3 4 0 100 67.511 3.710
88 97 3 4 4 0 100 38.388 3.568
88 97 4 5 4 0 100 35.288 3.713
88 97 5 6 4 0 100 34.115 3.681
88 97 6 7 4 0 100 36.361 3.624
88 97 7 8 4 0 100 31.282 3.628
88 97 8 9 4 0 100 30.934 3.569
88 97 9 10 4 0 100 34.020 3.558
88 97 10 11 4 0 100 31.403 3.522
88 97 11 12 4 0 100 34.417 3.492
88 97 12 13 4 0 100 34.696 3.473
88 97 13 14 4 0 100 34.417 3.461
88 97 14 15 4 0 100 33.170 3.469
88 97 15 16 4 0 100 35.343 3.392
88 97 16 17 4 0 100 34.350 3.362
88 97 17 18 4 0 100 36.956 3.378
88 97 18 19 4 0 100 35.063 3.393
88 97 19 20 4 0 100 36.355 3.389
88 97 20 21 4 0 100 37.306 3.358
88 97 21 22 4 0 100 37.596 3.358
88 97 22 23 4 0 100 38.084 3.315
88 97 23 24 4 0 100 41.947 3.302
88 97 24 25 4 0 100 44.157 3.241
88 97 25 26 4 0 100 47.770 3.163
88 97 26 27 4 0 100 51.945 3.289
88 97 27 28 4 0 100 56.741 3.234
88 97 28 29 4 0 100 61.244 3.158
88 97 29 30 4 0 100 82.135 3.155
88 97 30 31 4 0 100 77.789 3.157
88 97 31 32 4 0 100 100.000 3.214
88 97 32 33 4 0 100 100.000 3.109
88 97 33 34 4 0 100 23.642 3.393
88 97 34 35 4 0 100 100.000 3.260
88 97 35 36 4 0 100 13.758 47.894
88 97 36 37 4 0 100 35.867 3.237
88 97 37 38 4 0 100 100.000 3.283
88 97 38 39 4 0 100 50.378 35.819
88 97 39 40 4 0 100 64.039 99.734
88 97 40 41 4 0 100 29.202 34.646
88 97 41 42 4 0 100 8.037 99.989
88 97 42 100 4 0 100 10.859 70.210
97 106 0 1 4 0 100 10.265 78.461
97 106 1 2 4 0 100 4.330 100.000
97 106 2 3 4 0 100 32.736 50.615
97 106 3 4 4 0 100 71.626 3.775
97 106 4 5 4 0 100 41.640 3.742
97 106 5 6 4 0 100 40.974 3.821
97 106 6 7 4 0 100 36.550 3.686
97 106 7 8 4 0 100 33.166 3.664
97 106 8 9 4 0 100 34.892 3.624
97 106 9 10 4 0 100 31.613 3.615
97 106 10 11 4 0 100 31.845 3.549
97 106 11 12 4 0 100 33.266 3.575
97 106 12 13 4 0 100 36.827 3.531
97 106 13 14 4 0 100 33.484 3.543
97 106 14 15 4 0 100 38.810 3.524
97 106 15 16 4 0 100 34.100 3.490
97 106 16 17 4 0 100 36.050 3.472
97 106 17 18 4 0 100 40.277 3.483
97 106 18 19 4 0 100 37.354 3.488
97 106 19 20 4 0 100 39.410 3.438
97 106 20 21 4 0 100 41.844 3.422
97 106 21 22 4 0 100 40.985 3.437
97 106 22 23 4 0 100 48.478 3.412
97 106 23 24 4 0 100 46.221 3.319
97 106 24 25 4 0 100 46.417 3.301
97 106 25 26 4 0 100 62.556 3.309
97 106 26 27 4 0 100 51.684 3.321
97 106 27 28 4 0 100 80.319 3.223
97 106 28 29 4 0 100 95.620 3.280
97 106 29 30 4 0 100 75.277 3.127
97 106 30 31 4 0 100 100.000 3.213
97 106 31 32 4 0 100 100.000 3.018
97 106 32 33 4 0 100 100.000 3.010
97 106 33 34 4 0 100 100.000 2.926
97 106 34 35 4 0 100 5.398 99.999
97 106 35 36 4 0 100 71.372 29.406
97 106 36 37 4 0 100 8.786 76.546
97 106 38 39 4 0 100 13.599 54.028
97 106 39 40 4 0 100 10.237 77.921
97 106 40 41 4 0 100 10.853 67.609
97 106 42 100 4 0 100 10.376 90.879
106 116 1 2 4 0 100 99.988 16.932
106 116 2 3 4 0 100 100.000 4.188
106 116 3 4 4 0 100 48.368 3.774
106 116 4 5 4 0 100 45.513 3.751
106 116 5 6 4 0 100 43.475 3.778
106 116 6 7 4 0 100 34.766 3.771
106 116 7 8 4 0 100 37.819 3.732
106 116 8 9 4 0 100 32.169 3.650
106 116 9 10 4 0 100 35.911 3.648
106 116 10 11 4 0 100 35.005 3.652
106 116 11 12 4 0 100 35.409 3.658
106 116 12 13 4 0 100 38.257 3.620
106 116 13 14 4 0 100 35.127 3.600
106 116 14 15 4 0 100 35.788 3.589
106 116 15 16 4 0 100 42.347 3.571
106 116 16 17 4 0 100 36.218 3.582
106 116 17 18 4 0 100 38.864 3.505
106 116 18 19 4 0 100 37.262 3.493
106 116 19 20 4 0 100 41.362 3.466
106 116 20 21 4 0 100 42.829 3.544
106 116 21 22 4 0 100 48.867 3.384
106 116 22 23 4 0 100 45.625 3.459
106 116 23 24 4 0 100 46.644 3.492
106 116 24 25 4 0 100 45.849 3.375
106 116 25 26 4 0 100 54.776 3.369
106 116 26 27 4 0 100 76.762 3.239
106 116 27 28 4 0 100 68.353 3.391
106 116 28 29 4 0 100 99.704 3.453
106 116 29 30 4 0 100 85.006 3.259
106 116 30 31 4 0 100 100.000 2.980
106 116 31 32 4 0 100 100.000 2.797
106 116 32 33 4 0 100 100.000 3.289
106 116 33 34 4 0 100 28.929 34.164
106 116 34 35 4 0 100 4.673 99.999
106 116 35 36 4 0 100 12.016 54.561
106 116 36 37 4 0 100 5.757 100.000
106 116 37 38 4 0 100 9.163 83.489
106 116 38 39 4 0 100 26.996 39.046
106 116 39 40 4 0 100 11.913 64.394
106 116 43 44 4 0 100 92.543 91.295
106 116 44 100 4 0 100 11.425 98.994
116 127 1 2 4 0 100 22.189 39.292
116 127 2 3 4 0 100 100.000 4.216
116 127 3 4 4 0 100 58.665 3.733
116 127 4 5 4 0 100 93.426 3.950
116 127 5 6 4 0 100 35.240 3.795
116 127 6 7 4 0 100 41.995 3.700
116 127 7 8 4 0 100 40.777 3.713
116 127 8 9 4 0 100 37.503 3.788
116 127 9 10 4 0 100 36.864 3.623
116 127 10 11 4 0 100 31.475 3.679
116 127 11 12 4 0 100 35.010 3.685
116 127 12 13 4 0 100 36.387 3.656
116 127 13 14 4 0 100 36.551 3.610
116 127 14 15 4 0 100 36.215 3.649
116 127 15 16 4 0 100 40.075 3.633
116 127 16 17 4 0 100 36.707 3.592
116 127 17 18 4 0 100 38.500 3.618
116 127 18 19 4 0 100 43.668 3.554
116 127 19 20 4 0 100 45.915 3.572
116 127 20 21 4 0 100 43.077 3.522
116 127 21 22 4 0 100 42.141 3.470
116 127 22 23 4 0 100 44.435 3.500
116 127 23 24 4 0 100 46.492 3.625
116 127 24 25 4 0 100 61.237 3.430
116 127 25 26 4 0 100 53.752 3.417
116 127 26 27 4 0 100 72.194 3.313
116 127 27 28 4 0 100 91.519 3.346
116 127 28 29 4 0 100 60.167 3.432
116 127 29 30 4 0 100 100.000 3.662
116 127 30 31 4 0 100 100.000 3.488
116 127 31 32 4 0 100 100.000 3.563
116 127 32 33 4 0 100 100.000 3.091
116 127 33 34 4 0 100 5.115 96.969
116 127 34 35 4 0 100 7.889 85.488
116 127 35 36 4 0 100 5.666 99.462
116 127 36 37 4 0 100 6.282 99.996
116 127 37 38 4 0 100 9.274 72.332
116 127 38 39 4 0 100 9.860 74.393
116 127 40 41 4 0 100 84.514 56.649
116 127 41 42 4 0 100 10.543 77.976
116 127 42 100 4 0 100 11.213 78.043
127 4000 1 2 4 0 100 3.840 100.000
127 4000 2 3 4 0 100 50.267 4.080
127 4000 3 4 4 0 100 47.601 3.941
127 4000 4 5 4 0 100 33.917 4.042
127 4000 5 6 4 0 100 29.773 3.994
127 4000 6 7 4 0 100 32.503 3.975
127 4000 7 8 4 0 100 31.638 3.954
127 4000 8 9 4 0 100 31.554 3.921
127 4000 9 10 4 0 100 31.575 3.937
127 4000 10 11 4 0 100 32.216 3.910
127 4000 11 12 4 0 100 31.548 3.893
127 4000 12 13 4 0 100 33.171 3.897
127 4000 13 14 4 0 100 32.059 3.856
127 4000 14 15 4 0 100 33.380 3.875
127 4000 15 16 4 0 100 33.546 3.819
127 4000 16 17 4 0 100 36.377 3.799
127 4000 17 18 4 0 100 35.793 3.758
127 4000 18 19 4 0 100 36.144 3.775
127 4000 19 20 4 0 100 37.110 3.753
127 4000 20 21 4 0 100 37.771 3.750
127 4000 21 22 4 0 100 35.210 3.698
127 4000 22 23 4 0 100 39.121 3.684
127 4000 23 24 4 0 100 40.971 3.734
127 4000 24 25 4 0 100 39.278 3.685
127 4000 25 26 4 0 100 48.543 3.666
127 4000 26 27 4 0 100 47.995 3.624
127 4000 27 28 4 0 100 53.357 3.596
127 4000 28 29 4 0 100 62.665 3.461
127 4000 29 30 4 0 100 68.097 3.647
127 4000 30 31 4 0 100 55.769 3.556
127 4000 31 32 4 0 100 63.568 3.599
127 4000 32 33 4 0 100 64.841 3.504
127 4000 33 34 4 0 100 100.000 3.639
127 4000 34 35 4 0 100 100.000 3.869
127 4000 35 36 4 0 100 100.000 3.400
127 4000 37 38 4 0 100 100.000 3.589
127 4000 38 39 4 0 100 100.000 3.617
127 4000 39 40 4 0 100 9.908 61.613
127 4000 43 44 4 0 100 24.673 41.665
127 4000 44 100 4 0 100 6.827 98.372
[gluon]
{2 JetPt Rho 1 x TMath::Exp(-1.*x*[0]/[1])*TMath::Power(x,[0]-1)*TMath::Power([1]/[0],-1.*[0])/TMath::Gamma([0]) Correction QGL_axis2_QC_F_gluon}
20 22 0 1 4 0 100 9.898 88.745
20 22 1 2 4 0 100 100.000 2.659
20 22 2 3 4 0 100 57.473 2.589
20 22 3 4 4 0 100 47.979 2.542
20 22 4 5 4 0 100 48.807 2.441
20 22 5 6 4 0 100 48.969 2.506
20 22 6 7 4 0 100 54.142 2.424
20 22 7 8 4 0 100 44.452 2.466
20 22 8 9 4 0 100 46.296 2.395
20 22 9 10 4 0 100 47.478 2.380
20 22 10 11 4 0 100 48.593 2.359
20 22 11 12 4 0 100 52.605 2.326
20 22 12 13 4 0 100 51.684 2.310
20 22 13 14 4 0 100 58.649 2.279
20 22 14 15 4 0 100 57.903 2.305
20 22 15 16 4 0 100 50.049 2.267
20 22 16 17 4 0 100 64.214 2.184
20 22 17 18 4 0 100 65.792 2.227
20 22 18 19 4 0 100 80.923 2.149
20 22 19 20 4 0 100 54.292 2.182
20 22 20 21 4 0 100 72.056 2.137
20 22 21 22 4 0 100 95.167 2.178
20 22 22 23 4 0 100 100.000 2.057
20 22 23 24 4 0 100 100.000 1.988
20 22 24 25 4 0 100 100.000 2.062
20 22 25 26 4 0 100 17.556 2.392
20 22 26 27 4 0 100 100.000 2.062
20 22 27 28 4 0 100 100.000 2.110
20 22 28 29 4 0 100 12.818 87.729
20 22 29 30 4 0 100 94.172 43.817
20 22 30 31 4 0 100 100.000 1.957
20 22 31 32 4 0 100 34.155 31.141
20 22 32 33 4 0 100 63.689 48.085
20 22 33 34 4 0 100 90.846 76.327
20 22 34 35 4 0 100 20.500 53.673
20 22 35 36 4 0 100 47.693 84.067
20 22 36 37 4 0 100 49.570 37.560
20 22 37 38 4 0 100 89.370 74.564
20 22 39 40 4 0 100 76.404 65.407
20 22 40 100 4 0 100 94.581 95.872
22 25 0 1 4 0 100 11.687 92.679
22 25 1 2 4 0 100 100.000 2.423
22 25 2 3 4 0 100 76.618 2.579
22 25 3 4 4 0 100 53.173 2.565
22 25 4 5 4 0 100 42.259 2.560
22 25 5 6 4 0 100 41.690 2.534
22 25 6 7 4 0 100 39.842 2.491
22 25 7 8 4 0 100 42.666 2.469
22 25 8 9 4 0 100 41.252 2.455
22 25 9 10 4 0 100 39.974 2.411
22 25 10 11 4 0 100 45.352 2.397
22 25 11 12 4 0 100 43.410 2.376
22 25 12 13 4 0 100 44.815 2.334
22 25 13 14 4 0 100 47.650 2.313
22 25 14 15 4 0 100 47.765 2.318
22 25 15 16 4 0 100 44.627 2.288
22 25 16 17 4 0 100 49.020 2.290
22 25 17 18 4 0 100 48.511 2.225
22 25 18 19 4 0 100 53.426 2.256
22 25 19 20 4 0 100 58.557 2.226
22 25 20 21 4 0 100 63.872 2.256
22 25 21 22 4 0 100 70.773 2.222
22 25 22 23 4 0 100 71.587 2.151
22 25 23 24 4 0 100 74.338 2.151
22 25 24 25 4 0 100 100.000 1.979
22 25 25 26 4 0 100 100.000 2.104
22 25 26 27 4 0 100 100.000 1.980
22 25 27 28 4 0 100 100.000 2.233
22 25 28 29 4 0 100 100.000 2.154
22 25 29 30 4 0 100 100.000 2.375
22 25 30 31 4 0 100 100.000 2.159
22 25 31 32 4 0 100 37.043 79.631
22 25 32 33 4 0 100 100.000 2.217
22 25 33 34 4 0 100 37.352 50.822
22 25 34 35 4 0 100 23.104 52.834
22 25 35 36 4 0 100 9.816 95.766
22 25 36 37 4 0 100 19.499 80.440
22 25 37 38 4 0 100 78.862 86.269
22 25 40 41 4 0 100 40.457 47.996
22 25 41 100 4 0 100 50.724 62.845
25 27 0 1 4 0 100 75.687 49.677
25 27 1 2 4 0 100 100.000 2.687
25 27 2 3 4 0 100 76.833 2.601
25 27 3 4 4 0 100 48.795 2.598
25 27 4 5 4 0 100 58.674 2.507
25 27 5 6 4 0 100 46.259 2.548
25 27 6 7 4 0 100 42.802 2.535
25 27 7 8 4 0 100 45.063 2.514
25 27 8 9 4 0 100 46.597 2.450
25 27 9 10 4 0 100 42.715 2.467
25 27 10 11 4 0 100 42.592 2.433
25 27 11 12 4 0 100 45.744 2.372
25 27 12 13 4 0 100 47.269 2.399
25 27 13 14 4 0 100 46.415 2.397
25 27 14 15 4 0 100 44.908 2.366
25 27 15 16 4 0 100 50.431 2.341
25 27 16 17 4 0 100 55.615 2.340
25 27 17 18 4 0 100 54.563 2.286
25 27 18 19 4 0 100 70.945 2.302
25 27 19 20 4 0 100 53.390 2.271
25 27 20 21 4 0 100 46.468 2.266
25 27 21 22 4 0 100 65.508 2.232
25 27 22 23 4 0 100 54.656 2.347
25 27 23 24 4 0 100 68.352 2.259
25 27 24 25 4 0 100 100.000 2.163
25 27 25 26 4 0 100 94.433 2.195
25 27 26 27 4 0 100 100.000 2.125
25 27 27 28 4 0 100 100.000 2.169
25 27 28 29 4 0 100 100.000 2.149
25 27 29 30 4 0 100 100.000 2.007
25 27 30 31 4 0 100 100.000 2.105
25 27 31 32 4 0 100 100.000 2.021
25 27 32 33 4 0 100 35.017 67.454
25 27 33 34 4 0 100 29.802 73.608
25 27 34 35 4 0 100 73.071 45.853
25 27 35 36 4 0 100 32.857 47.374
25 27 36 37 4 0 100 93.980 41.547
25 27 37 38 4 0 100 15.038 78.008
25 27 38 39 4 0 100 99.666 77.573
25 27 40 41 4 0 100 99.822 37.243
25 27 42 100 4 0 100 18.265 73.592
27 29 0 1 4 0 100 14.714 82.762
27 29 1 2 4 0 100 100.000 2.338
27 29 2 3 4 0 100 84.418 2.588
27 29 3 4 4 0 100 60.447 2.720
27 29 4 5 4 0 100 53.578 2.626
27 29 5 6 4 0 100 49.687 2.544
27 29 6 7 4 0 100 40.079 2.562
27 29 7 8 4 0 100 38.126 2.547
27 29 8 9 4 0 100 45.173 2.516
27 29 9 10 4 0 100 42.023 2.492
27 29 10 11 4 0 100 42.454 2.461
27 29 11 12 4 0 100 51.633 2.406
27 29 12 13 4 0 100 43.582 2.429
27 29 13 14 4 0 100 46.817 2.390
27 29 14 15 4 0 100 43.143 2.395
27 29 15 16 4 0 100 50.944 2.367
27 29 16 17 4 0 100 53.059 2.355
27 29 17 18 4 0 100 58.488 2.371
27 29 18 19 4 0 100 50.960 2.359
27 29 19 20 4 0 100 51.154 2.302
27 29 20 21 4 0 100 57.452 2.282
27 29 21 22 4 0 100 72.479 2.255
27 29 22 23 4 0 100 68.606 2.255
27 29 23 24 4 0 100 53.055 2.255
27 29 24 25 4 0 100 85.202 2.288
27 29 25 26 4 0 100 82.190 2.237
27 29 26 27 4 0 100 74.509 2.278
27 29 27 28 4 0 100 100.000 2.136
27 29 28 29 4 0 100 6.318 99.995
27 29 29 30 4 0 100 100.000 2.227
27 29 30 31 4 0 100 100.000 2.339
27 29 31 32 4 0 100 100.000 2.187
27 29 32 33 4 0 100 28.463 41.385
27 29 33 34 4 0 100 85.814 54.455
27 29 34 35 4 0 100 100.000 2.099
27 29 35 36 4 0 100 95.707 77.825
27 29 36 37 4 0 100 29.339 54.771
27 29 37 38 4 0 100 96.080 29.971
27 29 38 39 4 0 100 74.837 34.158
27 29 39 40 4 0 100 83.359 56.802
27 29 40 41 4 0 100 65.871 33.906
27 29 41 100 4 0 100 79.897 39.438
29 32 0 1 4 0 100 26.953 44.435
29 32 1 2 4 0 100 100.000 2.652
29 32 2 3 4 0 100 100.000 2.414
29 32 3 4 4 0 100 73.833 2.639
29 32 4 5 4 0 100 48.212 2.676
29 32 5 6 4 0 100 45.413 2.638
29 32 6 7 4 0 100 40.358 2.593
29 32 7 8 4 0 100 41.227 2.561
29 32 8 9 4 0 100 43.242 2.541
29 32 9 10 4 0 100 42.003 2.510
29 32 10 11 4 0 100 38.119 2.493
29 32 11 12 4 0 100 42.315 2.469
29 32 12 13 4 0 100 41.623 2.457
29 32 13 14 4 0 100 45.264 2.421
29 32 14 15 4 0 100 46.939 2.411
29 32 15 16 4 0 100 46.551 2.394
29 32 16 17 4 0 100 45.507 2.377
29 32 17 18 4 0 100 46.221 2.379
29 32 18 19 4 0 100 50.345 2.363
29 32 19 20 4 0 100 52.765 2.343
29 32 20 21 4 0 100 47.588 2.342
29 32 21 22 4 0 100 59.327 2.337
29 32 22 23 4 0 100 55.297 2.327
29 32 23 24 4 0 100 60.629 2.284
29 32 24 25 4 0 100 57.380 2.267
29 32 25 26 4 0 100 51.384 2.260
29 32 26 27 4 0 100 55.981 2.251
29 32 27 28 4 0 100 64.133 2.316
29 32 28 29 4 0 100 100.000 2.475
29 32 29 30 4 0 100 100.000 2.138
29 32 30 31 4 0 100 100.000 2.054
29 32 31 32 4 0 100 100.000 2.250
29 32 32 33 4 0 100 35.179 99.997
29 32 33 34 4 0 100 100.000 2.134
29 32 34 35 4 0 100 100.000 2.088
29 32 35 36 4 0 100 31.073 62.553
29 32 36 37 4 0 100 13.686 90.708
29 32 37 38 4 0 100 95.247 30.342
29 32 38 39 4 0 100 18.033 70.094
29 32 40 41 4 0 100 57.265 99.248
29 32 41 42 4 0 100 76.855 21.301
29 32 42 43 4 0 100 94.831 60.164
29 32 43 100 4 0 100 42.952 49.053
32 35 0 1 4 0 100 98.067 46.460
32 35 1 2 4 0 100 100.000 2.610
32 35 2 3 4 0 100 100.000 2.642
32 35 3 4 4 0 100 75.961 2.559
32 35 4 5 4 0 100 40.518 2.705
32 35 5 6 4 0 100 43.696 2.655
32 35 6 7 4 0 100 42.439 2.621
32 35 7 8 4 0 100 43.062 2.587
32 35 8 9 4 0 100 46.086 2.556
32 35 9 10 4 0 100 40.632 2.581
32 35 10 11 4 0 100 38.340 2.528
32 35 11 12 4 0 100 44.614 2.511
32 35 12 13 4 0 100 45.087 2.485
32 35 13 14 4 0 100 49.810 2.439
32 35 14 15 4 0 100 41.193 2.470
32 35 15 16 4 0 100 46.735 2.456
32 35 16 17 4 0 100 48.687 2.430
32 35 17 18 4 0 100 51.189 2.398
32 35 18 19 4 0 100 54.276 2.376
32 35 19 20 4 0 100 51.294 2.412
32 35 20 21 4 0 100 48.265 2.377
32 35 21 22 4 0 100 50.242 2.375
32 35 22 23 4 0 100 57.102 2.380
32 35 23 24 4 0 100 59.343 2.318
32 35 24 25 4 0 100 63.982 2.319
32 35 25 26 4 0 100 74.058 2.286
32 35 26 27 4 0 100 80.241 2.322
32 35 27 28 4 0 100 92.407 2.201
32 35 28 29 4 0 100 79.276 2.214
32 35 29 30 4 0 100 100.000 2.111
32 35 30 31 4 0 100 87.591 2.354
32 35 31 32 4 0 100 100.000 2.241
32 35 32 33 4 0 100 100.000 2.004
32 35 33 34 4 0 100 32.589 99.848
32 35 34 35 4 0 100 100.000 2.187
32 35 35 36 4 0 100 24.233 79.302
32 35 36 37 4 0 100 21.877 48.316
32 35 37 38 4 0 100 78.271 89.674
32 35 38 39 4 0 100 80.968 59.395
32 35 39 40 4 0 100 82.765 33.148
32 35 40 41 4 0 100 70.178 78.954
32 35 41 42 4 0 100 88.067 38.681
32 35 43 44 4 0 100 60.787 38.195
32 35 44 100 4 0 100 92.169 52.643
35 39 0 1 4 0 100 53.387 74.268
35 39 1 2 4 0 100 100.000 2.660
35 39 2 3 4 0 100 100.000 2.793
35 39 3 4 4 0 100 69.878 2.671
35 39 4 5 4 0 100 56.141 2.693
35 39 5 6 4 0 100 43.534 2.704
35 39 6 7 4 0 100 39.350 2.680
35 39 7 8 4 0 100 42.705 2.650
35 39 8 9 4 0 100 42.268 2.622
35 39 9 10 4 0 100 37.928 2.634
35 39 10 11 4 0 100 42.707 2.574
35 39 11 12 4 0 100 41.504 2.584
35 39 12 13 4 0 100 42.030 2.588
35 39 13 14 4 0 100 41.795 2.532
35 39 14 15 4 0 100 42.484 2.521
35 39 15 16 4 0 100 41.171 2.494
35 39 16 17 4 0 100 47.932 2.452
35 39 17 18 4 0 100 38.701 2.474
35 39 18 19 4 0 100 50.345 2.423
35 39 19 20 4 0 100 48.680 2.448
35 39 20 21 4 0 100 43.398 2.449
35 39 21 22 4 0 100 45.240 2.422
35 39 22 23 4 0 100 50.959 2.416
35 39 23 24 4 0 100 51.778 2.419
35 39 24 25 4 0 100 57.902 2.377
35 39 25 26 4 0 100 62.238 2.393
35 39 26 27 4 0 100 61.270 2.375
35 39 27 28 4 0 100 57.105 2.363
35 39 28 29 4 0 100 100.000 2.226
35 39 29 30 4 0 100 71.132 2.300
35 39 30 31 4 0 100 100.000 2.182
35 39 31 32 4 0 100 100.000 2.381
35 39 32 33 4 0 100 100.000 2.102
35 39 33 34 4 0 100 100.000 2.409
35 39 34 35 4 0 100 100.000 2.278
35 39 35 36 4 0 100 100.000 2.471
35 39 36 37 4 0 100 100.000 2.292
35 39 37 38 4 0 100 88.824 56.761
35 39 38 39 4 0 100 10.134 99.999
35 39 39 40 4 0 100 24.792 42.263
35 39 40 41 4 0 100 100.000 2.336
35 39 41 42 4 0 100 98.914 27.951
35 39 42 100 4 0 100 91.871 48.610
39 42 0 1 4 0 100 34.934 37.897
39 42 1 2 4 0 100 35.652 31.072
39 42 2 3 4 0 100 100.000 2.950
39 42 3 4 4 0 100 57.142 2.718
39 42 4 5 4 0 100 52.627 2.759
39 42 5 6 4 0 100 40.723 2.738
39 42 6 7 4 0 100 42.257 2.694
39 42 7 8 4 0 100 42.186 2.712
39 42 8 9 4 0 100 39.831 2.695
39 42 9 10 4 0 100 46.764 2.618
39 42 10 11 4 0 100 42.726 2.642
39 42 11 12 4 0 100 42.459 2.636
39 42 12 13 4 0 100 42.193 2.586
39 42 13 14 4 0 100 42.260 2.562
39 42 14 15 4 0 100 45.393 2.578
39 42 15 16 4 0 100 45.050 2.542
39 42 16 17 4 0 100 40.555 2.534
39 42 17 18 4 0 100 42.678 2.518
39 42 18 19 4 0 100 45.834 2.488
39 42 19 20 4 0 100 48.922 2.504
39 42 20 21 4 0 100 50.142 2.465
39 42 21 22 4 0 100 58.273 2.428
39 42 22 23 4 0 100 49.729 2.486
39 42 23 24 4 0 100 55.201 2.454
39 42 24 25 4 0 100 54.193 2.461
39 42 25 26 4 0 100 83.388 2.399
39 42 26 27 4 0 100 82.375 2.502
39 42 27 28 4 0 100 76.322 2.466
39 42 28 29 4 0 100 100.000 2.430
39 42 29 30 4 0 100 100.000 2.259
39 42 30 31 4 0 100 100.000 2.345
39 42 31 32 4 0 100 100.000 2.309
39 42 32 33 4 0 100 25.172 76.715
39 42 33 34 4 0 100 100.000 2.286
39 42 34 35 4 0 100 51.963 37.041
39 42 35 36 4 0 100 38.319 38.686
39 42 36 37 4 0 100 11.025 91.743
39 42 37 38 4 0 100 15.170 81.544
39 42 38 39 4 0 100 33.912 34.595
39 42 39 40 4 0 100 19.527 66.361
39 42 40 41 4 0 100 25.677 37.085
39 42 41 42 4 0 100 91.825 46.212
39 42 42 43 4 0 100 53.429 69.411
39 42 43 100 4 0 100 74.005 99.098
42 46 1 2 4 0 100 27.473 49.313
42 46 2 3 4 0 100 100.000 2.802
42 46 3 4 4 0 100 100.000 2.711
42 46 4 5 4 0 100 49.331 2.796
42 46 5 6 4 0 100 44.230 2.754
42 46 6 7 4 0 100 38.905 2.731
42 46 7 8 4 0 100 41.814 2.736
42 46 8 9 4 0 100 43.848 2.695
42 46 9 10 4 0 100 43.265 2.677
42 46 10 11 4 0 100 44.864 2.679
42 46 11 12 4 0 100 42.625 2.623
42 46 12 13 4 0 100 39.311 2.632
42 46 13 14 4 0 100 43.516 2.627
42 46 14 15 4 0 100 41.523 2.601
42 46 15 16 4 0 100 41.785 2.581
42 46 16 17 4 0 100 43.508 2.609
42 46 17 18 4 0 100 42.079 2.572
42 46 18 19 4 0 100 45.848 2.515
42 46 19 20 4 0 100 43.769 2.506
42 46 20 21 4 0 100 46.765 2.526
42 46 21 22 4 0 100 55.193 2.462
42 46 22 23 4 0 100 55.379 2.457
42 46 23 24 4 0 100 55.024 2.493
42 46 24 25 4 0 100 51.382 2.428
42 46 25 26 4 0 100 52.221 2.468
42 46 26 27 4 0 100 73.202 2.466
42 46 27 28 4 0 100 68.537 2.355
42 46 28 29 4 0 100 100.000 2.511
42 46 29 30 4 0 100 92.437 2.495
42 46 30 31 4 0 100 100.000 2.422
42 46 31 32 4 0 100 100.000 2.536
42 46 32 33 4 0 100 100.000 2.540
42 46 33 34 4 0 100 100.000 2.233
42 46 34 35 4 0 100 100.000 2.433
42 46 35 36 4 0 100 100.000 2.471
42 46 36 37 4 0 100 80.539 31.555
42 46 37 38 4 0 100 12.654 92.180
42 46 38 39 4 0 100 24.403 65.428
42 46 39 40 4 0 100 69.309 85.740
42 46 40 41 4 0 100 27.455 48.867
42 46 41 42 4 0 100 85.490 24.812
42 46 42 43 4 0 100 99.912 28.096
42 46 43 44 4 0 100 12.086 85.090
42 46 44 100 4 0 100 88.570 99.974
46 51 0 1 4 0 100 33.851 68.218
46 51 1 2 4 0 100 36.343 98.093
46 51 2 3 4 0 100 100.000 2.841
46 51 3 4 4 0 100 89.538 2.743
46 51 4 5 4 0 100 50.963 2.860
46 51 5 6 4 0 100 46.417 2.768
46 51 6 7 4 0 100 46.841 2.773
46 51 7 8 4 0 100 37.909 2.803
46 51 8 9 4 0 100 44.871 2.749
46 51 9 10 4 0 100 47.239 2.707
46 51 10 11 4 0 100 41.392 2.688
46 51 11 12 4 0 100 41.291 2.711
46 51 12 13 4 0 100 37.024 2.725
46 51 13 14 4 0 100 40.200 2.660
46 51 14 15 4 0 100 42.167 2.668
46 51 15 16 4 0 100 41.190 2.656
46 51 16 17 4 0 100 40.811 2.634
46 51 17 18 4 0 100 49.217 2.618
46 51 18 19 4 0 100 45.458 2.591
46 51 19 20 4 0 100 43.082 2.562
46 51 20 21 4 0 100 39.700 2.576
46 51 21 22 4 0 100 51.760 2.575
46 51 22 23 4 0 100 42.442 2.515
46 51 23 24 4 0 100 56.909 2.549
46 51 24 25 4 0 100 48.524 2.539
46 51 25 26 4 0 100 64.897 2.492
46 51 26 27 4 0 100 55.567 2.486
46 51 27 28 4 0 100 87.672 2.415
46 51 28 29 4 0 100 82.065 2.541
46 51 29 30 4 0 100 100.000 2.305
46 51 30 31 4 0 100 100.000 2.478
46 51 31 32 4 0 100 100.000 2.264
46 51 32 33 4 0 100 100.000 2.360
46 51 33 34 4 0 100 100.000 2.157
46 51 34 35 4 0 100 100.000 2.559
46 51 35 36 4 0 100 100.000 2.519
46 51 36 37 4 0 100 100.000 2.285
46 51 37 38 4 0 100 34.764 59.662
46 51 38 39 4 0 100 23.524 88.927
46 51 39 40 4 0 100 12.602 82.464
46 51 40 41 4 0 100 18.397 93.840
46 51 41 42 4 0 100 13.692 88.054
46 51 42 43 4 0 100 77.332 22.386
46 51 43 44 4 0 100 23.494 95.887
46 51 44 100 4 0 100 100.000 33.872
51 56 0 1 4 0 100 74.763 37.594
51 56 1 2 4 0 100 40.468 29.713
51 56 2 3 4 0 100 100.000 2.990
51 56 3 4 4 0 100 84.490 2.774
51 56 4 5 4 0 100 50.241 2.850
51 56 5 6 4 0 100 51.112 2.864
51 56 6 7 4 0 100 45.266 2.843
51 56 7 8 4 0 100 40.294 2.812
51 56 8 9 4 0 100 42.376 2.831
51 56 9 10 4 0 100 41.997 2.770
51 56 10 11 4 0 100 46.413 2.731
51 56 11 12 4 0 100 41.010 2.777
51 56 12 13 4 0 100 43.496 2.719
51 56 13 14 4 0 100 40.051 2.755
51 56 14 15 4 0 100 38.447 2.696
51 56 15 16 4 0 100 39.770 2.690
51 56 16 17 4 0 100 45.840 2.656
51 56 17 18 4 0 100 44.635 2.668
51 56 18 19 4 0 100 42.000 2.669
51 56 19 20 4 0 100 48.047 2.658
51 56 20 21 4 0 100 51.057 2.613
51 56 21 22 4 0 100 46.553 2.605
51 56 22 23 4 0 100 69.014 2.590
51 56 23 24 4 0 100 69.909 2.535
51 56 24 25 4 0 100 67.591 2.511
51 56 25 26 4 0 100 69.148 2.547
51 56 26 27 4 0 100 59.403 2.588
51 56 27 28 4 0 100 95.886 2.487
51 56 28 29 4 0 100 100.000 2.445
51 56 29 30 4 0 100 100.000 2.164
51 56 30 31 4 0 100 100.000 2.522
51 56 31 32 4 0 100 100.000 2.598
51 56 32 33 4 0 100 100.000 2.484
51 56 33 34 4 0 100 100.000 2.454
51 56 34 35 4 0 100 100.000 2.346
51 56 35 36 4 0 100 100.000 2.572
51 56 36 37 4 0 100 56.454 24.937
51 56 37 38 4 0 100 99.235 96.320
51 56 38 39 4 0 100 99.664 94.170
51 56 39 40 4 0 100 12.405 95.796
51 56 40 41 4 0 100 36.479 67.846
51 56 42 43 4 0 100 29.547 69.615
51 56 43 44 4 0 100 85.279 57.189
51 56 44 100 4 0 100 72.482 77.714
56 61 0 1 4 0 100 98.300 23.960
56 61 1 2 4 0 100 54.226 88.535
56 61 2 3 4 0 100 100.000 2.724
56 61 3 4 4 0 100 66.004 2.916
56 61 4 5 4 0 100 56.949 2.911
56 61 5 6 4 0 100 48.605 2.839
56 61 6 7 4 0 100 45.517 2.907
56 61 7 8 4 0 100 36.688 2.825
56 61 8 9 4 0 100 44.346 2.820
56 61 9 10 4 0 100 46.126 2.778
56 61 10 11 4 0 100 43.416 2.816
56 61 11 12 4 0 100 35.605 2.798
56 61 12 13 4 0 100 44.319 2.782
56 61 13 14 4 0 100 41.300 2.776
56 61 14 15 4 0 100 41.321 2.782
56 61 15 16 4 0 100 45.539 2.756
56 61 16 17 4 0 100 44.673 2.743
56 61 17 18 4 0 100 42.476 2.748
56 61 18 19 4 0 100 51.253 2.706
56 61 19 20 4 0 100 43.782 2.692
56 61 20 21 4 0 100 59.537 2.724
56 61 21 22 4 0 100 57.780 2.652
56 61 22 23 4 0 100 76.785 2.672
56 61 23 24 4 0 100 51.168 2.685
56 61 24 25 4 0 100 71.478 2.544
56 61 25 26 4 0 100 62.860 2.575
56 61 26 27 4 0 100 82.626 2.577
56 61 27 28 4 0 100 71.223 2.587
56 61 28 29 4 0 100 100.000 2.805
56 61 29 30 4 0 100 100.000 2.524
56 61 30 31 4 0 100 100.000 2.569
56 61 31 32 4 0 100 100.000 2.499
56 61 32 33 4 0 100 6.468 99.974
56 61 33 34 4 0 100 18.053 59.211
56 61 34 35 4 0 100 7.008 99.999
56 61 35 36 4 0 100 93.820 28.610
56 61 36 37 4 0 100 100.000 2.505
56 61 37 38 4 0 100 88.613 71.977
56 61 38 39 4 0 100 10.910 99.968
56 61 39 40 4 0 100 96.206 19.159
56 61 41 42 4 0 100 75.777 91.260
56 61 43 44 4 0 100 40.111 42.764
56 61 44 100 4 0 100 15.740 99.956
61 67 0 1 4 0 100 98.374 99.267
61 67 1 2 4 0 100 53.765 96.232
61 67 2 3 4 0 100 100.000 2.945
61 67 3 4 4 0 100 100.000 3.156
61 67 4 5 4 0 100 75.746 2.886
61 67 5 6 4 0 100 45.574 2.934
61 67 6 7 4 0 100 45.244 2.917
61 67 7 8 4 0 100 54.119 2.868
61 67 8 9 4 0 100 39.068 2.947
61 67 9 10 4 0 100 49.162 2.885
61 67 10 11 4 0 100 41.571 2.874
61 67 11 12 4 0 100 46.340 2.838
61 67 12 13 4 0 100 41.508 2.850
61 67 13 14 4 0 100 42.249 2.810
61 67 14 15 4 0 100 42.981 2.805
61 67 15 16 4 0 100 44.109 2.770
61 67 16 17 4 0 100 41.955 2.762
61 67 17 18 4 0 100 48.111 2.809
61 67 18 19 4 0 100 50.510 2.767
61 67 19 20 4 0 100 53.138 2.796
61 67 20 21 4 0 100 52.864 2.705
61 67 21 22 4 0 100 49.074 2.643
61 67 22 23 4 0 100 45.643 2.743
61 67 23 24 4 0 100 72.251 2.783
61 67 24 25 4 0 100 57.303 2.653
61 67 25 26 4 0 100 94.298 2.771
61 67 26 27 4 0 100 62.634 2.708
61 67 27 28 4 0 100 86.068 2.518
61 67 28 29 4 0 100 100.000 2.407
61 67 29 30 4 0 100 100.000 2.598
61 67 30 31 4 0 100 100.000 2.609
61 67 31 32 4 0 100 100.000 2.562
61 67 32 33 4 0 100 100.000 2.561
61 67 33 34 4 0 100 100.000 2.600
61 67 34 35 4 0 100 58.023 47.464
61 67 35 36 4 0 100 47.268 27.662
61 67 36 37 4 0 100 12.402 69.661
61 67 37 38 4 0 100 11.148 85.190
61 67 38 39 4 0 100 25.206 67.140
61 67 39 40 4 0 100 76.035 79.182
61 67 40 41 4 0 100 15.726 73.371
61 67 41 42 4 0 100 27.072 48.926
61 67 42 43 4 0 100 79.006 67.041
61 67 43 100 4 0 100 89.274 33.570
67 73 1 2 4 0 100 8.495 93.743
67 73 2 3 4 0 100 100.000 2.921
67 73 3 4 4 0 100 100.000 2.846
67 73 4 5 4 0 100 94.373 2.816
67 73 5 6 4 0 100 43.293 3.041
67 73 6 7 4 0 100 54.586 3.043
67 73 7 8 4 0 100 48.036 2.926
67 73 8 9 4 0 100 46.349 2.960
67 73 9 10 4 0 100 49.933 2.981
67 73 10 11 4 0 100 48.545 2.928
67 73 11 12 4 0 100 46.294 2.923
67 73 12 13 4 0 100 51.351 2.901
67 73 13 14 4 0 100 49.577 2.826
67 73 14 15 4 0 100 48.932 2.866
67 73 15 16 4 0 100 46.676 2.889
67 73 16 17 4 0 100 43.264 2.819
67 73 17 18 4 0 100 46.703 2.805
67 73 18 19 4 0 100 60.832 2.717
67 73 19 20 4 0 100 44.945 2.829
67 73 20 21 4 0 100 53.315 2.747
67 73 21 22 4 0 100 54.020 2.749
67 73 22 23 4 0 100 64.368 2.653
67 73 23 24 4 0 100 74.587 2.705
67 73 24 25 4 0 100 84.749 2.661
67 73 25 26 4 0 100 100.000 2.825
67 73 26 27 4 0 100 100.000 2.713
67 73 27 28 4 0 100 100.000 2.608
67 73 28 29 4 0 100 100.000 2.731
67 73 29 30 4 0 100 100.000 2.462
67 73 30 31 4 0 100 100.000 2.711
67 73 31 32 4 0 100 100.000 2.433
67 73 32 33 4 0 100 100.000 2.472
67 73 33 34 4 0 100 8.217 99.999
67 73 34 35 4 0 100 10.369 97.540
67 73 35 36 4 0 100 42.366 34.518
67 73 36 37 4 0 100 22.453 58.323
67 73 37 38 4 0 100 42.545 79.541
67 73 38 39 4 0 100 65.372 53.638
67 73 39 40 4 0 100 50.810 89.911
67 73 40 41 4 0 100 57.493 23.218
67 73 41 42 4 0 100 40.172 66.204
67 73 42 43 4 0 100 11.267 85.488
67 73 43 100 4 0 100 37.114 99.846
73 81 0 1 4 0 100 64.946 99.779
73 81 1 2 4 0 100 14.125 70.406
73 81 2 3 4 0 100 22.954 3.333
73 81 3 4 4 0 100 3.974 100.000
73 81 4 5 4 0 100 86.303 3.045
73 81 5 6 4 0 100 53.766 3.032
73 81 6 7 4 0 100 36.598 3.016
73 81 7 8 4 0 100 40.385 3.032
73 81 8 9 4 0 100 48.096 3.048
73 81 9 10 4 0 100 44.580 2.978
73 81 10 11 4 0 100 46.818 2.962
73 81 11 12 4 0 100 43.095 3.025
73 81 12 13 4 0 100 41.760 2.958
73 81 13 14 4 0 100 45.633 2.927
73 81 14 15 4 0 100 41.487 2.861
73 81 15 16 4 0 100 53.955 2.899
73 81 16 17 4 0 100 43.537 2.889
73 81 17 18 4 0 100 49.524 2.840
73 81 18 19 4 0 100 46.266 2.885
73 81 19 20 4 0 100 53.942 2.833
73 81 20 21 4 0 100 65.289 2.896
73 81 21 22 4 0 100 55.590 2.775
73 81 22 23 4 0 100 38.419 2.774
73 81 23 24 4 0 100 84.673 2.696
73 81 24 25 4 0 100 80.057 2.656
73 81 25 26 4 0 100 100.000 2.698
73 81 26 27 4 0 100 100.000 2.833
73 81 27 28 4 0 100 100.000 2.989
73 81 28 29 4 0 100 100.000 2.644
73 81 29 30 4 0 100 100.000 2.554
73 81 30 31 4 0 100 100.000 2.662
73 81 31 32 4 0 100 100.000 2.823
73 81 32 33 4 0 100 100.000 2.707
73 81 33 34 4 0 100 63.687 30.168
73 81 34 35 4 0 100 78.105 39.630
73 81 35 36 4 0 100 97.634 45.763
73 81 36 37 4 0 100 80.284 61.837
73 81 37 38 4 0 100 21.735 56.063
73 81 38 39 4 0 100 14.309 78.160
73 81 39 40 4 0 100 11.063 99.961
73 81 40 41 4 0 100 28.778 65.750
73 81 41 42 4 0 100 94.571 72.000
73 81 42 43 4 0 100 20.509 73.386
73 81 43 44 4 0 100 16.550 95.913
73 81 44 100 4 0 100 33.858 51.253
81 88 0 1 4 0 100 95.313 93.645
81 88 1 2 4 0 100 11.864 72.778
81 88 2 3 4 0 100 5.056 99.995
81 88 3 4 4 0 100 100.000 3.060
81 88 4 5 4 0 100 100.000 3.095
81 88 5 6 4 0 100 58.908 3.253
81 88 6 7 4 0 100 53.423 3.121
81 88 7 8 4 0 100 62.421 3.055
81 88 8 9 4 0 100 55.814 2.972
81 88 9 10 4 0 100 50.840 3.008
81 88 10 11 4 0 100 56.322 3.009
81 88 11 12 4 0 100 43.811 2.968
81 88 12 13 4 0 100 56.730 3.036
81 88 13 14 4 0 100 48.583 3.010
81 88 14 15 4 0 100 47.702 2.958
81 88 15 16 4 0 100 50.935 2.909
81 88 16 17 4 0 100 49.932 2.911
81 88 17 18 4 0 100 52.832 2.884
81 88 18 19 4 0 100 55.784 2.916
81 88 19 20 4 0 100 63.393 2.902
81 88 20 21 4 0 100 78.002 2.835
81 88 21 22 4 0 100 59.411 2.908
81 88 22 23 4 0 100 72.717 2.720
81 88 23 24 4 0 100 100.000 2.946
81 88 24 25 4 0 100 100.000 2.649
81 88 25 26 4 0 100 100.000 2.966
81 88 26 27 4 0 100 100.000 2.812
81 88 27 28 4 0 100 100.000 2.786
81 88 28 29 4 0 100 100.000 2.854
81 88 29 30 4 0 100 14.207 52.607
81 88 30 31 4 0 100 8.755 78.370
81 88 31 32 4 0 100 7.771 86.310
81 88 32 33 4 0 100 34.158 55.799
81 88 33 34 4 0 100 76.676 70.921
81 88 34 35 4 0 100 31.287 96.906
81 88 35 36 4 0 100 8.681 100.000
81 88 36 37 4 0 100 99.483 83.877
81 88 37 38 4 0 100 17.177 66.408
81 88 38 39 4 0 100 32.502 86.402
81 88 40 41 4 0 100 62.533 69.443
81 88 41 42 4 0 100 10.926 87.811
81 88 42 43 4 0 100 99.889 40.652
81 88 43 100 4 0 100 31.224 83.288
88 97 1 2 4 0 100 100.000 2.778
88 97 2 3 4 0 100 11.235 62.206
88 97 3 4 4 0 100 16.165 3.322
88 97 4 5 4 0 100 100.000 2.896
88 97 5 6 4 0 100 100.000 3.345
88 97 6 7 4 0 100 73.123 3.256
88 97 7 8 4 0 100 65.676 3.242
88 97 8 9 4 0 100 60.852 3.177
88 97 9 10 4 0 100 66.674 3.069
88 97 10 11 4 0 100 54.634 3.116
88 97 11 12 4 0 100 51.750 3.035
88 97 12 13 4 0 100 50.136 3.027
88 97 13 14 4 0 100 46.657 3.015
88 97 14 15 4 0 100 47.072 3.053
88 97 15 16 4 0 100 56.237 2.999
88 97 16 17 4 0 100 57.516 2.991
88 97 17 18 4 0 100 61.385 3.079
88 97 18 19 4 0 100 61.643 3.059
88 97 19 20 4 0 100 65.858 2.947
88 97 20 21 4 0 100 80.056 2.986
88 97 21 22 4 0 100 94.893 3.072
88 97 22 23 4 0 100 87.830 2.723
88 97 23 24 4 0 100 100.000 2.801
88 97 24 25 4 0 100 100.000 3.044
88 97 25 26 4 0 100 100.000 2.523
88 97 26 27 4 0 100 100.000 2.998
88 97 27 28 4 0 100 100.000 3.072
88 97 28 29 4 0 100 100.000 2.711
88 97 29 30 4 0 100 100.000 2.942
88 97 30 31 4 0 100 12.577 74.750
88 97 31 32 4 0 100 6.981 100.000
88 97 32 33 4 0 100 100.000 2.937
88 97 33 34 4 0 100 96.561 67.448
88 97 34 35 4 0 100 17.072 64.812
88 97 35 36 4 0 100 34.653 51.055
88 97 36 37 4 0 100 11.500 96.132
88 97 37 38 4 0 100 41.012 47.130
88 97 38 39 4 0 100 72.244 99.870
88 97 39 40 4 0 100 82.231 25.188
88 97 40 41 4 0 100 98.854 37.837
88 97 41 42 4 0 100 75.870 95.089
88 97 42 100 4 0 100 72.670 40.203
97 106 0 1 4 0 100 97.049 98.998
97 106 1 2 4 0 100 10.122 83.956
97 106 2 3 4 0 100 91.347 17.902
97 106 3 4 4 0 100 6.014 84.004
97 106 4 5 4 0 100 100.000 3.121
97 106 5 6 4 0 100 100.000 2.967
97 106 6 7 4 0 100 100.000 2.916
97 106 7 8 4 0 100 61.117 3.305
97 106 8 9 4 0 100 100.000 2.928
97 106 9 10 4 0 100 55.334 3.216
97 106 10 11 4 0 100 83.646 2.923
97 106 11 12 4 0 100 72.453 3.118
97 106 12 13 4 0 100 61.378 3.061
97 106 13 14 4 0 100 98.903 2.984
97 106 14 15 4 0 100 73.237 2.953
97 106 15 16 4 0 100 55.907 3.156
97 106 16 17 4 0 100 65.404 3.079
97 106 17 18 4 0 100 75.298 3.116
97 106 18 19 4 0 100 58.730 3.028
97 106 19 20 4 0 100 100.000 2.945
97 106 20 21 4 0 100 100.000 2.914
97 106 21 22 4 0 100 82.658 2.938
97 106 22 23 4 0 100 100.000 3.022
97 106 23 24 4 0 100 100.000 2.831
97 106 24 25 4 0 100 98.062 2.986
97 106 25 26 4 0 100 100.000 3.028
97 106 26 27 4 0 100 100.000 2.872
97 106 27 28 4 0 100 30.598 2.891
97 106 28 29 4 0 100 11.731 65.172
97 106 29 30 4 0 100 6.744 100.000
97 106 30 31 4 0 100 9.908 72.056
97 106 31 32 4 0 100 10.817 74.659
97 106 32 33 4 0 100 27.086 50.286
97 106 33 34 4 0 100 10.405 96.584
97 106 34 35 4 0 100 86.095 98.708
97 106 35 36 4 0 100 99.434 79.647
97 106 36 37 4 0 100 88.111 46.447
97 106 38 39 4 0 100 10.666 99.983
97 106 39 40 4 0 100 15.813 88.246
97 106 40 41 4 0 100 65.214 27.775
97 106 42 100 4 0 100 14.294 99.011
106 116 1 2 4 0 100 10.026 89.368
106 116 2 3 4 0 100 7.713 100.000
106 116 3 4 4 0 100 5.783 99.502
106 116 4 5 4 0 100 100.000 3.422
106 116 5 6 4 0 100 100.000 3.097
106 116 6 7 4 0 100 100.000 3.054
106 116 7 8 4 0 100 100.000 3.107
106 116 8 9 4 0 100 82.674 2.978
106 116 9 10 4 0 100 62.773 3.157
106 116 10 11 4 0 100 100.000 3.044
106 116 11 12 4 0 100 64.275 2.997
106 116 12 13 4 0 100 74.995 3.083
106 116 13 14 4 0 100 53.414 3.240
106 116 14 15 4 0 100 62.897 3.058
106 116 15 16 4 0 100 76.481 3.025
106 116 16 17 4 0 100 93.034 3.075
106 116 17 18 4 0 100 80.644 3.179
106 116 18 19 4 0 100 100.000 3.143
106 116 19 20 4 0 100 91.309 3.073
106 116 20 21 4 0 100 100.000 2.930
106 116 21 22 4 0 100 100.000 2.899
106 116 22 23 4 0 100 100.000 3.142
106 116 23 24 4 0 100 100.000 2.757
106 116 24 25 4 0 100 100.000 3.005
106 116 25 26 4 0 100 4.777 100.000
106 116 26 27 4 0 100 5.718 99.998
106 116 27 28 4 0 100 100.000 2.659
106 116 28 29 4 0 100 23.018 3.014
106 116 29 30 4 0 100 7.383 99.996
106 116 30 31 4 0 100 7.471 87.961
106 116 31 32 4 0 100 12.537 71.659
106 116 32 33 4 0 100 8.403 97.678
106 116 33 34 4 0 100 37.215 54.452
106 116 34 35 4 0 100 41.780 74.602
106 116 35 36 4 0 100 30.781 42.209
106 116 36 37 4 0 100 83.137 42.755
106 116 37 38 4 0 100 28.258 39.082
106 116 38 39 4 0 100 36.905 49.671
106 116 39 40 4 0 100 11.194 96.344
106 116 43 44 4 0 100 16.683 98.065
106 116 44 100 4 0 100 50.495 94.616
116 127 1 2 4 0 100 9.434 87.071
116 127 2 3 4 0 100 81.243 45.369
116 127 3 4 4 0 100 5.313 98.087
116 127 4 5 4 0 100 4.962 100.000
116 127 5 6 4 0 100 10.819 52.864
116 127 6 7 4 0 100 100.000 3.025
116 127 7 8 4 0 100 100.000 3.885
116 127 8 9 4 0 100 100.000 3.473
116 127 9 10 4 0 100 100.000 3.135
116 127 10 11 4 0 100 48.404 3.253
116 127 11 12 4 0 100 100.000 3.299
116 127 12 13 4 0 100 100.000 3.111
116 127 13 14 4 0 100 100.000 3.069
116 127 14 15 4 0 100 81.397 3.272
116 127 15 16 4 0 100 90.808 3.146
116 127 16 17 4 0 100 91.149 3.203
116 127 17 18 4 0 100 100.000 2.815
116 127 18 19 4 0 100 100.000 3.468
116 127 19 20 4 0 100 100.000 3.138
116 127 20 21 4 0 100 31.414 3.284
116 127 21 22 4 0 100 100.000 3.033
116 127 22 23 4 0 100 30.793 3.077
116 127 23 24 4 0 100 37.346 29.393
116 127 24 25 4 0 100 21.773 2.782
116 127 25 26 4 0 100 100.000 3.211
116 127 26 27 4 0 100 9.838 96.747
116 127 27 28 4 0 100 12.144 63.378
116 127 28 29 4 0 100 10.719 76.661
116 127 29 30 4 0 100 14.899 51.820
116 127 30 31 4 0 100 11.293 67.173
116 127 31 32 4 0 100 8.688 84.166
116 127 32 33 4 0 100 12.088 79.404
116 127 33 34 4 0 100 26.225 45.340
116 127 34 35 4 0 100 10.860 98.054
116 127 35 36 4 0 100 14.072 86.400
116 127 36 37 4 0 100 82.098 98.439
116 127 37 38 4 0 100 73.596 52.671
116 127 38 39 4 0 100 17.027 73.060
116 127 40 41 4 0 100 43.395 99.843
116 127 41 42 4 0 100 68.768 17.989
116 127 42 100 4 0 100 98.447 21.778
127 4000 1 2 4 0 100 43.894 29.445
127 4000 2 3 4 0 100 5.947 100.000
127 4000 3 4 4 0 100 100.000 3.170
127 4000 4 5 4 0 100 100.000 3.029
127 4000 5 6 4 0 100 100.000 3.210
127 4000 6 7 4 0 100 61.567 3.355
127 4000 7 8 4 0 100 66.198 3.204
127 4000 8 9 4 0 100 100.000 3.057
127 4000 9 10 4 0 100 52.953 3.404
127 4000 10 11 4 0 100 74.726 3.304
127 4000 11 12 4 0 100 72.639 3.322
127 4000 12 13 4 0 100 66.424 3.393
127 4000 13 14 4 0 100 55.432 3.366
127 4000 14 15 4 0 100 52.579 3.351
127 4000 15 16 4 0 100 62.703 3.343
127 4000 16 17 4 0 100 77.862 3.045
127 4000 17 18 4 0 100 100.000 3.569
127 4000 18 19 4 0 100 64.970 3.357
127 4000 19 20 4 0 100 77.114 3.163
127 4000 20 21 4 0 100 75.960 3.293
127 4000 21 22 4 0 100 100.000 3.793
127 4000 22 23 4 0 100 69.689 3.382
127 4000 23 24 4 0 100 22.449 3.274
127 4000 24 25 4 0 100 100.000 3.400
127 4000 25 26 4 0 100 100.000 2.971
127 4000 26 27 4 0 100 11.233 55.066
127 4000 27 28 4 0 100 100.000 3.061
127 4000 28 29 4 0 100 5.476 99.960
127 4000 29 30 4 0 100 13.280 48.458
127 4000 30 31 4 0 100 23.528 59.267
127 4000 31 32 4 0 100 6.890 99.883
127 4000 32 33 4 0 100 16.185 48.502
127 4000 33 34 4 0 100 22.968 44.988
127 4000 34 35 4 0 100 9.549 99.999
127 4000 35 36 4 0 100 13.079 74.801
127 4000 37 38 4 0 100 84.605 84.314
127 4000 38 39 4 0 100 98.669 49.364
127 4000 39 40 4 0 100 98.812 67.837
127 4000 43 44 4 0 100 72.083 80.092
127 4000 44 100 4 0 100 63.180 84.316
