[quark]
{2 JetPt Rho 1 x TMath::Exp(-1.*x*[0]/[1])*TMath::Power(x,[0]-1)*TMath::Power([1]/[0],-1.*[0])/TMath::Gamma([0]) Correction QGL_axis1_QC_quark}
20 26 0 1 4 0 100 23.311 2.378
20 26 1 2 4 0 100 21.710 2.354
20 26 2 3 4 0 100 22.262 2.327
20 26 3 4 4 0 100 20.907 2.313
20 26 4 5 4 0 100 20.980 2.290
20 26 5 6 4 0 100 20.358 2.286
20 26 6 7 4 0 100 20.048 2.274
20 26 7 8 4 0 100 20.639 2.247
20 26 8 9 4 0 100 20.724 2.244
20 26 9 10 4 0 100 19.789 2.237
20 26 10 11 4 0 100 19.649 2.232
20 26 11 12 4 0 100 18.770 2.224
20 26 12 13 4 0 100 20.691 2.195
20 26 13 14 4 0 100 19.862 2.185
20 26 14 15 4 0 100 19.116 2.192
20 26 15 16 4 0 100 20.060 2.180
20 26 16 17 4 0 100 19.086 2.194
20 26 17 18 4 0 100 18.986 2.146
20 26 18 19 4 0 100 18.486 2.150
20 26 19 20 4 0 100 18.500 2.135
20 26 20 21 4 0 100 19.603 2.102
20 26 21 22 4 0 100 22.764 2.124
20 26 22 23 4 0 100 24.845 2.036
20 26 23 24 4 0 100 25.049 1.957
20 26 24 25 4 0 100 28.265 2.092
26 32 0 1 4 0 100 24.481 2.499
26 32 1 2 4 0 100 21.633 2.451
26 32 2 3 4 0 100 21.391 2.458
26 32 3 4 4 0 100 21.787 2.432
26 32 4 5 4 0 100 21.332 2.422
26 32 5 6 4 0 100 21.412 2.388
26 32 6 7 4 0 100 21.993 2.392
26 32 7 8 4 0 100 20.792 2.386
26 32 8 9 4 0 100 20.394 2.370
26 32 9 10 4 0 100 20.641 2.368
26 32 10 11 4 0 100 20.485 2.360
26 32 11 12 4 0 100 19.875 2.348
26 32 12 13 4 0 100 20.353 2.336
26 32 13 14 4 0 100 20.800 2.327
26 32 14 15 4 0 100 20.899 2.314
26 32 15 16 4 0 100 20.421 2.310
26 32 16 17 4 0 100 19.440 2.299
26 32 17 18 4 0 100 19.593 2.280
26 32 18 19 4 0 100 20.335 2.301
26 32 19 20 4 0 100 20.588 2.282
26 32 20 21 4 0 100 22.167 2.244
26 32 21 22 4 0 100 22.075 2.216
26 32 22 23 4 0 100 22.731 2.250
26 32 23 24 4 0 100 23.660 2.251
26 32 24 25 4 0 100 32.916 2.141
32 40 0 1 4 0 100 22.971 2.591
32 40 1 2 4 0 100 21.827 2.602
32 40 2 3 4 0 100 21.926 2.589
32 40 3 4 4 0 100 21.606 2.549
32 40 4 5 4 0 100 21.642 2.549
32 40 5 6 4 0 100 21.713 2.536
32 40 6 7 4 0 100 21.558 2.516
32 40 7 8 4 0 100 21.676 2.508
32 40 8 9 4 0 100 21.809 2.501
32 40 9 10 4 0 100 21.585 2.497
32 40 10 11 4 0 100 21.264 2.483
32 40 11 12 4 0 100 20.915 2.477
32 40 12 13 4 0 100 21.675 2.462
32 40 13 14 4 0 100 20.616 2.445
32 40 14 15 4 0 100 20.921 2.449
32 40 15 16 4 0 100 20.461 2.440
32 40 16 17 4 0 100 20.599 2.432
32 40 17 18 4 0 100 22.162 2.431
32 40 18 19 4 0 100 20.512 2.428
32 40 19 20 4 0 100 20.537 2.407
32 40 20 21 4 0 100 19.593 2.389
32 40 21 22 4 0 100 19.930 2.375
32 40 22 23 4 0 100 23.059 2.365
32 40 23 24 4 0 100 24.564 2.311
32 40 24 25 4 0 100 21.809 2.298
40 51 0 1 4 0 100 25.812 2.741
40 51 1 2 4 0 100 22.836 2.726
40 51 2 3 4 0 100 23.240 2.708
40 51 3 4 4 0 100 22.496 2.689
40 51 4 5 4 0 100 22.481 2.687
40 51 5 6 4 0 100 22.609 2.676
40 51 6 7 4 0 100 22.435 2.667
40 51 7 8 4 0 100 22.425 2.654
40 51 8 9 4 0 100 22.172 2.659
40 51 9 10 4 0 100 21.932 2.654
40 51 10 11 4 0 100 22.297 2.626
40 51 11 12 4 0 100 21.824 2.627
40 51 12 13 4 0 100 22.077 2.613
40 51 13 14 4 0 100 21.785 2.609
40 51 14 15 4 0 100 21.569 2.598
40 51 15 16 4 0 100 22.107 2.578
40 51 16 17 4 0 100 22.136 2.589
40 51 17 18 4 0 100 21.469 2.574
40 51 18 19 4 0 100 21.213 2.558
40 51 19 20 4 0 100 20.592 2.545
40 51 20 21 4 0 100 22.065 2.535
40 51 21 22 4 0 100 22.441 2.492
40 51 22 23 4 0 100 20.660 2.508
40 51 23 24 4 0 100 22.514 2.507
40 51 24 25 4 0 100 24.575 2.480
51 64 0 1 4 0 100 24.162 2.875
51 64 1 2 4 0 100 23.904 2.880
51 64 2 3 4 0 100 23.292 2.852
51 64 3 4 4 0 100 23.641 2.843
51 64 4 5 4 0 100 24.037 2.845
51 64 5 6 4 0 100 23.744 2.832
51 64 6 7 4 0 100 23.440 2.819
51 64 7 8 4 0 100 22.853 2.814
51 64 8 9 4 0 100 22.861 2.802
51 64 9 10 4 0 100 23.001 2.793
51 64 10 11 4 0 100 22.391 2.781
51 64 11 12 4 0 100 23.684 2.779
51 64 12 13 4 0 100 23.099 2.767
51 64 13 14 4 0 100 22.498 2.768
51 64 14 15 4 0 100 22.439 2.744
51 64 15 16 4 0 100 23.122 2.729
51 64 16 17 4 0 100 22.431 2.732
51 64 17 18 4 0 100 23.060 2.714
51 64 18 19 4 0 100 22.747 2.707
51 64 19 20 4 0 100 23.113 2.698
51 64 20 21 4 0 100 22.764 2.685
51 64 21 22 4 0 100 23.035 2.702
51 64 22 23 4 0 100 22.793 2.665
51 64 23 24 4 0 100 22.539 2.673
51 64 24 25 4 0 100 28.695 2.671
64 80 0 1 4 0 100 26.269 3.024
64 80 1 2 4 0 100 25.010 3.000
64 80 2 3 4 0 100 25.778 3.013
64 80 3 4 4 0 100 23.442 2.989
64 80 4 5 4 0 100 23.993 2.988
64 80 5 6 4 0 100 23.039 2.969
64 80 6 7 4 0 100 23.488 2.967
64 80 7 8 4 0 100 23.776 2.953
64 80 8 9 4 0 100 24.148 2.952
64 80 9 10 4 0 100 23.588 2.933
64 80 10 11 4 0 100 23.447 2.925
64 80 11 12 4 0 100 23.780 2.917
64 80 12 13 4 0 100 23.729 2.911
64 80 13 14 4 0 100 24.673 2.908
64 80 14 15 4 0 100 23.556 2.890
64 80 15 16 4 0 100 23.551 2.883
64 80 16 17 4 0 100 22.327 2.872
64 80 17 18 4 0 100 23.436 2.888
64 80 18 19 4 0 100 24.146 2.850
64 80 19 20 4 0 100 23.189 2.849
64 80 20 21 4 0 100 22.112 2.821
64 80 21 22 4 0 100 23.901 2.839
64 80 22 23 4 0 100 23.526 2.796
64 80 23 24 4 0 100 22.904 2.791
64 80 24 25 4 0 100 24.041 2.780
80 101 0 1 4 0 100 26.569 3.184
80 101 1 2 4 0 100 24.467 3.152
80 101 2 3 4 0 100 23.935 3.140
80 101 3 4 4 0 100 24.325 3.138
80 101 4 5 4 0 100 24.357 3.127
80 101 5 6 4 0 100 23.934 3.121
80 101 6 7 4 0 100 23.615 3.111
80 101 7 8 4 0 100 23.758 3.103
80 101 8 9 4 0 100 24.298 3.099
80 101 9 10 4 0 100 24.660 3.097
80 101 10 11 4 0 100 23.863 3.079
80 101 11 12 4 0 100 24.373 3.068
80 101 12 13 4 0 100 23.101 3.058
80 101 13 14 4 0 100 23.574 3.050
80 101 14 15 4 0 100 23.770 3.040
80 101 15 16 4 0 100 24.095 3.030
80 101 16 17 4 0 100 24.769 3.037
80 101 17 18 4 0 100 24.133 3.008
80 101 18 19 4 0 100 22.624 2.990
80 101 19 20 4 0 100 24.735 2.981
80 101 20 21 4 0 100 23.803 2.969
80 101 21 22 4 0 100 22.112 2.959
80 101 22 23 4 0 100 25.295 2.966
80 101 23 24 4 0 100 23.426 2.933
80 101 24 25 4 0 100 25.169 2.950
101 127 0 1 4 0 100 25.136 3.271
101 127 1 2 4 0 100 24.748 3.304
101 127 2 3 4 0 100 24.499 3.299
101 127 3 4 4 0 100 24.725 3.285
101 127 4 5 4 0 100 24.190 3.276
101 127 5 6 4 0 100 24.292 3.270
101 127 6 7 4 0 100 24.315 3.270
101 127 7 8 4 0 100 24.470 3.256
101 127 8 9 4 0 100 23.996 3.246
101 127 9 10 4 0 100 24.340 3.240
101 127 10 11 4 0 100 23.424 3.228
101 127 11 12 4 0 100 24.636 3.238
101 127 12 13 4 0 100 24.029 3.220
101 127 13 14 4 0 100 23.804 3.210
101 127 14 15 4 0 100 23.207 3.182
101 127 15 16 4 0 100 23.628 3.187
101 127 16 17 4 0 100 23.902 3.176
101 127 17 18 4 0 100 24.443 3.167
101 127 18 19 4 0 100 24.775 3.161
101 127 19 20 4 0 100 23.645 3.135
101 127 20 21 4 0 100 24.060 3.152
101 127 21 22 4 0 100 26.620 3.120
101 127 22 23 4 0 100 23.703 3.100
101 127 23 24 4 0 100 26.803 3.128
101 127 24 25 4 0 100 24.305 3.077
127 159 0 1 4 0 100 23.923 3.451
127 159 1 2 4 0 100 24.345 3.450
127 159 2 3 4 0 100 23.448 3.434
127 159 3 4 4 0 100 24.543 3.437
127 159 4 5 4 0 100 23.644 3.434
127 159 5 6 4 0 100 23.933 3.421
127 159 6 7 4 0 100 23.748 3.406
127 159 7 8 4 0 100 24.038 3.412
127 159 8 9 4 0 100 23.657 3.399
127 159 9 10 4 0 100 23.905 3.386
127 159 10 11 4 0 100 24.003 3.375
127 159 11 12 4 0 100 24.512 3.387
127 159 12 13 4 0 100 23.631 3.374
127 159 13 14 4 0 100 24.639 3.358
127 159 14 15 4 0 100 23.863 3.356
127 159 15 16 4 0 100 23.744 3.347
127 159 16 17 4 0 100 24.934 3.345
127 159 17 18 4 0 100 24.165 3.318
127 159 18 19 4 0 100 23.501 3.320
127 159 19 20 4 0 100 23.676 3.293
127 159 20 21 4 0 100 24.767 3.266
127 159 21 22 4 0 100 24.097 3.272
127 159 22 23 4 0 100 25.557 3.255
127 159 23 24 4 0 100 23.853 3.234
127 159 24 25 4 0 100 28.359 3.252
159 201 0 1 4 0 100 26.741 3.578
159 201 1 2 4 0 100 24.893 3.591
159 201 2 3 4 0 100 24.742 3.594
159 201 3 4 4 0 100 23.093 3.586
159 201 4 5 4 0 100 23.768 3.576
159 201 5 6 4 0 100 23.534 3.575
159 201 6 7 4 0 100 23.393 3.571
159 201 7 8 4 0 100 23.543 3.562
159 201 8 9 4 0 100 23.865 3.558
159 201 9 10 4 0 100 23.031 3.538
159 201 10 11 4 0 100 24.007 3.541
159 201 11 12 4 0 100 23.482 3.530
159 201 12 13 4 0 100 22.891 3.516
159 201 13 14 4 0 100 24.259 3.531
159 201 14 15 4 0 100 23.036 3.512
159 201 15 16 4 0 100 23.937 3.494
159 201 16 17 4 0 100 24.180 3.489
159 201 17 18 4 0 100 24.274 3.477
159 201 18 19 4 0 100 24.332 3.472
159 201 19 20 4 0 100 23.617 3.450
159 201 20 21 4 0 100 23.790 3.442
159 201 21 22 4 0 100 25.895 3.454
159 201 22 23 4 0 100 27.259 3.443
159 201 23 24 4 0 100 26.483 3.396
159 201 24 25 4 0 100 24.751 3.372
201 252 0 1 4 0 100 25.474 3.737
201 252 1 2 4 0 100 23.964 3.757
201 252 2 3 4 0 100 23.740 3.743
201 252 3 4 4 0 100 24.075 3.749
201 252 4 5 4 0 100 23.947 3.737
201 252 5 6 4 0 100 23.523 3.730
201 252 6 7 4 0 100 23.239 3.726
201 252 7 8 4 0 100 23.113 3.717
201 252 8 9 4 0 100 23.470 3.711
201 252 9 10 4 0 100 23.872 3.710
201 252 10 11 4 0 100 24.014 3.698
201 252 11 12 4 0 100 23.785 3.687
201 252 12 13 4 0 100 23.559 3.682
201 252 13 14 4 0 100 23.678 3.672
201 252 14 15 4 0 100 22.943 3.653
201 252 15 16 4 0 100 23.961 3.656
201 252 16 17 4 0 100 24.737 3.640
201 252 17 18 4 0 100 23.195 3.617
201 252 18 19 4 0 100 22.672 3.610
201 252 19 20 4 0 100 23.612 3.598
201 252 20 21 4 0 100 24.042 3.573
201 252 21 22 4 0 100 23.859 3.568
201 252 22 23 4 0 100 23.370 3.544
201 252 23 24 4 0 100 25.364 3.564
201 252 24 25 4 0 100 26.224 3.530
252 317 0 1 4 0 100 28.455 3.929
252 317 1 2 4 0 100 24.750 3.886
252 317 2 3 4 0 100 24.346 3.887
252 317 3 4 4 0 100 23.954 3.885
252 317 4 5 4 0 100 24.116 3.890
252 317 5 6 4 0 100 23.847 3.892
252 317 6 7 4 0 100 23.944 3.884
252 317 7 8 4 0 100 23.384 3.871
252 317 8 9 4 0 100 23.159 3.854
252 317 9 10 4 0 100 23.819 3.860
252 317 10 11 4 0 100 24.386 3.860
252 317 11 12 4 0 100 23.730 3.845
252 317 12 13 4 0 100 23.879 3.841
252 317 13 14 4 0 100 23.796 3.835
252 317 14 15 4 0 100 23.990 3.814
252 317 15 16 4 0 100 25.151 3.826
252 317 16 17 4 0 100 23.499 3.797
252 317 17 18 4 0 100 26.869 3.816
252 317 18 19 4 0 100 24.893 3.783
252 317 19 20 4 0 100 23.720 3.746
252 317 20 21 4 0 100 25.034 3.767
252 317 21 22 4 0 100 25.499 3.731
252 317 22 23 4 0 100 29.102 3.752
252 317 23 24 4 0 100 22.783 3.662
252 317 24 25 4 0 100 23.445 3.660
317 400 0 1 4 0 100 26.876 4.033
317 400 1 2 4 0 100 25.359 4.036
317 400 2 3 4 0 100 24.758 4.041
317 400 3 4 4 0 100 24.312 4.044
317 400 4 5 4 0 100 24.551 4.047
317 400 5 6 4 0 100 24.059 4.036
317 400 6 7 4 0 100 24.107 4.035
317 400 7 8 4 0 100 24.949 4.037
317 400 8 9 4 0 100 24.016 4.024
317 400 9 10 4 0 100 24.190 4.012
317 400 10 11 4 0 100 24.839 4.014
317 400 11 12 4 0 100 23.834 3.995
317 400 12 13 4 0 100 24.605 3.995
317 400 13 14 4 0 100 24.678 3.991
317 400 14 15 4 0 100 24.439 3.984
317 400 15 16 4 0 100 23.893 3.960
317 400 16 17 4 0 100 24.865 3.970
317 400 17 18 4 0 100 25.989 3.951
317 400 18 19 4 0 100 24.542 3.944
317 400 19 20 4 0 100 23.064 3.904
317 400 20 21 4 0 100 26.333 3.939
317 400 21 22 4 0 100 27.481 3.905
317 400 22 23 4 0 100 27.988 3.886
317 400 23 24 4 0 100 29.521 3.902
317 400 24 25 4 0 100 29.856 3.859
400 503 0 1 4 0 100 32.308 4.211
400 503 1 2 4 0 100 27.484 4.189
400 503 2 3 4 0 100 26.047 4.187
400 503 3 4 4 0 100 26.234 4.203
400 503 4 5 4 0 100 25.127 4.189
400 503 5 6 4 0 100 25.924 4.193
400 503 6 7 4 0 100 25.288 4.181
400 503 7 8 4 0 100 25.161 4.176
400 503 8 9 4 0 100 25.929 4.180
400 503 9 10 4 0 100 25.849 4.172
400 503 10 11 4 0 100 25.632 4.171
400 503 11 12 4 0 100 25.939 4.166
400 503 12 13 4 0 100 25.387 4.152
400 503 13 14 4 0 100 26.973 4.152
400 503 14 15 4 0 100 25.514 4.132
400 503 15 16 4 0 100 26.223 4.136
400 503 16 17 4 0 100 26.145 4.117
400 503 17 18 4 0 100 26.141 4.107
400 503 18 19 4 0 100 25.569 4.103
400 503 19 20 4 0 100 27.317 4.061
400 503 20 21 4 0 100 26.335 4.073
400 503 21 22 4 0 100 27.738 4.067
400 503 22 23 4 0 100 29.940 4.075
400 503 23 24 4 0 100 32.183 4.073
400 503 24 25 4 0 100 28.588 4.009
503 633 0 1 4 0 100 34.806 4.331
503 633 1 2 4 0 100 29.723 4.346
503 633 2 3 4 0 100 28.780 4.355
503 633 3 4 4 0 100 26.907 4.339
503 633 4 5 4 0 100 28.767 4.346
503 633 5 6 4 0 100 27.171 4.339
503 633 6 7 4 0 100 28.155 4.341
503 633 7 8 4 0 100 27.917 4.328
503 633 8 9 4 0 100 27.816 4.324
503 633 9 10 4 0 100 28.529 4.323
503 633 10 11 4 0 100 27.826 4.320
503 633 11 12 4 0 100 28.874 4.318
503 633 12 13 4 0 100 29.834 4.309
503 633 13 14 4 0 100 29.673 4.310
503 633 14 15 4 0 100 27.415 4.283
503 633 15 16 4 0 100 29.103 4.281
503 633 16 17 4 0 100 30.682 4.297
503 633 17 18 4 0 100 29.984 4.281
503 633 18 19 4 0 100 33.239 4.277
503 633 19 20 4 0 100 30.312 4.235
503 633 20 21 4 0 100 30.926 4.245
503 633 21 22 4 0 100 34.610 4.262
503 633 22 23 4 0 100 29.923 4.210
503 633 23 24 4 0 100 32.758 4.187
503 633 24 25 4 0 100 35.292 4.261
633 797 0 1 4 0 100 33.034 4.433
633 797 1 2 4 0 100 32.619 4.453
633 797 2 3 4 0 100 30.743 4.483
633 797 3 4 4 0 100 32.316 4.496
633 797 4 5 4 0 100 31.893 4.496
633 797 5 6 4 0 100 30.799 4.488
633 797 6 7 4 0 100 30.173 4.474
633 797 7 8 4 0 100 32.759 4.487
633 797 8 9 4 0 100 31.003 4.477
633 797 9 10 4 0 100 31.383 4.469
633 797 10 11 4 0 100 32.463 4.473
633 797 11 12 4 0 100 31.376 4.458
633 797 12 13 4 0 100 31.806 4.461
633 797 13 14 4 0 100 31.454 4.452
633 797 14 15 4 0 100 31.843 4.440
633 797 15 16 4 0 100 33.201 4.467
633 797 16 17 4 0 100 31.982 4.422
633 797 17 18 4 0 100 34.274 4.429
633 797 18 19 4 0 100 33.447 4.427
633 797 19 20 4 0 100 33.665 4.374
633 797 20 21 4 0 100 36.470 4.397
633 797 21 22 4 0 100 34.745 4.384
633 797 22 23 4 0 100 42.079 4.400
633 797 23 24 4 0 100 31.769 4.285
633 797 24 25 4 0 100 43.350 4.395
797 1003 0 1 4 0 100 49.470 4.538
797 1003 1 2 4 0 100 37.412 4.574
797 1003 2 3 4 0 100 34.244 4.611
797 1003 3 4 4 0 100 35.271 4.592
797 1003 4 5 4 0 100 36.262 4.612
797 1003 5 6 4 0 100 32.727 4.592
797 1003 6 7 4 0 100 35.019 4.601
797 1003 7 8 4 0 100 34.603 4.580
797 1003 8 9 4 0 100 34.943 4.606
797 1003 9 10 4 0 100 34.667 4.587
797 1003 10 11 4 0 100 33.996 4.579
797 1003 11 12 4 0 100 34.372 4.582
797 1003 12 13 4 0 100 35.966 4.562
797 1003 13 14 4 0 100 36.612 4.569
797 1003 14 15 4 0 100 36.584 4.549
797 1003 15 16 4 0 100 35.712 4.539
797 1003 16 17 4 0 100 40.424 4.585
797 1003 17 18 4 0 100 35.932 4.566
797 1003 18 19 4 0 100 40.969 4.567
797 1003 19 20 4 0 100 44.870 4.567
797 1003 20 21 4 0 100 44.825 4.552
797 1003 21 22 4 0 100 44.412 4.564
797 1003 22 23 4 0 100 45.238 4.518
797 1003 23 24 4 0 100 54.086 4.554
797 1003 24 25 4 0 100 58.771 4.507
1003 1262 0 1 4 0 100 53.181 4.656
1003 1262 1 2 4 0 100 38.655 4.679
1003 1262 2 3 4 0 100 41.339 4.707
1003 1262 3 4 4 0 100 40.079 4.675
1003 1262 4 5 4 0 100 39.756 4.680
1003 1262 5 6 4 0 100 36.919 4.686
1003 1262 6 7 4 0 100 37.974 4.689
1003 1262 7 8 4 0 100 39.346 4.696
1003 1262 8 9 4 0 100 36.358 4.698
1003 1262 9 10 4 0 100 39.736 4.689
1003 1262 10 11 4 0 100 40.259 4.679
1003 1262 11 12 4 0 100 41.182 4.695
1003 1262 12 13 4 0 100 38.614 4.679
1003 1262 13 14 4 0 100 37.607 4.652
1003 1262 14 15 4 0 100 36.224 4.645
1003 1262 15 16 4 0 100 43.610 4.668
1003 1262 16 17 4 0 100 38.116 4.673
1003 1262 17 18 4 0 100 37.715 4.621
1003 1262 18 19 4 0 100 46.384 4.621
1003 1262 19 20 4 0 100 48.817 4.628
1003 1262 20 21 4 0 100 49.267 4.608
1003 1262 21 22 4 0 100 43.778 4.621
1003 1262 22 23 4 0 100 71.166 4.648
1003 1262 23 24 4 0 100 95.218 4.645
1003 1262 24 25 4 0 100 84.754 4.702
1262 1589 0 1 4 0 100 100.000 4.774
1262 1589 1 2 4 0 100 56.585 4.741
1262 1589 2 3 4 0 100 47.177 4.748
1262 1589 3 4 4 0 100 41.096 4.743
1262 1589 4 5 4 0 100 36.629 4.709
1262 1589 5 6 4 0 100 36.261 4.735
1262 1589 6 7 4 0 100 39.383 4.709
1262 1589 7 8 4 0 100 39.393 4.771
1262 1589 8 9 4 0 100 43.388 4.740
1262 1589 9 10 4 0 100 45.133 4.751
1262 1589 10 11 4 0 100 48.430 4.788
1262 1589 11 12 4 0 100 47.384 4.632
1262 1589 12 13 4 0 100 41.502 4.713
1262 1589 13 14 4 0 100 47.185 4.721
1262 1589 14 15 4 0 100 47.220 4.656
1262 1589 15 16 4 0 100 49.846 4.791
1262 1589 16 17 4 0 100 57.415 4.748
1262 1589 17 18 4 0 100 52.460 4.602
1262 1589 18 19 4 0 100 63.011 4.675
1262 1589 19 20 4 0 100 59.738 4.661
1262 1589 20 21 4 0 100 100.000 4.705
1262 1589 21 22 4 0 100 100.000 4.723
1262 1589 22 23 4 0 100 92.699 87.176
1262 1589 23 24 4 0 100 2.870 100.000
1262 1589 24 25 4 0 100 96.647 22.652
1589 2000 0 1 4 0 100 3.275 100.000
1589 2000 1 2 4 0 100 87.652 4.712
1589 2000 2 3 4 0 100 100.000 4.440
1589 2000 3 4 4 0 100 46.777 4.509
1589 2000 4 5 4 0 100 49.612 4.580
1589 2000 5 6 4 0 100 100.000 4.259
1589 2000 6 7 4 0 100 62.962 4.722
1589 2000 7 8 4 0 100 43.382 4.669
1589 2000 8 9 4 0 100 72.062 4.877
1589 2000 9 10 4 0 100 52.069 4.653
1589 2000 10 11 4 0 100 78.082 4.796
1589 2000 11 12 4 0 100 1.795 100.000
1589 2000 12 13 4 0 100 100.000 4.937
1589 2000 13 14 4 0 100 100.000 4.427
1589 2000 14 15 4 0 100 100.000 4.664
1589 2000 15 16 4 0 100 100.000 4.519
1589 2000 16 17 4 0 100 13.362 64.481
1589 2000 17 18 4 0 100 2.483 100.000
1589 2000 18 19 4 0 100 3.312 100.000
1589 2000 19 20 4 0 100 66.656 4.745
1589 2000 20 21 4 0 100 3.895 100.000
1589 2000 21 22 4 0 100 4.062 100.000
1589 2000 22 23 4 0 100 5.234 99.988
1589 2000 23 24 4 0 100 5.655 99.966
1589 2000 24 25 4 0 100 6.429 97.603
[gluon]
{2 JetPt Rho 1 x TMath::Exp(-1.*x*[0]/[1])*TMath::Power(x,[0]-1)*TMath::Power([1]/[0],-1.*[0])/TMath::Gamma([0]) Correction QGL_axis1_QC_gluon}
20 26 0 1 4 0 100 29.550 2.042
20 26 1 2 4 0 100 28.098 2.016
20 26 2 3 4 0 100 28.510 1.998
20 26 3 4 4 0 100 28.208 1.986
20 26 4 5 4 0 100 27.602 1.971
20 26 5 6 4 0 100 28.120 1.964
20 26 6 7 4 0 100 27.426 1.955
20 26 7 8 4 0 100 26.909 1.955
20 26 8 9 4 0 100 26.677 1.950
20 26 9 10 4 0 100 26.635 1.940
20 26 10 11 4 0 100 26.638 1.935
20 26 11 12 4 0 100 26.433 1.928
20 26 12 13 4 0 100 26.089 1.922
20 26 13 14 4 0 100 27.028 1.910
20 26 14 15 4 0 100 25.823 1.906
20 26 15 16 4 0 100 25.695 1.908
20 26 16 17 4 0 100 26.275 1.899
20 26 17 18 4 0 100 25.791 1.895
20 26 18 19 4 0 100 26.160 1.886
20 26 19 20 4 0 100 25.413 1.896
20 26 20 21 4 0 100 24.670 1.885
20 26 21 22 4 0 100 26.323 1.880
20 26 22 23 4 0 100 25.858 1.854
20 26 23 24 4 0 100 25.331 1.878
20 26 24 25 4 0 100 28.339 1.863
26 32 0 1 4 0 100 27.835 2.120
26 32 1 2 4 0 100 26.871 2.106
26 32 2 3 4 0 100 26.999 2.083
26 32 3 4 4 0 100 27.037 2.074
26 32 4 5 4 0 100 26.692 2.063
26 32 5 6 4 0 100 26.878 2.059
26 32 6 7 4 0 100 26.815 2.050
26 32 7 8 4 0 100 26.429 2.045
26 32 8 9 4 0 100 26.085 2.036
26 32 9 10 4 0 100 25.889 2.032
26 32 10 11 4 0 100 25.979 2.032
26 32 11 12 4 0 100 26.224 2.020
26 32 12 13 4 0 100 25.832 2.020
26 32 13 14 4 0 100 25.551 2.007
26 32 14 15 4 0 100 25.958 2.007
26 32 15 16 4 0 100 24.952 1.996
26 32 16 17 4 0 100 25.645 1.993
26 32 17 18 4 0 100 25.107 1.990
26 32 18 19 4 0 100 25.831 1.985
26 32 19 20 4 0 100 25.877 1.992
26 32 20 21 4 0 100 25.305 1.967
26 32 21 22 4 0 100 25.420 1.963
26 32 22 23 4 0 100 25.471 1.955
26 32 23 24 4 0 100 24.243 1.956
26 32 24 25 4 0 100 25.911 1.943
32 40 0 1 4 0 100 27.383 2.212
32 40 1 2 4 0 100 26.154 2.191
32 40 2 3 4 0 100 26.291 2.181
32 40 3 4 4 0 100 26.176 2.168
32 40 4 5 4 0 100 26.147 2.163
32 40 5 6 4 0 100 25.607 2.151
32 40 6 7 4 0 100 25.895 2.148
32 40 7 8 4 0 100 25.791 2.141
32 40 8 9 4 0 100 25.779 2.137
32 40 9 10 4 0 100 26.027 2.131
32 40 10 11 4 0 100 25.225 2.121
32 40 11 12 4 0 100 25.438 2.121
32 40 12 13 4 0 100 25.405 2.112
32 40 13 14 4 0 100 25.475 2.111
32 40 14 15 4 0 100 25.302 2.107
32 40 15 16 4 0 100 25.234 2.101
32 40 16 17 4 0 100 24.981 2.090
32 40 17 18 4 0 100 26.038 2.092
32 40 18 19 4 0 100 25.203 2.084
32 40 19 20 4 0 100 25.067 2.073
32 40 20 21 4 0 100 25.096 2.078
32 40 21 22 4 0 100 24.862 2.065
32 40 22 23 4 0 100 25.464 2.064
32 40 23 24 4 0 100 24.453 2.043
32 40 24 25 4 0 100 26.146 2.035
40 51 0 1 4 0 100 26.805 2.311
40 51 1 2 4 0 100 25.034 2.302
40 51 2 3 4 0 100 25.107 2.291
40 51 3 4 4 0 100 25.143 2.282
40 51 4 5 4 0 100 25.062 2.275
40 51 5 6 4 0 100 24.871 2.267
40 51 6 7 4 0 100 25.072 2.260
40 51 7 8 4 0 100 25.041 2.251
40 51 8 9 4 0 100 24.810 2.248
40 51 9 10 4 0 100 24.978 2.243
40 51 10 11 4 0 100 24.953 2.241
40 51 11 12 4 0 100 24.671 2.233
40 51 12 13 4 0 100 24.917 2.227
40 51 13 14 4 0 100 24.635 2.222
40 51 14 15 4 0 100 24.603 2.221
40 51 15 16 4 0 100 24.640 2.212
40 51 16 17 4 0 100 24.412 2.203
40 51 17 18 4 0 100 24.625 2.202
40 51 18 19 4 0 100 24.744 2.193
40 51 19 20 4 0 100 24.660 2.188
40 51 20 21 4 0 100 24.606 2.193
40 51 21 22 4 0 100 24.580 2.169
40 51 22 23 4 0 100 24.769 2.155
40 51 23 24 4 0 100 24.198 2.158
40 51 24 25 4 0 100 25.677 2.158
51 64 0 1 4 0 100 25.062 2.431
51 64 1 2 4 0 100 23.963 2.409
51 64 2 3 4 0 100 24.683 2.404
51 64 3 4 4 0 100 24.186 2.396
51 64 4 5 4 0 100 23.960 2.389
51 64 5 6 4 0 100 24.283 2.384
51 64 6 7 4 0 100 24.200 2.377
51 64 7 8 4 0 100 23.939 2.371
51 64 8 9 4 0 100 24.508 2.362
51 64 9 10 4 0 100 23.919 2.363
51 64 10 11 4 0 100 24.195 2.358
51 64 11 12 4 0 100 23.532 2.349
51 64 12 13 4 0 100 23.618 2.344
51 64 13 14 4 0 100 24.286 2.336
51 64 14 15 4 0 100 23.990 2.337
51 64 15 16 4 0 100 24.085 2.333
51 64 16 17 4 0 100 23.619 2.326
51 64 17 18 4 0 100 24.553 2.319
51 64 18 19 4 0 100 24.309 2.320
51 64 19 20 4 0 100 23.626 2.305
51 64 20 21 4 0 100 23.478 2.306
51 64 21 22 4 0 100 23.894 2.307
51 64 22 23 4 0 100 23.932 2.286
51 64 23 24 4 0 100 23.870 2.282
51 64 24 25 4 0 100 24.243 2.274
64 80 0 1 4 0 100 24.147 2.528
64 80 1 2 4 0 100 23.055 2.514
64 80 2 3 4 0 100 23.315 2.511
64 80 3 4 4 0 100 23.084 2.509
64 80 4 5 4 0 100 23.111 2.504
64 80 5 6 4 0 100 22.922 2.496
64 80 6 7 4 0 100 23.280 2.489
64 80 7 8 4 0 100 23.257 2.488
64 80 8 9 4 0 100 23.047 2.481
64 80 9 10 4 0 100 23.206 2.474
64 80 10 11 4 0 100 22.954 2.469
64 80 11 12 4 0 100 22.847 2.464
64 80 12 13 4 0 100 23.047 2.459
64 80 13 14 4 0 100 23.270 2.457
64 80 14 15 4 0 100 23.359 2.452
64 80 15 16 4 0 100 23.256 2.446
64 80 16 17 4 0 100 23.000 2.438
64 80 17 18 4 0 100 23.059 2.435
64 80 18 19 4 0 100 23.063 2.426
64 80 19 20 4 0 100 23.110 2.414
64 80 20 21 4 0 100 23.029 2.410
64 80 21 22 4 0 100 22.434 2.406
64 80 22 23 4 0 100 23.348 2.401
64 80 23 24 4 0 100 24.340 2.394
64 80 24 25 4 0 100 24.349 2.386
80 101 0 1 4 0 100 21.536 2.629
80 101 1 2 4 0 100 22.070 2.627
80 101 2 3 4 0 100 22.226 2.627
80 101 3 4 4 0 100 22.142 2.617
80 101 4 5 4 0 100 22.033 2.617
80 101 5 6 4 0 100 21.926 2.609
80 101 6 7 4 0 100 21.784 2.606
80 101 7 8 4 0 100 22.143 2.602
80 101 8 9 4 0 100 21.989 2.596
80 101 9 10 4 0 100 22.301 2.592
80 101 10 11 4 0 100 21.780 2.584
80 101 11 12 4 0 100 21.889 2.578
80 101 12 13 4 0 100 21.510 2.573
80 101 13 14 4 0 100 22.216 2.571
80 101 14 15 4 0 100 22.258 2.568
80 101 15 16 4 0 100 21.979 2.565
80 101 16 17 4 0 100 21.805 2.547
80 101 17 18 4 0 100 21.677 2.538
80 101 18 19 4 0 100 21.678 2.539
80 101 19 20 4 0 100 22.068 2.532
80 101 20 21 4 0 100 22.249 2.524
80 101 21 22 4 0 100 21.974 2.518
80 101 22 23 4 0 100 22.435 2.505
80 101 23 24 4 0 100 21.415 2.489
80 101 24 25 4 0 100 21.689 2.494
101 127 0 1 4 0 100 20.353 2.751
101 127 1 2 4 0 100 21.030 2.739
101 127 2 3 4 0 100 20.613 2.739
101 127 3 4 4 0 100 20.642 2.733
101 127 4 5 4 0 100 20.897 2.731
101 127 5 6 4 0 100 20.509 2.723
101 127 6 7 4 0 100 20.285 2.721
101 127 7 8 4 0 100 20.424 2.719
101 127 8 9 4 0 100 20.883 2.712
101 127 9 10 4 0 100 20.734 2.707
101 127 10 11 4 0 100 21.001 2.709
101 127 11 12 4 0 100 20.514 2.697
101 127 12 13 4 0 100 20.856 2.691
101 127 13 14 4 0 100 20.845 2.690
101 127 14 15 4 0 100 20.656 2.682
101 127 15 16 4 0 100 20.702 2.678
101 127 16 17 4 0 100 20.488 2.662
101 127 17 18 4 0 100 20.223 2.664
101 127 18 19 4 0 100 20.661 2.659
101 127 19 20 4 0 100 20.985 2.660
101 127 20 21 4 0 100 20.938 2.640
101 127 21 22 4 0 100 21.528 2.643
101 127 22 23 4 0 100 21.947 2.633
101 127 23 24 4 0 100 20.808 2.613
101 127 24 25 4 0 100 22.256 2.634
127 159 0 1 4 0 100 19.718 2.834
127 159 1 2 4 0 100 18.955 2.845
127 159 2 3 4 0 100 18.793 2.849
127 159 3 4 4 0 100 19.130 2.845
127 159 4 5 4 0 100 19.361 2.850
127 159 5 6 4 0 100 19.318 2.841
127 159 6 7 4 0 100 19.205 2.833
127 159 7 8 4 0 100 19.016 2.833
127 159 8 9 4 0 100 19.169 2.826
127 159 9 10 4 0 100 19.044 2.826
127 159 10 11 4 0 100 19.478 2.821
127 159 11 12 4 0 100 19.416 2.814
127 159 12 13 4 0 100 19.263 2.808
127 159 13 14 4 0 100 19.455 2.804
127 159 14 15 4 0 100 19.010 2.796
127 159 15 16 4 0 100 19.265 2.788
127 159 16 17 4 0 100 19.938 2.793
127 159 17 18 4 0 100 18.776 2.774
127 159 18 19 4 0 100 19.755 2.783
127 159 19 20 4 0 100 19.322 2.764
127 159 20 21 4 0 100 19.344 2.744
127 159 21 22 4 0 100 19.264 2.755
127 159 22 23 4 0 100 18.767 2.728
127 159 23 24 4 0 100 19.803 2.744
127 159 24 25 4 0 100 19.367 2.690
159 201 0 1 4 0 100 18.692 2.958
159 201 1 2 4 0 100 17.737 2.966
159 201 2 3 4 0 100 18.097 2.965
159 201 3 4 4 0 100 17.420 2.963
159 201 4 5 4 0 100 17.742 2.960
159 201 5 6 4 0 100 17.458 2.953
159 201 6 7 4 0 100 17.784 2.952
159 201 7 8 4 0 100 17.718 2.950
159 201 8 9 4 0 100 17.858 2.942
159 201 9 10 4 0 100 17.684 2.938
159 201 10 11 4 0 100 17.776 2.934
159 201 11 12 4 0 100 17.980 2.935
159 201 12 13 4 0 100 17.698 2.918
159 201 13 14 4 0 100 17.680 2.922
159 201 14 15 4 0 100 17.760 2.916
159 201 15 16 4 0 100 17.859 2.902
159 201 16 17 4 0 100 17.627 2.903
159 201 17 18 4 0 100 17.734 2.899
159 201 18 19 4 0 100 17.708 2.889
159 201 19 20 4 0 100 18.284 2.891
159 201 20 21 4 0 100 18.095 2.880
159 201 21 22 4 0 100 18.513 2.865
159 201 22 23 4 0 100 18.795 2.846
159 201 23 24 4 0 100 18.307 2.836
159 201 24 25 4 0 100 19.453 2.838
201 252 0 1 4 0 100 18.816 3.082
201 252 1 2 4 0 100 16.284 3.074
201 252 2 3 4 0 100 16.564 3.090
201 252 3 4 4 0 100 16.450 3.086
201 252 4 5 4 0 100 16.176 3.083
201 252 5 6 4 0 100 16.426 3.078
201 252 6 7 4 0 100 16.623 3.082
201 252 7 8 4 0 100 16.520 3.075
201 252 8 9 4 0 100 16.511 3.072
201 252 9 10 4 0 100 16.453 3.067
201 252 10 11 4 0 100 16.967 3.074
201 252 11 12 4 0 100 16.483 3.066
201 252 12 13 4 0 100 16.564 3.056
201 252 13 14 4 0 100 16.684 3.051
201 252 14 15 4 0 100 16.641 3.030
201 252 15 16 4 0 100 17.227 3.046
201 252 16 17 4 0 100 16.303 3.019
201 252 17 18 4 0 100 16.398 3.019
201 252 18 19 4 0 100 16.739 3.016
201 252 19 20 4 0 100 17.205 3.010
201 252 20 21 4 0 100 17.650 3.003
201 252 21 22 4 0 100 16.963 2.967
201 252 22 23 4 0 100 17.673 2.978
201 252 23 24 4 0 100 17.639 2.957
201 252 24 25 4 0 100 18.405 2.948
252 317 0 1 4 0 100 19.009 3.235
252 317 1 2 4 0 100 16.493 3.201
252 317 2 3 4 0 100 15.718 3.211
252 317 3 4 4 0 100 15.320 3.207
252 317 4 5 4 0 100 15.186 3.212
252 317 5 6 4 0 100 15.212 3.209
252 317 6 7 4 0 100 15.439 3.208
252 317 7 8 4 0 100 15.518 3.204
252 317 8 9 4 0 100 15.658 3.200
252 317 9 10 4 0 100 15.660 3.203
252 317 10 11 4 0 100 15.374 3.188
252 317 11 12 4 0 100 15.518 3.180
252 317 12 13 4 0 100 15.404 3.168
252 317 13 14 4 0 100 15.670 3.175
252 317 14 15 4 0 100 15.597 3.164
252 317 15 16 4 0 100 16.353 3.176
252 317 16 17 4 0 100 15.358 3.133
252 317 17 18 4 0 100 15.548 3.138
252 317 18 19 4 0 100 15.390 3.133
252 317 19 20 4 0 100 16.708 3.136
252 317 20 21 4 0 100 15.380 3.115
252 317 21 22 4 0 100 16.536 3.088
252 317 22 23 4 0 100 16.408 3.089
252 317 23 24 4 0 100 16.361 3.087
252 317 24 25 4 0 100 16.872 3.057
317 400 0 1 4 0 100 18.068 3.320
317 400 1 2 4 0 100 14.820 3.317
317 400 2 3 4 0 100 14.838 3.341
317 400 3 4 4 0 100 14.927 3.352
317 400 4 5 4 0 100 14.795 3.345
317 400 5 6 4 0 100 14.359 3.335
317 400 6 7 4 0 100 14.477 3.342
317 400 7 8 4 0 100 14.399 3.339
317 400 8 9 4 0 100 14.747 3.342
317 400 9 10 4 0 100 14.421 3.327
317 400 10 11 4 0 100 14.233 3.312
317 400 11 12 4 0 100 14.737 3.319
317 400 12 13 4 0 100 14.982 3.323
317 400 13 14 4 0 100 14.718 3.306
317 400 14 15 4 0 100 14.617 3.290
317 400 15 16 4 0 100 14.775 3.299
317 400 16 17 4 0 100 15.078 3.294
317 400 17 18 4 0 100 14.997 3.270
317 400 18 19 4 0 100 14.854 3.257
317 400 19 20 4 0 100 15.352 3.255
317 400 20 21 4 0 100 14.814 3.226
317 400 21 22 4 0 100 16.303 3.266
317 400 22 23 4 0 100 16.941 3.258
317 400 23 24 4 0 100 16.494 3.224
317 400 24 25 4 0 100 15.897 3.178
400 503 0 1 4 0 100 15.521 3.381
400 503 1 2 4 0 100 14.952 3.463
400 503 2 3 4 0 100 14.268 3.475
400 503 3 4 4 0 100 14.073 3.468
400 503 4 5 4 0 100 14.288 3.477
400 503 5 6 4 0 100 13.795 3.480
400 503 6 7 4 0 100 14.076 3.476
400 503 7 8 4 0 100 14.016 3.470
400 503 8 9 4 0 100 14.190 3.472
400 503 9 10 4 0 100 13.949 3.457
400 503 10 11 4 0 100 13.696 3.439
400 503 11 12 4 0 100 14.018 3.444
400 503 12 13 4 0 100 13.650 3.422
400 503 13 14 4 0 100 14.027 3.417
400 503 14 15 4 0 100 13.733 3.414
400 503 15 16 4 0 100 14.198 3.408
400 503 16 17 4 0 100 14.436 3.396
400 503 17 18 4 0 100 14.050 3.369
400 503 18 19 4 0 100 15.317 3.409
400 503 19 20 4 0 100 13.776 3.340
400 503 20 21 4 0 100 15.303 3.352
400 503 21 22 4 0 100 14.819 3.341
400 503 22 23 4 0 100 15.488 3.318
400 503 23 24 4 0 100 17.057 3.337
400 503 24 25 4 0 100 16.530 3.277
503 633 0 1 4 0 100 21.837 3.612
503 633 1 2 4 0 100 15.658 3.557
503 633 2 3 4 0 100 14.535 3.574
503 633 3 4 4 0 100 14.299 3.589
503 633 4 5 4 0 100 14.566 3.612
503 633 5 6 4 0 100 14.276 3.620
503 633 6 7 4 0 100 14.013 3.607
503 633 7 8 4 0 100 13.710 3.604
503 633 8 9 4 0 100 14.405 3.615
503 633 9 10 4 0 100 14.364 3.583
503 633 10 11 4 0 100 13.161 3.555
503 633 11 12 4 0 100 13.713 3.563
503 633 12 13 4 0 100 14.619 3.575
503 633 13 14 4 0 100 13.692 3.549
503 633 14 15 4 0 100 13.149 3.537
503 633 15 16 4 0 100 13.861 3.530
503 633 16 17 4 0 100 14.960 3.521
503 633 17 18 4 0 100 15.028 3.523
503 633 18 19 4 0 100 14.157 3.468
503 633 19 20 4 0 100 15.532 3.488
503 633 20 21 4 0 100 14.854 3.460
503 633 21 22 4 0 100 17.433 3.478
503 633 22 23 4 0 100 15.523 3.388
503 633 23 24 4 0 100 16.538 3.366
503 633 24 25 4 0 100 17.341 3.392
633 797 0 1 4 0 100 26.036 3.701
633 797 1 2 4 0 100 15.336 3.632
633 797 2 3 4 0 100 14.963 3.707
633 797 3 4 4 0 100 14.001 3.716
633 797 4 5 4 0 100 14.317 3.717
633 797 5 6 4 0 100 15.628 3.756
633 797 6 7 4 0 100 14.315 3.715
633 797 7 8 4 0 100 14.008 3.713
633 797 8 9 4 0 100 13.942 3.707
633 797 9 10 4 0 100 14.640 3.695
633 797 10 11 4 0 100 13.781 3.679
633 797 11 12 4 0 100 13.824 3.673
633 797 12 13 4 0 100 15.820 3.717
633 797 13 14 4 0 100 14.893 3.643
633 797 14 15 4 0 100 15.453 3.675
633 797 15 16 4 0 100 14.461 3.620
633 797 16 17 4 0 100 15.824 3.654
633 797 17 18 4 0 100 19.962 3.793
633 797 18 19 4 0 100 17.879 3.676
633 797 19 20 4 0 100 18.696 3.644
633 797 20 21 4 0 100 17.903 3.560
633 797 21 22 4 0 100 23.671 3.598
633 797 22 23 4 0 100 17.199 3.563
633 797 23 24 4 0 100 24.352 3.585
633 797 24 25 4 0 100 20.293 3.475
797 1003 0 1 4 0 100 60.104 4.172
797 1003 1 2 4 0 100 22.367 3.848
797 1003 2 3 4 0 100 19.574 3.831
797 1003 3 4 4 0 100 18.177 3.894
797 1003 4 5 4 0 100 17.985 3.893
797 1003 5 6 4 0 100 17.477 3.852
797 1003 6 7 4 0 100 15.225 3.824
797 1003 7 8 4 0 100 14.968 3.820
797 1003 8 9 4 0 100 15.181 3.773
797 1003 9 10 4 0 100 17.880 3.865
797 1003 10 11 4 0 100 15.217 3.789
797 1003 11 12 4 0 100 17.378 3.814
797 1003 12 13 4 0 100 15.919 3.806
797 1003 13 14 4 0 100 15.562 3.695
797 1003 14 15 4 0 100 15.996 3.737
797 1003 15 16 4 0 100 18.975 3.802
797 1003 16 17 4 0 100 18.688 3.787
797 1003 17 18 4 0 100 14.858 3.657
797 1003 18 19 4 0 100 19.010 3.682
797 1003 19 20 4 0 100 38.102 4.004
797 1003 20 21 4 0 100 17.683 3.511
797 1003 21 22 4 0 100 48.802 3.871
797 1003 22 23 4 0 100 62.506 4.062
797 1003 23 24 4 0 100 2.179 100.000
797 1003 24 25 4 0 100 73.647 3.918
1003 1262 0 1 4 0 100 3.332 100.000
1003 1262 1 2 4 0 100 44.508 4.024
1003 1262 2 3 4 0 100 37.469 4.110
1003 1262 3 4 4 0 100 41.257 4.146
1003 1262 4 5 4 0 100 20.683 3.888
1003 1262 5 6 4 0 100 18.093 3.827
1003 1262 6 7 4 0 100 26.102 4.015
1003 1262 7 8 4 0 100 25.464 4.056
1003 1262 8 9 4 0 100 40.383 4.194
1003 1262 9 10 4 0 100 38.649 4.176
1003 1262 10 11 4 0 100 22.970 3.943
1003 1262 11 12 4 0 100 21.481 3.855
1003 1262 12 13 4 0 100 45.902 4.210
1003 1262 13 14 4 0 100 39.008 4.174
1003 1262 14 15 4 0 100 48.453 4.168
1003 1262 15 16 4 0 100 8.309 3.576
1003 1262 16 17 4 0 100 31.821 3.972
1003 1262 17 18 4 0 100 64.343 4.117
1003 1262 18 19 4 0 100 48.421 4.014
1003 1262 19 20 4 0 100 100.000 2.627
1003 1262 20 21 4 0 100 88.703 3.833
1003 1262 21 22 4 0 100 100.000 3.817
1003 1262 22 23 4 0 100 98.317 4.205
1003 1262 23 24 4 0 100 96.376 28.548
1003 1262 24 25 4 0 100 4.026 100.000
1262 1589 0 1 4 0 100 5.138 99.978
1262 1589 1 2 4 0 100 3.252 100.000
1262 1589 2 3 4 0 100 77.730 4.038
1262 1589 3 4 4 0 100 100.000 4.421
1262 1589 4 5 4 0 100 100.000 4.192
1262 1589 5 6 4 0 100 39.130 4.042
1262 1589 6 7 4 0 100 100.000 4.148
1262 1589 7 8 4 0 100 30.922 3.740
1262 1589 8 9 4 0 100 47.055 4.088
1262 1589 9 10 4 0 100 45.177 4.008
1262 1589 10 11 4 0 100 100.000 4.290
1262 1589 11 12 4 0 100 100.000 4.138
1262 1589 12 13 4 0 100 8.382 3.832
1262 1589 13 14 4 0 100 7.776 4.306
1262 1589 14 15 4 0 100 3.057 100.000
1262 1589 15 16 4 0 100 100.000 4.002
1262 1589 16 17 4 0 100 3.334 100.000
1262 1589 17 18 4 0 100 3.571 100.000
1262 1589 18 19 4 0 100 3.635 100.000
1262 1589 19 20 4 0 100 4.204 100.000
1262 1589 20 21 4 0 100 70.857 26.944
1262 1589 21 22 4 0 100 8.447 60.346
1262 1589 22 23 4 0 100 5.342 99.975
1262 1589 23 24 4 0 100 4.897 97.871
1262 1589 24 25 4 0 100 8.792 74.320
1589 2000 0 1 4 0 100 8.241 99.979
1589 2000 1 2 4 0 100 5.346 99.999
1589 2000 2 3 4 0 100 5.225 100.000
1589 2000 3 4 4 0 100 4.471 100.000
1589 2000 4 5 4 0 100 4.847 100.000
1589 2000 5 6 4 0 100 4.300 100.000
1589 2000 6 7 4 0 100 4.261 99.983
1589 2000 7 8 4 0 100 4.821 100.000
1589 2000 8 9 4 0 100 4.907 99.146
1589 2000 9 10 4 0 100 20.020 79.751
1589 2000 10 11 4 0 100 5.187 98.774
1589 2000 11 12 4 0 100 6.918 84.314
1589 2000 12 13 4 0 100 4.896 100.000
1589 2000 13 14 4 0 100 5.353 100.000
1589 2000 14 15 4 0 100 7.623 76.904
1589 2000 15 16 4 0 100 36.178 29.197
1589 2000 16 17 4 0 100 8.400 99.898
1589 2000 17 18 4 0 100 67.541 36.325
1589 2000 18 19 4 0 100 8.133 87.872
1589 2000 19 20 4 0 100 45.738 64.171
1589 2000 20 21 4 0 100 46.757 77.393
1589 2000 21 22 4 0 100 8.924 97.254
1589 2000 22 23 4 0 100 80.117 66.265
1589 2000 23 24 4 0 100 16.953 45.151
1589 2000 24 25 4 0 100 99.821 22.072
