[quark]
{2 JetPt Rho 1 x TMath::Exp(-1.*x*[0]/[1])*TMath::Power(x,[0]-1)*TMath::Power([1]/[0],-1.*[0])/TMath::Gamma([0]) Correction QGL_axis2_QC_quark}
20 26 0 1 4 0 100 5.987 93.648
20 26 1 2 4 0 100 89.061 3.104
20 26 2 3 4 0 100 30.629 3.062
20 26 3 4 4 0 100 28.260 3.090
20 26 4 5 4 0 100 29.449 2.990
20 26 5 6 4 0 100 30.000 2.977
20 26 6 7 4 0 100 30.866 2.986
20 26 7 8 4 0 100 28.815 2.960
20 26 8 9 4 0 100 28.940 2.947
20 26 9 10 4 0 100 30.072 2.956
20 26 10 11 4 0 100 30.307 2.942
20 26 11 12 4 0 100 29.415 2.965
20 26 12 13 4 0 100 31.688 2.939
20 26 13 14 4 0 100 32.259 2.929
20 26 14 15 4 0 100 31.002 2.952
20 26 15 16 4 0 100 32.112 2.938
20 26 16 17 4 0 100 31.836 2.939
20 26 17 18 4 0 100 31.641 2.947
20 26 18 19 4 0 100 32.029 2.907
20 26 19 20 4 0 100 32.671 2.942
20 26 20 21 4 0 100 33.313 2.926
20 26 21 22 4 0 100 32.580 2.923
20 26 22 23 4 0 100 34.104 2.917
20 26 23 24 4 0 100 32.701 2.937
20 26 24 25 4 0 100 37.153 2.932
20 26 25 26 4 0 100 36.774 2.906
20 26 26 27 4 0 100 37.121 2.940
20 26 27 28 4 0 100 34.826 2.920
20 26 28 29 4 0 100 37.606 2.898
20 26 29 30 4 0 100 43.434 2.910
20 26 30 31 4 0 100 40.354 2.890
20 26 31 32 4 0 100 44.870 2.955
20 26 32 33 4 0 100 53.896 2.830
20 26 33 34 4 0 100 63.258 2.985
20 26 34 35 4 0 100 56.723 2.851
20 26 35 36 4 0 100 67.838 2.914
20 26 36 37 4 0 100 79.072 2.927
20 26 37 38 4 0 100 100.000 2.828
20 26 38 39 4 0 100 100.000 3.039
20 26 39 40 4 0 100 100.000 3.166
20 26 40 41 4 0 100 5.938 99.926
20 26 41 42 4 0 100 79.664 30.208
20 26 42 43 4 0 100 17.085 51.339
20 26 43 44 4 0 100 61.715 38.533
20 26 44 100 4 0 100 7.234 99.954
26 32 0 1 4 0 100 8.283 73.112
26 32 1 2 4 0 100 61.781 3.061
26 32 2 3 4 0 100 37.700 3.178
26 32 3 4 4 0 100 33.451 3.088
26 32 4 5 4 0 100 30.320 3.105
26 32 5 6 4 0 100 29.987 3.080
26 32 6 7 4 0 100 29.824 3.074
26 32 7 8 4 0 100 29.961 3.065
26 32 8 9 4 0 100 31.528 3.031
26 32 9 10 4 0 100 31.075 3.065
26 32 10 11 4 0 100 31.032 3.032
26 32 11 12 4 0 100 32.189 3.043
26 32 12 13 4 0 100 32.856 3.036
26 32 13 14 4 0 100 31.573 3.046
26 32 14 15 4 0 100 31.889 3.022
26 32 15 16 4 0 100 32.571 3.026
26 32 16 17 4 0 100 31.999 3.036
26 32 17 18 4 0 100 33.396 3.031
26 32 18 19 4 0 100 34.909 3.020
26 32 19 20 4 0 100 33.798 3.044
26 32 20 21 4 0 100 35.947 3.017
26 32 21 22 4 0 100 35.202 3.022
26 32 22 23 4 0 100 36.586 3.027
26 32 23 24 4 0 100 36.641 3.023
26 32 24 25 4 0 100 38.771 3.027
26 32 25 26 4 0 100 37.287 2.992
26 32 26 27 4 0 100 37.211 3.013
26 32 27 28 4 0 100 38.877 3.024
26 32 28 29 4 0 100 41.355 3.009
26 32 29 30 4 0 100 36.045 2.976
26 32 30 31 4 0 100 48.371 3.031
26 32 31 32 4 0 100 45.250 2.986
26 32 32 33 4 0 100 51.799 3.019
26 32 33 34 4 0 100 52.510 2.987
26 32 34 35 4 0 100 81.512 3.066
26 32 35 36 4 0 100 77.821 2.961
26 32 36 37 4 0 100 94.867 2.957
26 32 37 38 4 0 100 100.000 2.968
26 32 38 39 4 0 100 100.000 2.838
26 32 39 40 4 0 100 100.000 3.322
26 32 40 41 4 0 100 8.993 82.438
26 32 41 42 4 0 100 100.000 2.955
26 32 42 43 4 0 100 7.069 88.319
26 32 43 44 4 0 100 18.397 46.326
26 32 44 100 4 0 100 8.450 99.392
32 40 0 1 4 0 100 13.197 53.953
32 40 1 2 4 0 100 21.903 3.523
32 40 2 3 4 0 100 38.255 3.211
32 40 3 4 4 0 100 34.512 3.161
32 40 4 5 4 0 100 32.103 3.173
32 40 5 6 4 0 100 31.855 3.168
32 40 6 7 4 0 100 33.552 3.166
32 40 7 8 4 0 100 32.106 3.158
32 40 8 9 4 0 100 33.150 3.155
32 40 9 10 4 0 100 33.945 3.139
32 40 10 11 4 0 100 33.111 3.137
32 40 11 12 4 0 100 34.122 3.141
32 40 12 13 4 0 100 34.089 3.122
32 40 13 14 4 0 100 35.379 3.134
32 40 14 15 4 0 100 34.763 3.128
32 40 15 16 4 0 100 35.139 3.143
32 40 16 17 4 0 100 35.323 3.113
32 40 17 18 4 0 100 35.252 3.123
32 40 18 19 4 0 100 37.024 3.128
32 40 19 20 4 0 100 36.123 3.110
32 40 20 21 4 0 100 36.468 3.108
32 40 21 22 4 0 100 35.633 3.105
32 40 22 23 4 0 100 35.684 3.102
32 40 23 24 4 0 100 36.750 3.106
32 40 24 25 4 0 100 37.015 3.105
32 40 25 26 4 0 100 37.819 3.104
32 40 26 27 4 0 100 40.909 3.112
32 40 27 28 4 0 100 37.972 3.114
32 40 28 29 4 0 100 36.863 3.131
32 40 29 30 4 0 100 36.967 3.113
32 40 30 31 4 0 100 45.180 3.078
32 40 31 32 4 0 100 50.071 3.084
32 40 32 33 4 0 100 39.163 3.078
32 40 33 34 4 0 100 54.751 3.081
32 40 34 35 4 0 100 60.825 3.077
32 40 35 36 4 0 100 46.350 3.209
32 40 36 37 4 0 100 71.741 3.034
32 40 37 38 4 0 100 100.000 3.120
32 40 38 39 4 0 100 100.000 3.077
32 40 39 40 4 0 100 100.000 3.199
32 40 40 41 4 0 100 100.000 2.768
32 40 41 42 4 0 100 100.000 3.106
32 40 42 43 4 0 100 100.000 2.963
32 40 43 44 4 0 100 75.048 60.441
32 40 44 100 4 0 100 6.971 85.990
40 51 0 1 4 0 100 5.631 99.367
40 51 1 2 4 0 100 67.894 3.217
40 51 2 3 4 0 100 36.810 3.311
40 51 3 4 4 0 100 34.608 3.320
40 51 4 5 4 0 100 31.835 3.294
40 51 5 6 4 0 100 34.273 3.278
40 51 6 7 4 0 100 34.437 3.290
40 51 7 8 4 0 100 34.345 3.272
40 51 8 9 4 0 100 34.328 3.257
40 51 9 10 4 0 100 35.349 3.266
40 51 10 11 4 0 100 33.963 3.259
40 51 11 12 4 0 100 36.150 3.246
40 51 12 13 4 0 100 35.787 3.250
40 51 13 14 4 0 100 36.386 3.242
40 51 14 15 4 0 100 35.844 3.244
40 51 15 16 4 0 100 34.663 3.245
40 51 16 17 4 0 100 35.813 3.238
40 51 17 18 4 0 100 36.308 3.227
40 51 18 19 4 0 100 35.638 3.242
40 51 19 20 4 0 100 37.295 3.229
40 51 20 21 4 0 100 38.386 3.235
40 51 21 22 4 0 100 36.289 3.236
40 51 22 23 4 0 100 37.303 3.222
40 51 23 24 4 0 100 35.106 3.244
40 51 24 25 4 0 100 37.628 3.228
40 51 25 26 4 0 100 38.599 3.208
40 51 26 27 4 0 100 37.239 3.243
40 51 27 28 4 0 100 40.249 3.249
40 51 28 29 4 0 100 37.379 3.226
40 51 29 30 4 0 100 37.401 3.196
40 51 30 31 4 0 100 41.948 3.220
40 51 31 32 4 0 100 39.975 3.212
40 51 32 33 4 0 100 44.814 3.195
40 51 33 34 4 0 100 47.420 3.175
40 51 34 35 4 0 100 48.583 3.154
40 51 35 36 4 0 100 88.447 3.068
40 51 36 37 4 0 100 66.228 3.251
40 51 37 38 4 0 100 74.100 3.123
40 51 38 39 4 0 100 100.000 3.193
40 51 39 40 4 0 100 79.918 3.204
40 51 40 41 4 0 100 100.000 3.263
40 51 41 42 4 0 100 100.000 3.228
40 51 42 43 4 0 100 100.000 3.130
40 51 43 44 4 0 100 100.000 2.946
40 51 44 100 4 0 100 18.925 3.482
51 64 0 1 4 0 100 5.388 100.000
51 64 1 2 4 0 100 69.927 3.328
51 64 2 3 4 0 100 37.037 3.450
51 64 3 4 4 0 100 36.196 3.393
51 64 4 5 4 0 100 35.228 3.414
51 64 5 6 4 0 100 35.979 3.409
51 64 6 7 4 0 100 34.412 3.409
51 64 7 8 4 0 100 36.346 3.403
51 64 8 9 4 0 100 36.265 3.398
51 64 9 10 4 0 100 35.522 3.389
51 64 10 11 4 0 100 36.150 3.382
51 64 11 12 4 0 100 36.696 3.374
51 64 12 13 4 0 100 36.091 3.375
51 64 13 14 4 0 100 36.621 3.366
51 64 14 15 4 0 100 38.043 3.370
51 64 15 16 4 0 100 37.760 3.367
51 64 16 17 4 0 100 38.758 3.369
51 64 17 18 4 0 100 38.003 3.363
51 64 18 19 4 0 100 38.061 3.355
51 64 19 20 4 0 100 38.629 3.353
51 64 20 21 4 0 100 37.674 3.355
51 64 21 22 4 0 100 40.879 3.351
51 64 22 23 4 0 100 39.485 3.356
51 64 23 24 4 0 100 39.424 3.360
51 64 24 25 4 0 100 39.936 3.339
51 64 25 26 4 0 100 41.283 3.325
51 64 26 27 4 0 100 39.212 3.327
51 64 27 28 4 0 100 43.563 3.312
51 64 28 29 4 0 100 39.615 3.335
51 64 29 30 4 0 100 41.255 3.316
51 64 30 31 4 0 100 41.419 3.350
51 64 31 32 4 0 100 40.573 3.332
51 64 32 33 4 0 100 41.019 3.309
51 64 33 34 4 0 100 47.051 3.384
51 64 34 35 4 0 100 42.451 3.294
51 64 35 36 4 0 100 56.454 3.299
51 64 36 37 4 0 100 57.180 3.293
51 64 37 38 4 0 100 69.501 3.371
51 64 38 39 4 0 100 95.131 3.250
51 64 39 40 4 0 100 69.284 3.422
51 64 40 41 4 0 100 100.000 3.006
51 64 41 42 4 0 100 100.000 3.269
51 64 42 43 4 0 100 96.122 3.256
51 64 43 44 4 0 100 100.000 3.600
51 64 44 100 4 0 100 33.992 3.283
64 80 0 1 4 0 100 15.726 43.687
64 80 1 2 4 0 100 100.000 3.579
64 80 2 3 4 0 100 43.472 3.542
64 80 3 4 4 0 100 36.506 3.550
64 80 4 5 4 0 100 37.333 3.539
64 80 5 6 4 0 100 36.885 3.531
64 80 6 7 4 0 100 37.425 3.524
64 80 7 8 4 0 100 36.793 3.526
64 80 8 9 4 0 100 36.755 3.530
64 80 9 10 4 0 100 36.817 3.524
64 80 10 11 4 0 100 37.281 3.513
64 80 11 12 4 0 100 37.438 3.507
64 80 12 13 4 0 100 38.038 3.510
64 80 13 14 4 0 100 38.269 3.503
64 80 14 15 4 0 100 37.179 3.501
64 80 15 16 4 0 100 37.912 3.492
64 80 16 17 4 0 100 38.034 3.499
64 80 17 18 4 0 100 39.071 3.486
64 80 18 19 4 0 100 38.568 3.488
64 80 19 20 4 0 100 39.676 3.480
64 80 20 21 4 0 100 38.582 3.476
64 80 21 22 4 0 100 39.257 3.483
64 80 22 23 4 0 100 39.759 3.471
64 80 23 24 4 0 100 39.713 3.466
64 80 24 25 4 0 100 39.307 3.461
64 80 25 26 4 0 100 39.984 3.474
64 80 26 27 4 0 100 39.836 3.470
64 80 27 28 4 0 100 40.187 3.466
64 80 28 29 4 0 100 40.125 3.463
64 80 29 30 4 0 100 41.956 3.453
64 80 30 31 4 0 100 42.917 3.465
64 80 31 32 4 0 100 45.380 3.430
64 80 32 33 4 0 100 42.099 3.442
64 80 33 34 4 0 100 46.379 3.429
64 80 34 35 4 0 100 45.767 3.428
64 80 35 36 4 0 100 44.095 3.397
64 80 36 37 4 0 100 57.756 3.471
64 80 37 38 4 0 100 59.693 3.476
64 80 38 39 4 0 100 72.741 3.412
64 80 39 40 4 0 100 100.000 3.499
64 80 40 41 4 0 100 100.000 3.736
64 80 41 42 4 0 100 100.000 3.290
64 80 42 43 4 0 100 100.000 3.323
64 80 43 44 4 0 100 100.000 3.598
64 80 44 100 4 0 100 100.000 3.497
80 101 0 1 4 0 100 5.073 99.993
80 101 1 2 4 0 100 48.489 3.660
80 101 2 3 4 0 100 39.299 3.711
80 101 3 4 4 0 100 36.461 3.680
80 101 4 5 4 0 100 37.314 3.661
80 101 5 6 4 0 100 37.779 3.679
80 101 6 7 4 0 100 38.025 3.667
80 101 7 8 4 0 100 36.970 3.659
80 101 8 9 4 0 100 37.062 3.665
80 101 9 10 4 0 100 39.153 3.654
80 101 10 11 4 0 100 38.766 3.656
80 101 11 12 4 0 100 38.435 3.650
80 101 12 13 4 0 100 39.180 3.642
80 101 13 14 4 0 100 39.056 3.644
80 101 14 15 4 0 100 39.499 3.640
80 101 15 16 4 0 100 39.262 3.640
80 101 16 17 4 0 100 39.713 3.623
80 101 17 18 4 0 100 39.117 3.621
80 101 18 19 4 0 100 40.351 3.626
80 101 19 20 4 0 100 39.003 3.610
80 101 20 21 4 0 100 38.751 3.617
80 101 21 22 4 0 100 41.249 3.609
80 101 22 23 4 0 100 40.409 3.591
80 101 23 24 4 0 100 40.583 3.581
80 101 24 25 4 0 100 39.855 3.599
80 101 25 26 4 0 100 40.534 3.591
80 101 26 27 4 0 100 38.775 3.594
80 101 27 28 4 0 100 41.854 3.587
80 101 28 29 4 0 100 41.860 3.614
80 101 29 30 4 0 100 42.419 3.570
80 101 30 31 4 0 100 40.962 3.586
80 101 31 32 4 0 100 44.934 3.563
80 101 32 33 4 0 100 44.497 3.591
80 101 33 34 4 0 100 44.411 3.569
80 101 34 35 4 0 100 52.928 3.571
80 101 35 36 4 0 100 42.998 3.585
80 101 36 37 4 0 100 52.101 3.546
80 101 37 38 4 0 100 71.325 3.466
80 101 38 39 4 0 100 61.657 3.535
80 101 39 40 4 0 100 84.283 3.688
80 101 40 41 4 0 100 100.000 3.539
80 101 41 42 4 0 100 67.287 3.583
80 101 42 43 4 0 100 91.442 3.435
80 101 43 44 4 0 100 100.000 3.488
80 101 44 100 4 0 100 100.000 3.891
101 127 0 1 4 0 100 6.573 72.370
101 127 1 2 4 0 100 50.123 3.843
101 127 2 3 4 0 100 40.507 3.822
101 127 3 4 4 0 100 41.129 3.848
101 127 4 5 4 0 100 38.722 3.827
101 127 5 6 4 0 100 39.802 3.822
101 127 6 7 4 0 100 39.017 3.808
101 127 7 8 4 0 100 38.295 3.799
101 127 8 9 4 0 100 38.609 3.803
101 127 9 10 4 0 100 37.859 3.797
101 127 10 11 4 0 100 39.049 3.797
101 127 11 12 4 0 100 39.667 3.791
101 127 12 13 4 0 100 39.076 3.788
101 127 13 14 4 0 100 40.033 3.786
101 127 14 15 4 0 100 40.147 3.779
101 127 15 16 4 0 100 40.611 3.775
101 127 16 17 4 0 100 40.506 3.777
101 127 17 18 4 0 100 40.289 3.777
101 127 18 19 4 0 100 40.552 3.770
101 127 19 20 4 0 100 40.154 3.760
101 127 20 21 4 0 100 41.964 3.771
101 127 21 22 4 0 100 41.974 3.764
101 127 22 23 4 0 100 41.041 3.763
101 127 23 24 4 0 100 40.365 3.741
101 127 24 25 4 0 100 42.428 3.738
101 127 25 26 4 0 100 41.450 3.744
101 127 26 27 4 0 100 42.447 3.738
101 127 27 28 4 0 100 43.710 3.721
101 127 28 29 4 0 100 45.885 3.723
101 127 29 30 4 0 100 40.673 3.723
101 127 30 31 4 0 100 42.550 3.748
101 127 31 32 4 0 100 40.538 3.716
101 127 32 33 4 0 100 42.714 3.680
101 127 33 34 4 0 100 45.886 3.691
101 127 34 35 4 0 100 57.410 3.722
101 127 35 36 4 0 100 55.438 3.707
101 127 36 37 4 0 100 46.740 3.719
101 127 37 38 4 0 100 49.715 3.692
101 127 38 39 4 0 100 85.395 3.759
101 127 39 40 4 0 100 100.000 3.812
101 127 40 41 4 0 100 100.000 3.700
101 127 41 42 4 0 100 77.117 3.623
101 127 42 43 4 0 100 80.648 3.807
101 127 43 44 4 0 100 100.000 3.642
101 127 44 100 4 0 100 100.000 3.751
127 159 0 1 4 0 100 100.000 4.038
127 159 1 2 4 0 100 56.565 4.019
127 159 2 3 4 0 100 40.158 4.006
127 159 3 4 4 0 100 41.721 3.964
127 159 4 5 4 0 100 37.464 3.959
127 159 5 6 4 0 100 39.596 3.970
127 159 6 7 4 0 100 39.782 3.959
127 159 7 8 4 0 100 40.238 3.959
127 159 8 9 4 0 100 40.249 3.951
127 159 9 10 4 0 100 40.898 3.952
127 159 10 11 4 0 100 39.574 3.953
127 159 11 12 4 0 100 40.930 3.947
127 159 12 13 4 0 100 40.994 3.937
127 159 13 14 4 0 100 41.223 3.937
127 159 14 15 4 0 100 42.333 3.939
127 159 15 16 4 0 100 42.036 3.937
127 159 16 17 4 0 100 41.837 3.935
127 159 17 18 4 0 100 42.874 3.924
127 159 18 19 4 0 100 42.181 3.914
127 159 19 20 4 0 100 40.055 3.917
127 159 20 21 4 0 100 42.189 3.916
127 159 21 22 4 0 100 41.737 3.903
127 159 22 23 4 0 100 44.060 3.898
127 159 23 24 4 0 100 42.810 3.891
127 159 24 25 4 0 100 40.130 3.899
127 159 25 26 4 0 100 42.951 3.879
127 159 26 27 4 0 100 44.626 3.877
127 159 27 28 4 0 100 43.480 3.884
127 159 28 29 4 0 100 43.635 3.862
127 159 29 30 4 0 100 43.516 3.858
127 159 30 31 4 0 100 43.392 3.852
127 159 31 32 4 0 100 45.487 3.871
127 159 32 33 4 0 100 43.827 3.829
127 159 33 34 4 0 100 48.992 3.847
127 159 34 35 4 0 100 46.008 3.828
127 159 35 36 4 0 100 56.048 3.882
127 159 36 37 4 0 100 45.816 3.839
127 159 37 38 4 0 100 59.133 3.750
127 159 38 39 4 0 100 80.482 3.811
127 159 39 40 4 0 100 55.391 3.769
127 159 40 41 4 0 100 56.539 3.809
127 159 41 42 4 0 100 66.794 3.833
127 159 42 43 4 0 100 69.982 3.826
127 159 43 44 4 0 100 100.000 3.761
127 159 44 100 4 0 100 100.000 4.073
159 201 0 1 4 0 100 87.440 37.026
159 201 1 2 4 0 100 51.456 4.082
159 201 2 3 4 0 100 37.576 4.083
159 201 3 4 4 0 100 40.380 4.116
159 201 4 5 4 0 100 40.543 4.114
159 201 5 6 4 0 100 39.998 4.105
159 201 6 7 4 0 100 41.428 4.116
159 201 7 8 4 0 100 40.469 4.117
159 201 8 9 4 0 100 41.513 4.119
159 201 9 10 4 0 100 41.663 4.119
159 201 10 11 4 0 100 41.126 4.108
159 201 11 12 4 0 100 41.243 4.104
159 201 12 13 4 0 100 41.678 4.104
159 201 13 14 4 0 100 41.647 4.095
159 201 14 15 4 0 100 41.432 4.099
159 201 15 16 4 0 100 41.683 4.089
159 201 16 17 4 0 100 42.029 4.091
159 201 17 18 4 0 100 42.550 4.084
159 201 18 19 4 0 100 42.434 4.073
159 201 19 20 4 0 100 43.363 4.066
159 201 20 21 4 0 100 42.842 4.071
159 201 21 22 4 0 100 41.722 4.055
159 201 22 23 4 0 100 42.823 4.056
159 201 23 24 4 0 100 44.972 4.052
159 201 24 25 4 0 100 45.168 4.053
159 201 25 26 4 0 100 42.754 4.046
159 201 26 27 4 0 100 43.642 4.038
159 201 27 28 4 0 100 44.092 4.036
159 201 28 29 4 0 100 45.889 4.034
159 201 29 30 4 0 100 45.165 4.006
159 201 30 31 4 0 100 46.144 4.024
159 201 31 32 4 0 100 46.956 4.018
159 201 32 33 4 0 100 45.781 3.986
159 201 33 34 4 0 100 48.736 4.024
159 201 34 35 4 0 100 52.884 4.026
159 201 35 36 4 0 100 56.731 4.047
159 201 36 37 4 0 100 43.805 4.002
159 201 37 38 4 0 100 73.837 3.996
159 201 38 39 4 0 100 60.638 3.960
159 201 39 40 4 0 100 61.207 3.996
159 201 40 41 4 0 100 55.243 3.907
159 201 41 42 4 0 100 88.927 3.866
159 201 42 43 4 0 100 100.000 4.176
159 201 43 44 4 0 100 99.714 3.821
159 201 44 100 4 0 100 100.000 4.066
201 252 0 1 4 0 100 56.077 21.484
201 252 1 2 4 0 100 76.711 4.195
201 252 2 3 4 0 100 42.707 4.290
201 252 3 4 4 0 100 41.015 4.277
201 252 4 5 4 0 100 40.706 4.271
201 252 5 6 4 0 100 40.753 4.270
201 252 6 7 4 0 100 40.005 4.283
201 252 7 8 4 0 100 41.806 4.276
201 252 8 9 4 0 100 41.170 4.271
201 252 9 10 4 0 100 42.263 4.271
201 252 10 11 4 0 100 42.296 4.266
201 252 11 12 4 0 100 41.952 4.263
201 252 12 13 4 0 100 43.546 4.275
201 252 13 14 4 0 100 43.835 4.258
201 252 14 15 4 0 100 42.638 4.252
201 252 15 16 4 0 100 42.544 4.245
201 252 16 17 4 0 100 42.588 4.247
201 252 17 18 4 0 100 45.558 4.253
201 252 18 19 4 0 100 43.684 4.245
201 252 19 20 4 0 100 43.066 4.224
201 252 20 21 4 0 100 43.791 4.230
201 252 21 22 4 0 100 43.485 4.229
201 252 22 23 4 0 100 44.949 4.219
201 252 23 24 4 0 100 43.789 4.223
201 252 24 25 4 0 100 46.530 4.216
201 252 25 26 4 0 100 45.565 4.220
201 252 26 27 4 0 100 46.054 4.226
201 252 27 28 4 0 100 46.027 4.196
201 252 28 29 4 0 100 48.124 4.199
201 252 29 30 4 0 100 45.774 4.176
201 252 30 31 4 0 100 46.050 4.212
201 252 31 32 4 0 100 46.997 4.178
201 252 32 33 4 0 100 45.226 4.146
201 252 33 34 4 0 100 46.167 4.146
201 252 34 35 4 0 100 46.617 4.172
201 252 35 36 4 0 100 47.225 4.132
201 252 36 37 4 0 100 56.008 4.137
201 252 37 38 4 0 100 52.892 4.120
201 252 38 39 4 0 100 62.706 4.123
201 252 39 40 4 0 100 63.310 4.083
201 252 40 41 4 0 100 100.000 4.259
201 252 41 42 4 0 100 100.000 4.166
201 252 42 43 4 0 100 100.000 4.109
201 252 43 44 4 0 100 100.000 4.047
201 252 44 100 4 0 100 100.000 4.135
252 317 0 1 4 0 100 3.985 100.000
252 317 1 2 4 0 100 71.932 4.470
252 317 2 3 4 0 100 46.013 4.478
252 317 3 4 4 0 100 43.035 4.417
252 317 4 5 4 0 100 42.546 4.453
252 317 5 6 4 0 100 42.512 4.432
252 317 6 7 4 0 100 43.690 4.441
252 317 7 8 4 0 100 43.173 4.425
252 317 8 9 4 0 100 44.885 4.438
252 317 9 10 4 0 100 44.546 4.441
252 317 10 11 4 0 100 43.853 4.427
252 317 11 12 4 0 100 44.988 4.433
252 317 12 13 4 0 100 44.320 4.419
252 317 13 14 4 0 100 44.471 4.427
252 317 14 15 4 0 100 44.879 4.422
252 317 15 16 4 0 100 45.161 4.420
252 317 16 17 4 0 100 45.511 4.424
252 317 17 18 4 0 100 45.305 4.408
252 317 18 19 4 0 100 44.923 4.400
252 317 19 20 4 0 100 47.499 4.407
252 317 20 21 4 0 100 46.044 4.394
252 317 21 22 4 0 100 46.456 4.402
252 317 22 23 4 0 100 44.107 4.389
252 317 23 24 4 0 100 46.545 4.387
252 317 24 25 4 0 100 45.783 4.369
252 317 25 26 4 0 100 46.972 4.378
252 317 26 27 4 0 100 47.209 4.361
252 317 27 28 4 0 100 48.806 4.375
252 317 28 29 4 0 100 48.112 4.349
252 317 29 30 4 0 100 51.859 4.339
252 317 30 31 4 0 100 47.846 4.341
252 317 31 32 4 0 100 48.833 4.334
252 317 32 33 4 0 100 48.252 4.335
252 317 33 34 4 0 100 51.597 4.327
252 317 34 35 4 0 100 48.690 4.342
252 317 35 36 4 0 100 54.346 4.335
252 317 36 37 4 0 100 56.749 4.321
252 317 37 38 4 0 100 50.330 4.269
252 317 38 39 4 0 100 57.873 4.209
252 317 39 40 4 0 100 81.110 4.319
252 317 40 41 4 0 100 71.985 4.270
252 317 41 42 4 0 100 75.573 4.271
252 317 42 43 4 0 100 85.177 4.274
252 317 43 44 4 0 100 100.000 4.214
252 317 44 100 4 0 100 100.000 4.156
317 400 0 1 4 0 100 100.000 4.485
317 400 1 2 4 0 100 67.251 4.650
317 400 2 3 4 0 100 47.353 4.555
317 400 3 4 4 0 100 44.128 4.579
317 400 4 5 4 0 100 46.274 4.600
317 400 5 6 4 0 100 44.597 4.590
317 400 6 7 4 0 100 45.438 4.607
317 400 7 8 4 0 100 46.101 4.608
317 400 8 9 4 0 100 47.193 4.614
317 400 9 10 4 0 100 46.599 4.613
317 400 10 11 4 0 100 44.336 4.588
317 400 11 12 4 0 100 46.774 4.608
317 400 12 13 4 0 100 47.127 4.601
317 400 13 14 4 0 100 47.684 4.598
317 400 14 15 4 0 100 47.309 4.599
317 400 15 16 4 0 100 48.910 4.594
317 400 16 17 4 0 100 48.019 4.590
317 400 17 18 4 0 100 47.528 4.586
317 400 18 19 4 0 100 46.817 4.574
317 400 19 20 4 0 100 48.486 4.580
317 400 20 21 4 0 100 49.478 4.577
317 400 21 22 4 0 100 48.201 4.577
317 400 22 23 4 0 100 48.823 4.550
317 400 23 24 4 0 100 49.536 4.537
317 400 24 25 4 0 100 47.442 4.548
317 400 25 26 4 0 100 49.675 4.545
317 400 26 27 4 0 100 49.620 4.531
317 400 27 28 4 0 100 48.598 4.522
317 400 28 29 4 0 100 50.376 4.548
317 400 29 30 4 0 100 53.243 4.535
317 400 30 31 4 0 100 50.792 4.497
317 400 31 32 4 0 100 51.977 4.533
317 400 32 33 4 0 100 52.176 4.466
317 400 33 34 4 0 100 55.687 4.498
317 400 34 35 4 0 100 63.400 4.521
317 400 35 36 4 0 100 58.857 4.504
317 400 36 37 4 0 100 63.632 4.537
317 400 37 38 4 0 100 56.443 4.499
317 400 38 39 4 0 100 66.548 4.471
317 400 39 40 4 0 100 93.945 4.565
317 400 40 41 4 0 100 84.672 4.487
317 400 41 42 4 0 100 74.309 4.496
317 400 42 43 4 0 100 100.000 4.517
317 400 43 44 4 0 100 100.000 4.387
317 400 44 100 4 0 100 100.000 4.468
400 503 0 1 4 0 100 100.000 4.841
400 503 1 2 4 0 100 55.117 4.741
400 503 2 3 4 0 100 50.323 4.761
400 503 3 4 4 0 100 49.451 4.760
400 503 4 5 4 0 100 46.330 4.765
400 503 5 6 4 0 100 48.751 4.785
400 503 6 7 4 0 100 48.586 4.773
400 503 7 8 4 0 100 47.533 4.778
400 503 8 9 4 0 100 48.266 4.768
400 503 9 10 4 0 100 50.063 4.786
400 503 10 11 4 0 100 49.070 4.774
400 503 11 12 4 0 100 49.503 4.777
400 503 12 13 4 0 100 48.837 4.771
400 503 13 14 4 0 100 49.843 4.770
400 503 14 15 4 0 100 49.659 4.773
400 503 15 16 4 0 100 51.592 4.763
400 503 16 17 4 0 100 51.016 4.772
400 503 17 18 4 0 100 50.693 4.769
400 503 18 19 4 0 100 50.714 4.762
400 503 19 20 4 0 100 52.053 4.764
400 503 20 21 4 0 100 51.236 4.746
400 503 21 22 4 0 100 53.345 4.757
400 503 22 23 4 0 100 53.176 4.748
400 503 23 24 4 0 100 54.125 4.735
400 503 24 25 4 0 100 55.611 4.735
400 503 25 26 4 0 100 53.732 4.728
400 503 26 27 4 0 100 53.379 4.726
400 503 27 28 4 0 100 53.958 4.720
400 503 28 29 4 0 100 55.049 4.715
400 503 29 30 4 0 100 52.101 4.693
400 503 30 31 4 0 100 59.200 4.703
400 503 31 32 4 0 100 52.592 4.675
400 503 32 33 4 0 100 59.626 4.696
400 503 33 34 4 0 100 61.400 4.703
400 503 34 35 4 0 100 56.751 4.667
400 503 35 36 4 0 100 71.330 4.726
400 503 36 37 4 0 100 69.677 4.733
400 503 37 38 4 0 100 74.000 4.700
400 503 38 39 4 0 100 92.787 4.748
400 503 39 40 4 0 100 100.000 4.653
400 503 40 41 4 0 100 85.916 4.596
400 503 41 42 4 0 100 100.000 4.741
400 503 42 43 4 0 100 100.000 4.662
400 503 43 44 4 0 100 100.000 4.708
400 503 44 100 4 0 100 100.000 4.460
503 633 0 1 4 0 100 4.268 100.000
503 633 1 2 4 0 100 85.847 5.053
503 633 2 3 4 0 100 51.660 4.917
503 633 3 4 4 0 100 50.149 4.920
503 633 4 5 4 0 100 51.917 4.946
503 633 5 6 4 0 100 52.808 4.966
503 633 6 7 4 0 100 52.289 4.952
503 633 7 8 4 0 100 51.877 4.952
503 633 8 9 4 0 100 52.296 4.948
503 633 9 10 4 0 100 52.486 4.959
503 633 10 11 4 0 100 53.124 4.957
503 633 11 12 4 0 100 52.301 4.960
503 633 12 13 4 0 100 54.008 4.956
503 633 13 14 4 0 100 52.823 4.967
503 633 14 15 4 0 100 54.084 4.948
503 633 15 16 4 0 100 55.020 4.948
503 633 16 17 4 0 100 51.403 4.942
503 633 17 18 4 0 100 54.057 4.939
503 633 18 19 4 0 100 54.599 4.931
503 633 19 20 4 0 100 56.158 4.933
503 633 20 21 4 0 100 56.863 4.942
503 633 21 22 4 0 100 56.643 4.926
503 633 22 23 4 0 100 57.730 4.919
503 633 23 24 4 0 100 56.417 4.927
503 633 24 25 4 0 100 54.125 4.899
503 633 25 26 4 0 100 54.102 4.917
503 633 26 27 4 0 100 56.672 4.890
503 633 27 28 4 0 100 56.175 4.905
503 633 28 29 4 0 100 64.382 4.908
503 633 29 30 4 0 100 60.927 4.902
503 633 30 31 4 0 100 58.558 4.873
503 633 31 32 4 0 100 60.541 4.885
503 633 32 33 4 0 100 66.889 4.902
503 633 33 34 4 0 100 69.170 4.921
503 633 34 35 4 0 100 70.308 4.890
503 633 35 36 4 0 100 63.557 4.887
503 633 36 37 4 0 100 80.635 4.840
503 633 37 38 4 0 100 88.346 4.904
503 633 38 39 4 0 100 98.355 4.807
503 633 39 40 4 0 100 80.988 4.786
503 633 40 41 4 0 100 100.000 4.552
503 633 41 42 4 0 100 100.000 5.056
503 633 42 43 4 0 100 100.000 4.747
503 633 43 44 4 0 100 100.000 4.764
503 633 44 100 4 0 100 100.000 4.993
633 797 0 1 4 0 100 4.412 99.998
633 797 1 2 4 0 100 100.000 5.218
633 797 2 3 4 0 100 61.582 5.132
633 797 3 4 4 0 100 58.823 5.137
633 797 4 5 4 0 100 56.705 5.130
633 797 5 6 4 0 100 54.301 5.128
633 797 6 7 4 0 100 54.394 5.115
633 797 7 8 4 0 100 56.112 5.124
633 797 8 9 4 0 100 55.009 5.128
633 797 9 10 4 0 100 56.422 5.136
633 797 10 11 4 0 100 56.667 5.138
633 797 11 12 4 0 100 57.532 5.148
633 797 12 13 4 0 100 56.566 5.131
633 797 13 14 4 0 100 55.412 5.119
633 797 14 15 4 0 100 56.982 5.133
633 797 15 16 4 0 100 61.291 5.147
633 797 16 17 4 0 100 59.247 5.115
633 797 17 18 4 0 100 57.321 5.131
633 797 18 19 4 0 100 59.255 5.122
633 797 19 20 4 0 100 62.084 5.134
633 797 20 21 4 0 100 59.255 5.108
633 797 21 22 4 0 100 58.423 5.109
633 797 22 23 4 0 100 61.157 5.121
633 797 23 24 4 0 100 61.846 5.108
633 797 24 25 4 0 100 60.538 5.106
633 797 25 26 4 0 100 62.144 5.118
633 797 26 27 4 0 100 63.760 5.107
633 797 27 28 4 0 100 68.749 5.097
633 797 28 29 4 0 100 62.560 5.070
633 797 29 30 4 0 100 68.299 5.076
633 797 30 31 4 0 100 67.566 5.098
633 797 31 32 4 0 100 64.274 5.070
633 797 32 33 4 0 100 69.730 5.050
633 797 33 34 4 0 100 69.882 5.017
633 797 34 35 4 0 100 92.068 5.090
633 797 35 36 4 0 100 91.464 5.045
633 797 36 37 4 0 100 100.000 5.143
633 797 37 38 4 0 100 95.043 5.083
633 797 38 39 4 0 100 100.000 5.346
633 797 39 40 4 0 100 100.000 5.269
633 797 40 41 4 0 100 57.399 20.622
633 797 41 42 4 0 100 100.000 5.195
633 797 42 43 4 0 100 100.000 5.201
633 797 43 44 4 0 100 17.498 59.322
633 797 44 100 4 0 100 3.349 100.000
797 1003 0 1 4 0 100 17.307 40.978
797 1003 1 2 4 0 100 100.000 5.665
797 1003 2 3 4 0 100 70.768 5.257
797 1003 3 4 4 0 100 59.591 5.278
797 1003 4 5 4 0 100 62.855 5.320
797 1003 5 6 4 0 100 58.762 5.290
797 1003 6 7 4 0 100 61.099 5.295
797 1003 7 8 4 0 100 59.322 5.316
797 1003 8 9 4 0 100 58.856 5.316
797 1003 9 10 4 0 100 58.377 5.297
797 1003 10 11 4 0 100 60.320 5.322
797 1003 11 12 4 0 100 60.172 5.311
797 1003 12 13 4 0 100 62.966 5.319
797 1003 13 14 4 0 100 62.507 5.328
797 1003 14 15 4 0 100 62.045 5.328
797 1003 15 16 4 0 100 62.266 5.320
797 1003 16 17 4 0 100 65.348 5.323
797 1003 17 18 4 0 100 61.670 5.309
797 1003 18 19 4 0 100 63.063 5.300
797 1003 19 20 4 0 100 62.906 5.318
797 1003 20 21 4 0 100 65.242 5.295
797 1003 21 22 4 0 100 69.181 5.314
797 1003 22 23 4 0 100 66.351 5.300
797 1003 23 24 4 0 100 68.677 5.282
797 1003 24 25 4 0 100 64.040 5.276
797 1003 25 26 4 0 100 66.075 5.275
797 1003 26 27 4 0 100 68.796 5.311
797 1003 27 28 4 0 100 68.804 5.253
797 1003 28 29 4 0 100 74.134 5.264
797 1003 29 30 4 0 100 79.944 5.268
797 1003 30 31 4 0 100 87.027 5.334
797 1003 31 32 4 0 100 75.545 5.259
797 1003 32 33 4 0 100 84.656 5.239
797 1003 33 34 4 0 100 100.000 5.211
797 1003 34 35 4 0 100 100.000 5.302
797 1003 35 36 4 0 100 91.717 5.182
797 1003 36 37 4 0 100 94.971 5.115
797 1003 37 38 4 0 100 100.000 5.148
797 1003 38 39 4 0 100 100.000 5.351
797 1003 39 40 4 0 100 100.000 5.302
797 1003 40 41 4 0 100 100.000 5.458
797 1003 41 42 4 0 100 61.888 5.016
797 1003 42 43 4 0 100 100.000 5.424
797 1003 43 44 4 0 100 100.000 5.260
797 1003 44 100 4 0 100 3.742 100.000
1003 1262 1 2 4 0 100 100.000 5.656
1003 1262 2 3 4 0 100 86.999 5.442
1003 1262 3 4 4 0 100 75.868 5.512
1003 1262 4 5 4 0 100 64.991 5.476
1003 1262 5 6 4 0 100 66.932 5.518
1003 1262 6 7 4 0 100 63.266 5.472
1003 1262 7 8 4 0 100 64.342 5.461
1003 1262 8 9 4 0 100 67.154 5.518
1003 1262 9 10 4 0 100 66.049 5.500
1003 1262 10 11 4 0 100 60.900 5.504
1003 1262 11 12 4 0 100 69.136 5.517
1003 1262 12 13 4 0 100 66.050 5.516
1003 1262 13 14 4 0 100 69.309 5.511
1003 1262 14 15 4 0 100 65.870 5.501
1003 1262 15 16 4 0 100 64.411 5.518
1003 1262 16 17 4 0 100 71.842 5.530
1003 1262 17 18 4 0 100 66.443 5.499
1003 1262 18 19 4 0 100 69.254 5.506
1003 1262 19 20 4 0 100 69.956 5.502
1003 1262 20 21 4 0 100 70.183 5.500
1003 1262 21 22 4 0 100 68.308 5.496
1003 1262 22 23 4 0 100 74.443 5.489
1003 1262 23 24 4 0 100 63.642 5.491
1003 1262 24 25 4 0 100 79.262 5.487
1003 1262 25 26 4 0 100 75.883 5.472
1003 1262 26 27 4 0 100 83.930 5.504
1003 1262 27 28 4 0 100 71.053 5.447
1003 1262 28 29 4 0 100 87.083 5.440
1003 1262 29 30 4 0 100 90.777 5.347
1003 1262 30 31 4 0 100 100.000 5.487
1003 1262 31 32 4 0 100 100.000 5.377
1003 1262 32 33 4 0 100 100.000 5.532
1003 1262 33 34 4 0 100 100.000 5.289
1003 1262 34 35 4 0 100 100.000 5.302
1003 1262 35 36 4 0 100 100.000 5.671
1003 1262 36 37 4 0 100 100.000 5.397
1003 1262 37 38 4 0 100 100.000 5.498
1003 1262 38 39 4 0 100 23.854 21.565
1003 1262 39 40 4 0 100 100.000 5.426
1003 1262 40 41 4 0 100 3.618 100.000
1003 1262 41 42 4 0 100 4.330 100.000
1003 1262 42 43 4 0 100 13.954 34.496
1003 1262 43 44 4 0 100 4.587 100.000
1003 1262 44 100 4 0 100 4.744 99.999
1262 1589 1 2 4 0 100 22.604 22.886
1262 1589 2 3 4 0 100 100.000 5.693
1262 1589 3 4 4 0 100 100.000 5.585
1262 1589 4 5 4 0 100 100.000 5.651
1262 1589 5 6 4 0 100 69.934 5.708
1262 1589 6 7 4 0 100 65.491 5.654
1262 1589 7 8 4 0 100 65.731 5.680
1262 1589 8 9 4 0 100 76.860 5.697
1262 1589 9 10 4 0 100 72.534 5.695
1262 1589 10 11 4 0 100 77.724 5.693
1262 1589 11 12 4 0 100 73.620 5.700
1262 1589 12 13 4 0 100 75.217 5.717
1262 1589 13 14 4 0 100 72.164 5.705
1262 1589 14 15 4 0 100 76.057 5.701
1262 1589 15 16 4 0 100 69.262 5.686
1262 1589 16 17 4 0 100 72.869 5.691
1262 1589 17 18 4 0 100 76.066 5.684
1262 1589 18 19 4 0 100 79.782 5.665
1262 1589 19 20 4 0 100 72.801 5.631
1262 1589 20 21 4 0 100 89.844 5.744
1262 1589 21 22 4 0 100 86.723 5.711
1262 1589 22 23 4 0 100 75.490 5.630
1262 1589 23 24 4 0 100 95.980 5.712
1262 1589 24 25 4 0 100 88.879 5.671
1262 1589 25 26 4 0 100 100.000 5.737
1262 1589 26 27 4 0 100 100.000 5.633
1262 1589 27 28 4 0 100 100.000 5.789
1262 1589 28 29 4 0 100 100.000 5.546
1262 1589 29 30 4 0 100 100.000 5.570
1262 1589 30 31 4 0 100 100.000 5.744
1262 1589 31 32 4 0 100 100.000 5.565
1262 1589 32 33 4 0 100 2.604 100.000
1262 1589 33 34 4 0 100 2.800 100.000
1262 1589 34 35 4 0 100 100.000 5.760
1262 1589 35 36 4 0 100 100.000 5.830
1262 1589 36 37 4 0 100 3.579 100.000
1262 1589 37 38 4 0 100 3.193 99.996
1262 1589 38 39 4 0 100 15.867 71.410
1262 1589 39 40 4 0 100 4.274 100.000
1262 1589 40 41 4 0 100 5.114 99.994
1262 1589 41 42 4 0 100 4.453 100.000
1262 1589 43 100 4 0 100 6.471 100.000
1589 2000 1 2 4 0 100 4.676 100.000
1589 2000 3 4 4 0 100 100.000 5.795
1589 2000 4 5 4 0 100 91.513 28.597
1589 2000 5 6 4 0 100 100.000 5.946
1589 2000 6 7 4 0 100 100.000 5.757
1589 2000 7 8 4 0 100 93.675 5.879
1589 2000 8 9 4 0 100 100.000 5.875
1589 2000 9 10 4 0 100 100.000 5.827
1589 2000 10 11 4 0 100 96.648 5.936
1589 2000 11 12 4 0 100 96.243 5.899
1589 2000 12 13 4 0 100 95.682 5.873
1589 2000 13 14 4 0 100 82.620 5.767
1589 2000 14 15 4 0 100 100.000 5.863
1589 2000 15 16 4 0 100 91.276 5.749
1589 2000 16 17 4 0 100 100.000 5.835
1589 2000 17 18 4 0 100 100.000 5.816
1589 2000 18 19 4 0 100 100.000 5.900
1589 2000 19 20 4 0 100 89.722 5.825
1589 2000 20 21 4 0 100 100.000 5.743
1589 2000 21 22 4 0 100 100.000 5.774
1589 2000 22 23 4 0 100 100.000 5.984
1589 2000 23 24 4 0 100 100.000 5.916
1589 2000 24 25 4 0 100 100.000 5.908
1589 2000 25 26 4 0 100 100.000 5.543
1589 2000 26 27 4 0 100 2.385 85.955
1589 2000 27 28 4 0 100 100.000 5.785
1589 2000 28 29 4 0 100 31.891 28.609
1589 2000 29 30 4 0 100 78.933 5.901
1589 2000 30 31 4 0 100 4.454 100.000
1589 2000 31 32 4 0 100 17.662 24.022
1589 2000 32 33 4 0 100 3.681 100.000
1589 2000 34 35 4 0 100 4.281 100.000
1589 2000 35 36 4 0 100 5.157 99.997
1589 2000 37 38 4 0 100 5.450 100.000
1589 2000 38 100 4 0 100 7.114 80.763
2000 4000 2 3 4 0 100 5.262 99.994
2000 4000 4 5 4 0 100 4.162 100.000
2000 4000 5 6 4 0 100 4.017 100.000
2000 4000 6 7 4 0 100 3.258 100.000
2000 4000 7 8 4 0 100 2.844 100.000
2000 4000 8 9 4 0 100 2.785 91.817
2000 4000 9 10 4 0 100 2.578 90.497
2000 4000 11 12 4 0 100 2.958 94.688
2000 4000 12 13 4 0 100 100.000 6.149
2000 4000 13 14 4 0 100 3.552 72.056
2000 4000 14 15 4 0 100 2.795 100.000
2000 4000 15 16 4 0 100 3.172 68.080
2000 4000 16 17 4 0 100 3.038 100.000
2000 4000 17 18 4 0 100 2.749 100.000
2000 4000 18 19 4 0 100 2.749 99.996
2000 4000 19 20 4 0 100 3.005 100.000
2000 4000 20 21 4 0 100 3.658 100.000
2000 4000 21 22 4 0 100 3.648 100.000
2000 4000 22 23 4 0 100 3.137 100.000
2000 4000 24 25 4 0 100 4.097 100.000
2000 4000 26 27 4 0 100 5.255 100.000
2000 4000 27 28 4 0 100 44.126 16.739
2000 4000 28 29 4 0 100 7.772 79.732
2000 4000 29 30 4 0 100 4.783 100.000
2000 4000 37 100 4 0 100 10.358 52.582
[gluon]
{2 JetPt Rho 1 x TMath::Exp(-1.*x*[0]/[1])*TMath::Power(x,[0]-1)*TMath::Power([1]/[0],-1.*[0])/TMath::Gamma([0]) Correction QGL_axis2_QC_gluon}
20 26 0 1 4 0 100 100.000 2.579
20 26 1 2 4 0 100 45.001 2.646
20 26 2 3 4 0 100 36.520 2.629
20 26 3 4 4 0 100 35.978 2.605
20 26 4 5 4 0 100 34.688 2.601
20 26 5 6 4 0 100 35.415 2.590
20 26 6 7 4 0 100 36.431 2.576
20 26 7 8 4 0 100 35.663 2.574
20 26 8 9 4 0 100 36.275 2.572
20 26 9 10 4 0 100 37.049 2.562
20 26 10 11 4 0 100 37.501 2.557
20 26 11 12 4 0 100 36.679 2.562
20 26 12 13 4 0 100 37.442 2.558
20 26 13 14 4 0 100 38.094 2.557
20 26 14 15 4 0 100 38.432 2.559
20 26 15 16 4 0 100 38.788 2.561
20 26 16 17 4 0 100 40.134 2.557
20 26 17 18 4 0 100 39.428 2.562
20 26 18 19 4 0 100 40.786 2.557
20 26 19 20 4 0 100 39.045 2.562
20 26 20 21 4 0 100 40.723 2.557
20 26 21 22 4 0 100 40.687 2.556
20 26 22 23 4 0 100 40.540 2.563
20 26 23 24 4 0 100 42.215 2.571
20 26 24 25 4 0 100 41.968 2.555
20 26 25 26 4 0 100 42.824 2.568
20 26 26 27 4 0 100 41.486 2.572
20 26 27 28 4 0 100 42.527 2.564
20 26 28 29 4 0 100 41.689 2.574
20 26 29 30 4 0 100 43.244 2.576
20 26 30 31 4 0 100 45.266 2.571
20 26 31 32 4 0 100 44.843 2.569
20 26 32 33 4 0 100 45.064 2.562
20 26 33 34 4 0 100 42.969 2.564
20 26 34 35 4 0 100 45.734 2.576
20 26 35 36 4 0 100 49.375 2.573
20 26 36 37 4 0 100 52.016 2.509
20 26 37 38 4 0 100 48.006 2.564
20 26 38 39 4 0 100 51.470 2.588
20 26 39 40 4 0 100 73.078 2.483
20 26 40 41 4 0 100 100.000 2.539
20 26 41 42 4 0 100 58.707 2.621
20 26 42 43 4 0 100 96.017 2.570
20 26 43 44 4 0 100 96.653 2.481
20 26 44 100 4 0 100 100.000 2.532
26 32 0 1 4 0 100 100.000 2.473
26 32 1 2 4 0 100 40.576 2.738
26 32 2 3 4 0 100 38.453 2.674
26 32 3 4 4 0 100 35.352 2.681
26 32 4 5 4 0 100 36.667 2.667
26 32 5 6 4 0 100 37.837 2.644
26 32 6 7 4 0 100 37.454 2.651
26 32 7 8 4 0 100 37.146 2.640
26 32 8 9 4 0 100 37.975 2.640
26 32 9 10 4 0 100 38.019 2.625
26 32 10 11 4 0 100 39.249 2.631
26 32 11 12 4 0 100 38.998 2.638
26 32 12 13 4 0 100 40.254 2.625
26 32 13 14 4 0 100 39.359 2.627
26 32 14 15 4 0 100 39.980 2.627
26 32 15 16 4 0 100 41.020 2.630
26 32 16 17 4 0 100 41.009 2.627
26 32 17 18 4 0 100 40.460 2.624
26 32 18 19 4 0 100 40.794 2.626
26 32 19 20 4 0 100 42.285 2.623
26 32 20 21 4 0 100 42.276 2.630
26 32 21 22 4 0 100 41.481 2.621
26 32 22 23 4 0 100 41.535 2.631
26 32 23 24 4 0 100 42.325 2.623
26 32 24 25 4 0 100 42.079 2.616
26 32 25 26 4 0 100 43.738 2.621
26 32 26 27 4 0 100 46.366 2.636
26 32 27 28 4 0 100 43.287 2.638
26 32 28 29 4 0 100 43.306 2.639
26 32 29 30 4 0 100 45.539 2.617
26 32 30 31 4 0 100 41.781 2.646
26 32 31 32 4 0 100 46.105 2.635
26 32 32 33 4 0 100 50.463 2.648
26 32 33 34 4 0 100 43.962 2.619
26 32 34 35 4 0 100 43.802 2.652
26 32 35 36 4 0 100 48.115 2.636
26 32 36 37 4 0 100 49.644 2.619
26 32 37 38 4 0 100 53.555 2.629
26 32 38 39 4 0 100 59.214 2.598
26 32 39 40 4 0 100 61.128 2.633
26 32 40 41 4 0 100 71.826 2.615
26 32 41 42 4 0 100 65.992 2.589
26 32 42 43 4 0 100 75.279 2.576
26 32 43 44 4 0 100 95.476 2.648
26 32 44 100 4 0 100 88.429 2.736
32 40 0 1 4 0 100 100.000 2.775
32 40 1 2 4 0 100 47.753 2.710
32 40 2 3 4 0 100 38.200 2.742
32 40 3 4 4 0 100 38.636 2.736
32 40 4 5 4 0 100 38.475 2.731
32 40 5 6 4 0 100 39.448 2.716
32 40 6 7 4 0 100 40.973 2.716
32 40 7 8 4 0 100 39.485 2.716
32 40 8 9 4 0 100 39.962 2.706
32 40 9 10 4 0 100 40.676 2.706
32 40 10 11 4 0 100 40.386 2.704
32 40 11 12 4 0 100 40.842 2.710
32 40 12 13 4 0 100 40.420 2.704
32 40 13 14 4 0 100 40.648 2.703
32 40 14 15 4 0 100 41.709 2.702
32 40 15 16 4 0 100 41.764 2.696
32 40 16 17 4 0 100 42.645 2.701
32 40 17 18 4 0 100 41.185 2.700
32 40 18 19 4 0 100 41.950 2.702
32 40 19 20 4 0 100 42.639 2.702
32 40 20 21 4 0 100 44.149 2.699
32 40 21 22 4 0 100 42.514 2.701
32 40 22 23 4 0 100 43.030 2.698
32 40 23 24 4 0 100 41.799 2.706
32 40 24 25 4 0 100 42.786 2.700
32 40 25 26 4 0 100 42.069 2.696
32 40 26 27 4 0 100 44.699 2.707
32 40 27 28 4 0 100 44.664 2.709
32 40 28 29 4 0 100 45.585 2.689
32 40 29 30 4 0 100 42.932 2.696
32 40 30 31 4 0 100 45.079 2.708
32 40 31 32 4 0 100 49.170 2.714
32 40 32 33 4 0 100 42.807 2.709
32 40 33 34 4 0 100 43.554 2.722
32 40 34 35 4 0 100 42.852 2.729
32 40 35 36 4 0 100 47.083 2.703
32 40 36 37 4 0 100 49.673 2.726
32 40 37 38 4 0 100 48.572 2.709
32 40 38 39 4 0 100 51.811 2.732
32 40 39 40 4 0 100 67.086 2.715
32 40 40 41 4 0 100 55.643 2.725
32 40 41 42 4 0 100 77.056 2.730
32 40 42 43 4 0 100 93.907 2.710
32 40 43 44 4 0 100 100.000 2.725
32 40 44 100 4 0 100 100.000 2.787
40 51 0 1 4 0 100 100.000 2.821
40 51 1 2 4 0 100 60.823 2.850
40 51 2 3 4 0 100 42.259 2.842
40 51 3 4 4 0 100 42.003 2.820
40 51 4 5 4 0 100 41.858 2.818
40 51 5 6 4 0 100 40.655 2.809
40 51 6 7 4 0 100 41.542 2.806
40 51 7 8 4 0 100 41.597 2.802
40 51 8 9 4 0 100 41.057 2.801
40 51 9 10 4 0 100 41.845 2.793
40 51 10 11 4 0 100 41.658 2.794
40 51 11 12 4 0 100 41.172 2.792
40 51 12 13 4 0 100 42.526 2.790
40 51 13 14 4 0 100 42.421 2.799
40 51 14 15 4 0 100 42.307 2.796
40 51 15 16 4 0 100 42.414 2.792
40 51 16 17 4 0 100 42.615 2.790
40 51 17 18 4 0 100 43.775 2.787
40 51 18 19 4 0 100 43.502 2.792
40 51 19 20 4 0 100 42.198 2.787
40 51 20 21 4 0 100 43.983 2.785
40 51 21 22 4 0 100 44.099 2.786
40 51 22 23 4 0 100 44.012 2.785
40 51 23 24 4 0 100 43.412 2.795
40 51 24 25 4 0 100 43.299 2.790
40 51 25 26 4 0 100 44.097 2.789
40 51 26 27 4 0 100 46.093 2.784
40 51 27 28 4 0 100 45.149 2.792
40 51 28 29 4 0 100 44.232 2.785
40 51 29 30 4 0 100 42.756 2.798
40 51 30 31 4 0 100 45.824 2.792
40 51 31 32 4 0 100 48.914 2.775
40 51 32 33 4 0 100 44.984 2.777
40 51 33 34 4 0 100 47.394 2.783
40 51 34 35 4 0 100 43.616 2.798
40 51 35 36 4 0 100 48.841 2.767
40 51 36 37 4 0 100 45.632 2.788
40 51 37 38 4 0 100 48.917 2.788
40 51 38 39 4 0 100 50.082 2.774
40 51 39 40 4 0 100 51.153 2.784
40 51 40 41 4 0 100 45.031 2.787
40 51 41 42 4 0 100 82.577 2.831
40 51 42 43 4 0 100 63.199 2.813
40 51 43 44 4 0 100 78.789 2.795
40 51 44 100 4 0 100 93.422 2.810
51 64 0 1 4 0 100 100.000 2.833
51 64 1 2 4 0 100 50.752 2.910
51 64 2 3 4 0 100 40.697 2.929
51 64 3 4 4 0 100 42.901 2.918
51 64 4 5 4 0 100 41.885 2.918
51 64 5 6 4 0 100 40.731 2.912
51 64 6 7 4 0 100 42.692 2.906
51 64 7 8 4 0 100 41.740 2.908
51 64 8 9 4 0 100 43.341 2.904
51 64 9 10 4 0 100 42.690 2.903
51 64 10 11 4 0 100 43.326 2.904
51 64 11 12 4 0 100 43.252 2.894
51 64 12 13 4 0 100 43.524 2.900
51 64 13 14 4 0 100 42.373 2.898
51 64 14 15 4 0 100 43.253 2.891
51 64 15 16 4 0 100 43.820 2.892
51 64 16 17 4 0 100 43.529 2.894
51 64 17 18 4 0 100 44.023 2.897
51 64 18 19 4 0 100 44.317 2.894
51 64 19 20 4 0 100 43.844 2.888
51 64 20 21 4 0 100 44.381 2.887
51 64 21 22 4 0 100 44.191 2.890
51 64 22 23 4 0 100 43.336 2.892
51 64 23 24 4 0 100 44.025 2.885
51 64 24 25 4 0 100 43.580 2.900
51 64 25 26 4 0 100 46.078 2.894
51 64 26 27 4 0 100 44.919 2.889
51 64 27 28 4 0 100 44.248 2.887
51 64 28 29 4 0 100 44.923 2.883
51 64 29 30 4 0 100 46.612 2.883
51 64 30 31 4 0 100 47.316 2.899
51 64 31 32 4 0 100 45.403 2.882
51 64 32 33 4 0 100 43.919 2.890
51 64 33 34 4 0 100 43.796 2.884
51 64 34 35 4 0 100 44.385 2.857
51 64 35 36 4 0 100 45.101 2.875
51 64 36 37 4 0 100 45.383 2.906
51 64 37 38 4 0 100 44.233 2.877
51 64 38 39 4 0 100 55.666 2.914
51 64 39 40 4 0 100 48.935 2.878
51 64 40 41 4 0 100 52.156 2.879
51 64 41 42 4 0 100 62.529 2.839
51 64 42 43 4 0 100 83.715 2.856
51 64 43 44 4 0 100 82.239 2.890
51 64 44 100 4 0 100 100.000 2.688
64 80 0 1 4 0 100 100.000 2.603
64 80 1 2 4 0 100 45.159 3.058
64 80 2 3 4 0 100 42.565 3.023
64 80 3 4 4 0 100 44.278 3.029
64 80 4 5 4 0 100 42.183 3.024
64 80 5 6 4 0 100 43.020 3.017
64 80 6 7 4 0 100 42.931 3.019
64 80 7 8 4 0 100 44.073 3.009
64 80 8 9 4 0 100 43.027 3.007
64 80 9 10 4 0 100 43.098 3.008
64 80 10 11 4 0 100 43.762 2.998
64 80 11 12 4 0 100 43.658 3.000
64 80 12 13 4 0 100 42.921 2.999
64 80 13 14 4 0 100 43.282 3.002
64 80 14 15 4 0 100 43.631 2.998
64 80 15 16 4 0 100 43.811 2.996
64 80 16 17 4 0 100 43.959 2.996
64 80 17 18 4 0 100 44.090 2.995
64 80 18 19 4 0 100 44.375 2.995
64 80 19 20 4 0 100 44.503 2.998
64 80 20 21 4 0 100 43.609 2.992
64 80 21 22 4 0 100 45.160 2.999
64 80 22 23 4 0 100 44.403 2.991
64 80 23 24 4 0 100 44.533 2.990
64 80 24 25 4 0 100 45.720 2.993
64 80 25 26 4 0 100 45.539 2.990
64 80 26 27 4 0 100 44.857 2.995
64 80 27 28 4 0 100 44.691 3.005
64 80 28 29 4 0 100 45.253 2.985
64 80 29 30 4 0 100 46.008 2.989
64 80 30 31 4 0 100 44.121 2.989
64 80 31 32 4 0 100 45.469 2.969
64 80 32 33 4 0 100 46.637 2.989
64 80 33 34 4 0 100 45.393 2.978
64 80 34 35 4 0 100 45.597 3.005
64 80 35 36 4 0 100 48.194 2.982
64 80 36 37 4 0 100 47.759 2.953
64 80 37 38 4 0 100 50.558 2.964
64 80 38 39 4 0 100 46.481 2.966
64 80 39 40 4 0 100 57.937 2.941
64 80 40 41 4 0 100 52.340 2.959
64 80 41 42 4 0 100 53.889 2.986
64 80 42 43 4 0 100 55.804 2.940
64 80 43 44 4 0 100 77.424 2.946
64 80 44 100 4 0 100 94.350 2.930
80 101 0 1 4 0 100 100.000 3.201
80 101 1 2 4 0 100 45.001 3.105
80 101 2 3 4 0 100 41.484 3.142
80 101 3 4 4 0 100 41.862 3.137
80 101 4 5 4 0 100 43.519 3.131
80 101 5 6 4 0 100 43.471 3.130
80 101 6 7 4 0 100 43.395 3.136
80 101 7 8 4 0 100 43.959 3.123
80 101 8 9 4 0 100 43.493 3.119
80 101 9 10 4 0 100 43.993 3.118
80 101 10 11 4 0 100 44.438 3.115
80 101 11 12 4 0 100 44.042 3.117
80 101 12 13 4 0 100 43.897 3.114
80 101 13 14 4 0 100 43.890 3.114
80 101 14 15 4 0 100 43.616 3.111
80 101 15 16 4 0 100 43.992 3.114
80 101 16 17 4 0 100 44.377 3.112
80 101 17 18 4 0 100 45.215 3.109
80 101 18 19 4 0 100 44.509 3.107
80 101 19 20 4 0 100 44.015 3.107
80 101 20 21 4 0 100 44.006 3.107
80 101 21 22 4 0 100 44.320 3.100
80 101 22 23 4 0 100 44.832 3.107
80 101 23 24 4 0 100 43.850 3.100
80 101 24 25 4 0 100 44.100 3.104
80 101 25 26 4 0 100 44.314 3.101
80 101 26 27 4 0 100 45.510 3.107
80 101 27 28 4 0 100 44.029 3.094
80 101 28 29 4 0 100 44.976 3.099
80 101 29 30 4 0 100 43.120 3.106
80 101 30 31 4 0 100 45.225 3.099
80 101 31 32 4 0 100 44.458 3.093
80 101 32 33 4 0 100 45.508 3.086
80 101 33 34 4 0 100 44.670 3.088
80 101 34 35 4 0 100 42.742 3.083
80 101 35 36 4 0 100 48.475 3.075
80 101 36 37 4 0 100 45.353 3.093
80 101 37 38 4 0 100 42.754 3.075
80 101 38 39 4 0 100 44.258 3.085
80 101 39 40 4 0 100 49.812 3.111
80 101 40 41 4 0 100 56.789 3.082
80 101 41 42 4 0 100 58.768 3.071
80 101 42 43 4 0 100 57.829 3.061
80 101 43 44 4 0 100 64.734 2.998
80 101 44 100 4 0 100 80.808 2.950
101 127 0 1 4 0 100 100.000 3.011
101 127 1 2 4 0 100 41.025 3.300
101 127 2 3 4 0 100 43.501 3.265
101 127 3 4 4 0 100 43.724 3.259
101 127 4 5 4 0 100 43.258 3.260
101 127 5 6 4 0 100 43.268 3.254
101 127 6 7 4 0 100 44.180 3.247
101 127 7 8 4 0 100 43.927 3.251
101 127 8 9 4 0 100 43.095 3.246
101 127 9 10 4 0 100 43.004 3.241
101 127 10 11 4 0 100 43.693 3.237
101 127 11 12 4 0 100 43.267 3.241
101 127 12 13 4 0 100 43.201 3.236
101 127 13 14 4 0 100 43.606 3.235
101 127 14 15 4 0 100 43.705 3.239
101 127 15 16 4 0 100 43.915 3.234
101 127 16 17 4 0 100 44.203 3.232
101 127 17 18 4 0 100 43.640 3.232
101 127 18 19 4 0 100 43.770 3.236
101 127 19 20 4 0 100 44.014 3.237
101 127 20 21 4 0 100 43.224 3.223
101 127 21 22 4 0 100 43.848 3.232
101 127 22 23 4 0 100 42.446 3.228
101 127 23 24 4 0 100 43.698 3.237
101 127 24 25 4 0 100 43.995 3.223
101 127 25 26 4 0 100 44.522 3.221
101 127 26 27 4 0 100 43.299 3.218
101 127 27 28 4 0 100 43.985 3.214
101 127 28 29 4 0 100 43.949 3.207
101 127 29 30 4 0 100 43.540 3.211
101 127 30 31 4 0 100 44.134 3.216
101 127 31 32 4 0 100 45.051 3.222
101 127 32 33 4 0 100 45.149 3.223
101 127 33 34 4 0 100 42.546 3.202
101 127 34 35 4 0 100 45.057 3.206
101 127 35 36 4 0 100 44.767 3.204
101 127 36 37 4 0 100 45.003 3.195
101 127 37 38 4 0 100 49.225 3.224
101 127 38 39 4 0 100 55.720 3.177
101 127 39 40 4 0 100 54.130 3.200
101 127 40 41 4 0 100 54.104 3.200
101 127 41 42 4 0 100 57.372 3.184
101 127 42 43 4 0 100 76.321 3.134
101 127 43 44 4 0 100 89.435 3.214
101 127 44 100 4 0 100 74.284 3.176
127 159 0 1 4 0 100 6.006 76.041
127 159 1 2 4 0 100 49.660 3.357
127 159 2 3 4 0 100 45.145 3.380
127 159 3 4 4 0 100 42.507 3.371
127 159 4 5 4 0 100 41.940 3.377
127 159 5 6 4 0 100 41.858 3.375
127 159 6 7 4 0 100 41.483 3.375
127 159 7 8 4 0 100 42.751 3.371
127 159 8 9 4 0 100 42.478 3.379
127 159 9 10 4 0 100 43.142 3.380
127 159 10 11 4 0 100 43.242 3.368
127 159 11 12 4 0 100 42.587 3.374
127 159 12 13 4 0 100 42.205 3.369
127 159 13 14 4 0 100 42.608 3.371
127 159 14 15 4 0 100 42.342 3.366
127 159 15 16 4 0 100 43.468 3.366
127 159 16 17 4 0 100 43.454 3.362
127 159 17 18 4 0 100 43.515 3.366
127 159 18 19 4 0 100 43.367 3.356
127 159 19 20 4 0 100 42.964 3.361
127 159 20 21 4 0 100 43.653 3.359
127 159 21 22 4 0 100 42.431 3.358
127 159 22 23 4 0 100 43.768 3.354
127 159 23 24 4 0 100 43.594 3.348
127 159 24 25 4 0 100 42.636 3.358
127 159 25 26 4 0 100 44.214 3.354
127 159 26 27 4 0 100 42.656 3.353
127 159 27 28 4 0 100 43.235 3.354
127 159 28 29 4 0 100 43.995 3.356
127 159 29 30 4 0 100 42.319 3.344
127 159 30 31 4 0 100 43.568 3.326
127 159 31 32 4 0 100 42.426 3.335
127 159 32 33 4 0 100 47.446 3.341
127 159 33 34 4 0 100 44.682 3.354
127 159 34 35 4 0 100 45.958 3.325
127 159 35 36 4 0 100 46.576 3.318
127 159 36 37 4 0 100 47.868 3.367
127 159 37 38 4 0 100 45.818 3.318
127 159 38 39 4 0 100 46.491 3.293
127 159 39 40 4 0 100 46.928 3.323
127 159 40 41 4 0 100 46.223 3.351
127 159 41 42 4 0 100 71.151 3.284
127 159 42 43 4 0 100 65.740 3.304
127 159 43 44 4 0 100 91.599 3.179
127 159 44 100 4 0 100 100.000 3.327
159 201 0 1 4 0 100 100.000 3.166
159 201 1 2 4 0 100 53.053 3.522
159 201 2 3 4 0 100 41.864 3.536
159 201 3 4 4 0 100 40.587 3.524
159 201 4 5 4 0 100 41.011 3.534
159 201 5 6 4 0 100 41.050 3.522
159 201 6 7 4 0 100 39.760 3.519
159 201 7 8 4 0 100 41.808 3.516
159 201 8 9 4 0 100 40.682 3.515
159 201 9 10 4 0 100 41.821 3.517
159 201 10 11 4 0 100 41.288 3.515
159 201 11 12 4 0 100 41.750 3.519
159 201 12 13 4 0 100 41.419 3.518
159 201 13 14 4 0 100 41.683 3.513
159 201 14 15 4 0 100 41.283 3.509
159 201 15 16 4 0 100 41.326 3.513
159 201 16 17 4 0 100 42.205 3.513
159 201 17 18 4 0 100 41.552 3.510
159 201 18 19 4 0 100 41.422 3.503
159 201 19 20 4 0 100 42.205 3.499
159 201 20 21 4 0 100 42.278 3.506
159 201 21 22 4 0 100 42.917 3.500
159 201 22 23 4 0 100 41.886 3.496
159 201 23 24 4 0 100 42.518 3.496
159 201 24 25 4 0 100 42.741 3.494
159 201 25 26 4 0 100 40.072 3.486
159 201 26 27 4 0 100 43.698 3.495
159 201 27 28 4 0 100 43.497 3.489
159 201 28 29 4 0 100 41.127 3.487
159 201 29 30 4 0 100 43.240 3.470
159 201 30 31 4 0 100 41.903 3.465
159 201 31 32 4 0 100 42.355 3.481
159 201 32 33 4 0 100 42.147 3.478
159 201 33 34 4 0 100 45.336 3.470
159 201 34 35 4 0 100 43.674 3.491
159 201 35 36 4 0 100 43.258 3.458
159 201 36 37 4 0 100 42.944 3.479
159 201 37 38 4 0 100 45.395 3.462
159 201 38 39 4 0 100 62.267 3.426
159 201 39 40 4 0 100 48.379 3.500
159 201 40 41 4 0 100 51.800 3.453
159 201 41 42 4 0 100 55.118 3.417
159 201 42 43 4 0 100 99.452 3.547
159 201 43 44 4 0 100 67.308 3.406
159 201 44 100 4 0 100 88.133 3.439
201 252 0 1 4 0 100 100.000 3.646
201 252 1 2 4 0 100 49.772 3.670
201 252 2 3 4 0 100 40.824 3.657
201 252 3 4 4 0 100 41.135 3.652
201 252 4 5 4 0 100 41.952 3.676
201 252 5 6 4 0 100 40.048 3.663
201 252 6 7 4 0 100 39.649 3.663
201 252 7 8 4 0 100 39.090 3.673
201 252 8 9 4 0 100 39.696 3.664
201 252 9 10 4 0 100 40.589 3.673
201 252 10 11 4 0 100 41.510 3.670
201 252 11 12 4 0 100 40.494 3.669
201 252 12 13 4 0 100 40.503 3.671
201 252 13 14 4 0 100 40.631 3.672
201 252 14 15 4 0 100 41.008 3.663
201 252 15 16 4 0 100 40.622 3.665
201 252 16 17 4 0 100 40.894 3.662
201 252 17 18 4 0 100 39.957 3.663
201 252 18 19 4 0 100 40.645 3.659
201 252 19 20 4 0 100 40.918 3.667
201 252 20 21 4 0 100 40.894 3.652
201 252 21 22 4 0 100 42.124 3.657
201 252 22 23 4 0 100 40.383 3.656
201 252 23 24 4 0 100 41.893 3.651
201 252 24 25 4 0 100 40.760 3.642
201 252 25 26 4 0 100 41.747 3.639
201 252 26 27 4 0 100 42.413 3.649
201 252 27 28 4 0 100 41.783 3.639
201 252 28 29 4 0 100 41.349 3.650
201 252 29 30 4 0 100 42.522 3.648
201 252 30 31 4 0 100 41.278 3.635
201 252 31 32 4 0 100 42.395 3.640
201 252 32 33 4 0 100 42.028 3.604
201 252 33 34 4 0 100 42.008 3.642
201 252 34 35 4 0 100 46.101 3.633
201 252 35 36 4 0 100 45.221 3.597
201 252 36 37 4 0 100 47.127 3.633
201 252 37 38 4 0 100 46.012 3.613
201 252 38 39 4 0 100 43.924 3.586
201 252 39 40 4 0 100 69.520 3.605
201 252 40 41 4 0 100 45.544 3.648
201 252 41 42 4 0 100 63.084 3.627
201 252 42 43 4 0 100 62.820 3.589
201 252 43 44 4 0 100 62.649 3.502
201 252 44 100 4 0 100 87.539 3.531
252 317 0 1 4 0 100 4.634 100.000
252 317 1 2 4 0 100 50.142 3.804
252 317 2 3 4 0 100 38.441 3.804
252 317 3 4 4 0 100 41.844 3.829
252 317 4 5 4 0 100 39.636 3.829
252 317 5 6 4 0 100 38.980 3.823
252 317 6 7 4 0 100 39.886 3.826
252 317 7 8 4 0 100 39.957 3.836
252 317 8 9 4 0 100 40.231 3.829
252 317 9 10 4 0 100 39.753 3.835
252 317 10 11 4 0 100 39.700 3.829
252 317 11 12 4 0 100 39.593 3.830
252 317 12 13 4 0 100 39.934 3.836
252 317 13 14 4 0 100 39.891 3.833
252 317 14 15 4 0 100 40.221 3.825
252 317 15 16 4 0 100 40.563 3.826
252 317 16 17 4 0 100 38.582 3.833
252 317 17 18 4 0 100 39.820 3.823
252 317 18 19 4 0 100 39.950 3.825
252 317 19 20 4 0 100 40.769 3.829
252 317 20 21 4 0 100 40.500 3.817
252 317 21 22 4 0 100 40.184 3.820
252 317 22 23 4 0 100 41.234 3.806
252 317 23 24 4 0 100 41.693 3.821
252 317 24 25 4 0 100 40.287 3.806
252 317 25 26 4 0 100 40.117 3.805
252 317 26 27 4 0 100 42.285 3.813
252 317 27 28 4 0 100 40.635 3.790
252 317 28 29 4 0 100 42.056 3.810
252 317 29 30 4 0 100 43.388 3.807
252 317 30 31 4 0 100 41.278 3.799
252 317 31 32 4 0 100 43.109 3.788
252 317 32 33 4 0 100 43.627 3.809
252 317 33 34 4 0 100 40.572 3.775
252 317 34 35 4 0 100 44.911 3.785
252 317 35 36 4 0 100 48.888 3.771
252 317 36 37 4 0 100 46.389 3.767
252 317 37 38 4 0 100 46.897 3.732
252 317 38 39 4 0 100 51.793 3.781
252 317 39 40 4 0 100 64.182 3.729
252 317 40 41 4 0 100 45.938 3.723
252 317 41 42 4 0 100 71.391 3.668
252 317 42 43 4 0 100 69.735 3.689
252 317 43 44 4 0 100 82.794 3.735
252 317 44 100 4 0 100 92.721 3.803
317 400 0 1 4 0 100 5.431 85.194
317 400 1 2 4 0 100 67.818 3.962
317 400 2 3 4 0 100 45.203 3.952
317 400 3 4 4 0 100 39.806 3.968
317 400 4 5 4 0 100 38.639 3.987
317 400 5 6 4 0 100 39.247 3.990
317 400 6 7 4 0 100 39.701 3.997
317 400 7 8 4 0 100 39.544 4.004
317 400 8 9 4 0 100 41.212 4.008
317 400 9 10 4 0 100 40.312 3.998
317 400 10 11 4 0 100 39.995 4.005
317 400 11 12 4 0 100 40.349 4.008
317 400 12 13 4 0 100 40.359 4.010
317 400 13 14 4 0 100 40.586 4.018
317 400 14 15 4 0 100 41.882 4.006
317 400 15 16 4 0 100 40.396 4.007
317 400 16 17 4 0 100 40.146 3.999
317 400 17 18 4 0 100 39.132 3.991
317 400 18 19 4 0 100 39.822 3.997
317 400 19 20 4 0 100 40.888 3.995
317 400 20 21 4 0 100 40.404 3.991
317 400 21 22 4 0 100 40.573 3.997
317 400 22 23 4 0 100 41.861 3.995
317 400 23 24 4 0 100 43.217 3.979
317 400 24 25 4 0 100 41.389 3.981
317 400 25 26 4 0 100 42.669 3.975
317 400 26 27 4 0 100 42.687 3.976
317 400 27 28 4 0 100 41.770 3.976
317 400 28 29 4 0 100 41.576 3.979
317 400 29 30 4 0 100 44.211 3.964
317 400 30 31 4 0 100 40.940 3.962
317 400 31 32 4 0 100 43.009 3.956
317 400 32 33 4 0 100 48.407 3.952
317 400 33 34 4 0 100 48.594 3.986
317 400 34 35 4 0 100 56.746 3.993
317 400 35 36 4 0 100 49.020 3.933
317 400 36 37 4 0 100 52.444 3.923
317 400 37 38 4 0 100 48.813 3.922
317 400 38 39 4 0 100 50.439 3.879
317 400 39 40 4 0 100 77.597 4.002
317 400 40 41 4 0 100 58.020 3.900
317 400 41 42 4 0 100 60.968 3.907
317 400 42 43 4 0 100 100.000 3.944
317 400 43 44 4 0 100 100.000 4.319
317 400 44 100 4 0 100 92.979 3.860
400 503 0 1 4 0 100 5.424 98.857
400 503 1 2 4 0 100 66.579 4.135
400 503 2 3 4 0 100 50.158 4.172
400 503 3 4 4 0 100 43.286 4.166
400 503 4 5 4 0 100 40.314 4.136
400 503 5 6 4 0 100 42.395 4.182
400 503 6 7 4 0 100 43.674 4.203
400 503 7 8 4 0 100 41.447 4.184
400 503 8 9 4 0 100 42.021 4.187
400 503 9 10 4 0 100 40.803 4.191
400 503 10 11 4 0 100 42.558 4.195
400 503 11 12 4 0 100 42.895 4.204
400 503 12 13 4 0 100 41.438 4.195
400 503 13 14 4 0 100 41.488 4.190
400 503 14 15 4 0 100 41.685 4.187
400 503 15 16 4 0 100 42.948 4.196
400 503 16 17 4 0 100 40.702 4.177
400 503 17 18 4 0 100 42.445 4.195
400 503 18 19 4 0 100 42.946 4.180
400 503 19 20 4 0 100 44.442 4.186
400 503 20 21 4 0 100 42.530 4.179
400 503 21 22 4 0 100 42.255 4.163
400 503 22 23 4 0 100 42.151 4.166
400 503 23 24 4 0 100 43.052 4.153
400 503 24 25 4 0 100 44.670 4.173
400 503 25 26 4 0 100 43.383 4.169
400 503 26 27 4 0 100 43.677 4.167
400 503 27 28 4 0 100 46.949 4.168
400 503 28 29 4 0 100 45.835 4.150
400 503 29 30 4 0 100 43.496 4.152
400 503 30 31 4 0 100 46.527 4.165
400 503 31 32 4 0 100 47.937 4.160
400 503 32 33 4 0 100 44.989 4.133
400 503 33 34 4 0 100 56.525 4.182
400 503 34 35 4 0 100 47.553 4.076
400 503 35 36 4 0 100 49.668 4.097
400 503 36 37 4 0 100 57.532 4.151
400 503 37 38 4 0 100 50.282 4.047
400 503 38 39 4 0 100 76.351 4.175
400 503 39 40 4 0 100 100.000 3.975
400 503 40 41 4 0 100 100.000 4.096
400 503 41 42 4 0 100 100.000 3.997
400 503 42 43 4 0 100 94.801 13.956
400 503 43 44 4 0 100 100.000 4.228
400 503 44 100 4 0 100 100.000 3.963
503 633 0 1 4 0 100 8.900 73.139
503 633 1 2 4 0 100 100.000 4.282
503 633 2 3 4 0 100 53.034 4.320
503 633 3 4 4 0 100 52.221 4.354
503 633 4 5 4 0 100 48.848 4.393
503 633 5 6 4 0 100 43.511 4.351
503 633 6 7 4 0 100 44.171 4.367
503 633 7 8 4 0 100 43.824 4.355
503 633 8 9 4 0 100 44.799 4.353
503 633 9 10 4 0 100 46.668 4.394
503 633 10 11 4 0 100 43.141 4.366
503 633 11 12 4 0 100 43.690 4.365
503 633 12 13 4 0 100 44.934 4.381
503 633 13 14 4 0 100 44.972 4.375
503 633 14 15 4 0 100 44.953 4.388
503 633 15 16 4 0 100 43.838 4.370
503 633 16 17 4 0 100 43.094 4.369
503 633 17 18 4 0 100 45.179 4.365
503 633 18 19 4 0 100 45.670 4.358
503 633 19 20 4 0 100 46.223 4.355
503 633 20 21 4 0 100 44.488 4.348
503 633 21 22 4 0 100 46.666 4.386
503 633 22 23 4 0 100 45.417 4.365
503 633 23 24 4 0 100 44.326 4.318
503 633 24 25 4 0 100 50.115 4.350
503 633 25 26 4 0 100 47.053 4.343
503 633 26 27 4 0 100 50.368 4.350
503 633 27 28 4 0 100 47.328 4.317
503 633 28 29 4 0 100 51.855 4.357
503 633 29 30 4 0 100 53.002 4.326
503 633 30 31 4 0 100 49.590 4.263
503 633 31 32 4 0 100 54.196 4.309
503 633 32 33 4 0 100 53.164 4.276
503 633 33 34 4 0 100 66.209 4.325
503 633 34 35 4 0 100 76.849 4.331
503 633 35 36 4 0 100 81.069 4.405
503 633 36 37 4 0 100 93.903 4.323
503 633 37 38 4 0 100 75.215 4.245
503 633 38 39 4 0 100 74.881 4.227
503 633 39 40 4 0 100 80.639 4.279
503 633 40 41 4 0 100 100.000 4.521
503 633 41 42 4 0 100 100.000 4.458
503 633 42 43 4 0 100 100.000 4.767
503 633 43 44 4 0 100 31.840 4.173
503 633 44 100 4 0 100 25.765 25.122
633 797 0 1 4 0 100 17.015 65.620
633 797 1 2 4 0 100 100.000 4.486
633 797 2 3 4 0 100 100.000 4.567
633 797 3 4 4 0 100 54.161 4.511
633 797 4 5 4 0 100 53.794 4.525
633 797 5 6 4 0 100 48.506 4.538
633 797 6 7 4 0 100 50.464 4.559
633 797 7 8 4 0 100 50.018 4.534
633 797 8 9 4 0 100 49.025 4.533
633 797 9 10 4 0 100 47.737 4.542
633 797 10 11 4 0 100 52.715 4.573
633 797 11 12 4 0 100 45.043 4.543
633 797 12 13 4 0 100 48.612 4.561
633 797 13 14 4 0 100 47.588 4.551
633 797 14 15 4 0 100 51.738 4.568
633 797 15 16 4 0 100 45.838 4.529
633 797 16 17 4 0 100 49.779 4.553
633 797 17 18 4 0 100 52.880 4.563
633 797 18 19 4 0 100 51.223 4.540
633 797 19 20 4 0 100 50.425 4.546
633 797 20 21 4 0 100 47.138 4.512
633 797 21 22 4 0 100 51.692 4.541
633 797 22 23 4 0 100 53.613 4.539
633 797 23 24 4 0 100 50.534 4.534
633 797 24 25 4 0 100 49.211 4.535
633 797 25 26 4 0 100 50.561 4.518
633 797 26 27 4 0 100 51.490 4.533
633 797 27 28 4 0 100 53.112 4.564
633 797 28 29 4 0 100 59.384 4.502
633 797 29 30 4 0 100 62.489 4.498
633 797 30 31 4 0 100 67.068 4.565
633 797 31 32 4 0 100 71.652 4.515
633 797 32 33 4 0 100 77.581 4.504
633 797 33 34 4 0 100 90.920 4.560
633 797 34 35 4 0 100 59.740 4.464
633 797 35 36 4 0 100 100.000 4.559
633 797 36 37 4 0 100 100.000 4.689
633 797 37 38 4 0 100 100.000 4.258
633 797 38 39 4 0 100 100.000 4.453
633 797 39 40 4 0 100 100.000 4.191
633 797 40 41 4 0 100 100.000 4.375
633 797 41 42 4 0 100 3.662 99.990
633 797 42 43 4 0 100 4.151 100.000
633 797 43 44 4 0 100 4.485 100.000
633 797 44 100 4 0 100 16.375 32.110
797 1003 0 1 4 0 100 11.228 83.555
797 1003 1 2 4 0 100 4.234 100.000
797 1003 2 3 4 0 100 100.000 4.659
797 1003 3 4 4 0 100 67.959 4.695
797 1003 4 5 4 0 100 70.218 4.747
797 1003 5 6 4 0 100 62.632 4.698
797 1003 6 7 4 0 100 60.952 4.720
797 1003 7 8 4 0 100 53.726 4.718
797 1003 8 9 4 0 100 50.790 4.711
797 1003 9 10 4 0 100 54.969 4.729
797 1003 10 11 4 0 100 52.674 4.697
797 1003 11 12 4 0 100 55.303 4.740
797 1003 12 13 4 0 100 56.287 4.748
797 1003 13 14 4 0 100 52.013 4.712
797 1003 14 15 4 0 100 50.483 4.705
797 1003 15 16 4 0 100 56.503 4.735
797 1003 16 17 4 0 100 54.154 4.704
797 1003 17 18 4 0 100 61.969 4.742
797 1003 18 19 4 0 100 59.755 4.709
797 1003 19 20 4 0 100 57.634 4.748
797 1003 20 21 4 0 100 50.252 4.692
797 1003 21 22 4 0 100 54.279 4.710
797 1003 22 23 4 0 100 54.639 4.667
797 1003 23 24 4 0 100 62.021 4.745
797 1003 24 25 4 0 100 55.384 4.695
797 1003 25 26 4 0 100 69.269 4.707
797 1003 26 27 4 0 100 62.115 4.732
797 1003 27 28 4 0 100 66.105 4.708
797 1003 28 29 4 0 100 87.397 4.791
797 1003 29 30 4 0 100 81.391 4.754
797 1003 30 31 4 0 100 100.000 4.786
797 1003 31 32 4 0 100 87.143 4.813
797 1003 32 33 4 0 100 100.000 4.527
797 1003 33 34 4 0 100 100.000 4.549
797 1003 34 35 4 0 100 100.000 4.835
797 1003 35 36 4 0 100 100.000 4.694
797 1003 36 37 4 0 100 29.972 4.398
797 1003 37 38 4 0 100 99.606 17.491
797 1003 38 39 4 0 100 8.175 48.634
797 1003 39 40 4 0 100 3.891 99.990
797 1003 40 41 4 0 100 4.275 100.000
797 1003 41 42 4 0 100 5.217 100.000
797 1003 42 43 4 0 100 8.967 48.473
797 1003 43 44 4 0 100 4.922 99.994
797 1003 44 100 4 0 100 5.535 99.971
1003 1262 1 2 4 0 100 4.610 100.000
1003 1262 2 3 4 0 100 3.505 100.000
1003 1262 3 4 4 0 100 100.000 4.987
1003 1262 4 5 4 0 100 100.000 4.804
1003 1262 5 6 4 0 100 68.377 4.841
1003 1262 6 7 4 0 100 62.302 4.821
1003 1262 7 8 4 0 100 65.764 4.877
1003 1262 8 9 4 0 100 73.482 4.955
1003 1262 9 10 4 0 100 70.888 4.873
1003 1262 10 11 4 0 100 64.218 4.923
1003 1262 11 12 4 0 100 58.157 4.860
1003 1262 12 13 4 0 100 57.505 4.870
1003 1262 13 14 4 0 100 64.493 4.924
1003 1262 14 15 4 0 100 60.669 4.849
1003 1262 15 16 4 0 100 64.348 4.905
1003 1262 16 17 4 0 100 54.014 4.860
1003 1262 17 18 4 0 100 62.519 4.799
1003 1262 18 19 4 0 100 61.968 4.855
1003 1262 19 20 4 0 100 82.408 4.936
1003 1262 20 21 4 0 100 64.850 4.897
1003 1262 21 22 4 0 100 79.363 4.816
1003 1262 22 23 4 0 100 65.633 4.814
1003 1262 23 24 4 0 100 62.144 4.846
1003 1262 24 25 4 0 100 100.000 4.923
1003 1262 25 26 4 0 100 78.473 4.964
1003 1262 26 27 4 0 100 1.765 100.000
1003 1262 27 28 4 0 100 100.000 5.014
1003 1262 28 29 4 0 100 83.324 4.838
1003 1262 29 30 4 0 100 100.000 5.220
1003 1262 30 31 4 0 100 100.000 4.854
1003 1262 31 32 4 0 100 100.000 5.155
1003 1262 32 33 4 0 100 12.147 46.744
1003 1262 33 34 4 0 100 3.535 100.000
1003 1262 34 35 4 0 100 18.661 29.389
1003 1262 35 36 4 0 100 4.278 100.000
1003 1262 36 37 4 0 100 100.000 4.847
1003 1262 37 38 4 0 100 5.231 99.983
1003 1262 38 39 4 0 100 5.218 100.000
1003 1262 39 40 4 0 100 5.012 100.000
1003 1262 40 41 4 0 100 5.327 99.981
1003 1262 41 42 4 0 100 9.650 96.640
1003 1262 42 43 4 0 100 8.792 86.785
1003 1262 43 44 4 0 100 7.862 100.000
1003 1262 44 100 4 0 100 8.040 99.093
1262 1589 1 2 4 0 100 7.878 77.357
1262 1589 2 3 4 0 100 5.129 99.997
1262 1589 3 4 4 0 100 100.000 5.425
1262 1589 4 5 4 0 100 67.811 18.331
1262 1589 5 6 4 0 100 100.000 5.052
1262 1589 6 7 4 0 100 100.000 5.167
1262 1589 7 8 4 0 100 100.000 5.204
1262 1589 8 9 4 0 100 100.000 5.057
1262 1589 9 10 4 0 100 80.451 4.924
1262 1589 10 11 4 0 100 100.000 4.950
1262 1589 11 12 4 0 100 100.000 5.223
1262 1589 12 13 4 0 100 100.000 5.118
1262 1589 13 14 4 0 100 100.000 5.071
1262 1589 14 15 4 0 100 100.000 5.081
1262 1589 15 16 4 0 100 100.000 5.073
1262 1589 16 17 4 0 100 100.000 5.125
1262 1589 17 18 4 0 100 100.000 5.134
1262 1589 18 19 4 0 100 100.000 5.023
1262 1589 19 20 4 0 100 69.845 4.972
1262 1589 20 21 4 0 100 100.000 4.921
1262 1589 21 22 4 0 100 100.000 5.077
1262 1589 22 23 4 0 100 100.000 5.161
1262 1589 23 24 4 0 100 100.000 5.024
1262 1589 24 25 4 0 100 100.000 5.160
1262 1589 25 26 4 0 100 2.935 100.000
1262 1589 26 27 4 0 100 100.000 4.920
1262 1589 27 28 4 0 100 38.532 4.822
1262 1589 28 29 4 0 100 3.682 100.000
1262 1589 29 30 4 0 100 100.000 5.120
1262 1589 30 31 4 0 100 4.390 100.000
1262 1589 31 32 4 0 100 4.143 100.000
1262 1589 32 33 4 0 100 4.253 100.000
1262 1589 33 34 4 0 100 5.467 99.989
1262 1589 34 35 4 0 100 5.604 99.998
1262 1589 35 36 4 0 100 6.545 84.408
1262 1589 36 37 4 0 100 5.625 94.487
1262 1589 37 38 4 0 100 7.723 73.026
1262 1589 38 39 4 0 100 10.359 52.539
1262 1589 39 40 4 0 100 9.279 73.172
1262 1589 40 41 4 0 100 7.718 95.404
1262 1589 41 42 4 0 100 9.219 87.887
1262 1589 43 100 4 0 100 69.826 62.705
1589 2000 1 2 4 0 100 11.113 86.908
1589 2000 3 4 4 0 100 18.302 39.070
1589 2000 4 5 4 0 100 16.957 34.782
1589 2000 5 6 4 0 100 5.870 89.384
1589 2000 6 7 4 0 100 4.480 100.000
1589 2000 7 8 4 0 100 3.669 100.000
1589 2000 8 9 4 0 100 3.656 99.973
1589 2000 9 10 4 0 100 100.000 5.239
1589 2000 10 11 4 0 100 3.776 100.000
1589 2000 11 12 4 0 100 3.710 100.000
1589 2000 12 13 4 0 100 3.654 100.000
1589 2000 13 14 4 0 100 3.751 100.000
1589 2000 14 15 4 0 100 3.108 100.000
1589 2000 15 16 4 0 100 3.275 100.000
1589 2000 16 17 4 0 100 3.533 100.000
1589 2000 17 18 4 0 100 4.615 100.000
1589 2000 18 19 4 0 100 3.625 100.000
1589 2000 19 20 4 0 100 3.919 100.000
1589 2000 20 21 4 0 100 3.837 100.000
1589 2000 21 22 4 0 100 4.230 100.000
1589 2000 22 23 4 0 100 4.421 100.000
1589 2000 23 24 4 0 100 4.765 100.000
1589 2000 24 25 4 0 100 5.210 98.554
1589 2000 25 26 4 0 100 7.325 75.269
1589 2000 26 27 4 0 100 5.688 99.958
1589 2000 27 28 4 0 100 9.688 71.653
1589 2000 28 29 4 0 100 8.059 74.514
1589 2000 29 30 4 0 100 6.148 98.856
1589 2000 30 31 4 0 100 8.232 73.124
1589 2000 31 32 4 0 100 9.937 61.752
1589 2000 32 33 4 0 100 6.942 88.699
1589 2000 34 35 4 0 100 17.900 50.697
1589 2000 35 36 4 0 100 45.815 67.843
1589 2000 37 38 4 0 100 62.962 29.832
1589 2000 38 100 4 0 100 10.229 88.388
2000 4000 2 3 4 0 100 49.647 41.985
2000 4000 4 5 4 0 100 10.360 87.739
2000 4000 5 6 4 0 100 12.063 96.833
2000 4000 6 7 4 0 100 6.424 97.798
2000 4000 7 8 4 0 100 7.613 92.367
2000 4000 8 9 4 0 100 8.503 82.294
2000 4000 9 10 4 0 100 10.340 75.000
2000 4000 11 12 4 0 100 8.502 66.600
2000 4000 12 13 4 0 100 31.682 34.750
2000 4000 13 14 4 0 100 5.010 100.000
2000 4000 14 15 4 0 100 10.382 69.428
2000 4000 15 16 4 0 100 18.268 31.369
2000 4000 16 17 4 0 100 19.306 42.077
2000 4000 17 18 4 0 100 13.015 45.019
2000 4000 18 19 4 0 100 7.745 74.220
2000 4000 19 20 4 0 100 8.636 95.901
2000 4000 20 21 4 0 100 36.137 63.138
2000 4000 21 22 4 0 100 17.354 39.508
2000 4000 22 23 4 0 100 98.755 52.896
2000 4000 24 25 4 0 100 8.932 93.212
2000 4000 26 27 4 0 100 12.434 74.442
2000 4000 27 28 4 0 100 10.283 85.560
2000 4000 28 29 4 0 100 10.718 65.289
2000 4000 29 30 4 0 100 10.043 93.176
2000 4000 37 100 4 0 100 11.073 99.929
