[quark]
{2 JetPt Rho 1 x TMath::Exp(-1.*x*[0]/[1])*TMath::Power(x,[0]-1)*TMath::Power([1]/[0],-1.*[0])/TMath::Gamma([0]) Correction QGL_nPFCand_QC_ptCut_F_quark}
20 22 0 1 4 0 100 32.907 2.703
20 22 1 2 4 0 100 33.429 4.029
20 22 2 3 4 0 100 22.587 4.369
20 22 3 4 4 0 100 12.108 4.269
20 22 4 5 4 0 100 12.409 4.507
20 22 5 6 4 0 100 12.164 4.523
20 22 6 7 4 0 100 9.121 4.805
20 22 7 8 4 0 100 10.633 4.964
20 22 8 9 4 0 100 12.975 5.169
20 22 9 10 4 0 100 11.004 5.226
20 22 10 11 4 0 100 11.261 5.563
20 22 11 12 4 0 100 11.301 5.846
20 22 12 13 4 0 100 12.570 5.878
20 22 13 14 4 0 100 11.719 6.058
20 22 14 15 4 0 100 12.117 6.216
20 22 15 16 4 0 100 12.712 6.474
20 22 16 17 4 0 100 12.993 6.720
20 22 17 18 4 0 100 11.519 6.940
20 22 18 19 4 0 100 14.141 7.220
20 22 19 20 4 0 100 15.216 7.376
20 22 20 21 4 0 100 15.653 7.503
20 22 21 22 4 0 100 15.084 8.095
20 22 22 23 4 0 100 20.013 7.933
20 22 23 24 4 0 100 16.441 8.533
20 22 24 25 4 0 100 26.641 7.810
20 22 25 26 4 0 100 24.329 9.156
20 22 26 27 4 0 100 45.179 9.132
20 22 27 28 4 0 100 37.001 9.500
20 22 28 29 4 0 100 23.465 8.607
20 22 29 30 4 0 100 32.792 8.547
20 22 30 31 4 0 100 50.000 12.142
20 22 31 32 4 0 100 50.000 9.682
20 22 32 33 4 0 100 50.000 10.696
20 22 33 34 4 0 100 50.000 11.089
20 22 34 35 4 0 100 50.000 7.348
20 22 35 36 4 0 100 50.000 11.516
20 22 36 37 4 0 100 1.623 100.000
20 22 37 38 4 0 100 1.560 100.000
20 22 38 39 4 0 100 1.687 100.000
20 22 39 40 4 0 100 1.556 100.000
20 22 40 41 4 0 100 1.690 100.000
20 22 43 100 4 0 100 50.000 10.048
22 25 0 1 4 0 100 1.627 100.000
22 25 1 2 4 0 100 15.611 4.281
22 25 2 3 4 0 100 11.933 4.351
22 25 3 4 4 0 100 11.637 4.578
22 25 4 5 4 0 100 11.859 4.838
22 25 5 6 4 0 100 10.248 4.979
22 25 6 7 4 0 100 9.839 5.096
22 25 7 8 4 0 100 10.326 5.371
22 25 8 9 4 0 100 10.799 5.359
22 25 9 10 4 0 100 9.822 5.625
22 25 10 11 4 0 100 10.567 5.802
22 25 11 12 4 0 100 11.354 5.992
22 25 12 13 4 0 100 11.048 6.153
22 25 13 14 4 0 100 11.719 6.376
22 25 14 15 4 0 100 11.598 6.625
22 25 15 16 4 0 100 12.050 6.859
22 25 16 17 4 0 100 13.160 7.015
22 25 17 18 4 0 100 12.471 7.150
22 25 18 19 4 0 100 13.057 7.448
22 25 19 20 4 0 100 14.015 7.715
22 25 20 21 4 0 100 14.925 7.958
22 25 21 22 4 0 100 14.679 8.112
22 25 22 23 4 0 100 12.566 8.228
22 25 23 24 4 0 100 16.500 8.359
22 25 24 25 4 0 100 15.131 8.535
22 25 25 26 4 0 100 22.437 9.262
22 25 26 27 4 0 100 23.171 9.344
22 25 27 28 4 0 100 33.315 10.085
22 25 28 29 4 0 100 30.048 9.810
22 25 29 30 4 0 100 23.492 9.728
22 25 30 31 4 0 100 36.338 9.543
22 25 31 32 4 0 100 47.851 10.523
22 25 32 33 4 0 100 50.000 12.238
22 25 33 34 4 0 100 50.000 12.367
22 25 34 35 4 0 100 50.000 11.075
22 25 35 36 4 0 100 50.000 11.329
22 25 36 37 4 0 100 50.000 13.050
22 25 37 38 4 0 100 50.000 14.419
22 25 38 39 4 0 100 1.560 100.000
22 25 39 40 4 0 100 1.690 100.000
22 25 40 41 4 0 100 1.517 100.000
22 25 41 42 4 0 100 1.563 100.000
22 25 42 43 4 0 100 1.687 100.000
22 25 43 44 4 0 100 1.493 100.000
22 25 44 100 4 0 100 1.687 100.000
25 27 0 1 4 0 100 50.000 3.994
25 27 1 2 4 0 100 23.537 3.784
25 27 2 3 4 0 100 17.506 4.681
25 27 3 4 4 0 100 11.942 4.754
25 27 4 5 4 0 100 11.686 4.850
25 27 5 6 4 0 100 10.919 5.163
25 27 6 7 4 0 100 8.721 5.283
25 27 7 8 4 0 100 10.643 5.532
25 27 8 9 4 0 100 10.962 5.749
25 27 9 10 4 0 100 11.981 5.925
25 27 10 11 4 0 100 11.231 6.095
25 27 11 12 4 0 100 11.172 6.248
25 27 12 13 4 0 100 11.127 6.399
25 27 13 14 4 0 100 10.578 6.575
25 27 14 15 4 0 100 12.199 6.742
25 27 15 16 4 0 100 12.041 6.990
25 27 16 17 4 0 100 12.286 7.266
25 27 17 18 4 0 100 11.805 7.219
25 27 18 19 4 0 100 11.919 7.731
25 27 19 20 4 0 100 13.043 7.914
25 27 20 21 4 0 100 15.753 8.036
25 27 21 22 4 0 100 16.120 8.439
25 27 22 23 4 0 100 17.247 8.213
25 27 23 24 4 0 100 17.156 9.040
25 27 24 25 4 0 100 19.174 9.061
25 27 25 26 4 0 100 25.416 9.552
25 27 26 27 4 0 100 24.930 9.418
25 27 27 28 4 0 100 20.461 9.625
25 27 28 29 4 0 100 29.302 9.881
25 27 29 30 4 0 100 27.988 10.139
25 27 30 31 4 0 100 34.237 10.315
25 27 31 32 4 0 100 50.000 9.707
25 27 32 33 4 0 100 33.932 9.903
25 27 33 34 4 0 100 50.000 10.276
25 27 34 35 4 0 100 50.000 11.584
25 27 35 36 4 0 100 1.557 100.000
25 27 36 37 4 0 100 1.554 100.000
25 27 37 38 4 0 100 50.000 9.043
25 27 38 39 4 0 100 50.000 11.677
25 27 39 40 4 0 100 1.562 100.000
25 27 40 41 4 0 100 50.000 12.547
25 27 41 42 4 0 100 50.000 12.711
25 27 42 43 4 0 100 1.687 100.000
25 27 43 100 4 0 100 1.630 100.000
27 29 0 1 4 0 100 50.000 3.333
27 29 1 2 4 0 100 44.353 4.942
27 29 2 3 4 0 100 18.139 4.552
27 29 3 4 4 0 100 11.139 5.087
27 29 4 5 4 0 100 10.349 5.244
27 29 5 6 4 0 100 11.127 5.383
27 29 6 7 4 0 100 9.588 5.459
27 29 7 8 4 0 100 9.627 5.676
27 29 8 9 4 0 100 10.294 5.906
27 29 9 10 4 0 100 10.275 5.987
27 29 10 11 4 0 100 10.201 6.272
27 29 11 12 4 0 100 10.774 6.457
27 29 12 13 4 0 100 10.612 6.636
27 29 13 14 4 0 100 11.315 6.807
27 29 14 15 4 0 100 11.853 7.017
27 29 15 16 4 0 100 11.936 7.185
27 29 16 17 4 0 100 11.266 7.460
27 29 17 18 4 0 100 12.119 7.590
27 29 18 19 4 0 100 12.809 7.907
27 29 19 20 4 0 100 12.448 8.054
27 29 20 21 4 0 100 14.078 8.443
27 29 21 22 4 0 100 12.811 8.383
27 29 22 23 4 0 100 15.183 8.807
27 29 23 24 4 0 100 18.397 8.988
27 29 24 25 4 0 100 15.155 9.026
27 29 25 26 4 0 100 18.905 9.215
27 29 26 27 4 0 100 20.244 9.462
27 29 27 28 4 0 100 35.498 9.640
27 29 28 29 4 0 100 20.415 9.443
27 29 29 30 4 0 100 22.938 10.422
27 29 30 31 4 0 100 29.260 10.269
27 29 31 32 4 0 100 50.000 11.492
27 29 32 33 4 0 100 50.000 9.635
27 29 33 34 4 0 100 33.653 10.426
27 29 34 35 4 0 100 50.000 11.498
27 29 35 36 4 0 100 50.000 11.325
27 29 36 37 4 0 100 50.000 11.327
27 29 37 38 4 0 100 50.000 10.277
27 29 38 39 4 0 100 1.458 100.000
27 29 39 40 4 0 100 1.497 100.000
27 29 40 41 4 0 100 1.630 100.000
27 29 41 42 4 0 100 1.514 100.000
27 29 43 44 4 0 100 1.566 100.000
27 29 44 100 4 0 100 1.687 100.000
29 32 0 1 4 0 100 50.000 3.723
29 32 1 2 4 0 100 15.815 4.501
29 32 2 3 4 0 100 14.249 4.995
29 32 3 4 4 0 100 9.837 5.076
29 32 4 5 4 0 100 10.197 5.407
29 32 5 6 4 0 100 9.474 5.563
29 32 6 7 4 0 100 9.463 5.904
29 32 7 8 4 0 100 10.824 5.996
29 32 8 9 4 0 100 10.863 6.133
29 32 9 10 4 0 100 10.747 6.269
29 32 10 11 4 0 100 11.016 6.462
29 32 11 12 4 0 100 10.254 6.694
29 32 12 13 4 0 100 10.936 6.804
29 32 13 14 4 0 100 11.256 7.124
29 32 14 15 4 0 100 11.918 7.221
29 32 15 16 4 0 100 12.195 7.522
29 32 16 17 4 0 100 11.592 7.613
29 32 17 18 4 0 100 11.743 7.825
29 32 18 19 4 0 100 12.255 8.073
29 32 19 20 4 0 100 13.118 8.233
29 32 20 21 4 0 100 12.233 8.491
29 32 21 22 4 0 100 12.357 8.720
29 32 22 23 4 0 100 15.249 9.067
29 32 23 24 4 0 100 13.187 9.101
29 32 24 25 4 0 100 17.033 9.557
29 32 25 26 4 0 100 17.754 9.344
29 32 26 27 4 0 100 15.055 9.664
29 32 27 28 4 0 100 17.925 10.030
29 32 28 29 4 0 100 19.058 10.077
29 32 29 30 4 0 100 24.523 10.697
29 32 30 31 4 0 100 23.713 10.134
29 32 31 32 4 0 100 26.399 10.625
29 32 32 33 4 0 100 26.232 10.835
29 32 33 34 4 0 100 43.979 11.674
29 32 34 35 4 0 100 50.000 10.143
29 32 35 36 4 0 100 50.000 10.048
29 32 36 37 4 0 100 50.000 11.572
29 32 37 38 4 0 100 50.000 12.364
29 32 38 39 4 0 100 1.287 100.000
29 32 39 40 4 0 100 1.514 100.000
29 32 40 41 4 0 100 50.000 12.792
29 32 41 42 4 0 100 50.000 9.043
29 32 42 43 4 0 100 1.687 100.000
29 32 43 44 4 0 100 50.000 14.167
29 32 44 100 4 0 100 1.635 100.000
32 35 0 1 4 0 100 50.000 5.042
32 35 1 2 4 0 100 10.717 4.538
32 35 2 3 4 0 100 13.387 5.324
32 35 3 4 4 0 100 12.124 5.276
32 35 4 5 4 0 100 10.201 5.570
32 35 5 6 4 0 100 9.869 5.746
32 35 6 7 4 0 100 9.988 5.921
32 35 7 8 4 0 100 10.451 6.214
32 35 8 9 4 0 100 11.075 6.261
32 35 9 10 4 0 100 10.184 6.467
32 35 10 11 4 0 100 10.964 6.539
32 35 11 12 4 0 100 9.707 6.888
32 35 12 13 4 0 100 10.768 7.109
32 35 13 14 4 0 100 10.937 7.354
32 35 14 15 4 0 100 11.302 7.486
32 35 15 16 4 0 100 12.468 7.682
32 35 16 17 4 0 100 12.063 7.903
32 35 17 18 4 0 100 11.858 8.156
32 35 18 19 4 0 100 13.133 8.228
32 35 19 20 4 0 100 11.827 8.485
32 35 20 21 4 0 100 12.458 8.666
32 35 21 22 4 0 100 13.388 9.072
32 35 22 23 4 0 100 13.229 9.096
32 35 23 24 4 0 100 14.048 9.171
32 35 24 25 4 0 100 13.449 9.588
32 35 25 26 4 0 100 16.980 9.943
32 35 26 27 4 0 100 16.880 10.256
32 35 27 28 4 0 100 24.915 10.131
32 35 28 29 4 0 100 22.132 10.487
32 35 29 30 4 0 100 20.864 10.910
32 35 30 31 4 0 100 25.113 10.634
32 35 31 32 4 0 100 30.675 11.003
32 35 32 33 4 0 100 31.852 11.179
32 35 33 34 4 0 100 50.000 11.955
32 35 34 35 4 0 100 28.460 10.685
32 35 35 36 4 0 100 40.090 11.312
32 35 36 37 4 0 100 50.000 10.846
32 35 37 38 4 0 100 50.000 12.785
32 35 38 39 4 0 100 50.000 13.393
32 35 39 40 4 0 100 50.000 13.959
32 35 40 41 4 0 100 50.000 13.837
32 35 41 42 4 0 100 1.381 100.000
32 35 42 43 4 0 100 1.581 100.000
32 35 43 44 4 0 100 1.569 100.000
32 35 44 100 4 0 100 1.688 100.000
35 39 0 1 4 0 100 50.000 6.933
35 39 1 2 4 0 100 16.254 5.017
35 39 2 3 4 0 100 9.488 5.186
35 39 3 4 4 0 100 9.045 5.504
35 39 4 5 4 0 100 9.931 5.950
35 39 5 6 4 0 100 10.443 5.749
35 39 6 7 4 0 100 9.654 6.164
35 39 7 8 4 0 100 10.554 6.370
35 39 8 9 4 0 100 10.847 6.577
35 39 9 10 4 0 100 9.543 6.622
35 39 10 11 4 0 100 10.905 6.956
35 39 11 12 4 0 100 10.730 7.113
35 39 12 13 4 0 100 10.844 7.238
35 39 13 14 4 0 100 11.259 7.566
35 39 14 15 4 0 100 11.414 7.713
35 39 15 16 4 0 100 11.126 7.876
35 39 16 17 4 0 100 11.453 8.079
35 39 17 18 4 0 100 12.239 8.340
35 39 18 19 4 0 100 12.693 8.666
35 39 19 20 4 0 100 13.100 8.682
35 39 20 21 4 0 100 14.200 8.954
35 39 21 22 4 0 100 14.435 9.008
35 39 22 23 4 0 100 12.453 9.358
35 39 23 24 4 0 100 14.984 9.614
35 39 24 25 4 0 100 14.216 9.520
35 39 25 26 4 0 100 15.442 9.806
35 39 26 27 4 0 100 19.008 10.116
35 39 27 28 4 0 100 17.600 10.386
35 39 28 29 4 0 100 18.754 10.225
35 39 29 30 4 0 100 19.595 10.795
35 39 30 31 4 0 100 19.944 10.741
35 39 31 32 4 0 100 22.366 11.123
35 39 32 33 4 0 100 29.897 11.712
35 39 33 34 4 0 100 30.866 11.758
35 39 34 35 4 0 100 30.526 12.030
35 39 35 36 4 0 100 25.275 10.840
35 39 36 37 4 0 100 50.000 13.584
35 39 37 38 4 0 100 50.000 11.098
35 39 38 39 4 0 100 50.000 11.982
35 39 39 40 4 0 100 50.000 13.199
35 39 40 41 4 0 100 1.234 100.000
35 39 41 42 4 0 100 50.000 14.424
35 39 42 43 4 0 100 50.000 12.991
35 39 43 44 4 0 100 1.687 100.000
35 39 44 100 4 0 100 1.696 100.000
39 42 0 1 4 0 100 50.000 4.408
39 42 1 2 4 0 100 50.000 5.148
39 42 2 3 4 0 100 13.126 5.391
39 42 3 4 4 0 100 12.251 5.695
39 42 4 5 4 0 100 10.274 5.853
39 42 5 6 4 0 100 10.174 6.146
39 42 6 7 4 0 100 9.624 6.171
39 42 7 8 4 0 100 10.497 6.463
39 42 8 9 4 0 100 10.467 6.695
39 42 9 10 4 0 100 10.022 6.898
39 42 10 11 4 0 100 10.518 7.142
39 42 11 12 4 0 100 10.297 7.225
39 42 12 13 4 0 100 11.055 7.369
39 42 13 14 4 0 100 12.654 7.652
39 42 14 15 4 0 100 10.928 7.974
39 42 15 16 4 0 100 11.224 8.011
39 42 16 17 4 0 100 11.410 8.169
39 42 17 18 4 0 100 11.893 8.379
39 42 18 19 4 0 100 12.302 8.719
39 42 19 20 4 0 100 14.794 8.973
39 42 20 21 4 0 100 12.710 9.066
39 42 21 22 4 0 100 14.250 9.351
39 42 22 23 4 0 100 14.119 9.560
39 42 23 24 4 0 100 13.172 9.679
39 42 24 25 4 0 100 15.529 9.824
39 42 25 26 4 0 100 15.342 9.941
39 42 26 27 4 0 100 20.803 9.816
39 42 27 28 4 0 100 21.183 10.426
39 42 28 29 4 0 100 23.308 10.540
39 42 29 30 4 0 100 16.588 10.806
39 42 30 31 4 0 100 20.418 10.370
39 42 31 32 4 0 100 25.747 11.205
39 42 32 33 4 0 100 26.267 11.059
39 42 33 34 4 0 100 44.600 11.080
39 42 34 35 4 0 100 45.033 10.994
39 42 35 36 4 0 100 32.905 11.311
39 42 36 37 4 0 100 50.000 11.534
39 42 37 38 4 0 100 50.000 12.952
39 42 38 39 4 0 100 50.000 12.983
39 42 39 40 4 0 100 1.479 100.000
39 42 40 41 4 0 100 1.385 100.000
39 42 41 42 4 0 100 1.444 100.000
39 42 42 43 4 0 100 1.560 100.000
39 42 43 100 4 0 100 50.000 11.977
42 46 1 2 4 0 100 50.000 5.831
42 46 2 3 4 0 100 11.553 5.830
42 46 3 4 4 0 100 11.736 5.735
42 46 4 5 4 0 100 9.701 5.867
42 46 5 6 4 0 100 9.968 6.285
42 46 6 7 4 0 100 9.956 6.496
42 46 7 8 4 0 100 11.341 6.711
42 46 8 9 4 0 100 10.079 6.806
42 46 9 10 4 0 100 10.531 7.067
42 46 10 11 4 0 100 11.114 7.302
42 46 11 12 4 0 100 10.311 7.569
42 46 12 13 4 0 100 10.852 7.616
42 46 13 14 4 0 100 11.128 7.807
42 46 14 15 4 0 100 11.786 8.013
42 46 15 16 4 0 100 11.888 8.165
42 46 16 17 4 0 100 11.741 8.518
42 46 17 18 4 0 100 12.732 8.650
42 46 18 19 4 0 100 13.455 8.870
42 46 19 20 4 0 100 12.621 8.951
42 46 20 21 4 0 100 13.222 9.254
42 46 21 22 4 0 100 14.581 9.398
42 46 22 23 4 0 100 12.938 9.547
42 46 23 24 4 0 100 15.108 10.054
42 46 24 25 4 0 100 16.395 10.096
42 46 25 26 4 0 100 15.543 10.380
42 46 26 27 4 0 100 17.120 10.516
42 46 27 28 4 0 100 24.041 10.658
42 46 28 29 4 0 100 16.526 10.858
42 46 29 30 4 0 100 26.512 11.700
42 46 30 31 4 0 100 26.725 10.895
42 46 31 32 4 0 100 29.873 11.086
42 46 32 33 4 0 100 18.594 11.077
42 46 33 34 4 0 100 25.175 11.764
42 46 34 35 4 0 100 50.000 12.400
42 46 35 36 4 0 100 36.522 12.012
42 46 36 37 4 0 100 50.000 12.791
42 46 37 38 4 0 100 1.205 100.000
42 46 38 39 4 0 100 50.000 13.202
42 46 39 40 4 0 100 1.409 100.000
42 46 40 41 4 0 100 50.000 13.671
42 46 41 42 4 0 100 50.000 12.367
42 46 42 43 4 0 100 50.000 13.965
42 46 43 44 4 0 100 50.000 12.792
42 46 44 100 4 0 100 1.577 100.000
46 51 0 1 4 0 100 1.652 100.000
46 51 1 2 4 0 100 21.090 5.118
46 51 2 3 4 0 100 11.170 5.884
46 51 3 4 4 0 100 10.409 6.135
46 51 4 5 4 0 100 9.303 6.350
46 51 5 6 4 0 100 8.840 6.387
46 51 6 7 4 0 100 10.372 6.591
46 51 7 8 4 0 100 10.474 6.882
46 51 8 9 4 0 100 10.743 7.113
46 51 9 10 4 0 100 10.550 7.226
46 51 10 11 4 0 100 10.967 7.421
46 51 11 12 4 0 100 11.384 7.612
46 51 12 13 4 0 100 11.091 7.790
46 51 13 14 4 0 100 11.465 8.036
46 51 14 15 4 0 100 10.879 8.224
46 51 15 16 4 0 100 11.039 8.460
46 51 16 17 4 0 100 11.672 8.562
46 51 17 18 4 0 100 12.623 8.736
46 51 18 19 4 0 100 12.072 9.086
46 51 19 20 4 0 100 12.650 9.232
46 51 20 21 4 0 100 13.351 9.450
46 51 21 22 4 0 100 15.090 9.763
46 51 22 23 4 0 100 13.496 9.810
46 51 23 24 4 0 100 16.353 10.048
46 51 24 25 4 0 100 17.566 10.459
46 51 25 26 4 0 100 15.070 10.204
46 51 26 27 4 0 100 18.383 10.526
46 51 27 28 4 0 100 21.265 11.068
46 51 28 29 4 0 100 18.514 11.213
46 51 29 30 4 0 100 16.998 10.542
46 51 30 31 4 0 100 25.164 11.434
46 51 31 32 4 0 100 21.770 10.988
46 51 32 33 4 0 100 39.403 12.216
46 51 33 34 4 0 100 27.841 12.142
46 51 34 35 4 0 100 50.000 12.117
46 51 35 36 4 0 100 40.909 12.721
46 51 36 37 4 0 100 50.000 13.465
46 51 37 38 4 0 100 44.761 12.309
46 51 38 39 4 0 100 50.000 12.660
46 51 39 40 4 0 100 50.000 11.599
46 51 40 41 4 0 100 1.361 100.000
46 51 41 42 4 0 100 50.000 14.850
46 51 42 43 4 0 100 50.000 12.364
46 51 43 44 4 0 100 1.467 100.000
46 51 44 100 4 0 100 1.506 100.000
51 56 0 1 4 0 100 50.000 4.806
51 56 1 2 4 0 100 15.484 4.990
51 56 2 3 4 0 100 10.450 5.845
51 56 3 4 4 0 100 11.222 6.163
51 56 4 5 4 0 100 10.569 6.554
51 56 5 6 4 0 100 11.292 6.673
51 56 6 7 4 0 100 9.497 6.853
51 56 7 8 4 0 100 9.918 7.065
51 56 8 9 4 0 100 10.640 7.251
51 56 9 10 4 0 100 10.977 7.372
51 56 10 11 4 0 100 10.801 7.523
51 56 11 12 4 0 100 10.930 7.761
51 56 12 13 4 0 100 10.869 8.007
51 56 13 14 4 0 100 11.840 8.152
51 56 14 15 4 0 100 11.557 8.423
51 56 15 16 4 0 100 11.941 8.660
51 56 16 17 4 0 100 12.671 8.813
51 56 17 18 4 0 100 12.480 9.122
51 56 18 19 4 0 100 12.711 9.212
51 56 19 20 4 0 100 12.993 9.374
51 56 20 21 4 0 100 13.209 9.677
51 56 21 22 4 0 100 13.910 9.975
51 56 22 23 4 0 100 13.832 10.128
51 56 23 24 4 0 100 16.413 10.501
51 56 24 25 4 0 100 16.492 10.477
51 56 25 26 4 0 100 18.097 10.389
51 56 26 27 4 0 100 17.767 10.852
51 56 27 28 4 0 100 20.786 11.109
51 56 28 29 4 0 100 26.504 11.004
51 56 29 30 4 0 100 17.559 11.331
51 56 30 31 4 0 100 26.210 12.018
51 56 31 32 4 0 100 22.619 10.599
51 56 32 33 4 0 100 33.795 11.314
51 56 33 34 4 0 100 29.629 12.289
51 56 34 35 4 0 100 50.000 10.686
51 56 35 36 4 0 100 29.361 12.161
51 56 36 37 4 0 100 50.000 12.539
51 56 37 38 4 0 100 50.000 11.353
51 56 38 39 4 0 100 50.000 12.150
51 56 39 40 4 0 100 50.000 13.606
51 56 40 41 4 0 100 50.000 14.448
51 56 42 43 4 0 100 1.549 100.000
51 56 43 44 4 0 100 1.456 100.000
51 56 44 100 4 0 100 1.564 100.000
56 61 0 1 4 0 100 50.000 6.277
56 61 1 2 4 0 100 21.383 5.140
56 61 2 3 4 0 100 11.141 6.478
56 61 3 4 4 0 100 13.057 5.990
56 61 4 5 4 0 100 9.272 6.418
56 61 5 6 4 0 100 10.957 6.601
56 61 6 7 4 0 100 11.077 6.953
56 61 7 8 4 0 100 10.526 7.169
56 61 8 9 4 0 100 9.692 7.330
56 61 9 10 4 0 100 11.462 7.551
56 61 10 11 4 0 100 11.213 7.730
56 61 11 12 4 0 100 11.461 7.998
56 61 12 13 4 0 100 11.748 8.082
56 61 13 14 4 0 100 11.408 8.246
56 61 14 15 4 0 100 11.781 8.484
56 61 15 16 4 0 100 12.691 8.703
56 61 16 17 4 0 100 12.335 9.000
56 61 17 18 4 0 100 13.715 9.161
56 61 18 19 4 0 100 12.823 9.118
56 61 19 20 4 0 100 13.192 9.623
56 61 20 21 4 0 100 14.952 9.905
56 61 21 22 4 0 100 14.397 10.054
56 61 22 23 4 0 100 16.591 10.296
56 61 23 24 4 0 100 17.538 10.220
56 61 24 25 4 0 100 17.088 10.980
56 61 25 26 4 0 100 14.324 10.904
56 61 26 27 4 0 100 20.648 10.903
56 61 27 28 4 0 100 27.226 11.121
56 61 28 29 4 0 100 21.471 11.021
56 61 29 30 4 0 100 19.764 11.093
56 61 30 31 4 0 100 32.166 11.566
56 61 31 32 4 0 100 20.154 11.953
56 61 32 33 4 0 100 43.456 11.899
56 61 33 34 4 0 100 39.644 11.478
56 61 34 35 4 0 100 50.000 12.249
56 61 35 36 4 0 100 41.991 12.981
56 61 36 37 4 0 100 50.000 12.789
56 61 37 38 4 0 100 36.717 11.692
56 61 38 39 4 0 100 50.000 13.230
56 61 39 40 4 0 100 50.000 13.822
56 61 41 42 4 0 100 1.443 100.000
56 61 43 44 4 0 100 1.573 100.000
56 61 44 100 4 0 100 1.690 100.000
61 67 0 1 4 0 100 1.485 100.000
61 67 1 2 4 0 100 22.239 5.473
61 67 2 3 4 0 100 14.814 6.131
61 67 3 4 4 0 100 13.025 6.375
61 67 4 5 4 0 100 11.002 6.752
61 67 5 6 4 0 100 11.056 6.913
61 67 6 7 4 0 100 9.668 7.076
61 67 7 8 4 0 100 10.307 7.252
61 67 8 9 4 0 100 10.668 7.458
61 67 9 10 4 0 100 10.452 7.600
61 67 10 11 4 0 100 10.945 7.864
61 67 11 12 4 0 100 10.656 8.151
61 67 12 13 4 0 100 11.480 8.303
61 67 13 14 4 0 100 11.955 8.630
61 67 14 15 4 0 100 12.354 8.730
61 67 15 16 4 0 100 12.104 8.853
61 67 16 17 4 0 100 13.214 9.120
61 67 17 18 4 0 100 14.221 9.413
61 67 18 19 4 0 100 13.295 9.437
61 67 19 20 4 0 100 15.050 9.914
61 67 20 21 4 0 100 14.530 9.914
61 67 21 22 4 0 100 15.320 10.185
61 67 22 23 4 0 100 15.862 10.336
61 67 23 24 4 0 100 16.507 10.486
61 67 24 25 4 0 100 15.026 10.752
61 67 25 26 4 0 100 17.498 10.828
61 67 26 27 4 0 100 18.983 11.540
61 67 27 28 4 0 100 19.635 11.399
61 67 28 29 4 0 100 19.819 11.512
61 67 29 30 4 0 100 21.128 11.875
61 67 30 31 4 0 100 41.079 12.487
61 67 31 32 4 0 100 23.921 11.711
61 67 32 33 4 0 100 25.292 12.806
61 67 33 34 4 0 100 31.444 12.325
61 67 34 35 4 0 100 50.000 12.739
61 67 35 36 4 0 100 50.000 11.611
61 67 36 37 4 0 100 29.684 12.430
61 67 37 38 4 0 100 40.031 12.550
61 67 38 39 4 0 100 50.000 12.817
61 67 39 40 4 0 100 50.000 12.399
61 67 40 41 4 0 100 1.320 100.000
61 67 41 42 4 0 100 50.000 15.279
61 67 42 43 4 0 100 1.562 100.000
61 67 43 100 4 0 100 1.519 100.000
67 73 1 2 4 0 100 23.798 6.086
67 73 2 3 4 0 100 10.259 6.632
67 73 3 4 4 0 100 11.153 6.584
67 73 4 5 4 0 100 10.533 6.810
67 73 5 6 4 0 100 10.873 6.969
67 73 6 7 4 0 100 9.805 7.146
67 73 7 8 4 0 100 10.310 7.417
67 73 8 9 4 0 100 11.170 7.737
67 73 9 10 4 0 100 10.359 7.787
67 73 10 11 4 0 100 11.148 8.206
67 73 11 12 4 0 100 11.395 8.205
67 73 12 13 4 0 100 11.123 8.473
67 73 13 14 4 0 100 11.657 8.749
67 73 14 15 4 0 100 12.719 8.824
67 73 15 16 4 0 100 12.161 9.077
67 73 16 17 4 0 100 12.125 9.319
67 73 17 18 4 0 100 13.127 9.435
67 73 18 19 4 0 100 13.294 9.617
67 73 19 20 4 0 100 14.377 9.868
67 73 20 21 4 0 100 14.309 10.124
67 73 21 22 4 0 100 13.585 10.233
67 73 22 23 4 0 100 16.365 10.508
67 73 23 24 4 0 100 17.616 10.594
67 73 24 25 4 0 100 14.993 10.781
67 73 25 26 4 0 100 25.426 11.017
67 73 26 27 4 0 100 18.151 10.818
67 73 27 28 4 0 100 23.832 11.480
67 73 28 29 4 0 100 28.633 12.046
67 73 29 30 4 0 100 22.204 11.577
67 73 30 31 4 0 100 26.472 12.330
67 73 31 32 4 0 100 40.831 12.811
67 73 32 33 4 0 100 50.000 12.225
67 73 33 34 4 0 100 50.000 12.685
67 73 34 35 4 0 100 44.962 12.343
67 73 35 36 4 0 100 50.000 13.608
67 73 36 37 4 0 100 50.000 12.154
67 73 37 38 4 0 100 50.000 13.614
67 73 38 39 4 0 100 50.000 10.287
67 73 39 40 4 0 100 1.416 100.000
67 73 40 41 4 0 100 50.000 14.721
67 73 41 42 4 0 100 1.454 100.000
67 73 42 43 4 0 100 1.414 100.000
67 73 43 100 4 0 100 1.412 100.000
73 81 0 1 4 0 100 50.000 5.877
73 81 1 2 4 0 100 15.134 6.151
73 81 2 3 4 0 100 15.410 6.187
73 81 3 4 4 0 100 13.931 6.790
73 81 4 5 4 0 100 11.413 6.982
73 81 5 6 4 0 100 10.655 7.209
73 81 6 7 4 0 100 10.984 7.420
73 81 7 8 4 0 100 10.544 7.537
73 81 8 9 4 0 100 11.084 7.758
73 81 9 10 4 0 100 10.248 7.995
73 81 10 11 4 0 100 12.006 8.337
73 81 11 12 4 0 100 11.158 8.406
73 81 12 13 4 0 100 11.753 8.452
73 81 13 14 4 0 100 12.273 8.890
73 81 14 15 4 0 100 13.081 9.120
73 81 15 16 4 0 100 12.682 9.309
73 81 16 17 4 0 100 13.939 9.471
73 81 17 18 4 0 100 12.978 9.619
73 81 18 19 4 0 100 13.977 9.718
73 81 19 20 4 0 100 14.374 10.057
73 81 20 21 4 0 100 14.565 10.198
73 81 21 22 4 0 100 16.025 10.692
73 81 22 23 4 0 100 16.171 10.819
73 81 23 24 4 0 100 17.206 10.937
73 81 24 25 4 0 100 18.836 11.127
73 81 25 26 4 0 100 17.884 11.179
73 81 26 27 4 0 100 23.429 11.469
73 81 27 28 4 0 100 20.245 11.857
73 81 28 29 4 0 100 23.810 11.883
73 81 29 30 4 0 100 29.194 11.929
73 81 30 31 4 0 100 39.741 12.332
73 81 31 32 4 0 100 31.836 12.474
73 81 32 33 4 0 100 30.636 11.869
73 81 33 34 4 0 100 44.737 12.612
73 81 34 35 4 0 100 50.000 12.910
73 81 35 36 4 0 100 50.000 13.696
73 81 36 37 4 0 100 50.000 12.173
73 81 37 38 4 0 100 50.000 12.573
73 81 38 39 4 0 100 50.000 11.983
73 81 39 40 4 0 100 50.000 13.357
73 81 40 41 4 0 100 50.000 14.135
73 81 41 42 4 0 100 1.571 100.000
73 81 42 43 4 0 100 50.000 14.169
73 81 43 44 4 0 100 50.000 13.981
73 81 44 100 4 0 100 1.466 100.000
81 88 0 1 4 0 100 50.000 5.465
81 88 1 2 4 0 100 50.000 5.203
81 88 2 3 4 0 100 17.864 6.910
81 88 3 4 4 0 100 12.547 6.490
81 88 4 5 4 0 100 12.552 7.164
81 88 5 6 4 0 100 11.929 7.325
81 88 6 7 4 0 100 11.162 7.527
81 88 7 8 4 0 100 10.661 7.783
81 88 8 9 4 0 100 10.444 7.954
81 88 9 10 4 0 100 11.062 8.142
81 88 10 11 4 0 100 12.775 8.484
81 88 11 12 4 0 100 11.944 8.409
81 88 12 13 4 0 100 11.349 8.639
81 88 13 14 4 0 100 12.103 8.946
81 88 14 15 4 0 100 12.964 9.273
81 88 15 16 4 0 100 15.405 9.310
81 88 16 17 4 0 100 13.577 9.541
81 88 17 18 4 0 100 13.788 9.841
81 88 18 19 4 0 100 15.218 10.077
81 88 19 20 4 0 100 14.380 10.132
81 88 20 21 4 0 100 15.255 10.589
81 88 21 22 4 0 100 13.938 10.815
81 88 22 23 4 0 100 17.105 10.896
81 88 23 24 4 0 100 18.424 11.029
81 88 24 25 4 0 100 15.517 11.190
81 88 25 26 4 0 100 16.583 11.396
81 88 26 27 4 0 100 25.624 11.493
81 88 27 28 4 0 100 22.893 11.606
81 88 28 29 4 0 100 41.075 12.336
81 88 29 30 4 0 100 33.897 11.902
81 88 30 31 4 0 100 34.920 13.138
81 88 31 32 4 0 100 50.000 11.735
81 88 32 33 4 0 100 50.000 13.162
81 88 33 34 4 0 100 50.000 12.905
81 88 34 35 4 0 100 50.000 11.509
81 88 35 36 4 0 100 50.000 12.911
81 88 36 37 4 0 100 50.000 11.550
81 88 37 38 4 0 100 1.355 100.000
81 88 38 39 4 0 100 50.000 11.983
81 88 40 41 4 0 100 50.000 11.576
81 88 41 42 4 0 100 1.505 100.000
81 88 42 43 4 0 100 1.574 100.000
81 88 43 100 4 0 100 50.000 12.249
88 97 1 2 4 0 100 36.274 5.891
88 97 2 3 4 0 100 13.533 6.717
88 97 3 4 4 0 100 13.063 6.642
88 97 4 5 4 0 100 9.138 7.027
88 97 5 6 4 0 100 9.965 7.369
88 97 6 7 4 0 100 10.492 7.607
88 97 7 8 4 0 100 10.939 7.801
88 97 8 9 4 0 100 10.871 8.035
88 97 9 10 4 0 100 11.102 8.271
88 97 10 11 4 0 100 11.521 8.468
88 97 11 12 4 0 100 12.416 8.748
88 97 12 13 4 0 100 12.392 8.979
88 97 13 14 4 0 100 12.751 9.131
88 97 14 15 4 0 100 12.587 9.296
88 97 15 16 4 0 100 13.165 9.590
88 97 16 17 4 0 100 14.323 9.935
88 97 17 18 4 0 100 13.594 9.946
88 97 18 19 4 0 100 14.124 10.293
88 97 19 20 4 0 100 14.996 10.175
88 97 20 21 4 0 100 15.347 10.553
88 97 21 22 4 0 100 15.027 10.752
88 97 22 23 4 0 100 16.937 10.852
88 97 23 24 4 0 100 15.373 11.279
88 97 24 25 4 0 100 16.881 11.533
88 97 25 26 4 0 100 17.448 11.659
88 97 26 27 4 0 100 23.950 11.490
88 97 27 28 4 0 100 22.645 11.733
88 97 28 29 4 0 100 22.710 12.089
88 97 29 30 4 0 100 29.533 11.712
88 97 30 31 4 0 100 29.202 12.108
88 97 31 32 4 0 100 34.019 11.901
88 97 32 33 4 0 100 50.000 12.804
88 97 33 34 4 0 100 50.000 12.562
88 97 34 35 4 0 100 48.876 12.458
88 97 35 36 4 0 100 50.000 11.754
88 97 36 37 4 0 100 50.000 13.636
88 97 37 38 4 0 100 50.000 14.054
88 97 39 40 4 0 100 50.000 14.859
88 97 40 41 4 0 100 50.000 12.377
88 97 41 42 4 0 100 1.439 100.000
88 97 42 100 4 0 100 50.000 13.705
97 106 0 1 4 0 100 50.000 5.465
97 106 1 2 4 0 100 38.271 5.884
97 106 2 3 4 0 100 21.293 7.138
97 106 3 4 4 0 100 13.111 6.904
97 106 4 5 4 0 100 10.599 7.401
97 106 5 6 4 0 100 12.023 7.301
97 106 6 7 4 0 100 11.726 7.922
97 106 7 8 4 0 100 11.146 8.025
97 106 8 9 4 0 100 11.635 8.367
97 106 9 10 4 0 100 11.983 8.413
97 106 10 11 4 0 100 11.936 8.761
97 106 11 12 4 0 100 11.988 8.811
97 106 12 13 4 0 100 12.819 9.196
97 106 13 14 4 0 100 12.887 9.309
97 106 14 15 4 0 100 13.911 9.406
97 106 15 16 4 0 100 13.069 9.881
97 106 16 17 4 0 100 14.702 9.937
97 106 17 18 4 0 100 15.346 10.155
97 106 18 19 4 0 100 15.503 10.405
97 106 19 20 4 0 100 16.422 10.421
97 106 20 21 4 0 100 17.694 10.643
97 106 21 22 4 0 100 17.894 10.811
97 106 22 23 4 0 100 16.539 10.968
97 106 23 24 4 0 100 18.039 11.252
97 106 24 25 4 0 100 21.037 11.482
97 106 25 26 4 0 100 23.244 11.864
97 106 26 27 4 0 100 27.882 11.908
97 106 27 28 4 0 100 31.343 11.491
97 106 28 29 4 0 100 22.471 12.060
97 106 29 30 4 0 100 32.867 12.537
97 106 30 31 4 0 100 35.187 12.563
97 106 31 32 4 0 100 47.963 12.726
97 106 32 33 4 0 100 24.460 11.808
97 106 33 34 4 0 100 50.000 13.990
97 106 34 35 4 0 100 50.000 12.142
97 106 35 36 4 0 100 1.365 100.000
97 106 36 37 4 0 100 1.335 100.000
97 106 38 39 4 0 100 1.364 100.000
97 106 39 40 4 0 100 1.400 100.000
97 106 40 41 4 0 100 1.357 100.000
97 106 42 100 4 0 100 1.470 100.000
106 116 1 2 4 0 100 50.000 6.676
106 116 2 3 4 0 100 19.694 7.477
106 116 3 4 4 0 100 12.257 6.875
106 116 4 5 4 0 100 13.024 7.584
106 116 5 6 4 0 100 15.316 7.540
106 116 6 7 4 0 100 10.892 7.805
106 116 7 8 4 0 100 11.807 7.816
106 116 8 9 4 0 100 11.382 8.262
106 116 9 10 4 0 100 12.770 8.593
106 116 10 11 4 0 100 12.621 8.560
106 116 11 12 4 0 100 11.762 8.940
106 116 12 13 4 0 100 13.885 9.061
106 116 13 14 4 0 100 13.415 9.388
106 116 14 15 4 0 100 14.194 9.636
106 116 15 16 4 0 100 14.471 9.802
106 116 16 17 4 0 100 13.688 10.006
106 116 17 18 4 0 100 15.833 10.125
106 116 18 19 4 0 100 14.750 10.418
106 116 19 20 4 0 100 15.990 10.583
106 116 20 21 4 0 100 16.853 10.733
106 116 21 22 4 0 100 21.500 11.001
106 116 22 23 4 0 100 23.492 11.242
106 116 23 24 4 0 100 23.244 11.375
106 116 24 25 4 0 100 23.082 11.003
106 116 25 26 4 0 100 28.843 11.319
106 116 26 27 4 0 100 23.589 12.187
106 116 27 28 4 0 100 24.962 12.038
106 116 28 29 4 0 100 48.948 12.579
106 116 29 30 4 0 100 35.683 11.489
106 116 30 31 4 0 100 31.509 11.902
106 116 31 32 4 0 100 50.000 12.570
106 116 32 33 4 0 100 50.000 14.015
106 116 33 34 4 0 100 45.120 12.543
106 116 34 35 4 0 100 50.000 13.322
106 116 35 36 4 0 100 50.000 11.447
106 116 36 37 4 0 100 50.000 12.146
106 116 37 38 4 0 100 50.000 13.613
106 116 38 39 4 0 100 1.308 100.000
106 116 39 40 4 0 100 1.509 100.000
106 116 42 43 4 0 100 1.531 100.000
106 116 43 44 4 0 100 1.643 100.000
106 116 44 100 4 0 100 1.687 100.000
116 127 1 2 4 0 100 50.000 6.933
116 127 2 3 4 0 100 13.419 7.015
116 127 3 4 4 0 100 17.471 7.574
116 127 4 5 4 0 100 16.044 7.300
116 127 5 6 4 0 100 12.063 7.712
116 127 6 7 4 0 100 14.315 8.239
116 127 7 8 4 0 100 13.639 8.065
116 127 8 9 4 0 100 11.152 8.318
116 127 9 10 4 0 100 11.938 8.734
116 127 10 11 4 0 100 12.092 8.877
116 127 11 12 4 0 100 13.768 9.091
116 127 12 13 4 0 100 13.439 9.324
116 127 13 14 4 0 100 13.552 9.543
116 127 14 15 4 0 100 16.493 9.863
116 127 15 16 4 0 100 13.958 9.717
116 127 16 17 4 0 100 14.582 10.132
116 127 17 18 4 0 100 15.207 10.179
116 127 18 19 4 0 100 18.023 10.852
116 127 19 20 4 0 100 14.593 10.704
116 127 20 21 4 0 100 18.103 10.821
116 127 21 22 4 0 100 19.893 11.210
116 127 22 23 4 0 100 20.143 11.500
116 127 23 24 4 0 100 20.415 11.118
116 127 24 25 4 0 100 26.730 11.115
116 127 25 26 4 0 100 22.595 12.180
116 127 26 27 4 0 100 21.058 12.052
116 127 27 28 4 0 100 27.349 12.100
116 127 28 29 4 0 100 26.898 11.615
116 127 29 30 4 0 100 32.285 12.743
116 127 30 31 4 0 100 42.508 12.796
116 127 31 32 4 0 100 48.977 11.867
116 127 32 33 4 0 100 50.000 12.829
116 127 33 34 4 0 100 1.239 100.000
116 127 34 35 4 0 100 50.000 12.786
116 127 35 36 4 0 100 50.000 13.628
116 127 36 37 4 0 100 50.000 13.842
116 127 37 38 4 0 100 50.000 12.784
116 127 38 39 4 0 100 1.396 100.000
116 127 40 41 4 0 100 1.455 100.000
116 127 41 42 4 0 100 50.000 14.485
116 127 42 100 4 0 100 50.000 15.634
127 4000 1 2 4 0 100 13.002 6.782
127 4000 2 3 4 0 100 12.265 7.302
127 4000 3 4 4 0 100 12.283 7.426
127 4000 4 5 4 0 100 10.527 7.883
127 4000 5 6 4 0 100 11.945 7.896
127 4000 6 7 4 0 100 12.232 8.353
127 4000 7 8 4 0 100 11.409 8.603
127 4000 8 9 4 0 100 11.117 8.932
127 4000 9 10 4 0 100 12.557 8.964
127 4000 10 11 4 0 100 13.120 9.299
127 4000 11 12 4 0 100 13.313 9.436
127 4000 12 13 4 0 100 13.750 9.645
127 4000 13 14 4 0 100 14.116 9.897
127 4000 14 15 4 0 100 14.696 10.042
127 4000 15 16 4 0 100 15.084 10.474
127 4000 16 17 4 0 100 15.722 10.554
127 4000 17 18 4 0 100 16.764 10.828
127 4000 18 19 4 0 100 15.521 10.956
127 4000 19 20 4 0 100 16.937 11.159
127 4000 20 21 4 0 100 17.444 11.429
127 4000 21 22 4 0 100 16.448 11.409
127 4000 22 23 4 0 100 16.399 11.649
127 4000 23 24 4 0 100 18.591 11.984
127 4000 24 25 4 0 100 21.063 12.068
127 4000 25 26 4 0 100 20.642 12.161
127 4000 26 27 4 0 100 24.059 12.595
127 4000 27 28 4 0 100 26.319 12.841
127 4000 28 29 4 0 100 25.242 12.817
127 4000 29 30 4 0 100 24.983 12.519
127 4000 30 31 4 0 100 26.725 12.329
127 4000 31 32 4 0 100 31.025 12.535
127 4000 32 33 4 0 100 35.962 12.838
127 4000 33 34 4 0 100 40.545 14.082
127 4000 34 35 4 0 100 49.841 12.804
127 4000 35 36 4 0 100 46.371 13.739
127 4000 37 38 4 0 100 50.000 11.745
127 4000 38 39 4 0 100 50.000 13.214
127 4000 39 40 4 0 100 50.000 13.467
127 4000 43 44 4 0 100 1.407 100.000
127 4000 44 100 4 0 100 1.437 100.000
[gluon]
{2 JetPt Rho 1 x TMath::Exp(-1.*x*[0]/[1])*TMath::Power(x,[0]-1)*TMath::Power([1]/[0],-1.*[0])/TMath::Gamma([0]) Correction QGL_nPFCand_QC_ptCut_F_gluon}
20 22 0 1 4 0 100 16.633 3.356
20 22 1 2 4 0 100 29.417 4.517
20 22 2 3 4 0 100 11.021 4.555
20 22 3 4 4 0 100 16.406 4.724
20 22 4 5 4 0 100 13.860 5.235
20 22 5 6 4 0 100 13.687 5.416
20 22 6 7 4 0 100 14.711 5.673
20 22 7 8 4 0 100 13.979 5.660
20 22 8 9 4 0 100 14.894 5.920
20 22 9 10 4 0 100 14.567 6.102
20 22 10 11 4 0 100 14.547 6.333
20 22 11 12 4 0 100 15.868 6.570
20 22 12 13 4 0 100 15.729 6.712
20 22 13 14 4 0 100 14.082 6.913
20 22 14 15 4 0 100 17.489 7.153
20 22 15 16 4 0 100 15.724 7.404
20 22 16 17 4 0 100 16.572 7.807
20 22 17 18 4 0 100 16.531 8.158
20 22 18 19 4 0 100 19.188 8.183
20 22 19 20 4 0 100 18.946 8.427
20 22 20 21 4 0 100 18.993 8.576
20 22 21 22 4 0 100 21.751 8.743
20 22 22 23 4 0 100 31.052 8.841
20 22 23 24 4 0 100 20.441 9.706
20 22 24 25 4 0 100 22.256 9.596
20 22 25 26 4 0 100 29.497 9.308
20 22 26 27 4 0 100 29.577 10.269
20 22 27 28 4 0 100 50.000 10.920
20 22 28 29 4 0 100 33.009 10.626
20 22 29 30 4 0 100 50.000 10.526
20 22 30 31 4 0 100 50.000 11.235
20 22 31 32 4 0 100 50.000 12.147
20 22 32 33 4 0 100 50.000 11.055
20 22 33 34 4 0 100 50.000 11.325
20 22 34 35 4 0 100 50.000 13.393
20 22 35 36 4 0 100 50.000 15.081
20 22 36 37 4 0 100 50.000 13.393
20 22 37 38 4 0 100 1.400 100.000
20 22 38 39 4 0 100 50.000 12.561
20 22 39 40 4 0 100 1.371 100.000
20 22 40 41 4 0 100 1.559 100.000
20 22 43 100 4 0 100 1.687 100.000
22 25 0 1 4 0 100 1.393 100.000
22 25 1 2 4 0 100 47.226 5.608
22 25 2 3 4 0 100 12.827 5.277
22 25 3 4 4 0 100 11.413 5.198
22 25 4 5 4 0 100 13.182 5.636
22 25 5 6 4 0 100 15.325 5.763
22 25 6 7 4 0 100 13.695 5.941
22 25 7 8 4 0 100 15.224 6.109
22 25 8 9 4 0 100 15.043 6.277
22 25 9 10 4 0 100 14.155 6.569
22 25 10 11 4 0 100 15.133 6.726
22 25 11 12 4 0 100 14.867 6.911
22 25 12 13 4 0 100 14.062 7.249
22 25 13 14 4 0 100 16.700 7.504
22 25 14 15 4 0 100 17.158 7.577
22 25 15 16 4 0 100 18.387 7.873
22 25 16 17 4 0 100 16.308 8.039
22 25 17 18 4 0 100 15.351 8.318
22 25 18 19 4 0 100 18.122 8.484
22 25 19 20 4 0 100 17.897 8.838
22 25 20 21 4 0 100 18.700 9.046
22 25 21 22 4 0 100 19.587 9.285
22 25 22 23 4 0 100 19.702 9.794
22 25 23 24 4 0 100 20.698 9.679
22 25 24 25 4 0 100 24.534 9.997
22 25 25 26 4 0 100 19.825 10.121
22 25 26 27 4 0 100 33.211 10.733
22 25 27 28 4 0 100 31.260 10.077
22 25 28 29 4 0 100 33.813 10.204
22 25 29 30 4 0 100 36.786 10.261
22 25 30 31 4 0 100 50.000 11.538
22 25 31 32 4 0 100 50.000 12.214
22 25 32 33 4 0 100 50.000 11.177
22 25 33 34 4 0 100 44.873 10.496
22 25 34 35 4 0 100 50.000 12.548
22 25 35 36 4 0 100 50.000 10.278
22 25 36 37 4 0 100 50.000 13.603
22 25 37 38 4 0 100 50.000 13.393
22 25 38 39 4 0 100 1.480 100.000
22 25 39 40 4 0 100 1.509 100.000
22 25 40 41 4 0 100 1.457 100.000
22 25 41 42 4 0 100 1.505 100.000
22 25 42 43 4 0 100 1.629 100.000
22 25 43 44 4 0 100 1.687 100.000
22 25 44 100 4 0 100 1.694 100.000
25 27 0 1 4 0 100 50.000 7.125
25 27 1 2 4 0 100 43.643 4.960
25 27 2 3 4 0 100 28.941 5.741
25 27 3 4 4 0 100 14.392 5.589
25 27 4 5 4 0 100 14.309 6.002
25 27 5 6 4 0 100 14.887 6.102
25 27 6 7 4 0 100 15.485 6.329
25 27 7 8 4 0 100 13.924 6.523
25 27 8 9 4 0 100 13.807 6.797
25 27 9 10 4 0 100 14.088 6.769
25 27 10 11 4 0 100 14.211 7.082
25 27 11 12 4 0 100 14.624 7.312
25 27 12 13 4 0 100 15.968 7.582
25 27 13 14 4 0 100 16.850 7.660
25 27 14 15 4 0 100 16.967 8.037
25 27 15 16 4 0 100 16.248 8.162
25 27 16 17 4 0 100 18.386 8.285
25 27 17 18 4 0 100 18.370 8.595
25 27 18 19 4 0 100 18.636 8.913
25 27 19 20 4 0 100 19.126 9.247
25 27 20 21 4 0 100 18.799 9.418
25 27 21 22 4 0 100 23.508 9.658
25 27 22 23 4 0 100 23.211 9.433
25 27 23 24 4 0 100 23.397 10.154
25 27 24 25 4 0 100 23.266 10.459
25 27 25 26 4 0 100 26.470 10.395
25 27 26 27 4 0 100 35.383 10.793
25 27 27 28 4 0 100 46.163 10.648
25 27 28 29 4 0 100 39.786 10.992
25 27 29 30 4 0 100 44.954 11.054
25 27 30 31 4 0 100 33.685 11.050
25 27 31 32 4 0 100 46.962 12.168
25 27 32 33 4 0 100 50.000 12.177
25 27 33 34 4 0 100 50.000 12.641
25 27 34 35 4 0 100 50.000 9.658
25 27 35 36 4 0 100 1.396 100.000
25 27 36 37 4 0 100 50.000 14.054
25 27 37 38 4 0 100 50.000 14.506
25 27 38 39 4 0 100 1.452 100.000
25 27 39 40 4 0 100 1.469 100.000
25 27 40 41 4 0 100 1.419 100.000
25 27 41 42 4 0 100 1.627 100.000
25 27 42 43 4 0 100 1.625 100.000
25 27 43 100 4 0 100 1.696 100.000
27 29 0 1 4 0 100 1.636 100.000
27 29 1 2 4 0 100 32.637 6.426
27 29 2 3 4 0 100 16.083 5.927
27 29 3 4 4 0 100 17.005 5.796
27 29 4 5 4 0 100 12.925 5.862
27 29 5 6 4 0 100 16.160 6.562
27 29 6 7 4 0 100 15.553 6.530
27 29 7 8 4 0 100 16.246 6.660
27 29 8 9 4 0 100 13.468 6.906
27 29 9 10 4 0 100 13.781 7.123
27 29 10 11 4 0 100 14.586 7.479
27 29 11 12 4 0 100 16.633 7.700
27 29 12 13 4 0 100 13.986 7.776
27 29 13 14 4 0 100 15.560 8.094
27 29 14 15 4 0 100 14.672 8.245
27 29 15 16 4 0 100 19.134 8.642
27 29 16 17 4 0 100 18.045 8.767
27 29 17 18 4 0 100 17.567 8.905
27 29 18 19 4 0 100 18.005 9.110
27 29 19 20 4 0 100 18.341 9.324
27 29 20 21 4 0 100 18.842 9.682
27 29 21 22 4 0 100 25.938 9.887
27 29 22 23 4 0 100 20.513 10.018
27 29 23 24 4 0 100 18.486 10.235
27 29 24 25 4 0 100 24.691 10.485
27 29 25 26 4 0 100 20.580 10.721
27 29 26 27 4 0 100 35.846 10.910
27 29 27 28 4 0 100 30.173 11.089
27 29 28 29 4 0 100 32.344 11.021
27 29 29 30 4 0 100 26.604 11.497
27 29 30 31 4 0 100 50.000 11.500
27 29 31 32 4 0 100 41.757 12.155
27 29 32 33 4 0 100 50.000 12.143
27 29 33 34 4 0 100 50.000 12.537
27 29 34 35 4 0 100 50.000 12.399
27 29 35 36 4 0 100 50.000 11.576
27 29 36 37 4 0 100 1.280 100.000
27 29 37 38 4 0 100 50.000 15.478
27 29 38 39 4 0 100 50.000 12.637
27 29 39 40 4 0 100 1.471 100.000
27 29 40 41 4 0 100 1.625 100.000
27 29 41 42 4 0 100 1.638 100.000
27 29 43 44 4 0 100 1.689 100.000
27 29 44 100 4 0 100 1.687 100.000
29 32 0 1 4 0 100 50.000 5.878
29 32 1 2 4 0 100 34.449 6.062
29 32 2 3 4 0 100 15.230 6.106
29 32 3 4 4 0 100 10.826 6.295
29 32 4 5 4 0 100 13.451 6.368
29 32 5 6 4 0 100 13.063 6.530
29 32 6 7 4 0 100 14.250 6.889
29 32 7 8 4 0 100 14.010 7.027
29 32 8 9 4 0 100 14.332 7.288
29 32 9 10 4 0 100 16.160 7.600
29 32 10 11 4 0 100 14.660 7.660
29 32 11 12 4 0 100 15.163 7.929
29 32 12 13 4 0 100 15.723 8.137
29 32 13 14 4 0 100 17.093 8.386
29 32 14 15 4 0 100 16.865 8.729
29 32 15 16 4 0 100 16.565 8.667
29 32 16 17 4 0 100 16.194 8.971
29 32 17 18 4 0 100 16.465 9.249
29 32 18 19 4 0 100 19.321 9.589
29 32 19 20 4 0 100 16.932 9.485
29 32 20 21 4 0 100 18.517 9.821
29 32 21 22 4 0 100 21.024 10.078
29 32 22 23 4 0 100 20.836 10.292
29 32 23 24 4 0 100 20.301 10.531
29 32 24 25 4 0 100 24.124 10.862
29 32 25 26 4 0 100 23.093 11.042
29 32 26 27 4 0 100 30.597 11.202
29 32 27 28 4 0 100 27.115 10.955
29 32 28 29 4 0 100 30.352 11.294
29 32 29 30 4 0 100 45.753 11.845
29 32 30 31 4 0 100 29.732 11.759
29 32 31 32 4 0 100 40.320 12.620
29 32 32 33 4 0 100 50.000 12.673
29 32 33 34 4 0 100 50.000 13.611
29 32 34 35 4 0 100 50.000 12.148
29 32 35 36 4 0 100 40.566 12.032
29 32 36 37 4 0 100 50.000 11.992
29 32 37 38 4 0 100 50.000 14.485
29 32 38 39 4 0 100 1.465 100.000
29 32 39 40 4 0 100 1.360 100.000
29 32 40 41 4 0 100 1.433 100.000
29 32 41 42 4 0 100 50.000 11.953
29 32 42 43 4 0 100 1.623 100.000
29 32 43 44 4 0 100 1.629 100.000
29 32 44 100 4 0 100 1.689 100.000
32 35 0 1 4 0 100 50.000 5.465
32 35 1 2 4 0 100 44.805 6.331
32 35 2 3 4 0 100 38.969 6.799
32 35 3 4 4 0 100 14.422 6.727
32 35 4 5 4 0 100 13.052 6.686
32 35 5 6 4 0 100 15.664 7.185
32 35 6 7 4 0 100 14.990 7.119
32 35 7 8 4 0 100 14.901 7.353
32 35 8 9 4 0 100 13.955 7.618
32 35 9 10 4 0 100 14.565 7.719
32 35 10 11 4 0 100 14.735 8.109
32 35 11 12 4 0 100 15.581 8.252
32 35 12 13 4 0 100 14.788 8.523
32 35 13 14 4 0 100 16.742 8.822
32 35 14 15 4 0 100 14.647 8.802
32 35 15 16 4 0 100 15.368 9.081
32 35 16 17 4 0 100 18.131 9.248
32 35 17 18 4 0 100 18.709 9.586
32 35 18 19 4 0 100 19.001 9.903
32 35 19 20 4 0 100 19.344 9.931
32 35 20 21 4 0 100 20.841 10.313
32 35 21 22 4 0 100 20.317 10.302
32 35 22 23 4 0 100 21.525 10.442
32 35 23 24 4 0 100 22.556 10.913
32 35 24 25 4 0 100 21.699 11.033
32 35 25 26 4 0 100 24.752 11.062
32 35 26 27 4 0 100 33.623 10.957
32 35 27 28 4 0 100 40.264 11.839
32 35 28 29 4 0 100 38.971 11.675
32 35 29 30 4 0 100 42.823 12.361
32 35 30 31 4 0 100 33.422 11.839
32 35 31 32 4 0 100 45.727 12.459
32 35 32 33 4 0 100 50.000 12.140
32 35 33 34 4 0 100 50.000 14.235
32 35 34 35 4 0 100 48.115 13.131
32 35 35 36 4 0 100 9.031 14.360
32 35 36 37 4 0 100 50.000 12.153
32 35 37 38 4 0 100 50.000 13.838
32 35 38 39 4 0 100 1.442 100.000
32 35 39 40 4 0 100 1.442 100.000
32 35 40 41 4 0 100 1.511 100.000
32 35 41 42 4 0 100 50.000 14.775
32 35 42 43 4 0 100 1.690 100.000
32 35 43 44 4 0 100 1.627 100.000
32 35 44 100 4 0 100 1.571 100.000
35 39 0 1 4 0 100 50.000 7.125
35 39 1 2 4 0 100 11.030 5.896
35 39 2 3 4 0 100 14.781 6.553
35 39 3 4 4 0 100 15.191 6.837
35 39 4 5 4 0 100 16.381 6.973
35 39 5 6 4 0 100 13.664 7.195
35 39 6 7 4 0 100 12.903 7.409
35 39 7 8 4 0 100 14.334 7.665
35 39 8 9 4 0 100 15.676 7.813
35 39 9 10 4 0 100 13.894 8.014
35 39 10 11 4 0 100 14.908 8.233
35 39 11 12 4 0 100 15.920 8.477
35 39 12 13 4 0 100 15.796 8.621
35 39 13 14 4 0 100 15.950 8.935
35 39 14 15 4 0 100 16.108 9.146
35 39 15 16 4 0 100 17.924 9.415
35 39 16 17 4 0 100 17.455 9.749
35 39 17 18 4 0 100 18.447 9.723
35 39 18 19 4 0 100 19.596 10.039
35 39 19 20 4 0 100 18.450 10.136
35 39 20 21 4 0 100 19.830 10.430
35 39 21 22 4 0 100 20.846 10.608
35 39 22 23 4 0 100 21.703 10.816
35 39 23 24 4 0 100 23.775 10.889
35 39 24 25 4 0 100 24.289 11.421
35 39 25 26 4 0 100 22.358 11.667
35 39 26 27 4 0 100 23.245 11.275
35 39 27 28 4 0 100 29.699 11.844
35 39 28 29 4 0 100 41.252 11.981
35 39 29 30 4 0 100 28.818 12.133
35 39 30 31 4 0 100 41.421 12.971
35 39 31 32 4 0 100 33.763 12.236
35 39 32 33 4 0 100 40.355 12.777
35 39 33 34 4 0 100 49.334 12.484
35 39 34 35 4 0 100 39.664 13.448
35 39 35 36 4 0 100 50.000 12.146
35 39 36 37 4 0 100 50.000 13.599
35 39 37 38 4 0 100 50.000 12.795
35 39 38 39 4 0 100 1.403 100.000
35 39 39 40 4 0 100 50.000 14.989
35 39 40 41 4 0 100 50.000 12.547
35 39 41 42 4 0 100 50.000 15.957
35 39 42 43 4 0 100 1.511 100.000
35 39 43 44 4 0 100 1.536 100.000
35 39 44 100 4 0 100 1.521 100.000
39 42 0 1 4 0 100 50.000 5.877
39 42 1 2 4 0 100 23.408 5.978
39 42 2 3 4 0 100 27.721 6.858
39 42 3 4 4 0 100 13.625 6.964
39 42 4 5 4 0 100 14.053 7.151
39 42 5 6 4 0 100 14.019 7.375
39 42 6 7 4 0 100 14.656 7.750
39 42 7 8 4 0 100 13.377 7.748
39 42 8 9 4 0 100 13.495 8.045
39 42 9 10 4 0 100 16.642 8.234
39 42 10 11 4 0 100 15.480 8.443
39 42 11 12 4 0 100 15.845 8.689
39 42 12 13 4 0 100 16.287 8.953
39 42 13 14 4 0 100 16.340 9.242
39 42 14 15 4 0 100 17.773 9.327
39 42 15 16 4 0 100 15.989 9.738
39 42 16 17 4 0 100 18.403 9.779
39 42 17 18 4 0 100 16.902 10.069
39 42 18 19 4 0 100 19.578 10.189
39 42 19 20 4 0 100 19.707 10.443
39 42 20 21 4 0 100 23.388 10.755
39 42 21 22 4 0 100 20.375 10.810
39 42 22 23 4 0 100 22.872 11.019
39 42 23 24 4 0 100 26.049 11.300
39 42 24 25 4 0 100 22.615 11.461
39 42 25 26 4 0 100 27.745 11.712
39 42 26 27 4 0 100 30.464 11.852
39 42 27 28 4 0 100 42.094 11.963
39 42 28 29 4 0 100 33.376 12.680
39 42 29 30 4 0 100 37.483 12.751
39 42 30 31 4 0 100 49.101 12.014
39 42 31 32 4 0 100 36.337 12.059
39 42 32 33 4 0 100 50.000 11.761
39 42 33 34 4 0 100 41.144 12.360
39 42 34 35 4 0 100 50.000 11.747
39 42 35 36 4 0 100 50.000 12.549
39 42 36 37 4 0 100 1.398 100.000
39 42 37 38 4 0 100 50.000 10.517
39 42 38 39 4 0 100 1.466 100.000
39 42 39 40 4 0 100 1.409 100.000
39 42 40 41 4 0 100 50.000 15.502
39 42 41 42 4 0 100 1.634 100.000
39 42 42 43 4 0 100 1.506 100.000
39 42 43 100 4 0 100 1.687 100.000
42 46 1 2 4 0 100 36.878 7.469
42 46 2 3 4 0 100 22.443 7.133
42 46 3 4 4 0 100 19.078 7.046
42 46 4 5 4 0 100 15.411 7.402
42 46 5 6 4 0 100 15.063 7.857
42 46 6 7 4 0 100 13.764 8.001
42 46 7 8 4 0 100 13.364 8.171
42 46 8 9 4 0 100 14.596 8.325
42 46 9 10 4 0 100 15.250 8.523
42 46 10 11 4 0 100 15.431 8.684
42 46 11 12 4 0 100 16.755 9.104
42 46 12 13 4 0 100 15.656 9.242
42 46 13 14 4 0 100 16.157 9.447
42 46 14 15 4 0 100 16.901 9.571
42 46 15 16 4 0 100 17.080 9.773
42 46 16 17 4 0 100 16.950 9.997
42 46 17 18 4 0 100 17.745 10.213
42 46 18 19 4 0 100 18.143 10.580
42 46 19 20 4 0 100 18.139 10.740
42 46 20 21 4 0 100 23.248 10.820
42 46 21 22 4 0 100 24.944 10.947
42 46 22 23 4 0 100 24.375 11.381
42 46 23 24 4 0 100 24.228 11.541
42 46 24 25 4 0 100 24.566 11.962
42 46 25 26 4 0 100 28.802 11.636
42 46 26 27 4 0 100 27.066 11.985
42 46 27 28 4 0 100 35.984 12.282
42 46 28 29 4 0 100 27.990 12.761
42 46 29 30 4 0 100 40.031 12.300
42 46 30 31 4 0 100 50.000 12.838
42 46 31 32 4 0 100 7.831 14.077
42 46 32 33 4 0 100 50.000 13.612
42 46 33 34 4 0 100 43.039 12.920
42 46 34 35 4 0 100 1.324 100.000
42 46 35 36 4 0 100 50.000 12.215
42 46 36 37 4 0 100 50.000 13.205
42 46 37 38 4 0 100 50.000 13.613
42 46 38 39 4 0 100 1.378 100.000
42 46 39 40 4 0 100 1.692 100.000
42 46 40 41 4 0 100 1.414 100.000
42 46 41 42 4 0 100 50.000 12.131
42 46 42 43 4 0 100 1.578 100.000
42 46 43 44 4 0 100 50.000 14.605
42 46 44 100 4 0 100 1.692 100.000
46 51 0 1 4 0 100 1.659 100.000
46 51 1 2 4 0 100 23.798 6.112
46 51 2 3 4 0 100 16.142 6.825
46 51 3 4 4 0 100 16.774 7.270
46 51 4 5 4 0 100 15.256 7.375
46 51 5 6 4 0 100 15.720 8.059
46 51 6 7 4 0 100 15.321 8.225
46 51 7 8 4 0 100 14.831 8.196
46 51 8 9 4 0 100 14.278 8.567
46 51 9 10 4 0 100 14.599 8.809
46 51 10 11 4 0 100 15.888 9.046
46 51 11 12 4 0 100 15.570 9.184
46 51 12 13 4 0 100 15.727 9.371
46 51 13 14 4 0 100 17.519 9.711
46 51 14 15 4 0 100 17.431 9.703
46 51 15 16 4 0 100 16.991 10.098
46 51 16 17 4 0 100 19.354 10.212
46 51 17 18 4 0 100 17.934 10.432
46 51 18 19 4 0 100 17.586 10.619
46 51 19 20 4 0 100 20.056 11.032
46 51 20 21 4 0 100 19.378 10.886
46 51 21 22 4 0 100 19.925 11.291
46 51 22 23 4 0 100 21.113 11.454
46 51 23 24 4 0 100 19.993 11.811
46 51 24 25 4 0 100 25.144 12.046
46 51 25 26 4 0 100 25.176 11.851
46 51 26 27 4 0 100 30.194 12.046
46 51 27 28 4 0 100 43.727 13.296
46 51 28 29 4 0 100 38.314 12.565
46 51 29 30 4 0 100 28.802 12.824
46 51 30 31 4 0 100 35.680 13.000
46 51 31 32 4 0 100 50.000 12.383
46 51 32 33 4 0 100 46.696 13.824
46 51 33 34 4 0 100 50.000 14.276
46 51 34 35 4 0 100 50.000 11.741
46 51 35 36 4 0 100 50.000 14.244
46 51 36 37 4 0 100 50.000 13.879
46 51 37 38 4 0 100 1.380 100.000
46 51 38 39 4 0 100 15.754 14.568
46 51 39 40 4 0 100 1.451 100.000
46 51 40 41 4 0 100 50.000 13.520
46 51 41 42 4 0 100 1.528 100.000
46 51 42 43 4 0 100 1.629 100.000
46 51 43 44 4 0 100 1.574 100.000
46 51 44 100 4 0 100 1.577 100.000
51 56 0 1 4 0 100 50.000 5.466
51 56 1 2 4 0 100 50.000 8.484
51 56 2 3 4 0 100 22.852 7.663
51 56 3 4 4 0 100 13.734 7.670
51 56 4 5 4 0 100 15.967 8.004
51 56 5 6 4 0 100 20.423 7.909
51 56 6 7 4 0 100 14.717 8.522
51 56 7 8 4 0 100 14.526 8.483
51 56 8 9 4 0 100 14.847 8.504
51 56 9 10 4 0 100 16.307 8.992
51 56 10 11 4 0 100 17.018 9.261
51 56 11 12 4 0 100 16.724 9.428
51 56 12 13 4 0 100 17.843 9.685
51 56 13 14 4 0 100 15.538 9.784
51 56 14 15 4 0 100 17.912 10.208
51 56 15 16 4 0 100 19.554 10.381
51 56 16 17 4 0 100 17.451 10.427
51 56 17 18 4 0 100 17.430 10.571
51 56 18 19 4 0 100 19.904 10.593
51 56 19 20 4 0 100 17.319 11.042
51 56 20 21 4 0 100 23.414 11.319
51 56 21 22 4 0 100 21.903 11.788
51 56 22 23 4 0 100 24.977 11.588
51 56 23 24 4 0 100 25.652 12.442
51 56 24 25 4 0 100 30.411 12.199
51 56 25 26 4 0 100 29.141 11.793
51 56 26 27 4 0 100 28.327 12.199
51 56 27 28 4 0 100 27.285 12.884
51 56 28 29 4 0 100 47.362 12.666
51 56 29 30 4 0 100 32.572 13.106
51 56 30 31 4 0 100 42.892 12.537
51 56 31 32 4 0 100 41.654 12.938
51 56 32 33 4 0 100 50.000 14.296
51 56 33 34 4 0 100 50.000 14.246
51 56 34 35 4 0 100 50.000 14.082
51 56 35 36 4 0 100 50.000 14.290
51 56 36 37 4 0 100 1.423 100.000
51 56 37 38 4 0 100 1.381 100.000
51 56 38 39 4 0 100 1.374 100.000
51 56 39 40 4 0 100 1.422 100.000
51 56 40 41 4 0 100 1.466 100.000
51 56 42 43 4 0 100 1.652 100.000
51 56 43 44 4 0 100 1.692 100.000
51 56 44 100 4 0 100 1.530 100.000
56 61 0 1 4 0 100 1.687 100.000
56 61 1 2 4 0 100 50.000 6.526
56 61 2 3 4 0 100 50.000 7.405
56 61 3 4 4 0 100 17.334 8.018
56 61 4 5 4 0 100 17.003 7.879
56 61 5 6 4 0 100 18.408 8.261
56 61 6 7 4 0 100 15.269 8.352
56 61 7 8 4 0 100 15.428 9.033
56 61 8 9 4 0 100 14.768 9.281
56 61 9 10 4 0 100 15.355 9.356
56 61 10 11 4 0 100 17.078 9.523
56 61 11 12 4 0 100 14.803 9.765
56 61 12 13 4 0 100 15.729 9.777
56 61 13 14 4 0 100 15.123 10.085
56 61 14 15 4 0 100 17.811 10.169
56 61 15 16 4 0 100 17.112 10.277
56 61 16 17 4 0 100 18.871 10.612
56 61 17 18 4 0 100 20.898 10.820
56 61 18 19 4 0 100 18.801 11.080
56 61 19 20 4 0 100 24.611 11.435
56 61 20 21 4 0 100 25.559 11.127
56 61 21 22 4 0 100 22.193 11.131
56 61 22 23 4 0 100 26.531 11.377
56 61 23 24 4 0 100 30.852 12.260
56 61 24 25 4 0 100 26.518 12.505
56 61 25 26 4 0 100 26.620 12.069
56 61 26 27 4 0 100 37.712 12.375
56 61 27 28 4 0 100 38.854 12.752
56 61 28 29 4 0 100 39.836 13.420
56 61 29 30 4 0 100 50.000 13.620
56 61 30 31 4 0 100 50.000 12.981
56 61 31 32 4 0 100 50.000 14.661
56 61 32 33 4 0 100 50.000 11.132
56 61 33 34 4 0 100 50.000 13.842
56 61 34 35 4 0 100 50.000 13.426
56 61 35 36 4 0 100 50.000 14.256
56 61 36 37 4 0 100 50.000 16.513
56 61 37 38 4 0 100 1.440 100.000
56 61 38 39 4 0 100 1.440 100.000
56 61 39 40 4 0 100 1.534 100.000
56 61 41 42 4 0 100 1.623 100.000
56 61 43 44 4 0 100 1.514 100.000
56 61 44 100 4 0 100 1.623 100.000
61 67 0 1 4 0 100 50.000 7.548
61 67 1 2 4 0 100 38.909 6.023
61 67 2 3 4 0 100 50.000 7.283
61 67 3 4 4 0 100 16.121 7.397
61 67 4 5 4 0 100 17.087 8.172
61 67 5 6 4 0 100 14.999 8.565
61 67 6 7 4 0 100 14.674 8.639
61 67 7 8 4 0 100 15.710 8.963
61 67 8 9 4 0 100 15.452 9.127
61 67 9 10 4 0 100 16.391 9.426
61 67 10 11 4 0 100 16.212 9.645
61 67 11 12 4 0 100 14.410 9.740
61 67 12 13 4 0 100 17.250 10.052
61 67 13 14 4 0 100 16.293 10.409
61 67 14 15 4 0 100 18.269 10.432
61 67 15 16 4 0 100 16.226 10.598
61 67 16 17 4 0 100 20.413 10.930
61 67 17 18 4 0 100 23.213 10.933
61 67 18 19 4 0 100 19.259 11.184
61 67 19 20 4 0 100 20.240 11.146
61 67 20 21 4 0 100 19.957 11.516
61 67 21 22 4 0 100 22.906 12.093
61 67 22 23 4 0 100 25.505 12.108
61 67 23 24 4 0 100 21.383 11.663
61 67 24 25 4 0 100 28.828 12.424
61 67 25 26 4 0 100 27.585 12.586
61 67 26 27 4 0 100 34.873 12.597
61 67 27 28 4 0 100 37.752 13.407
61 67 28 29 4 0 100 44.513 13.125
61 67 29 30 4 0 100 36.236 13.103
61 67 30 31 4 0 100 48.059 12.604
61 67 31 32 4 0 100 50.000 14.292
61 67 32 33 4 0 100 50.000 13.580
61 67 33 34 4 0 100 50.000 15.422
61 67 34 35 4 0 100 50.000 10.936
61 67 35 36 4 0 100 50.000 15.057
61 67 36 37 4 0 100 50.000 10.521
61 67 37 38 4 0 100 50.000 13.414
61 67 38 39 4 0 100 1.489 100.000
61 67 39 40 4 0 100 50.000 13.748
61 67 40 41 4 0 100 50.000 15.612
61 67 41 42 4 0 100 1.687 100.000
61 67 42 43 4 0 100 1.625 100.000
61 67 43 100 4 0 100 1.687 100.000
67 73 1 2 4 0 100 50.000 8.407
67 73 2 3 4 0 100 41.804 7.392
67 73 3 4 4 0 100 17.913 7.823
67 73 4 5 4 0 100 20.018 8.744
67 73 5 6 4 0 100 13.781 8.620
67 73 6 7 4 0 100 16.731 8.714
67 73 7 8 4 0 100 16.474 9.240
67 73 8 9 4 0 100 13.960 9.292
67 73 9 10 4 0 100 18.363 9.223
67 73 10 11 4 0 100 16.571 9.860
67 73 11 12 4 0 100 17.873 10.019
67 73 12 13 4 0 100 18.856 10.035
67 73 13 14 4 0 100 17.960 10.584
67 73 14 15 4 0 100 15.819 10.453
67 73 15 16 4 0 100 18.156 10.962
67 73 16 17 4 0 100 18.600 11.139
67 73 17 18 4 0 100 19.403 11.268
67 73 18 19 4 0 100 20.077 11.383
67 73 19 20 4 0 100 22.668 11.688
67 73 20 21 4 0 100 25.436 11.915
67 73 21 22 4 0 100 20.880 11.922
67 73 22 23 4 0 100 39.051 11.922
67 73 23 24 4 0 100 29.747 12.475
67 73 24 25 4 0 100 50.000 12.362
67 73 25 26 4 0 100 36.755 12.849
67 73 26 27 4 0 100 29.022 12.875
67 73 27 28 4 0 100 41.319 13.013
67 73 28 29 4 0 100 50.000 12.166
67 73 29 30 4 0 100 50.000 13.501
67 73 30 31 4 0 100 50.000 13.990
67 73 31 32 4 0 100 50.000 14.248
67 73 32 33 4 0 100 50.000 14.657
67 73 33 34 4 0 100 1.424 100.000
67 73 34 35 4 0 100 1.368 100.000
67 73 35 36 4 0 100 1.345 100.000
67 73 36 37 4 0 100 1.426 100.000
67 73 37 38 4 0 100 1.586 100.000
67 73 38 39 4 0 100 1.516 100.000
67 73 39 40 4 0 100 1.581 100.000
67 73 40 41 4 0 100 1.582 100.000
67 73 41 42 4 0 100 1.584 100.000
67 73 42 43 4 0 100 1.588 100.000
67 73 43 100 4 0 100 1.687 100.000
73 81 0 1 4 0 100 50.000 7.125
73 81 1 2 4 0 100 50.000 6.517
73 81 2 3 4 0 100 28.056 6.996
73 81 3 4 4 0 100 36.051 7.533
73 81 4 5 4 0 100 20.919 9.094
73 81 5 6 4 0 100 15.399 8.785
73 81 6 7 4 0 100 16.337 8.992
73 81 7 8 4 0 100 16.072 9.169
73 81 8 9 4 0 100 14.977 9.492
73 81 9 10 4 0 100 15.928 9.686
73 81 10 11 4 0 100 16.092 9.862
73 81 11 12 4 0 100 15.192 10.046
73 81 12 13 4 0 100 15.929 10.183
73 81 13 14 4 0 100 19.182 10.776
73 81 14 15 4 0 100 18.545 10.762
73 81 15 16 4 0 100 19.425 10.900
73 81 16 17 4 0 100 20.457 11.266
73 81 17 18 4 0 100 19.701 11.591
73 81 18 19 4 0 100 19.930 11.377
73 81 19 20 4 0 100 32.357 12.045
73 81 20 21 4 0 100 20.277 12.001
73 81 21 22 4 0 100 28.573 11.956
73 81 22 23 4 0 100 22.966 12.911
73 81 23 24 4 0 100 31.231 12.858
73 81 24 25 4 0 100 39.386 13.248
73 81 25 26 4 0 100 48.601 13.287
73 81 26 27 4 0 100 41.889 12.324
73 81 27 28 4 0 100 33.421 12.486
73 81 28 29 4 0 100 50.000 13.601
73 81 29 30 4 0 100 50.000 13.562
73 81 30 31 4 0 100 50.000 12.828
73 81 31 32 4 0 100 50.000 13.866
73 81 32 33 4 0 100 50.000 11.333
73 81 33 34 4 0 100 1.253 100.000
73 81 34 35 4 0 100 50.000 15.423
73 81 35 36 4 0 100 1.419 100.000
73 81 36 37 4 0 100 1.479 100.000
73 81 37 38 4 0 100 50.000 16.505
73 81 38 39 4 0 100 1.481 100.000
73 81 39 40 4 0 100 1.523 100.000
73 81 40 41 4 0 100 1.698 100.000
73 81 41 42 4 0 100 1.687 100.000
73 81 42 43 4 0 100 1.638 100.000
73 81 43 44 4 0 100 1.647 100.000
73 81 44 100 4 0 100 50.000 18.296
81 88 0 1 4 0 100 1.692 100.000
81 88 1 2 4 0 100 50.000 11.491
81 88 2 3 4 0 100 31.679 8.117
81 88 3 4 4 0 100 38.714 8.147
81 88 4 5 4 0 100 28.178 8.725
81 88 5 6 4 0 100 40.527 9.067
81 88 6 7 4 0 100 21.395 8.739
81 88 7 8 4 0 100 19.090 9.863
81 88 8 9 4 0 100 18.685 9.520
81 88 9 10 4 0 100 20.337 9.859
81 88 10 11 4 0 100 19.386 10.190
81 88 11 12 4 0 100 18.884 10.189
81 88 12 13 4 0 100 20.176 10.479
81 88 13 14 4 0 100 21.071 10.953
81 88 14 15 4 0 100 19.320 11.040
81 88 15 16 4 0 100 19.242 11.004
81 88 16 17 4 0 100 26.977 11.445
81 88 17 18 4 0 100 21.888 11.725
81 88 18 19 4 0 100 21.194 11.896
81 88 19 20 4 0 100 29.726 11.741
81 88 20 21 4 0 100 24.768 12.037
81 88 21 22 4 0 100 37.622 12.270
81 88 22 23 4 0 100 42.016 12.568
81 88 23 24 4 0 100 30.040 12.414
81 88 24 25 4 0 100 50.000 13.149
81 88 25 26 4 0 100 38.099 12.780
81 88 26 27 4 0 100 42.316 12.230
81 88 27 28 4 0 100 50.000 13.615
81 88 28 29 4 0 100 50.000 14.237
81 88 29 30 4 0 100 44.831 13.796
81 88 30 31 4 0 100 50.000 11.797
81 88 31 32 4 0 100 50.000 13.843
81 88 32 33 4 0 100 50.000 14.691
81 88 33 34 4 0 100 1.469 100.000
81 88 34 35 4 0 100 1.418 100.000
81 88 35 36 4 0 100 50.000 15.039
81 88 36 37 4 0 100 50.000 15.198
81 88 37 38 4 0 100 1.588 100.000
81 88 38 39 4 0 100 50.000 13.748
81 88 40 41 4 0 100 1.634 100.000
81 88 41 42 4 0 100 1.629 100.000
81 88 42 43 4 0 100 1.688 100.000
81 88 43 100 4 0 100 1.579 100.000
88 97 1 2 4 0 100 50.000 6.937
88 97 2 3 4 0 100 41.086 8.257
88 97 3 4 4 0 100 25.003 7.558
88 97 4 5 4 0 100 34.448 9.443
88 97 5 6 4 0 100 17.336 8.680
88 97 6 7 4 0 100 20.496 9.246
88 97 7 8 4 0 100 19.463 9.296
88 97 8 9 4 0 100 18.066 9.434
88 97 9 10 4 0 100 17.410 9.919
88 97 10 11 4 0 100 19.264 9.975
88 97 11 12 4 0 100 21.727 10.443
88 97 12 13 4 0 100 22.078 10.691
88 97 13 14 4 0 100 20.306 10.927
88 97 14 15 4 0 100 22.578 11.010
88 97 15 16 4 0 100 22.537 10.984
88 97 16 17 4 0 100 17.510 11.706
88 97 17 18 4 0 100 20.780 11.491
88 97 18 19 4 0 100 24.663 12.431
88 97 19 20 4 0 100 24.590 11.681
88 97 20 21 4 0 100 28.780 12.064
88 97 21 22 4 0 100 31.291 12.327
88 97 22 23 4 0 100 33.409 12.535
88 97 23 24 4 0 100 50.000 13.744
88 97 24 25 4 0 100 31.161 12.589
88 97 25 26 4 0 100 50.000 12.554
88 97 26 27 4 0 100 47.721 13.207
88 97 27 28 4 0 100 50.000 12.730
88 97 28 29 4 0 100 50.000 14.057
88 97 29 30 4 0 100 50.000 13.179
88 97 30 31 4 0 100 50.000 13.963
88 97 31 32 4 0 100 50.000 13.619
88 97 32 33 4 0 100 50.000 14.859
88 97 33 34 4 0 100 50.000 14.468
88 97 34 35 4 0 100 1.571 100.000
88 97 35 36 4 0 100 1.564 100.000
88 97 36 37 4 0 100 1.572 100.000
88 97 37 38 4 0 100 1.623 100.000
88 97 39 40 4 0 100 1.637 100.000
88 97 40 41 4 0 100 1.571 100.000
88 97 41 42 4 0 100 1.636 100.000
88 97 42 100 4 0 100 1.689 100.000
97 106 0 1 4 0 100 1.692 100.000
97 106 1 2 4 0 100 1.564 100.000
97 106 2 3 4 0 100 50.000 5.879
97 106 3 4 4 0 100 47.513 9.135
97 106 4 5 4 0 100 39.324 8.846
97 106 5 6 4 0 100 30.076 8.626
97 106 6 7 4 0 100 36.325 9.430
97 106 7 8 4 0 100 23.983 9.930
97 106 8 9 4 0 100 17.914 9.554
97 106 9 10 4 0 100 19.659 10.069
97 106 10 11 4 0 100 17.294 10.451
97 106 11 12 4 0 100 21.305 10.322
97 106 12 13 4 0 100 17.905 10.535
97 106 13 14 4 0 100 23.216 10.973
97 106 14 15 4 0 100 21.974 11.385
97 106 15 16 4 0 100 16.319 11.151
97 106 16 17 4 0 100 27.010 11.588
97 106 17 18 4 0 100 25.233 11.519
97 106 18 19 4 0 100 26.784 11.986
97 106 19 20 4 0 100 45.883 12.101
97 106 20 21 4 0 100 47.139 12.465
97 106 21 22 4 0 100 37.991 12.679
97 106 22 23 4 0 100 35.786 12.130
97 106 23 24 4 0 100 37.925 13.144
97 106 24 25 4 0 100 41.820 12.874
97 106 25 26 4 0 100 33.829 13.219
97 106 26 27 4 0 100 45.393 11.974
97 106 27 28 4 0 100 50.000 13.605
97 106 28 29 4 0 100 50.000 12.936
97 106 29 30 4 0 100 50.000 14.243
97 106 30 31 4 0 100 1.375 100.000
97 106 31 32 4 0 100 1.416 100.000
97 106 32 33 4 0 100 1.477 100.000
97 106 33 34 4 0 100 1.478 100.000
97 106 34 35 4 0 100 1.475 100.000
97 106 35 36 4 0 100 50.000 12.711
97 106 36 37 4 0 100 1.689 100.000
97 106 38 39 4 0 100 1.520 100.000
97 106 39 40 4 0 100 1.634 100.000
97 106 40 41 4 0 100 1.690 100.000
97 106 42 100 4 0 100 1.698 100.000
106 116 1 2 4 0 100 1.552 100.000
106 116 2 3 4 0 100 50.000 8.811
106 116 3 4 4 0 100 39.402 7.947
106 116 4 5 4 0 100 35.026 9.332
106 116 5 6 4 0 100 50.000 8.021
106 116 6 7 4 0 100 25.313 9.407
106 116 7 8 4 0 100 43.115 10.486
106 116 8 9 4 0 100 17.216 10.055
106 116 9 10 4 0 100 23.634 9.866
106 116 10 11 4 0 100 27.380 10.797
106 116 11 12 4 0 100 29.493 10.525
106 116 12 13 4 0 100 28.378 10.349
106 116 13 14 4 0 100 26.986 10.944
106 116 14 15 4 0 100 23.751 11.055
106 116 15 16 4 0 100 28.302 11.025
106 116 16 17 4 0 100 46.138 11.751
106 116 17 18 4 0 100 29.841 12.267
106 116 18 19 4 0 100 39.554 12.509
106 116 19 20 4 0 100 43.374 12.043
106 116 20 21 4 0 100 50.000 13.177
106 116 21 22 4 0 100 46.062 12.496
106 116 22 23 4 0 100 42.755 12.541
106 116 23 24 4 0 100 40.553 13.173
106 116 24 25 4 0 100 50.000 12.577
106 116 25 26 4 0 100 31.159 14.224
106 116 26 27 4 0 100 50.000 12.413
106 116 27 28 4 0 100 50.000 14.082
106 116 28 29 4 0 100 50.000 14.489
106 116 29 30 4 0 100 50.000 12.591
106 116 30 31 4 0 100 50.000 13.202
106 116 31 32 4 0 100 50.000 14.032
106 116 32 33 4 0 100 1.357 100.000
106 116 33 34 4 0 100 1.419 100.000
106 116 34 35 4 0 100 1.573 100.000
106 116 35 36 4 0 100 1.559 100.000
106 116 36 37 4 0 100 50.000 14.167
106 116 37 38 4 0 100 1.560 100.000
106 116 38 39 4 0 100 1.627 100.000
106 116 39 40 4 0 100 50.000 14.167
106 116 42 43 4 0 100 1.692 100.000
106 116 43 44 4 0 100 1.659 100.000
106 116 44 100 4 0 100 1.694 100.000
116 127 1 2 4 0 100 1.556 100.000
116 127 2 3 4 0 100 1.692 100.000
116 127 3 4 4 0 100 32.170 8.157
116 127 4 5 4 0 100 50.000 8.703
116 127 5 6 4 0 100 43.876 9.017
116 127 6 7 4 0 100 23.213 9.815
116 127 7 8 4 0 100 33.614 9.976
116 127 8 9 4 0 100 29.312 9.536
116 127 9 10 4 0 100 25.314 10.706
116 127 10 11 4 0 100 26.478 10.589
116 127 11 12 4 0 100 50.000 10.211
116 127 12 13 4 0 100 25.786 10.689
116 127 13 14 4 0 100 27.994 12.012
116 127 14 15 4 0 100 29.849 11.160
116 127 15 16 4 0 100 30.470 11.742
116 127 16 17 4 0 100 34.444 11.780
116 127 17 18 4 0 100 46.762 12.468
116 127 18 19 4 0 100 33.070 11.968
116 127 19 20 4 0 100 42.592 12.507
116 127 20 21 4 0 100 50.000 12.616
116 127 21 22 4 0 100 50.000 10.344
116 127 22 23 4 0 100 50.000 12.960
116 127 23 24 4 0 100 50.000 12.931
116 127 24 25 4 0 100 50.000 14.016
116 127 25 26 4 0 100 50.000 12.853
116 127 26 27 4 0 100 50.000 11.757
116 127 27 28 4 0 100 50.000 13.837
116 127 28 29 4 0 100 1.456 100.000
116 127 29 30 4 0 100 50.000 15.478
116 127 30 31 4 0 100 1.357 100.000
116 127 31 32 4 0 100 1.415 100.000
116 127 32 33 4 0 100 50.000 17.632
116 127 33 34 4 0 100 1.409 100.000
116 127 34 35 4 0 100 1.687 100.000
116 127 35 36 4 0 100 1.525 100.000
116 127 36 37 4 0 100 1.637 100.000
116 127 37 38 4 0 100 1.692 100.000
116 127 38 39 4 0 100 1.687 100.000
116 127 40 41 4 0 100 1.692 100.000
116 127 41 42 4 0 100 1.692 100.000
116 127 42 100 4 0 100 1.692 100.000
127 4000 1 2 4 0 100 1.481 100.000
127 4000 2 3 4 0 100 50.000 8.652
127 4000 3 4 4 0 100 50.000 9.645
127 4000 4 5 4 0 100 33.517 9.775
127 4000 5 6 4 0 100 23.280 9.746
127 4000 6 7 4 0 100 29.470 10.313
127 4000 7 8 4 0 100 28.774 9.942
127 4000 8 9 4 0 100 25.865 10.073
127 4000 9 10 4 0 100 22.959 11.094
127 4000 10 11 4 0 100 21.661 10.852
127 4000 11 12 4 0 100 18.000 11.143
127 4000 12 13 4 0 100 23.257 10.898
127 4000 13 14 4 0 100 21.938 11.078
127 4000 14 15 4 0 100 30.822 11.853
127 4000 15 16 4 0 100 29.306 12.116
127 4000 16 17 4 0 100 25.531 12.385
127 4000 17 18 4 0 100 31.139 11.756
127 4000 18 19 4 0 100 31.992 12.377
127 4000 19 20 4 0 100 23.714 11.847
127 4000 20 21 4 0 100 36.607 12.991
127 4000 21 22 4 0 100 33.061 13.323
127 4000 22 23 4 0 100 42.278 13.958
127 4000 23 24 4 0 100 50.000 13.695
127 4000 24 25 4 0 100 50.000 14.298
127 4000 25 26 4 0 100 50.000 12.678
127 4000 26 27 4 0 100 1.306 100.000
127 4000 27 28 4 0 100 50.000 13.453
127 4000 28 29 4 0 100 50.000 14.486
127 4000 29 30 4 0 100 50.000 15.582
127 4000 30 31 4 0 100 50.000 13.413
127 4000 31 32 4 0 100 1.333 100.000
127 4000 32 33 4 0 100 50.000 13.828
127 4000 33 34 4 0 100 1.475 100.000
127 4000 34 35 4 0 100 1.575 100.000
127 4000 35 36 4 0 100 1.565 100.000
127 4000 37 38 4 0 100 1.573 100.000
127 4000 38 39 4 0 100 1.689 100.000
127 4000 39 40 4 0 100 1.643 100.000
127 4000 43 44 4 0 100 1.687 100.000
127 4000 44 100 4 0 100 1.687 100.000
