[quark]
{2 JetPt Rho 1 x TMath::Exp(-1.*x*[0]/[1])*TMath::Power(x,[0]-1)*TMath::Power([1]/[0],-1.*[0])/TMath::Gamma([0]) Correction QGL_nPFCand_QC_ptCut_quark}
20 26 0 1 4 0 100 10.988 4.407
20 26 1 2 4 0 100 15.629 6.230
20 26 2 3 4 0 100 10.498 6.430
20 26 3 4 4 0 100 8.783 6.678
20 26 4 5 4 0 100 8.807 7.157
20 26 5 6 4 0 100 8.710 7.255
20 26 6 7 4 0 100 9.200 7.405
20 26 7 8 4 0 100 9.450 7.713
20 26 8 9 4 0 100 9.086 7.864
20 26 9 10 4 0 100 9.463 8.012
20 26 10 11 4 0 100 9.240 8.188
20 26 11 12 4 0 100 9.080 8.309
20 26 12 13 4 0 100 9.930 8.476
20 26 13 14 4 0 100 10.085 8.654
20 26 14 15 4 0 100 9.025 8.691
20 26 15 16 4 0 100 9.421 8.827
20 26 16 17 4 0 100 10.460 8.978
20 26 17 18 4 0 100 9.613 9.103
20 26 18 19 4 0 100 9.956 9.371
20 26 19 20 4 0 100 10.379 9.479
20 26 20 21 4 0 100 10.242 9.616
20 26 21 22 4 0 100 10.539 9.667
20 26 22 23 4 0 100 10.789 9.999
20 26 23 24 4 0 100 10.771 10.026
20 26 24 25 4 0 100 10.986 10.081
20 26 25 26 4 0 100 11.009 10.390
20 26 26 27 4 0 100 10.950 10.274
20 26 27 28 4 0 100 10.096 10.388
20 26 28 29 4 0 100 10.601 10.723
20 26 29 30 4 0 100 12.323 10.870
20 26 30 31 4 0 100 10.853 10.923
20 26 31 32 4 0 100 12.501 10.356
20 26 32 33 4 0 100 15.619 11.043
20 26 33 34 4 0 100 13.122 11.449
20 26 34 35 4 0 100 22.407 11.625
20 26 35 36 4 0 100 16.677 10.769
20 26 36 37 4 0 100 19.920 11.831
20 26 37 38 4 0 100 18.334 11.549
20 26 38 39 4 0 100 34.936 11.342
20 26 39 40 4 0 100 25.340 11.229
20 26 40 41 4 0 100 50.000 11.553
20 26 41 42 4 0 100 31.380 7.962
20 26 42 43 4 0 100 50.000 10.280
20 26 43 44 4 0 100 1.315 100.000
20 26 44 100 4 0 100 50.000 12.815
26 32 0 1 4 0 100 50.000 6.277
26 32 1 2 4 0 100 21.638 7.327
26 32 2 3 4 0 100 9.173 7.592
26 32 3 4 4 0 100 9.465 7.914
26 32 4 5 4 0 100 9.104 8.082
26 32 5 6 4 0 100 8.943 8.336
26 32 6 7 4 0 100 9.398 8.440
26 32 7 8 4 0 100 9.453 8.658
26 32 8 9 4 0 100 9.474 8.829
26 32 9 10 4 0 100 9.606 8.934
26 32 10 11 4 0 100 9.726 9.164
26 32 11 12 4 0 100 9.282 9.265
26 32 12 13 4 0 100 9.505 9.393
26 32 13 14 4 0 100 9.459 9.496
26 32 14 15 4 0 100 9.804 9.706
26 32 15 16 4 0 100 9.833 9.825
26 32 16 17 4 0 100 9.597 9.862
26 32 17 18 4 0 100 10.052 10.030
26 32 18 19 4 0 100 10.386 10.165
26 32 19 20 4 0 100 10.772 10.205
26 32 20 21 4 0 100 10.161 10.408
26 32 21 22 4 0 100 10.199 10.586
26 32 22 23 4 0 100 10.046 10.559
26 32 23 24 4 0 100 9.899 10.875
26 32 24 25 4 0 100 10.341 10.916
26 32 25 26 4 0 100 10.655 11.208
26 32 26 27 4 0 100 11.184 11.143
26 32 27 28 4 0 100 11.148 11.242
26 32 28 29 4 0 100 10.827 11.193
26 32 29 30 4 0 100 12.212 11.647
26 32 30 31 4 0 100 14.395 11.588
26 32 31 32 4 0 100 11.311 11.764
26 32 32 33 4 0 100 14.388 11.821
26 32 33 34 4 0 100 14.963 12.411
26 32 34 35 4 0 100 17.792 11.904
26 32 35 36 4 0 100 24.202 12.701
26 32 36 37 4 0 100 20.003 12.349
26 32 37 38 4 0 100 18.989 11.682
26 32 38 39 4 0 100 17.493 12.470
26 32 39 40 4 0 100 21.909 11.227
26 32 40 41 4 0 100 21.440 10.272
26 32 41 42 4 0 100 50.000 12.714
26 32 42 43 4 0 100 1.176 100.000
26 32 43 44 4 0 100 50.000 11.348
26 32 44 100 4 0 100 50.000 11.517
32 40 0 1 4 0 100 50.000 7.349
32 40 1 2 4 0 100 13.342 8.042
32 40 2 3 4 0 100 9.089 8.603
32 40 3 4 4 0 100 9.505 8.915
32 40 4 5 4 0 100 9.375 9.196
32 40 5 6 4 0 100 9.269 9.319
32 40 6 7 4 0 100 9.079 9.468
32 40 7 8 4 0 100 9.264 9.611
32 40 8 9 4 0 100 9.446 9.731
32 40 9 10 4 0 100 9.690 10.014
32 40 10 11 4 0 100 9.857 10.021
32 40 11 12 4 0 100 9.585 10.120
32 40 12 13 4 0 100 9.760 10.397
32 40 13 14 4 0 100 9.986 10.435
32 40 14 15 4 0 100 9.608 10.615
32 40 15 16 4 0 100 9.849 10.645
32 40 16 17 4 0 100 10.073 10.864
32 40 17 18 4 0 100 9.992 10.920
32 40 18 19 4 0 100 10.274 11.067
32 40 19 20 4 0 100 10.208 11.304
32 40 20 21 4 0 100 9.885 11.390
32 40 21 22 4 0 100 9.896 11.484
32 40 22 23 4 0 100 10.099 11.613
32 40 23 24 4 0 100 10.653 11.815
32 40 24 25 4 0 100 10.380 11.804
32 40 25 26 4 0 100 10.140 11.908
32 40 26 27 4 0 100 10.630 12.057
32 40 27 28 4 0 100 11.007 12.049
32 40 28 29 4 0 100 9.549 11.989
32 40 29 30 4 0 100 10.664 12.313
32 40 30 31 4 0 100 11.613 12.455
32 40 31 32 4 0 100 12.344 12.428
32 40 32 33 4 0 100 13.488 12.828
32 40 33 34 4 0 100 14.049 12.082
32 40 34 35 4 0 100 12.898 12.447
32 40 35 36 4 0 100 13.223 12.401
32 40 36 37 4 0 100 23.122 13.167
32 40 37 38 4 0 100 15.493 13.517
32 40 38 39 4 0 100 19.222 12.919
32 40 39 40 4 0 100 15.152 11.797
32 40 40 41 4 0 100 50.000 15.571
32 40 41 42 4 0 100 48.081 12.060
32 40 42 43 4 0 100 50.000 14.590
32 40 43 44 4 0 100 50.000 14.694
32 40 44 100 4 0 100 50.000 11.983
40 51 0 1 4 0 100 12.015 7.121
40 51 1 2 4 0 100 16.184 8.826
40 51 2 3 4 0 100 9.204 9.556
40 51 3 4 4 0 100 9.409 9.911
40 51 4 5 4 0 100 8.702 10.273
40 51 5 6 4 0 100 9.102 10.413
40 51 6 7 4 0 100 9.166 10.511
40 51 7 8 4 0 100 9.189 10.735
40 51 8 9 4 0 100 9.227 10.903
40 51 9 10 4 0 100 9.572 10.964
40 51 10 11 4 0 100 9.239 11.175
40 51 11 12 4 0 100 9.511 11.317
40 51 12 13 4 0 100 9.413 11.365
40 51 13 14 4 0 100 9.245 11.601
40 51 14 15 4 0 100 9.264 11.587
40 51 15 16 4 0 100 9.083 11.744
40 51 16 17 4 0 100 9.521 11.942
40 51 17 18 4 0 100 9.972 12.072
40 51 18 19 4 0 100 9.243 12.098
40 51 19 20 4 0 100 9.883 12.240
40 51 20 21 4 0 100 9.524 12.264
40 51 21 22 4 0 100 10.004 12.459
40 51 22 23 4 0 100 9.743 12.585
40 51 23 24 4 0 100 9.175 12.546
40 51 24 25 4 0 100 10.111 12.662
40 51 25 26 4 0 100 10.187 12.970
40 51 26 27 4 0 100 9.507 12.800
40 51 27 28 4 0 100 10.286 12.824
40 51 28 29 4 0 100 10.051 13.086
40 51 29 30 4 0 100 9.714 13.296
40 51 30 31 4 0 100 10.618 13.397
40 51 31 32 4 0 100 10.498 13.415
40 51 32 33 4 0 100 10.741 13.314
40 51 33 34 4 0 100 11.271 13.372
40 51 34 35 4 0 100 13.109 13.248
40 51 35 36 4 0 100 13.414 13.181
40 51 36 37 4 0 100 14.697 13.077
40 51 37 38 4 0 100 14.394 13.865
40 51 38 39 4 0 100 20.882 13.435
40 51 39 40 4 0 100 20.036 13.153
40 51 40 41 4 0 100 19.908 13.568
40 51 41 42 4 0 100 22.246 12.833
40 51 42 43 4 0 100 50.000 13.043
40 51 43 44 4 0 100 50.000 12.787
40 51 44 100 4 0 100 41.867 10.934
51 64 0 1 4 0 100 1.149 100.000
51 64 1 2 4 0 100 10.821 10.580
51 64 2 3 4 0 100 9.021 10.950
51 64 3 4 4 0 100 9.098 11.128
51 64 4 5 4 0 100 9.004 11.347
51 64 5 6 4 0 100 9.135 11.563
51 64 6 7 4 0 100 8.521 11.698
51 64 7 8 4 0 100 8.926 11.866
51 64 8 9 4 0 100 9.175 12.006
51 64 9 10 4 0 100 8.797 12.160
51 64 10 11 4 0 100 9.052 12.268
51 64 11 12 4 0 100 9.016 12.469
51 64 12 13 4 0 100 9.254 12.556
51 64 13 14 4 0 100 9.389 12.649
51 64 14 15 4 0 100 9.505 12.729
51 64 15 16 4 0 100 9.375 12.822
51 64 16 17 4 0 100 9.362 12.906
51 64 17 18 4 0 100 9.495 13.052
51 64 18 19 4 0 100 9.523 13.170
51 64 19 20 4 0 100 9.301 13.299
51 64 20 21 4 0 100 9.538 13.320
51 64 21 22 4 0 100 9.654 13.491
51 64 22 23 4 0 100 9.507 13.548
51 64 23 24 4 0 100 9.667 13.617
51 64 24 25 4 0 100 10.082 13.769
51 64 25 26 4 0 100 9.841 13.819
51 64 26 27 4 0 100 9.502 13.985
51 64 27 28 4 0 100 10.157 14.124
51 64 28 29 4 0 100 9.917 14.161
51 64 29 30 4 0 100 10.538 14.421
51 64 30 31 4 0 100 10.061 14.130
51 64 31 32 4 0 100 10.029 14.521
51 64 32 33 4 0 100 10.228 14.563
51 64 33 34 4 0 100 9.541 14.370
51 64 34 35 4 0 100 10.324 14.438
51 64 35 36 4 0 100 13.317 14.562
51 64 36 37 4 0 100 11.162 14.458
51 64 37 38 4 0 100 11.594 14.337
51 64 38 39 4 0 100 21.151 15.108
51 64 39 40 4 0 100 12.387 15.150
51 64 40 41 4 0 100 20.416 15.008
51 64 41 42 4 0 100 15.686 14.559
51 64 42 43 4 0 100 24.906 13.235
51 64 43 44 4 0 100 33.938 13.315
51 64 44 100 4 0 100 50.000 14.571
64 80 0 1 4 0 100 49.275 10.348
64 80 1 2 4 0 100 11.200 11.012
64 80 2 3 4 0 100 8.704 12.095
64 80 3 4 4 0 100 8.852 12.472
64 80 4 5 4 0 100 8.847 12.553
64 80 5 6 4 0 100 8.455 12.749
64 80 6 7 4 0 100 8.723 12.832
64 80 7 8 4 0 100 8.561 13.018
64 80 8 9 4 0 100 8.624 13.103
64 80 9 10 4 0 100 8.668 13.212
64 80 10 11 4 0 100 8.728 13.393
64 80 11 12 4 0 100 8.999 13.481
64 80 12 13 4 0 100 8.939 13.571
64 80 13 14 4 0 100 8.810 13.713
64 80 14 15 4 0 100 8.797 13.789
64 80 15 16 4 0 100 8.812 14.041
64 80 16 17 4 0 100 8.700 14.033
64 80 17 18 4 0 100 9.249 14.164
64 80 18 19 4 0 100 8.829 14.253
64 80 19 20 4 0 100 9.033 14.322
64 80 20 21 4 0 100 8.859 14.501
64 80 21 22 4 0 100 9.015 14.471
64 80 22 23 4 0 100 9.381 14.651
64 80 23 24 4 0 100 9.261 14.781
64 80 24 25 4 0 100 9.371 14.954
64 80 25 26 4 0 100 8.982 14.825
64 80 26 27 4 0 100 9.518 14.920
64 80 27 28 4 0 100 9.071 15.001
64 80 28 29 4 0 100 9.266 15.121
64 80 29 30 4 0 100 10.107 15.138
64 80 30 31 4 0 100 9.921 15.169
64 80 31 32 4 0 100 10.421 15.462
64 80 32 33 4 0 100 10.072 15.055
64 80 33 34 4 0 100 10.177 15.465
64 80 34 35 4 0 100 9.679 15.656
64 80 35 36 4 0 100 10.226 15.455
64 80 36 37 4 0 100 12.432 15.565
64 80 37 38 4 0 100 13.308 15.533
64 80 38 39 4 0 100 14.898 15.161
64 80 39 40 4 0 100 13.885 15.440
64 80 40 41 4 0 100 14.969 13.821
64 80 41 42 4 0 100 22.138 16.763
64 80 42 43 4 0 100 30.235 16.494
64 80 43 44 4 0 100 35.830 14.754
64 80 44 100 4 0 100 50.000 18.440
80 101 0 1 4 0 100 1.099 100.000
80 101 1 2 4 0 100 8.839 13.043
80 101 2 3 4 0 100 8.238 13.084
80 101 3 4 4 0 100 8.113 13.574
80 101 4 5 4 0 100 8.072 13.785
80 101 5 6 4 0 100 8.345 13.788
80 101 6 7 4 0 100 8.260 14.045
80 101 7 8 4 0 100 8.323 14.214
80 101 8 9 4 0 100 8.101 14.252
80 101 9 10 4 0 100 8.414 14.400
80 101 10 11 4 0 100 8.381 14.480
80 101 11 12 4 0 100 8.398 14.590
80 101 12 13 4 0 100 8.474 14.762
80 101 13 14 4 0 100 8.530 14.800
80 101 14 15 4 0 100 8.772 14.941
80 101 15 16 4 0 100 8.404 15.024
80 101 16 17 4 0 100 8.736 15.153
80 101 17 18 4 0 100 8.575 15.262
80 101 18 19 4 0 100 8.647 15.329
80 101 19 20 4 0 100 8.679 15.542
80 101 20 21 4 0 100 8.482 15.528
80 101 21 22 4 0 100 9.087 15.619
80 101 22 23 4 0 100 8.992 15.900
80 101 23 24 4 0 100 9.079 16.056
80 101 24 25 4 0 100 8.693 15.912
80 101 25 26 4 0 100 9.186 16.045
80 101 26 27 4 0 100 8.810 16.058
80 101 27 28 4 0 100 9.189 16.243
80 101 28 29 4 0 100 8.655 16.039
80 101 29 30 4 0 100 8.878 16.384
80 101 30 31 4 0 100 9.390 16.427
80 101 31 32 4 0 100 9.342 16.361
80 101 32 33 4 0 100 9.295 16.443
80 101 33 34 4 0 100 8.939 16.369
80 101 34 35 4 0 100 10.683 16.237
80 101 35 36 4 0 100 10.785 16.487
80 101 36 37 4 0 100 11.706 16.904
80 101 37 38 4 0 100 9.963 16.166
80 101 38 39 4 0 100 12.100 16.894
80 101 39 40 4 0 100 15.341 16.533
80 101 40 41 4 0 100 17.064 15.493
80 101 41 42 4 0 100 18.105 16.756
80 101 42 43 4 0 100 19.342 16.128
80 101 43 44 4 0 100 17.460 13.684
80 101 44 100 4 0 100 31.397 15.361
101 127 0 1 4 0 100 50.000 9.215
101 127 1 2 4 0 100 9.120 13.532
101 127 2 3 4 0 100 7.851 14.556
101 127 3 4 4 0 100 7.668 14.426
101 127 4 5 4 0 100 7.711 14.747
101 127 5 6 4 0 100 7.791 15.065
101 127 6 7 4 0 100 7.959 15.230
101 127 7 8 4 0 100 8.016 15.387
101 127 8 9 4 0 100 7.851 15.476
101 127 9 10 4 0 100 7.879 15.620
101 127 10 11 4 0 100 8.005 15.724
101 127 11 12 4 0 100 8.045 15.778
101 127 12 13 4 0 100 7.969 15.844
101 127 13 14 4 0 100 8.148 15.981
101 127 14 15 4 0 100 8.101 16.071
101 127 15 16 4 0 100 8.310 16.216
101 127 16 17 4 0 100 8.368 16.233
101 127 17 18 4 0 100 8.235 16.322
101 127 18 19 4 0 100 8.407 16.500
101 127 19 20 4 0 100 8.251 16.572
101 127 20 21 4 0 100 8.483 16.570
101 127 21 22 4 0 100 8.375 16.611
101 127 22 23 4 0 100 8.393 16.752
101 127 23 24 4 0 100 8.538 16.931
101 127 24 25 4 0 100 8.770 17.068
101 127 25 26 4 0 100 8.724 17.119
101 127 26 27 4 0 100 8.559 17.243
101 127 27 28 4 0 100 8.869 17.369
101 127 28 29 4 0 100 9.221 17.472
101 127 29 30 4 0 100 8.794 17.554
101 127 30 31 4 0 100 8.369 17.332
101 127 31 32 4 0 100 8.426 17.432
101 127 32 33 4 0 100 8.820 17.639
101 127 33 34 4 0 100 9.186 17.672
101 127 34 35 4 0 100 11.122 17.464
101 127 35 36 4 0 100 9.049 17.626
101 127 36 37 4 0 100 11.272 17.120
101 127 37 38 4 0 100 10.167 18.359
101 127 38 39 4 0 100 9.128 17.351
101 127 39 40 4 0 100 11.334 17.323
101 127 40 41 4 0 100 23.399 15.669
101 127 41 42 4 0 100 16.153 17.136
101 127 42 43 4 0 100 49.920 17.335
101 127 43 44 4 0 100 22.067 17.347
101 127 44 100 4 0 100 17.226 17.291
127 159 0 1 4 0 100 5.934 16.243
127 159 1 2 4 0 100 11.635 14.368
127 159 2 3 4 0 100 8.195 15.093
127 159 3 4 4 0 100 7.603 15.857
127 159 4 5 4 0 100 7.468 16.078
127 159 5 6 4 0 100 7.713 16.141
127 159 6 7 4 0 100 7.429 16.430
127 159 7 8 4 0 100 7.629 16.422
127 159 8 9 4 0 100 7.730 16.660
127 159 9 10 4 0 100 7.611 16.682
127 159 10 11 4 0 100 7.707 16.710
127 159 11 12 4 0 100 7.938 16.876
127 159 12 13 4 0 100 7.925 17.038
127 159 13 14 4 0 100 8.010 17.051
127 159 14 15 4 0 100 8.230 17.058
127 159 15 16 4 0 100 8.139 17.207
127 159 16 17 4 0 100 7.924 17.261
127 159 17 18 4 0 100 8.166 17.416
127 159 18 19 4 0 100 8.002 17.571
127 159 19 20 4 0 100 7.769 17.655
127 159 20 21 4 0 100 8.159 17.664
127 159 21 22 4 0 100 8.043 17.809
127 159 22 23 4 0 100 8.093 17.861
127 159 23 24 4 0 100 8.213 18.066
127 159 24 25 4 0 100 7.961 18.045
127 159 25 26 4 0 100 8.146 18.227
127 159 26 27 4 0 100 8.652 18.354
127 159 27 28 4 0 100 8.422 18.314
127 159 28 29 4 0 100 8.519 18.713
127 159 29 30 4 0 100 8.621 18.613
127 159 30 31 4 0 100 8.385 18.707
127 159 31 32 4 0 100 9.009 18.401
127 159 32 33 4 0 100 8.513 18.813
127 159 33 34 4 0 100 9.205 18.956
127 159 34 35 4 0 100 8.943 19.021
127 159 35 36 4 0 100 10.043 18.538
127 159 36 37 4 0 100 10.064 18.996
127 159 37 38 4 0 100 10.621 18.913
127 159 38 39 4 0 100 10.463 18.331
127 159 39 40 4 0 100 11.151 18.723
127 159 40 41 4 0 100 9.990 18.354
127 159 41 42 4 0 100 11.218 18.066
127 159 42 43 4 0 100 16.614 20.011
127 159 43 44 4 0 100 31.791 14.797
127 159 44 100 4 0 100 21.099 17.923
159 201 0 1 4 0 100 22.746 12.832
159 201 1 2 4 0 100 9.745 16.386
159 201 2 3 4 0 100 6.587 17.112
159 201 3 4 4 0 100 7.335 17.059
159 201 4 5 4 0 100 7.354 17.345
159 201 5 6 4 0 100 7.075 17.467
159 201 6 7 4 0 100 7.428 17.391
159 201 7 8 4 0 100 7.291 17.623
159 201 8 9 4 0 100 7.312 17.628
159 201 9 10 4 0 100 7.533 17.742
159 201 10 11 4 0 100 7.509 17.868
159 201 11 12 4 0 100 7.503 17.961
159 201 12 13 4 0 100 7.545 18.112
159 201 13 14 4 0 100 7.582 18.219
159 201 14 15 4 0 100 7.648 18.304
159 201 15 16 4 0 100 7.615 18.447
159 201 16 17 4 0 100 7.680 18.425
159 201 17 18 4 0 100 7.623 18.516
159 201 18 19 4 0 100 7.899 18.697
159 201 19 20 4 0 100 7.824 18.810
159 201 20 21 4 0 100 7.758 18.820
159 201 21 22 4 0 100 8.080 18.916
159 201 22 23 4 0 100 7.954 19.073
159 201 23 24 4 0 100 7.877 19.036
159 201 24 25 4 0 100 7.978 19.233
159 201 25 26 4 0 100 7.872 19.407
159 201 26 27 4 0 100 7.784 19.461
159 201 27 28 4 0 100 8.379 19.336
159 201 28 29 4 0 100 7.951 19.568
159 201 29 30 4 0 100 7.944 19.678
159 201 30 31 4 0 100 8.349 19.620
159 201 31 32 4 0 100 8.311 19.777
159 201 32 33 4 0 100 8.824 19.934
159 201 33 34 4 0 100 8.151 19.663
159 201 34 35 4 0 100 8.948 19.670
159 201 35 36 4 0 100 9.112 19.420
159 201 36 37 4 0 100 8.403 19.706
159 201 37 38 4 0 100 12.003 19.792
159 201 38 39 4 0 100 9.448 19.890
159 201 39 40 4 0 100 10.271 19.737
159 201 40 41 4 0 100 11.728 19.957
159 201 41 42 4 0 100 15.721 18.937
159 201 42 43 4 0 100 12.922 20.517
159 201 43 44 4 0 100 14.401 20.488
159 201 44 100 4 0 100 18.016 19.425
201 252 0 1 4 0 100 41.831 12.696
201 252 1 2 4 0 100 12.339 16.367
201 252 2 3 4 0 100 6.898 18.045
201 252 3 4 4 0 100 6.966 18.353
201 252 4 5 4 0 100 6.803 18.532
201 252 5 6 4 0 100 6.940 18.718
201 252 6 7 4 0 100 6.943 18.637
201 252 7 8 4 0 100 7.119 18.731
201 252 8 9 4 0 100 7.022 18.947
201 252 9 10 4 0 100 7.314 18.998
201 252 10 11 4 0 100 7.172 19.092
201 252 11 12 4 0 100 7.257 19.223
201 252 12 13 4 0 100 7.306 19.227
201 252 13 14 4 0 100 7.435 19.363
201 252 14 15 4 0 100 7.389 19.475
201 252 15 16 4 0 100 7.236 19.675
201 252 16 17 4 0 100 7.384 19.674
201 252 17 18 4 0 100 7.729 19.591
201 252 18 19 4 0 100 7.649 19.774
201 252 19 20 4 0 100 7.492 19.995
201 252 20 21 4 0 100 7.719 19.924
201 252 21 22 4 0 100 7.490 20.049
201 252 22 23 4 0 100 7.635 20.157
201 252 23 24 4 0 100 7.490 20.226
201 252 24 25 4 0 100 8.039 20.309
201 252 25 26 4 0 100 7.977 20.269
201 252 26 27 4 0 100 7.573 20.261
201 252 27 28 4 0 100 7.760 20.582
201 252 28 29 4 0 100 8.088 20.426
201 252 29 30 4 0 100 7.762 20.680
201 252 30 31 4 0 100 7.631 20.602
201 252 31 32 4 0 100 7.620 20.999
201 252 32 33 4 0 100 7.688 20.952
201 252 33 34 4 0 100 7.503 21.034
201 252 34 35 4 0 100 7.434 21.408
201 252 35 36 4 0 100 8.066 21.218
201 252 36 37 4 0 100 8.554 20.260
201 252 37 38 4 0 100 8.581 21.132
201 252 38 39 4 0 100 10.150 20.699
201 252 39 40 4 0 100 15.084 18.685
201 252 40 41 4 0 100 10.300 20.149
201 252 41 42 4 0 100 15.831 19.259
201 252 42 43 4 0 100 16.284 21.023
201 252 43 44 4 0 100 17.676 20.513
201 252 44 100 4 0 100 18.048 18.860
252 317 0 1 4 0 100 50.000 14.490
252 317 1 2 4 0 100 8.689 17.605
252 317 2 3 4 0 100 6.599 19.032
252 317 3 4 4 0 100 6.733 19.544
252 317 4 5 4 0 100 6.855 19.404
252 317 5 6 4 0 100 7.055 19.716
252 317 6 7 4 0 100 7.105 19.647
252 317 7 8 4 0 100 6.925 20.031
252 317 8 9 4 0 100 7.053 19.978
252 317 9 10 4 0 100 7.031 20.013
252 317 10 11 4 0 100 7.179 20.252
252 317 11 12 4 0 100 7.208 20.314
252 317 12 13 4 0 100 7.222 20.482
252 317 13 14 4 0 100 7.246 20.427
252 317 14 15 4 0 100 7.236 20.542
252 317 15 16 4 0 100 7.344 20.604
252 317 16 17 4 0 100 7.216 20.675
252 317 17 18 4 0 100 7.260 20.857
252 317 18 19 4 0 100 7.197 21.035
252 317 19 20 4 0 100 7.450 20.877
252 317 20 21 4 0 100 7.434 21.108
252 317 21 22 4 0 100 7.285 21.147
252 317 22 23 4 0 100 7.370 21.283
252 317 23 24 4 0 100 7.486 21.312
252 317 24 25 4 0 100 7.443 21.662
252 317 25 26 4 0 100 7.395 21.533
252 317 26 27 4 0 100 7.735 21.711
252 317 27 28 4 0 100 7.436 21.591
252 317 28 29 4 0 100 7.980 21.845
252 317 29 30 4 0 100 8.177 21.760
252 317 30 31 4 0 100 7.695 21.869
252 317 31 32 4 0 100 7.597 22.138
252 317 32 33 4 0 100 7.709 22.515
252 317 33 34 4 0 100 7.349 22.124
252 317 34 35 4 0 100 8.443 21.688
252 317 35 36 4 0 100 7.987 22.416
252 317 36 37 4 0 100 8.640 21.634
252 317 37 38 4 0 100 8.744 22.513
252 317 38 39 4 0 100 9.680 22.122
252 317 39 40 4 0 100 10.182 21.658
252 317 40 41 4 0 100 11.731 20.557
252 317 41 42 4 0 100 11.479 20.880
252 317 42 43 4 0 100 19.915 19.332
252 317 43 44 4 0 100 30.478 20.931
252 317 44 100 4 0 100 19.316 20.867
317 400 0 1 4 0 100 33.831 14.545
317 400 1 2 4 0 100 8.013 18.254
317 400 2 3 4 0 100 6.824 20.595
317 400 3 4 4 0 100 6.445 20.777
317 400 4 5 4 0 100 6.959 20.625
317 400 5 6 4 0 100 6.708 20.985
317 400 6 7 4 0 100 6.784 20.843
317 400 7 8 4 0 100 6.942 21.048
317 400 8 9 4 0 100 6.854 21.070
317 400 9 10 4 0 100 6.944 21.143
317 400 10 11 4 0 100 6.890 21.496
317 400 11 12 4 0 100 6.740 21.419
317 400 12 13 4 0 100 7.030 21.489
317 400 13 14 4 0 100 6.998 21.531
317 400 14 15 4 0 100 6.988 21.606
317 400 15 16 4 0 100 7.168 21.681
317 400 16 17 4 0 100 7.018 21.904
317 400 17 18 4 0 100 7.044 21.841
317 400 18 19 4 0 100 7.131 22.057
317 400 19 20 4 0 100 6.993 22.087
317 400 20 21 4 0 100 7.226 22.124
317 400 21 22 4 0 100 7.082 22.201
317 400 22 23 4 0 100 7.346 22.389
317 400 23 24 4 0 100 7.204 22.706
317 400 24 25 4 0 100 7.175 22.615
317 400 25 26 4 0 100 7.238 22.696
317 400 26 27 4 0 100 7.389 22.912
317 400 27 28 4 0 100 7.272 23.023
317 400 28 29 4 0 100 7.031 23.024
317 400 29 30 4 0 100 7.747 22.960
317 400 30 31 4 0 100 7.560 23.132
317 400 31 32 4 0 100 7.255 23.164
317 400 32 33 4 0 100 7.859 23.795
317 400 33 34 4 0 100 8.616 23.042
317 400 34 35 4 0 100 7.568 23.333
317 400 35 36 4 0 100 8.282 23.158
317 400 36 37 4 0 100 9.611 22.907
317 400 37 38 4 0 100 8.343 23.470
317 400 38 39 4 0 100 10.711 22.428
317 400 39 40 4 0 100 10.938 22.256
317 400 40 41 4 0 100 11.656 22.288
317 400 41 42 4 0 100 18.063 21.676
317 400 42 43 4 0 100 12.320 21.373
317 400 43 44 4 0 100 20.203 22.943
317 400 44 100 4 0 100 35.736 17.389
400 503 0 1 4 0 100 1.155 100.000
400 503 1 2 4 0 100 8.132 20.869
400 503 2 3 4 0 100 7.052 21.070
400 503 3 4 4 0 100 6.770 21.446
400 503 4 5 4 0 100 6.459 21.795
400 503 5 6 4 0 100 6.613 21.781
400 503 6 7 4 0 100 6.511 22.207
400 503 7 8 4 0 100 6.640 22.076
400 503 8 9 4 0 100 6.655 22.394
400 503 9 10 4 0 100 6.696 22.232
400 503 10 11 4 0 100 6.788 22.417
400 503 11 12 4 0 100 6.817 22.485
400 503 12 13 4 0 100 6.761 22.571
400 503 13 14 4 0 100 6.794 22.623
400 503 14 15 4 0 100 6.884 22.635
400 503 15 16 4 0 100 6.995 22.822
400 503 16 17 4 0 100 6.894 22.890
400 503 17 18 4 0 100 6.865 22.950
400 503 18 19 4 0 100 6.900 22.996
400 503 19 20 4 0 100 7.083 22.991
400 503 20 21 4 0 100 7.087 23.301
400 503 21 22 4 0 100 7.167 23.130
400 503 22 23 4 0 100 7.067 23.403
400 503 23 24 4 0 100 7.217 23.465
400 503 24 25 4 0 100 7.554 23.703
400 503 25 26 4 0 100 7.428 23.823
400 503 26 27 4 0 100 7.281 23.724
400 503 27 28 4 0 100 7.076 23.674
400 503 28 29 4 0 100 7.580 23.844
400 503 29 30 4 0 100 7.720 24.215
400 503 30 31 4 0 100 7.411 24.147
400 503 31 32 4 0 100 7.453 24.247
400 503 32 33 4 0 100 7.812 24.069
400 503 33 34 4 0 100 8.797 23.899
400 503 34 35 4 0 100 7.799 24.062
400 503 35 36 4 0 100 9.993 23.070
400 503 36 37 4 0 100 8.234 23.956
400 503 37 38 4 0 100 9.423 23.179
400 503 38 39 4 0 100 12.197 23.169
400 503 39 40 4 0 100 15.770 24.534
400 503 40 41 4 0 100 11.501 23.859
400 503 41 42 4 0 100 14.840 20.817
400 503 42 43 4 0 100 15.440 21.231
400 503 43 44 4 0 100 50.000 21.937
400 503 44 100 4 0 100 50.000 26.082
503 633 0 1 4 0 100 1.401 100.000
503 633 1 2 4 0 100 9.953 18.818
503 633 2 3 4 0 100 6.450 23.047
503 633 3 4 4 0 100 6.032 23.384
503 633 4 5 4 0 100 6.427 22.731
503 633 5 6 4 0 100 6.267 22.885
503 633 6 7 4 0 100 6.789 22.843
503 633 7 8 4 0 100 6.531 23.122
503 633 8 9 4 0 100 6.490 23.188
503 633 9 10 4 0 100 6.711 23.157
503 633 10 11 4 0 100 6.605 23.397
503 633 11 12 4 0 100 6.566 23.334
503 633 12 13 4 0 100 6.826 23.491
503 633 13 14 4 0 100 6.723 23.388
503 633 14 15 4 0 100 6.773 23.701
503 633 15 16 4 0 100 6.803 23.823
503 633 16 17 4 0 100 6.813 23.889
503 633 17 18 4 0 100 6.964 24.019
503 633 18 19 4 0 100 6.960 24.000
503 633 19 20 4 0 100 6.931 24.032
503 633 20 21 4 0 100 7.135 23.990
503 633 21 22 4 0 100 7.131 24.156
503 633 22 23 4 0 100 7.135 24.412
503 633 23 24 4 0 100 7.265 24.329
503 633 24 25 4 0 100 6.968 24.709
503 633 25 26 4 0 100 6.723 24.700
503 633 26 27 4 0 100 7.040 24.977
503 633 27 28 4 0 100 6.989 24.413
503 633 28 29 4 0 100 7.370 24.840
503 633 29 30 4 0 100 7.424 24.647
503 633 30 31 4 0 100 7.555 24.937
503 633 31 32 4 0 100 7.604 24.580
503 633 32 33 4 0 100 8.448 24.921
503 633 33 34 4 0 100 7.556 25.392
503 633 34 35 4 0 100 8.496 24.770
503 633 35 36 4 0 100 8.723 24.318
503 633 36 37 4 0 100 7.670 25.093
503 633 37 38 4 0 100 8.991 24.089
503 633 38 39 4 0 100 11.421 24.872
503 633 39 40 4 0 100 14.142 23.962
503 633 40 41 4 0 100 21.203 25.185
503 633 41 42 4 0 100 50.000 21.131
503 633 42 43 4 0 100 27.856 20.470
503 633 43 44 4 0 100 24.383 23.983
503 633 44 100 4 0 100 37.948 22.165
633 797 0 1 4 0 100 1.394 100.000
633 797 1 2 4 0 100 11.999 22.042
633 797 2 3 4 0 100 8.070 22.531
633 797 3 4 4 0 100 6.518 23.061
633 797 4 5 4 0 100 6.355 23.562
633 797 5 6 4 0 100 6.483 23.600
633 797 6 7 4 0 100 6.443 23.962
633 797 7 8 4 0 100 6.310 23.937
633 797 8 9 4 0 100 6.397 24.131
633 797 9 10 4 0 100 6.556 23.946
633 797 10 11 4 0 100 6.594 24.088
633 797 11 12 4 0 100 6.484 24.251
633 797 12 13 4 0 100 6.587 24.334
633 797 13 14 4 0 100 6.518 24.505
633 797 14 15 4 0 100 6.477 24.508
633 797 15 16 4 0 100 6.668 24.412
633 797 16 17 4 0 100 6.812 24.745
633 797 17 18 4 0 100 6.586 24.651
633 797 18 19 4 0 100 6.653 24.783
633 797 19 20 4 0 100 6.925 24.711
633 797 20 21 4 0 100 6.608 25.100
633 797 21 22 4 0 100 6.809 25.262
633 797 22 23 4 0 100 6.919 25.124
633 797 23 24 4 0 100 7.033 25.301
633 797 24 25 4 0 100 7.081 25.031
633 797 25 26 4 0 100 6.790 25.487
633 797 26 27 4 0 100 6.857 25.632
633 797 27 28 4 0 100 6.879 25.870
633 797 28 29 4 0 100 6.969 25.801
633 797 29 30 4 0 100 7.879 25.268
633 797 30 31 4 0 100 7.089 25.375
633 797 31 32 4 0 100 7.645 26.015
633 797 32 33 4 0 100 8.427 24.872
633 797 33 34 4 0 100 8.238 27.084
633 797 34 35 4 0 100 9.912 24.869
633 797 35 36 4 0 100 9.708 25.460
633 797 36 37 4 0 100 16.761 24.878
633 797 37 38 4 0 100 12.704 23.520
633 797 38 39 4 0 100 18.002 24.640
633 797 39 40 4 0 100 17.492 21.667
633 797 40 41 4 0 100 50.000 20.419
633 797 41 42 4 0 100 50.000 22.170
633 797 42 43 4 0 100 50.000 25.011
633 797 43 44 4 0 100 50.000 18.682
633 797 44 100 4 0 100 1.339 100.000
797 1003 0 1 4 0 100 1.474 100.000
797 1003 1 2 4 0 100 19.279 19.890
797 1003 2 3 4 0 100 8.467 22.671
797 1003 3 4 4 0 100 6.320 24.508
797 1003 4 5 4 0 100 6.452 24.088
797 1003 5 6 4 0 100 6.194 24.662
797 1003 6 7 4 0 100 6.301 24.816
797 1003 7 8 4 0 100 6.236 24.571
797 1003 8 9 4 0 100 6.321 24.703
797 1003 9 10 4 0 100 6.172 25.123
797 1003 10 11 4 0 100 6.519 24.716
797 1003 11 12 4 0 100 6.412 25.053
797 1003 12 13 4 0 100 6.617 24.718
797 1003 13 14 4 0 100 6.474 24.836
797 1003 14 15 4 0 100 6.720 24.938
797 1003 15 16 4 0 100 6.534 25.185
797 1003 16 17 4 0 100 6.544 25.153
797 1003 17 18 4 0 100 6.800 25.255
797 1003 18 19 4 0 100 6.532 25.732
797 1003 19 20 4 0 100 6.917 25.307
797 1003 20 21 4 0 100 6.915 25.404
797 1003 21 22 4 0 100 7.014 25.412
797 1003 22 23 4 0 100 6.829 25.718
797 1003 23 24 4 0 100 6.845 26.264
797 1003 24 25 4 0 100 6.378 26.413
797 1003 25 26 4 0 100 6.996 26.067
797 1003 26 27 4 0 100 7.380 25.219
797 1003 27 28 4 0 100 7.435 26.397
797 1003 28 29 4 0 100 6.690 26.294
797 1003 29 30 4 0 100 7.599 26.541
797 1003 30 31 4 0 100 8.534 25.414
797 1003 31 32 4 0 100 7.701 25.972
797 1003 32 33 4 0 100 9.122 27.746
797 1003 33 34 4 0 100 10.787 25.965
797 1003 34 35 4 0 100 14.320 25.820
797 1003 35 36 4 0 100 14.252 24.931
797 1003 36 37 4 0 100 30.047 22.640
797 1003 37 38 4 0 100 11.684 24.388
797 1003 38 39 4 0 100 8.509 29.332
797 1003 39 40 4 0 100 26.235 21.242
797 1003 40 41 4 0 100 30.663 22.745
797 1003 41 42 4 0 100 50.000 28.171
797 1003 42 43 4 0 100 1.331 100.000
797 1003 43 44 4 0 100 1.386 100.000
797 1003 44 100 4 0 100 1.376 100.000
1003 1262 1 2 4 0 100 17.826 18.619
1003 1262 2 3 4 0 100 10.137 21.801
1003 1262 3 4 4 0 100 8.491 23.245
1003 1262 4 5 4 0 100 6.150 24.585
1003 1262 5 6 4 0 100 6.016 24.833
1003 1262 6 7 4 0 100 6.162 25.184
1003 1262 7 8 4 0 100 6.255 25.471
1003 1262 8 9 4 0 100 6.501 24.784
1003 1262 9 10 4 0 100 6.710 24.836
1003 1262 10 11 4 0 100 6.165 25.139
1003 1262 11 12 4 0 100 6.505 24.679
1003 1262 12 13 4 0 100 6.618 24.687
1003 1262 13 14 4 0 100 6.535 25.378
1003 1262 14 15 4 0 100 6.477 24.987
1003 1262 15 16 4 0 100 6.427 25.287
1003 1262 16 17 4 0 100 6.828 25.029
1003 1262 17 18 4 0 100 7.117 25.329
1003 1262 18 19 4 0 100 6.737 25.817
1003 1262 19 20 4 0 100 6.806 25.728
1003 1262 20 21 4 0 100 7.192 25.486
1003 1262 21 22 4 0 100 6.764 26.016
1003 1262 22 23 4 0 100 6.658 26.184
1003 1262 23 24 4 0 100 6.414 26.128
1003 1262 24 25 4 0 100 7.066 25.907
1003 1262 25 26 4 0 100 7.253 25.913
1003 1262 26 27 4 0 100 7.709 25.381
1003 1262 27 28 4 0 100 7.736 25.842
1003 1262 28 29 4 0 100 9.042 26.184
1003 1262 29 30 4 0 100 9.706 27.101
1003 1262 30 31 4 0 100 10.739 24.685
1003 1262 31 32 4 0 100 13.371 25.642
1003 1262 32 33 4 0 100 14.836 24.098
1003 1262 33 34 4 0 100 14.757 21.778
1003 1262 34 35 4 0 100 16.318 23.349
1003 1262 35 36 4 0 100 15.281 24.831
1003 1262 36 37 4 0 100 50.000 27.118
1003 1262 37 38 4 0 100 1.290 100.000
1003 1262 38 39 4 0 100 1.441 100.000
1003 1262 39 40 4 0 100 1.322 100.000
1003 1262 40 41 4 0 100 1.363 100.000
1003 1262 41 42 4 0 100 1.450 100.000
1003 1262 42 43 4 0 100 1.485 100.000
1003 1262 43 44 4 0 100 1.477 100.000
1003 1262 44 100 4 0 100 1.509 100.000
1262 1589 1 2 4 0 100 50.000 20.553
1262 1589 2 3 4 0 100 10.938 22.326
1262 1589 3 4 4 0 100 11.385 22.052
1262 1589 4 5 4 0 100 8.565 23.038
1262 1589 5 6 4 0 100 7.787 23.717
1262 1589 6 7 4 0 100 6.898 23.951
1262 1589 7 8 4 0 100 7.264 24.400
1262 1589 8 9 4 0 100 7.065 24.891
1262 1589 9 10 4 0 100 6.659 24.993
1262 1589 10 11 4 0 100 6.814 24.989
1262 1589 11 12 4 0 100 6.584 25.087
1262 1589 12 13 4 0 100 5.907 25.706
1262 1589 13 14 4 0 100 6.564 25.248
1262 1589 14 15 4 0 100 7.129 25.072
1262 1589 15 16 4 0 100 7.136 25.864
1262 1589 16 17 4 0 100 6.634 26.017
1262 1589 17 18 4 0 100 6.564 25.692
1262 1589 18 19 4 0 100 6.602 26.400
1262 1589 19 20 4 0 100 6.914 25.929
1262 1589 20 21 4 0 100 7.983 24.450
1262 1589 21 22 4 0 100 7.300 25.810
1262 1589 22 23 4 0 100 6.965 26.629
1262 1589 23 24 4 0 100 8.652 25.371
1262 1589 24 25 4 0 100 8.645 23.378
1262 1589 25 26 4 0 100 10.918 24.423
1262 1589 26 27 4 0 100 10.588 24.086
1262 1589 27 28 4 0 100 12.347 24.925
1262 1589 28 29 4 0 100 13.505 22.711
1262 1589 29 30 4 0 100 19.044 26.065
1262 1589 30 31 4 0 100 20.165 22.475
1262 1589 31 32 4 0 100 14.519 24.720
1262 1589 32 33 4 0 100 50.000 21.915
1262 1589 33 34 4 0 100 1.269 100.000
1262 1589 34 35 4 0 100 50.000 19.304
1262 1589 35 36 4 0 100 1.331 100.000
1262 1589 36 37 4 0 100 50.000 22.097
1262 1589 37 38 4 0 100 1.449 100.000
1262 1589 38 39 4 0 100 1.407 100.000
1262 1589 39 40 4 0 100 1.539 100.000
1262 1589 40 41 4 0 100 1.556 100.000
1262 1589 41 42 4 0 100 1.538 100.000
1262 1589 43 100 4 0 100 1.608 100.000
1589 2000 1 2 4 0 100 1.461 100.000
1589 2000 3 4 4 0 100 50.000 15.116
1589 2000 4 5 4 0 100 11.860 18.804
1589 2000 5 6 4 0 100 25.261 21.890
1589 2000 6 7 4 0 100 9.376 22.458
1589 2000 7 8 4 0 100 10.147 24.335
1589 2000 8 9 4 0 100 9.016 22.889
1589 2000 9 10 4 0 100 9.218 22.288
1589 2000 10 11 4 0 100 7.077 24.015
1589 2000 11 12 4 0 100 11.487 21.718
1589 2000 12 13 4 0 100 7.582 25.647
1589 2000 13 14 4 0 100 8.165 24.254
1589 2000 14 15 4 0 100 9.338 23.701
1589 2000 15 16 4 0 100 10.233 24.446
1589 2000 16 17 4 0 100 9.376 23.978
1589 2000 17 18 4 0 100 12.328 24.388
1589 2000 18 19 4 0 100 8.335 24.484
1589 2000 19 20 4 0 100 10.854 24.159
1589 2000 20 21 4 0 100 13.334 21.824
1589 2000 21 22 4 0 100 13.367 21.564
1589 2000 22 23 4 0 100 12.627 22.838
1589 2000 23 24 4 0 100 22.450 21.162
1589 2000 24 25 4 0 100 50.000 25.017
1589 2000 25 26 4 0 100 29.011 24.070
1589 2000 26 27 4 0 100 50.000 19.791
1589 2000 27 28 4 0 100 50.000 22.757
1589 2000 28 29 4 0 100 1.360 100.000
1589 2000 29 30 4 0 100 1.413 100.000
1589 2000 30 31 4 0 100 1.398 100.000
1589 2000 31 32 4 0 100 1.397 100.000
1589 2000 32 33 4 0 100 1.370 100.000
1589 2000 34 35 4 0 100 1.396 100.000
1589 2000 35 36 4 0 100 1.645 100.000
1589 2000 37 38 4 0 100 1.586 100.000
1589 2000 38 100 4 0 100 1.737 100.000
2000 4000 2 3 4 0 100 1.454 100.000
2000 4000 4 5 4 0 100 1.449 100.000
2000 4000 5 6 4 0 100 1.404 100.000
2000 4000 6 7 4 0 100 4.420 19.784
2000 4000 7 8 4 0 100 1.343 100.000
2000 4000 8 9 4 0 100 1.262 100.000
2000 4000 9 10 4 0 100 23.505 18.508
2000 4000 11 12 4 0 100 50.000 18.608
2000 4000 12 13 4 0 100 6.072 24.841
2000 4000 13 14 4 0 100 50.000 20.594
2000 4000 14 15 4 0 100 1.335 100.000
2000 4000 15 16 4 0 100 1.311 100.000
2000 4000 16 17 4 0 100 1.350 100.000
2000 4000 17 18 4 0 100 1.332 100.000
2000 4000 18 19 4 0 100 43.391 20.070
2000 4000 19 20 4 0 100 1.382 100.000
2000 4000 20 21 4 0 100 1.339 100.000
2000 4000 21 22 4 0 100 1.429 100.000
2000 4000 22 23 4 0 100 1.371 100.000
2000 4000 24 25 4 0 100 1.421 100.000
2000 4000 26 27 4 0 100 1.552 100.000
2000 4000 27 28 4 0 100 1.431 100.000
2000 4000 28 29 4 0 100 1.725 100.000
2000 4000 29 30 4 0 100 1.561 100.000
2000 4000 37 100 4 0 100 1.617 100.000
[gluon]
{2 JetPt Rho 1 x TMath::Exp(-1.*x*[0]/[1])*TMath::Power(x,[0]-1)*TMath::Power([1]/[0],-1.*[0])/TMath::Gamma([0]) Correction QGL_nPFCand_QC_ptCut_gluon}
20 26 0 1 4 0 100 47.647 8.478
20 26 1 2 4 0 100 14.226 7.857
20 26 2 3 4 0 100 14.171 8.223
20 26 3 4 4 0 100 13.183 8.516
20 26 4 5 4 0 100 12.589 8.748
20 26 5 6 4 0 100 12.878 8.993
20 26 6 7 4 0 100 13.132 9.273
20 26 7 8 4 0 100 12.842 9.452
20 26 8 9 4 0 100 13.097 9.643
20 26 9 10 4 0 100 13.507 9.918
20 26 10 11 4 0 100 13.693 10.054
20 26 11 12 4 0 100 13.474 10.271
20 26 12 13 4 0 100 13.562 10.448
20 26 13 14 4 0 100 13.996 10.649
20 26 14 15 4 0 100 13.895 10.838
20 26 15 16 4 0 100 13.947 10.996
20 26 16 17 4 0 100 14.898 11.176
20 26 17 18 4 0 100 14.363 11.398
20 26 18 19 4 0 100 14.457 11.556
20 26 19 20 4 0 100 13.958 11.689
20 26 20 21 4 0 100 14.905 11.905
20 26 21 22 4 0 100 15.019 12.109
20 26 22 23 4 0 100 14.857 12.277
20 26 23 24 4 0 100 15.107 12.379
20 26 24 25 4 0 100 15.508 12.617
20 26 25 26 4 0 100 15.503 12.725
20 26 26 27 4 0 100 14.705 12.936
20 26 27 28 4 0 100 15.961 13.078
20 26 28 29 4 0 100 15.646 13.241
20 26 29 30 4 0 100 16.361 13.315
20 26 30 31 4 0 100 16.436 13.527
20 26 31 32 4 0 100 17.673 13.720
20 26 32 33 4 0 100 16.557 13.911
20 26 33 34 4 0 100 15.762 13.965
20 26 34 35 4 0 100 20.273 14.417
20 26 35 36 4 0 100 17.281 14.397
20 26 36 37 4 0 100 18.439 14.360
20 26 37 38 4 0 100 23.614 14.752
20 26 38 39 4 0 100 21.259 14.256
20 26 39 40 4 0 100 24.539 15.004
20 26 40 41 4 0 100 32.731 14.942
20 26 41 42 4 0 100 25.543 15.353
20 26 42 43 4 0 100 40.427 15.094
20 26 43 44 4 0 100 43.842 17.227
20 26 44 100 4 0 100 32.779 14.987
26 32 0 1 4 0 100 18.035 8.496
26 32 1 2 4 0 100 15.728 9.226
26 32 2 3 4 0 100 12.196 9.740
26 32 3 4 4 0 100 13.298 9.850
26 32 4 5 4 0 100 13.764 10.183
26 32 5 6 4 0 100 14.348 10.461
26 32 6 7 4 0 100 13.775 10.623
26 32 7 8 4 0 100 14.180 10.858
26 32 8 9 4 0 100 14.319 11.017
26 32 9 10 4 0 100 14.226 11.277
26 32 10 11 4 0 100 14.473 11.421
26 32 11 12 4 0 100 14.773 11.582
26 32 12 13 4 0 100 14.776 11.774
26 32 13 14 4 0 100 14.675 11.980
26 32 14 15 4 0 100 14.848 12.148
26 32 15 16 4 0 100 14.511 12.289
26 32 16 17 4 0 100 15.234 12.448
26 32 17 18 4 0 100 15.098 12.660
26 32 18 19 4 0 100 15.054 12.826
26 32 19 20 4 0 100 15.417 12.963
26 32 20 21 4 0 100 15.407 13.115
26 32 21 22 4 0 100 15.305 13.343
26 32 22 23 4 0 100 15.455 13.458
26 32 23 24 4 0 100 15.961 13.675
26 32 24 25 4 0 100 15.514 13.841
26 32 25 26 4 0 100 15.758 13.961
26 32 26 27 4 0 100 16.598 14.047
26 32 27 28 4 0 100 15.098 14.176
26 32 28 29 4 0 100 15.988 14.326
26 32 29 30 4 0 100 16.286 14.604
26 32 30 31 4 0 100 16.738 14.645
26 32 31 32 4 0 100 17.642 14.895
26 32 32 33 4 0 100 17.515 14.753
26 32 33 34 4 0 100 16.550 15.068
26 32 34 35 4 0 100 17.557 15.348
26 32 35 36 4 0 100 18.542 15.329
26 32 36 37 4 0 100 20.143 15.800
26 32 37 38 4 0 100 20.403 15.746
26 32 38 39 4 0 100 23.206 16.177
26 32 39 40 4 0 100 19.701 15.708
26 32 40 41 4 0 100 22.526 15.857
26 32 41 42 4 0 100 23.505 14.973
26 32 42 43 4 0 100 28.843 16.038
26 32 43 44 4 0 100 32.815 15.270
26 32 44 100 4 0 100 45.125 15.567
32 40 0 1 4 0 100 26.594 10.007
32 40 1 2 4 0 100 16.291 10.680
32 40 2 3 4 0 100 14.988 11.256
32 40 3 4 4 0 100 14.068 11.361
32 40 4 5 4 0 100 14.171 11.665
32 40 5 6 4 0 100 14.434 11.847
32 40 6 7 4 0 100 14.771 12.090
32 40 7 8 4 0 100 14.742 12.278
32 40 8 9 4 0 100 14.649 12.479
32 40 9 10 4 0 100 14.972 12.648
32 40 10 11 4 0 100 15.302 12.879
32 40 11 12 4 0 100 14.859 12.967
32 40 12 13 4 0 100 15.037 13.178
32 40 13 14 4 0 100 15.113 13.364
32 40 14 15 4 0 100 15.251 13.508
32 40 15 16 4 0 100 15.564 13.698
32 40 16 17 4 0 100 15.332 13.819
32 40 17 18 4 0 100 15.252 13.970
32 40 18 19 4 0 100 14.975 14.121
32 40 19 20 4 0 100 15.682 14.262
32 40 20 21 4 0 100 16.033 14.432
32 40 21 22 4 0 100 15.828 14.649
32 40 22 23 4 0 100 15.675 14.808
32 40 23 24 4 0 100 15.705 14.893
32 40 24 25 4 0 100 15.746 15.052
32 40 25 26 4 0 100 15.857 15.167
32 40 26 27 4 0 100 15.936 15.303
32 40 27 28 4 0 100 16.330 15.448
32 40 28 29 4 0 100 16.867 15.589
32 40 29 30 4 0 100 16.210 15.750
32 40 30 31 4 0 100 15.723 15.908
32 40 31 32 4 0 100 16.917 16.019
32 40 32 33 4 0 100 15.706 16.110
32 40 33 34 4 0 100 16.028 16.054
32 40 34 35 4 0 100 15.274 16.136
32 40 35 36 4 0 100 14.724 16.622
32 40 36 37 4 0 100 16.790 16.367
32 40 37 38 4 0 100 18.058 16.798
32 40 38 39 4 0 100 17.728 16.846
32 40 39 40 4 0 100 21.711 17.088
32 40 40 41 4 0 100 15.945 16.721
32 40 41 42 4 0 100 18.572 16.551
32 40 42 43 4 0 100 26.588 17.965
32 40 43 44 4 0 100 37.613 16.402
32 40 44 100 4 0 100 36.868 17.016
40 51 0 1 4 0 100 25.706 10.556
40 51 1 2 4 0 100 14.423 12.267
40 51 2 3 4 0 100 15.294 12.757
40 51 3 4 4 0 100 14.668 13.129
40 51 4 5 4 0 100 14.517 13.359
40 51 5 6 4 0 100 14.979 13.583
40 51 6 7 4 0 100 14.427 13.776
40 51 7 8 4 0 100 14.795 13.952
40 51 8 9 4 0 100 14.702 14.101
40 51 9 10 4 0 100 14.875 14.345
40 51 10 11 4 0 100 14.849 14.500
40 51 11 12 4 0 100 14.709 14.712
40 51 12 13 4 0 100 15.157 14.854
40 51 13 14 4 0 100 15.058 14.978
40 51 14 15 4 0 100 15.277 15.131
40 51 15 16 4 0 100 15.192 15.300
40 51 16 17 4 0 100 15.075 15.461
40 51 17 18 4 0 100 15.399 15.631
40 51 18 19 4 0 100 15.335 15.723
40 51 19 20 4 0 100 15.278 15.885
40 51 20 21 4 0 100 15.656 16.051
40 51 21 22 4 0 100 15.468 16.157
40 51 22 23 4 0 100 15.784 16.326
40 51 23 24 4 0 100 15.844 16.398
40 51 24 25 4 0 100 15.473 16.543
40 51 25 26 4 0 100 16.197 16.745
40 51 26 27 4 0 100 15.938 16.883
40 51 27 28 4 0 100 15.457 16.844
40 51 28 29 4 0 100 15.583 17.107
40 51 29 30 4 0 100 16.019 17.218
40 51 30 31 4 0 100 15.800 17.318
40 51 31 32 4 0 100 16.917 17.495
40 51 32 33 4 0 100 16.805 17.681
40 51 33 34 4 0 100 16.696 17.779
40 51 34 35 4 0 100 15.794 17.819
40 51 35 36 4 0 100 16.757 17.895
40 51 36 37 4 0 100 16.085 18.013
40 51 37 38 4 0 100 17.921 18.032
40 51 38 39 4 0 100 19.387 18.417
40 51 39 40 4 0 100 17.439 18.367
40 51 40 41 4 0 100 19.415 18.119
40 51 41 42 4 0 100 19.585 18.184
40 51 42 43 4 0 100 22.021 18.847
40 51 43 44 4 0 100 19.974 18.877
40 51 44 100 4 0 100 35.863 18.276
51 64 0 1 4 0 100 50.000 14.581
51 64 1 2 4 0 100 16.275 14.204
51 64 2 3 4 0 100 14.265 14.584
51 64 3 4 4 0 100 14.280 14.968
51 64 4 5 4 0 100 14.266 15.221
51 64 5 6 4 0 100 14.439 15.400
51 64 6 7 4 0 100 14.809 15.634
51 64 7 8 4 0 100 14.426 15.800
51 64 8 9 4 0 100 14.637 15.943
51 64 9 10 4 0 100 14.836 16.112
51 64 10 11 4 0 100 14.760 16.238
51 64 11 12 4 0 100 14.981 16.460
51 64 12 13 4 0 100 14.606 16.539
51 64 13 14 4 0 100 14.979 16.763
51 64 14 15 4 0 100 15.072 16.945
51 64 15 16 4 0 100 15.291 17.044
51 64 16 17 4 0 100 15.130 17.163
51 64 17 18 4 0 100 14.915 17.268
51 64 18 19 4 0 100 14.899 17.429
51 64 19 20 4 0 100 15.251 17.627
51 64 20 21 4 0 100 15.198 17.763
51 64 21 22 4 0 100 15.424 17.799
51 64 22 23 4 0 100 14.858 17.926
51 64 23 24 4 0 100 15.165 18.101
51 64 24 25 4 0 100 14.980 18.134
51 64 25 26 4 0 100 15.315 18.305
51 64 26 27 4 0 100 15.167 18.378
51 64 27 28 4 0 100 15.867 18.567
51 64 28 29 4 0 100 15.439 18.712
51 64 29 30 4 0 100 15.429 18.882
51 64 30 31 4 0 100 15.568 18.786
51 64 31 32 4 0 100 16.860 19.167
51 64 32 33 4 0 100 15.670 19.168
51 64 33 34 4 0 100 15.695 19.162
51 64 34 35 4 0 100 15.887 19.574
51 64 35 36 4 0 100 16.526 19.597
51 64 36 37 4 0 100 15.426 19.270
51 64 37 38 4 0 100 17.795 19.720
51 64 38 39 4 0 100 22.275 19.545
51 64 39 40 4 0 100 18.156 19.965
51 64 40 41 4 0 100 18.704 19.719
51 64 41 42 4 0 100 19.812 19.595
51 64 42 43 4 0 100 20.105 19.738
51 64 43 44 4 0 100 44.012 19.832
51 64 44 100 4 0 100 28.285 19.927
64 80 0 1 4 0 100 30.738 15.198
64 80 1 2 4 0 100 15.475 15.932
64 80 2 3 4 0 100 14.333 16.539
64 80 3 4 4 0 100 13.753 16.775
64 80 4 5 4 0 100 14.402 17.039
64 80 5 6 4 0 100 14.053 17.251
64 80 6 7 4 0 100 13.997 17.472
64 80 7 8 4 0 100 14.328 17.640
64 80 8 9 4 0 100 14.499 17.817
64 80 9 10 4 0 100 14.229 17.937
64 80 10 11 4 0 100 14.213 18.191
64 80 11 12 4 0 100 14.308 18.331
64 80 12 13 4 0 100 14.449 18.442
64 80 13 14 4 0 100 14.381 18.560
64 80 14 15 4 0 100 14.360 18.720
64 80 15 16 4 0 100 14.620 18.825
64 80 16 17 4 0 100 14.389 18.974
64 80 17 18 4 0 100 14.524 19.102
64 80 18 19 4 0 100 14.674 19.246
64 80 19 20 4 0 100 14.571 19.297
64 80 20 21 4 0 100 14.290 19.420
64 80 21 22 4 0 100 14.603 19.492
64 80 22 23 4 0 100 14.955 19.673
64 80 23 24 4 0 100 14.538 19.806
64 80 24 25 4 0 100 14.729 19.872
64 80 25 26 4 0 100 14.829 20.003
64 80 26 27 4 0 100 14.572 20.121
64 80 27 28 4 0 100 14.410 20.126
64 80 28 29 4 0 100 14.717 20.322
64 80 29 30 4 0 100 15.431 20.436
64 80 30 31 4 0 100 14.631 20.556
64 80 31 32 4 0 100 15.447 20.800
64 80 32 33 4 0 100 15.435 20.825
64 80 33 34 4 0 100 14.585 20.874
64 80 34 35 4 0 100 15.181 20.777
64 80 35 36 4 0 100 15.960 21.043
64 80 36 37 4 0 100 16.393 21.354
64 80 37 38 4 0 100 16.031 21.207
64 80 38 39 4 0 100 15.159 21.460
64 80 39 40 4 0 100 16.141 21.525
64 80 40 41 4 0 100 17.653 22.019
64 80 41 42 4 0 100 18.010 20.980
64 80 42 43 4 0 100 24.314 20.911
64 80 43 44 4 0 100 17.218 21.092
64 80 44 100 4 0 100 31.243 21.746
80 101 0 1 4 0 100 29.021 17.329
80 101 1 2 4 0 100 14.886 18.143
80 101 2 3 4 0 100 12.762 18.442
80 101 3 4 4 0 100 13.389 18.834
80 101 4 5 4 0 100 13.177 19.020
80 101 5 6 4 0 100 13.376 19.261
80 101 6 7 4 0 100 13.618 19.316
80 101 7 8 4 0 100 13.546 19.617
80 101 8 9 4 0 100 13.675 19.838
80 101 9 10 4 0 100 13.939 19.935
80 101 10 11 4 0 100 13.812 20.105
80 101 11 12 4 0 100 13.767 20.207
80 101 12 13 4 0 100 13.714 20.322
80 101 13 14 4 0 100 13.792 20.458
80 101 14 15 4 0 100 13.934 20.630
80 101 15 16 4 0 100 13.854 20.703
80 101 16 17 4 0 100 13.852 20.858
80 101 17 18 4 0 100 14.198 20.968
80 101 18 19 4 0 100 13.753 21.101
80 101 19 20 4 0 100 13.985 21.222
80 101 20 21 4 0 100 13.878 21.331
80 101 21 22 4 0 100 14.086 21.465
80 101 22 23 4 0 100 14.133 21.457
80 101 23 24 4 0 100 13.669 21.658
80 101 24 25 4 0 100 14.034 21.778
80 101 25 26 4 0 100 14.004 21.847
80 101 26 27 4 0 100 14.161 21.785
80 101 27 28 4 0 100 13.884 22.052
80 101 28 29 4 0 100 14.670 22.159
80 101 29 30 4 0 100 13.416 22.146
80 101 30 31 4 0 100 14.372 22.105
80 101 31 32 4 0 100 14.167 22.458
80 101 32 33 4 0 100 14.148 22.563
80 101 33 34 4 0 100 13.936 22.662
80 101 34 35 4 0 100 13.661 22.666
80 101 35 36 4 0 100 15.008 23.032
80 101 36 37 4 0 100 14.008 22.700
80 101 37 38 4 0 100 16.857 23.261
80 101 38 39 4 0 100 14.628 23.352
80 101 39 40 4 0 100 14.912 23.027
80 101 40 41 4 0 100 16.435 22.876
80 101 41 42 4 0 100 16.300 22.458
80 101 42 43 4 0 100 19.577 22.040
80 101 43 44 4 0 100 20.934 23.517
80 101 44 100 4 0 100 25.255 21.739
101 127 0 1 4 0 100 50.000 18.373
101 127 1 2 4 0 100 13.072 19.861
101 127 2 3 4 0 100 13.115 20.593
101 127 3 4 4 0 100 12.970 20.738
101 127 4 5 4 0 100 12.533 21.026
101 127 5 6 4 0 100 12.767 21.249
101 127 6 7 4 0 100 13.023 21.494
101 127 7 8 4 0 100 12.852 21.591
101 127 8 9 4 0 100 12.863 21.807
101 127 9 10 4 0 100 12.857 21.958
101 127 10 11 4 0 100 12.815 22.082
101 127 11 12 4 0 100 13.024 22.235
101 127 12 13 4 0 100 12.978 22.345
101 127 13 14 4 0 100 12.962 22.433
101 127 14 15 4 0 100 13.011 22.566
101 127 15 16 4 0 100 13.144 22.699
101 127 16 17 4 0 100 13.079 22.848
101 127 17 18 4 0 100 13.230 22.906
101 127 18 19 4 0 100 13.073 22.948
101 127 19 20 4 0 100 13.049 23.042
101 127 20 21 4 0 100 12.879 23.275
101 127 21 22 4 0 100 13.327 23.305
101 127 22 23 4 0 100 13.033 23.467
101 127 23 24 4 0 100 13.068 23.443
101 127 24 25 4 0 100 13.300 23.606
101 127 25 26 4 0 100 13.151 23.790
101 127 26 27 4 0 100 13.386 23.943
101 127 27 28 4 0 100 13.479 24.137
101 127 28 29 4 0 100 13.666 24.117
101 127 29 30 4 0 100 13.570 24.184
101 127 30 31 4 0 100 12.781 24.204
101 127 31 32 4 0 100 13.526 24.310
101 127 32 33 4 0 100 13.467 24.391
101 127 33 34 4 0 100 13.277 24.547
101 127 34 35 4 0 100 13.215 24.582
101 127 35 36 4 0 100 14.485 24.868
101 127 36 37 4 0 100 14.219 24.794
101 127 37 38 4 0 100 12.524 24.772
101 127 38 39 4 0 100 16.627 24.548
101 127 39 40 4 0 100 16.170 25.074
101 127 40 41 4 0 100 16.645 24.482
101 127 41 42 4 0 100 16.093 24.635
101 127 42 43 4 0 100 30.451 24.275
101 127 43 44 4 0 100 23.205 24.786
101 127 44 100 4 0 100 20.356 23.858
127 159 0 1 4 0 100 46.136 16.322
127 159 1 2 4 0 100 14.445 21.808
127 159 2 3 4 0 100 12.233 22.618
127 159 3 4 4 0 100 12.342 23.070
127 159 4 5 4 0 100 11.792 23.138
127 159 5 6 4 0 100 12.013 23.348
127 159 6 7 4 0 100 11.749 23.506
127 159 7 8 4 0 100 11.909 23.692
127 159 8 9 4 0 100 12.165 23.786
127 159 9 10 4 0 100 12.192 23.852
127 159 10 11 4 0 100 12.324 24.060
127 159 11 12 4 0 100 12.061 24.150
127 159 12 13 4 0 100 12.093 24.342
127 159 13 14 4 0 100 12.419 24.375
127 159 14 15 4 0 100 12.253 24.599
127 159 15 16 4 0 100 12.400 24.628
127 159 16 17 4 0 100 12.444 24.744
127 159 17 18 4 0 100 12.386 24.834
127 159 18 19 4 0 100 12.482 25.009
127 159 19 20 4 0 100 12.516 25.036
127 159 20 21 4 0 100 12.627 25.150
127 159 21 22 4 0 100 12.536 25.274
127 159 22 23 4 0 100 12.244 25.412
127 159 23 24 4 0 100 12.462 25.457
127 159 24 25 4 0 100 12.219 25.574
127 159 25 26 4 0 100 12.535 25.657
127 159 26 27 4 0 100 12.338 25.741
127 159 27 28 4 0 100 12.520 25.791
127 159 28 29 4 0 100 12.815 25.896
127 159 29 30 4 0 100 12.403 26.013
127 159 30 31 4 0 100 13.022 26.155
127 159 31 32 4 0 100 12.175 26.195
127 159 32 33 4 0 100 13.029 26.289
127 159 33 34 4 0 100 13.252 26.021
127 159 34 35 4 0 100 13.967 26.457
127 159 35 36 4 0 100 14.561 26.782
127 159 36 37 4 0 100 13.140 26.128
127 159 37 38 4 0 100 12.760 26.479
127 159 38 39 4 0 100 14.773 26.950
127 159 39 40 4 0 100 13.254 26.117
127 159 40 41 4 0 100 17.078 27.084
127 159 41 42 4 0 100 14.993 27.484
127 159 42 43 4 0 100 17.232 27.407
127 159 43 44 4 0 100 22.273 27.202
127 159 44 100 4 0 100 31.593 26.477
159 201 0 1 4 0 100 50.000 18.316
159 201 1 2 4 0 100 13.561 23.891
159 201 2 3 4 0 100 11.291 24.401
159 201 3 4 4 0 100 11.702 24.966
159 201 4 5 4 0 100 10.944 24.918
159 201 5 6 4 0 100 11.259 25.342
159 201 6 7 4 0 100 11.152 25.543
159 201 7 8 4 0 100 11.534 25.618
159 201 8 9 4 0 100 11.382 25.870
159 201 9 10 4 0 100 11.573 25.926
159 201 10 11 4 0 100 11.476 26.051
159 201 11 12 4 0 100 11.405 26.092
159 201 12 13 4 0 100 11.473 26.220
159 201 13 14 4 0 100 11.453 26.363
159 201 14 15 4 0 100 11.626 26.500
159 201 15 16 4 0 100 11.408 26.587
159 201 16 17 4 0 100 11.737 26.689
159 201 17 18 4 0 100 11.739 26.747
159 201 18 19 4 0 100 11.457 26.876
159 201 19 20 4 0 100 12.021 27.109
159 201 20 21 4 0 100 11.957 26.988
159 201 21 22 4 0 100 11.871 27.206
159 201 22 23 4 0 100 11.884 27.320
159 201 23 24 4 0 100 11.963 27.387
159 201 24 25 4 0 100 11.890 27.541
159 201 25 26 4 0 100 11.695 27.778
159 201 26 27 4 0 100 12.083 27.637
159 201 27 28 4 0 100 12.001 27.917
159 201 28 29 4 0 100 11.772 27.894
159 201 29 30 4 0 100 12.239 28.146
159 201 30 31 4 0 100 11.722 28.090
159 201 31 32 4 0 100 11.900 28.043
159 201 32 33 4 0 100 12.211 28.131
159 201 33 34 4 0 100 12.994 28.210
159 201 34 35 4 0 100 12.077 28.030
159 201 35 36 4 0 100 12.874 28.665
159 201 36 37 4 0 100 11.807 28.673
159 201 37 38 4 0 100 12.783 28.432
159 201 38 39 4 0 100 12.841 28.709
159 201 39 40 4 0 100 14.219 28.028
159 201 40 41 4 0 100 14.819 29.121
159 201 41 42 4 0 100 24.603 29.537
159 201 42 43 4 0 100 18.597 28.052
159 201 43 44 4 0 100 21.138 28.965
159 201 44 100 4 0 100 16.639 27.689
201 252 0 1 4 0 100 50.000 25.447
201 252 1 2 4 0 100 12.766 25.525
201 252 2 3 4 0 100 11.555 26.527
201 252 3 4 4 0 100 10.578 27.243
201 252 4 5 4 0 100 11.009 27.090
201 252 5 6 4 0 100 10.688 27.488
201 252 6 7 4 0 100 10.620 27.639
201 252 7 8 4 0 100 10.518 27.631
201 252 8 9 4 0 100 10.705 27.889
201 252 9 10 4 0 100 10.940 27.891
201 252 10 11 4 0 100 10.894 28.053
201 252 11 12 4 0 100 11.040 28.184
201 252 12 13 4 0 100 11.011 28.253
201 252 13 14 4 0 100 10.819 28.371
201 252 14 15 4 0 100 11.134 28.466
201 252 15 16 4 0 100 11.041 28.581
201 252 16 17 4 0 100 10.939 28.714
201 252 17 18 4 0 100 10.743 28.821
201 252 18 19 4 0 100 10.887 28.902
201 252 19 20 4 0 100 10.973 29.020
201 252 20 21 4 0 100 11.340 29.115
201 252 21 22 4 0 100 11.258 29.154
201 252 22 23 4 0 100 11.153 29.215
201 252 23 24 4 0 100 11.130 29.456
201 252 24 25 4 0 100 11.151 29.465
201 252 25 26 4 0 100 11.151 29.594
201 252 26 27 4 0 100 11.258 29.695
201 252 27 28 4 0 100 11.669 29.809
201 252 28 29 4 0 100 11.006 29.837
201 252 29 30 4 0 100 11.456 29.870
201 252 30 31 4 0 100 11.672 29.775
201 252 31 32 4 0 100 11.261 29.818
201 252 32 33 4 0 100 12.181 30.326
201 252 33 34 4 0 100 11.507 29.924
201 252 34 35 4 0 100 13.456 30.103
201 252 35 36 4 0 100 12.205 30.423
201 252 36 37 4 0 100 13.114 30.265
201 252 37 38 4 0 100 13.191 30.185
201 252 38 39 4 0 100 13.285 30.310
201 252 39 40 4 0 100 14.839 29.559
201 252 40 41 4 0 100 16.072 29.729
201 252 41 42 4 0 100 23.608 28.714
201 252 42 43 4 0 100 38.541 32.662
201 252 43 44 4 0 100 19.792 29.441
201 252 44 100 4 0 100 23.199 30.289
252 317 0 1 4 0 100 1.356 100.000
252 317 1 2 4 0 100 16.001 27.783
252 317 2 3 4 0 100 10.036 28.605
252 317 3 4 4 0 100 10.270 28.899
252 317 4 5 4 0 100 9.881 29.184
252 317 5 6 4 0 100 10.394 29.423
252 317 6 7 4 0 100 10.334 29.676
252 317 7 8 4 0 100 10.399 29.600
252 317 8 9 4 0 100 10.496 29.865
252 317 9 10 4 0 100 10.354 29.935
252 317 10 11 4 0 100 10.204 30.063
252 317 11 12 4 0 100 10.481 30.189
252 317 12 13 4 0 100 10.318 30.178
252 317 13 14 4 0 100 10.307 30.289
252 317 14 15 4 0 100 10.615 30.510
252 317 15 16 4 0 100 10.390 30.607
252 317 16 17 4 0 100 10.344 30.742
252 317 17 18 4 0 100 10.481 30.716
252 317 18 19 4 0 100 10.197 30.866
252 317 19 20 4 0 100 10.717 30.824
252 317 20 21 4 0 100 10.763 31.083
252 317 21 22 4 0 100 10.477 31.121
252 317 22 23 4 0 100 10.728 31.357
252 317 23 24 4 0 100 11.023 31.185
252 317 24 25 4 0 100 10.759 31.371
252 317 25 26 4 0 100 10.467 31.666
252 317 26 27 4 0 100 11.017 31.311
252 317 27 28 4 0 100 10.589 31.799
252 317 28 29 4 0 100 10.742 31.716
252 317 29 30 4 0 100 11.085 31.554
252 317 30 31 4 0 100 10.966 31.851
252 317 31 32 4 0 100 10.743 31.963
252 317 32 33 4 0 100 11.244 31.492
252 317 33 34 4 0 100 11.475 32.025
252 317 34 35 4 0 100 11.585 32.151
252 317 35 36 4 0 100 13.024 32.719
252 317 36 37 4 0 100 11.893 32.291
252 317 37 38 4 0 100 12.672 31.492
252 317 38 39 4 0 100 12.543 32.571
252 317 39 40 4 0 100 19.974 33.083
252 317 40 41 4 0 100 14.667 31.874
252 317 41 42 4 0 100 23.898 33.976
252 317 42 43 4 0 100 20.367 28.823
252 317 43 44 4 0 100 25.934 29.998
252 317 44 100 4 0 100 50.000 29.019
317 400 0 1 4 0 100 1.505 100.000
317 400 1 2 4 0 100 14.171 28.402
317 400 2 3 4 0 100 10.256 30.659
317 400 3 4 4 0 100 9.278 31.427
317 400 4 5 4 0 100 9.436 31.200
317 400 5 6 4 0 100 9.740 31.465
317 400 6 7 4 0 100 9.730 31.516
317 400 7 8 4 0 100 9.596 31.659
317 400 8 9 4 0 100 10.161 31.724
317 400 9 10 4 0 100 10.006 31.895
317 400 10 11 4 0 100 10.054 31.976
317 400 11 12 4 0 100 10.057 32.041
317 400 12 13 4 0 100 9.982 32.093
317 400 13 14 4 0 100 9.908 32.239
317 400 14 15 4 0 100 10.187 32.354
317 400 15 16 4 0 100 10.084 32.458
317 400 16 17 4 0 100 10.082 32.624
317 400 17 18 4 0 100 10.061 32.696
317 400 18 19 4 0 100 9.840 32.952
317 400 19 20 4 0 100 10.234 32.933
317 400 20 21 4 0 100 10.233 32.886
317 400 21 22 4 0 100 10.201 33.161
317 400 22 23 4 0 100 10.157 33.105
317 400 23 24 4 0 100 10.508 33.390
317 400 24 25 4 0 100 10.075 33.421
317 400 25 26 4 0 100 10.531 33.485
317 400 26 27 4 0 100 10.162 33.573
317 400 27 28 4 0 100 10.316 33.562
317 400 28 29 4 0 100 10.401 33.622
317 400 29 30 4 0 100 10.901 33.911
317 400 30 31 4 0 100 10.607 34.161
317 400 31 32 4 0 100 10.735 33.788
317 400 32 33 4 0 100 11.435 33.739
317 400 33 34 4 0 100 10.734 33.822
317 400 34 35 4 0 100 10.836 34.695
317 400 35 36 4 0 100 12.923 33.443
317 400 36 37 4 0 100 13.633 33.943
317 400 37 38 4 0 100 12.977 34.504
317 400 38 39 4 0 100 14.784 35.053
317 400 39 40 4 0 100 18.546 33.150
317 400 40 41 4 0 100 20.254 34.554
317 400 41 42 4 0 100 24.794 32.718
317 400 42 43 4 0 100 20.165 32.203
317 400 43 44 4 0 100 26.899 31.367
317 400 44 100 4 0 100 50.000 33.542
400 503 0 1 4 0 100 1.583 100.000
400 503 1 2 4 0 100 14.483 29.164
400 503 2 3 4 0 100 9.444 31.881
400 503 3 4 4 0 100 9.001 32.664
400 503 4 5 4 0 100 9.041 33.541
400 503 5 6 4 0 100 9.400 33.393
400 503 6 7 4 0 100 9.660 33.198
400 503 7 8 4 0 100 9.512 33.600
400 503 8 9 4 0 100 9.377 33.796
400 503 9 10 4 0 100 9.247 33.854
400 503 10 11 4 0 100 9.681 33.877
400 503 11 12 4 0 100 9.752 33.933
400 503 12 13 4 0 100 9.589 34.104
400 503 13 14 4 0 100 9.503 34.262
400 503 14 15 4 0 100 9.558 34.355
400 503 15 16 4 0 100 9.791 34.358
400 503 16 17 4 0 100 9.558 34.735
400 503 17 18 4 0 100 9.566 34.466
400 503 18 19 4 0 100 9.805 34.835
400 503 19 20 4 0 100 9.886 34.706
400 503 20 21 4 0 100 9.805 34.966
400 503 21 22 4 0 100 10.168 35.123
400 503 22 23 4 0 100 9.500 35.101
400 503 23 24 4 0 100 10.125 35.370
400 503 24 25 4 0 100 9.779 35.101
400 503 25 26 4 0 100 10.272 35.001
400 503 26 27 4 0 100 9.947 35.308
400 503 27 28 4 0 100 10.210 35.154
400 503 28 29 4 0 100 10.441 35.333
400 503 29 30 4 0 100 9.927 35.645
400 503 30 31 4 0 100 9.914 35.522
400 503 31 32 4 0 100 10.376 35.605
400 503 32 33 4 0 100 10.090 35.638
400 503 33 34 4 0 100 11.324 35.520
400 503 34 35 4 0 100 12.236 35.532
400 503 35 36 4 0 100 10.533 35.454
400 503 36 37 4 0 100 14.406 34.915
400 503 37 38 4 0 100 18.298 35.565
400 503 38 39 4 0 100 17.328 34.136
400 503 39 40 4 0 100 30.927 35.081
400 503 40 41 4 0 100 22.205 31.522
400 503 41 42 4 0 100 36.483 32.608
400 503 42 43 4 0 100 50.000 28.036
400 503 43 44 4 0 100 50.000 30.618
400 503 44 100 4 0 100 50.000 34.069
503 633 0 1 4 0 100 1.717 100.000
503 633 1 2 4 0 100 50.000 30.059
503 633 2 3 4 0 100 11.390 34.296
503 633 3 4 4 0 100 9.657 34.974
503 633 4 5 4 0 100 9.036 34.416
503 633 5 6 4 0 100 8.887 35.217
503 633 6 7 4 0 100 8.933 35.358
503 633 7 8 4 0 100 9.209 35.915
503 633 8 9 4 0 100 9.415 35.595
503 633 9 10 4 0 100 9.484 35.362
503 633 10 11 4 0 100 9.161 36.001
503 633 11 12 4 0 100 9.348 36.044
503 633 12 13 4 0 100 9.276 35.912
503 633 13 14 4 0 100 9.335 35.993
503 633 14 15 4 0 100 9.425 35.881
503 633 15 16 4 0 100 9.206 36.493
503 633 16 17 4 0 100 9.331 36.292
503 633 17 18 4 0 100 9.386 36.754
503 633 18 19 4 0 100 9.240 36.611
503 633 19 20 4 0 100 9.647 36.890
503 633 20 21 4 0 100 9.477 36.994
503 633 21 22 4 0 100 9.869 36.397
503 633 22 23 4 0 100 9.542 37.017
503 633 23 24 4 0 100 9.225 37.444
503 633 24 25 4 0 100 9.868 37.625
503 633 25 26 4 0 100 9.735 36.980
503 633 26 27 4 0 100 10.019 37.150
503 633 27 28 4 0 100 9.863 37.647
503 633 28 29 4 0 100 10.512 37.479
503 633 29 30 4 0 100 10.557 37.203
503 633 30 31 4 0 100 10.813 38.022
503 633 31 32 4 0 100 11.730 38.223
503 633 32 33 4 0 100 11.109 38.453
503 633 33 34 4 0 100 11.451 36.719
503 633 34 35 4 0 100 15.184 36.077
503 633 35 36 4 0 100 16.318 36.637
503 633 36 37 4 0 100 14.479 36.332
503 633 37 38 4 0 100 23.649 38.340
503 633 38 39 4 0 100 15.509 35.576
503 633 39 40 4 0 100 18.139 37.618
503 633 40 41 4 0 100 39.768 33.837
503 633 41 42 4 0 100 12.004 39.913
503 633 42 43 4 0 100 1.542 100.000
503 633 43 44 4 0 100 1.625 100.000
503 633 44 100 4 0 100 1.587 100.000
633 797 0 1 4 0 100 1.684 100.000
633 797 1 2 4 0 100 50.000 28.170
633 797 2 3 4 0 100 13.838 35.164
633 797 3 4 4 0 100 10.888 36.389
633 797 4 5 4 0 100 9.336 36.608
633 797 5 6 4 0 100 9.136 37.114
633 797 6 7 4 0 100 8.954 36.904
633 797 7 8 4 0 100 9.057 37.629
633 797 8 9 4 0 100 8.711 37.961
633 797 9 10 4 0 100 8.915 37.804
633 797 10 11 4 0 100 9.146 37.219
633 797 11 12 4 0 100 8.908 37.477
633 797 12 13 4 0 100 9.111 37.529
633 797 13 14 4 0 100 9.075 37.967
633 797 14 15 4 0 100 9.192 37.655
633 797 15 16 4 0 100 8.671 38.287
633 797 16 17 4 0 100 8.954 38.274
633 797 17 18 4 0 100 9.287 38.023
633 797 18 19 4 0 100 9.350 38.193
633 797 19 20 4 0 100 9.276 38.497
633 797 20 21 4 0 100 9.288 38.851
633 797 21 22 4 0 100 9.838 38.625
633 797 22 23 4 0 100 9.607 38.931
633 797 23 24 4 0 100 9.946 38.461
633 797 24 25 4 0 100 10.296 38.272
633 797 25 26 4 0 100 9.528 38.602
633 797 26 27 4 0 100 10.318 38.863
633 797 27 28 4 0 100 10.116 39.209
633 797 28 29 4 0 100 10.718 39.925
633 797 29 30 4 0 100 9.589 38.184
633 797 30 31 4 0 100 10.194 38.191
633 797 31 32 4 0 100 15.078 38.353
633 797 32 33 4 0 100 10.984 38.260
633 797 33 34 4 0 100 12.372 39.331
633 797 34 35 4 0 100 20.332 38.465
633 797 35 36 4 0 100 23.268 38.363
633 797 36 37 4 0 100 43.064 32.891
633 797 37 38 4 0 100 30.370 32.154
633 797 38 39 4 0 100 50.000 33.089
633 797 39 40 4 0 100 1.631 100.000
633 797 40 41 4 0 100 50.000 39.106
633 797 41 42 4 0 100 50.000 37.444
633 797 42 43 4 0 100 1.632 100.000
633 797 43 44 4 0 100 1.699 100.000
633 797 44 100 4 0 100 1.636 100.000
797 1003 0 1 4 0 100 1.745 100.000
797 1003 1 2 4 0 100 1.529 100.000
797 1003 2 3 4 0 100 50.000 35.992
797 1003 3 4 4 0 100 10.360 38.134
797 1003 4 5 4 0 100 9.676 38.071
797 1003 5 6 4 0 100 8.720 38.838
797 1003 6 7 4 0 100 8.897 38.739
797 1003 7 8 4 0 100 8.826 38.287
797 1003 8 9 4 0 100 8.503 39.030
797 1003 9 10 4 0 100 8.478 39.203
797 1003 10 11 4 0 100 8.999 39.763
797 1003 11 12 4 0 100 8.556 39.475
797 1003 12 13 4 0 100 8.991 39.217
797 1003 13 14 4 0 100 8.260 39.555
797 1003 14 15 4 0 100 8.555 40.261
797 1003 15 16 4 0 100 8.890 39.730
797 1003 16 17 4 0 100 8.951 39.862
797 1003 17 18 4 0 100 8.912 39.935
797 1003 18 19 4 0 100 9.327 40.124
797 1003 19 20 4 0 100 9.965 38.956
797 1003 20 21 4 0 100 8.864 40.174
797 1003 21 22 4 0 100 8.744 40.208
797 1003 22 23 4 0 100 9.566 40.229
797 1003 23 24 4 0 100 9.612 39.603
797 1003 24 25 4 0 100 9.959 40.302
797 1003 25 26 4 0 100 10.143 39.389
797 1003 26 27 4 0 100 10.157 38.681
797 1003 27 28 4 0 100 10.880 39.668
797 1003 28 29 4 0 100 13.118 39.818
797 1003 29 30 4 0 100 15.839 37.858
797 1003 30 31 4 0 100 15.914 36.062
797 1003 31 32 4 0 100 15.083 41.122
797 1003 32 33 4 0 100 27.112 39.888
797 1003 33 34 4 0 100 32.381 33.380
797 1003 34 35 4 0 100 1.771 100.000
797 1003 35 36 4 0 100 50.000 38.910
797 1003 36 37 4 0 100 50.000 38.308
797 1003 37 38 4 0 100 1.756 100.000
797 1003 38 39 4 0 100 1.652 100.000
797 1003 39 40 4 0 100 1.787 100.000
797 1003 40 41 4 0 100 1.689 100.000
797 1003 41 42 4 0 100 1.651 100.000
797 1003 42 43 4 0 100 1.778 100.000
797 1003 43 44 4 0 100 1.738 100.000
797 1003 44 100 4 0 100 1.680 100.000
1003 1262 1 2 4 0 100 1.795 100.000
1003 1262 2 3 4 0 100 1.667 100.000
1003 1262 3 4 4 0 100 50.000 35.926
1003 1262 4 5 4 0 100 19.675 38.357
1003 1262 5 6 4 0 100 11.665 38.930
1003 1262 6 7 4 0 100 9.595 38.041
1003 1262 7 8 4 0 100 10.028 40.099
1003 1262 8 9 4 0 100 9.639 38.569
1003 1262 9 10 4 0 100 9.902 40.734
1003 1262 10 11 4 0 100 9.063 39.989
1003 1262 11 12 4 0 100 9.018 41.170
1003 1262 12 13 4 0 100 9.088 40.666
1003 1262 13 14 4 0 100 10.287 39.284
1003 1262 14 15 4 0 100 8.842 40.168
1003 1262 15 16 4 0 100 8.735 40.461
1003 1262 16 17 4 0 100 9.260 40.878
1003 1262 17 18 4 0 100 11.172 41.658
1003 1262 18 19 4 0 100 10.584 41.442
1003 1262 19 20 4 0 100 11.072 40.740
1003 1262 20 21 4 0 100 13.327 41.199
1003 1262 21 22 4 0 100 11.769 40.609
1003 1262 22 23 4 0 100 11.400 41.027
1003 1262 23 24 4 0 100 11.874 38.919
1003 1262 24 25 4 0 100 24.033 42.220
1003 1262 25 26 4 0 100 22.606 34.275
1003 1262 26 27 4 0 100 17.955 43.246
1003 1262 27 28 4 0 100 19.212 36.582
1003 1262 28 29 4 0 100 20.384 36.909
1003 1262 29 30 4 0 100 50.000 38.674
1003 1262 30 31 4 0 100 38.852 36.524
1003 1262 31 32 4 0 100 1.661 100.000
1003 1262 32 33 4 0 100 50.000 34.518
1003 1262 33 34 4 0 100 1.659 100.000
1003 1262 34 35 4 0 100 1.757 100.000
1003 1262 35 36 4 0 100 1.691 100.000
1003 1262 36 37 4 0 100 1.713 100.000
1003 1262 37 38 4 0 100 1.781 100.000
1003 1262 38 39 4 0 100 1.674 100.000
1003 1262 39 40 4 0 100 1.650 100.000
1003 1262 40 41 4 0 100 1.770 100.000
1003 1262 41 42 4 0 100 1.731 100.000
1003 1262 42 43 4 0 100 1.762 100.000
1003 1262 43 44 4 0 100 1.719 100.000
1003 1262 44 100 4 0 100 1.743 100.000
1262 1589 1 2 4 0 100 1.753 100.000
1262 1589 2 3 4 0 100 1.772 100.000
1262 1589 3 4 4 0 100 1.555 100.000
1262 1589 4 5 4 0 100 1.659 100.000
1262 1589 5 6 4 0 100 50.000 39.527
1262 1589 6 7 4 0 100 50.000 35.769
1262 1589 7 8 4 0 100 16.305 37.605
1262 1589 8 9 4 0 100 16.934 39.736
1262 1589 9 10 4 0 100 13.824 38.745
1262 1589 10 11 4 0 100 16.313 38.524
1262 1589 11 12 4 0 100 30.904 40.830
1262 1589 12 13 4 0 100 11.672 39.470
1262 1589 13 14 4 0 100 21.298 34.611
1262 1589 14 15 4 0 100 33.755 36.312
1262 1589 15 16 4 0 100 23.057 32.179
1262 1589 16 17 4 0 100 7.441 43.083
1262 1589 17 18 4 0 100 23.365 38.951
1262 1589 18 19 4 0 100 30.988 35.723
1262 1589 19 20 4 0 100 23.436 37.170
1262 1589 20 21 4 0 100 50.000 41.041
1262 1589 21 22 4 0 100 45.275 34.621
1262 1589 22 23 4 0 100 50.000 37.653
1262 1589 23 24 4 0 100 1.668 100.000
1262 1589 24 25 4 0 100 1.806 100.000
1262 1589 25 26 4 0 100 1.823 100.000
1262 1589 26 27 4 0 100 1.798 100.000
1262 1589 27 28 4 0 100 1.909 100.000
1262 1589 28 29 4 0 100 1.707 100.000
1262 1589 29 30 4 0 100 1.702 100.000
1262 1589 30 31 4 0 100 1.786 100.000
1262 1589 31 32 4 0 100 1.758 100.000
1262 1589 32 33 4 0 100 1.642 100.000
1262 1589 33 34 4 0 100 1.857 100.000
1262 1589 34 35 4 0 100 1.771 100.000
1262 1589 35 36 4 0 100 1.687 100.000
1262 1589 36 37 4 0 100 1.760 100.000
1262 1589 37 38 4 0 100 1.716 100.000
1262 1589 38 39 4 0 100 1.741 100.000
1262 1589 39 40 4 0 100 1.800 100.000
1262 1589 40 41 4 0 100 1.775 100.000
1262 1589 41 42 4 0 100 1.764 100.000
1262 1589 43 100 4 0 100 1.780 100.000
1589 2000 1 2 4 0 100 1.772 100.000
1589 2000 3 4 4 0 100 1.764 100.000
1589 2000 4 5 4 0 100 1.693 100.000
1589 2000 5 6 4 0 100 1.641 100.000
1589 2000 6 7 4 0 100 1.573 100.000
1589 2000 7 8 4 0 100 1.735 100.000
1589 2000 8 9 4 0 100 1.653 100.000
1589 2000 9 10 4 0 100 1.754 100.000
1589 2000 10 11 4 0 100 1.736 100.000
1589 2000 11 12 4 0 100 1.834 100.000
1589 2000 12 13 4 0 100 1.672 100.000
1589 2000 13 14 4 0 100 1.768 100.000
1589 2000 14 15 4 0 100 1.763 100.000
1589 2000 15 16 4 0 100 1.586 100.000
1589 2000 16 17 4 0 100 1.715 100.000
1589 2000 17 18 4 0 100 1.675 100.000
1589 2000 18 19 4 0 100 1.775 100.000
1589 2000 19 20 4 0 100 1.722 100.000
1589 2000 20 21 4 0 100 1.726 100.000
1589 2000 21 22 4 0 100 1.667 100.000
1589 2000 22 23 4 0 100 1.729 100.000
1589 2000 23 24 4 0 100 1.698 100.000
1589 2000 24 25 4 0 100 1.696 100.000
1589 2000 25 26 4 0 100 1.690 100.000
1589 2000 26 27 4 0 100 1.789 100.000
1589 2000 27 28 4 0 100 1.700 100.000
1589 2000 28 29 4 0 100 1.717 100.000
1589 2000 29 30 4 0 100 1.794 100.000
1589 2000 30 31 4 0 100 1.715 100.000
1589 2000 31 32 4 0 100 1.749 100.000
1589 2000 32 33 4 0 100 1.674 100.000
1589 2000 34 35 4 0 100 1.782 100.000
1589 2000 35 36 4 0 100 1.788 100.000
1589 2000 37 38 4 0 100 1.750 100.000
1589 2000 38 100 4 0 100 1.735 100.000
2000 4000 2 3 4 0 100 1.775 100.000
2000 4000 4 5 4 0 100 1.772 100.000
2000 4000 5 6 4 0 100 1.774 100.000
2000 4000 6 7 4 0 100 1.736 100.000
2000 4000 7 8 4 0 100 1.724 100.000
2000 4000 8 9 4 0 100 1.795 100.000
2000 4000 9 10 4 0 100 1.705 100.000
2000 4000 11 12 4 0 100 1.731 100.000
2000 4000 12 13 4 0 100 1.762 100.000
2000 4000 13 14 4 0 100 1.584 100.000
2000 4000 14 15 4 0 100 1.787 100.000
2000 4000 15 16 4 0 100 1.772 100.000
2000 4000 16 17 4 0 100 1.732 100.000
2000 4000 17 18 4 0 100 1.816 100.000
2000 4000 18 19 4 0 100 1.712 100.000
2000 4000 19 20 4 0 100 1.743 100.000
2000 4000 20 21 4 0 100 1.760 100.000
2000 4000 21 22 4 0 100 1.692 100.000
2000 4000 22 23 4 0 100 1.783 100.000
2000 4000 24 25 4 0 100 1.722 100.000
2000 4000 26 27 4 0 100 1.774 100.000
2000 4000 27 28 4 0 100 1.750 100.000
2000 4000 28 29 4 0 100 1.694 100.000
2000 4000 29 30 4 0 100 1.759 100.000
2000 4000 37 100 4 0 100 1.784 100.000
