[quark]
{2 JetPt Rho 1 x TMath::Exp(-1.*x*[0]/[1])*TMath::Power(x,[0]-1)*TMath::Power([1]/[0],-1.*[0])/TMath::Gamma([0]) Correction QGL_nPFCand_QC_ptCut_quark}
20 26 0 1 4 0 100 25.236 5.525
20 26 1 2 4 0 100 14.522 6.113
20 26 2 3 4 0 100 9.699 6.152
20 26 3 4 4 0 100 9.029 6.491
20 26 4 5 4 0 100 7.925 6.559
20 26 5 6 4 0 100 7.502 6.538
20 26 6 7 4 0 100 7.541 6.664
20 26 7 8 4 0 100 7.000 6.797
20 26 8 9 4 0 100 6.909 6.680
20 26 9 10 4 0 100 6.727 6.833
20 26 10 11 4 0 100 6.611 6.793
20 26 11 12 4 0 100 7.082 6.805
20 26 12 13 4 0 100 6.116 6.833
20 26 13 14 4 0 100 6.209 6.899
20 26 14 15 4 0 100 6.569 6.921
20 26 15 16 4 0 100 6.534 6.966
20 26 16 17 4 0 100 5.869 6.903
20 26 17 18 4 0 100 6.597 6.973
20 26 18 19 4 0 100 6.124 7.106
20 26 19 20 4 0 100 6.600 7.237
20 26 20 21 4 0 100 6.538 7.200
20 26 21 22 4 0 100 6.315 7.103
20 26 22 23 4 0 100 6.225 7.293
20 26 23 24 4 0 100 6.691 7.367
20 26 24 25 4 0 100 6.935 7.424
20 26 25 26 4 0 100 6.165 7.353
20 26 26 27 4 0 100 7.724 7.541
20 26 27 28 4 0 100 8.737 7.406
20 26 28 29 4 0 100 6.818 7.161
20 26 29 30 4 0 100 9.320 7.774
20 26 30 31 4 0 100 7.858 7.437
20 26 31 32 4 0 100 12.031 7.655
20 26 32 33 4 0 100 13.726 7.055
20 26 33 34 4 0 100 9.751 7.175
20 26 34 35 4 0 100 14.741 8.163
20 26 35 36 4 0 100 18.495 6.914
20 26 36 37 4 0 100 27.419 6.941
20 26 37 38 4 0 100 33.595 6.676
20 26 38 39 4 0 100 2.607 10.418
20 26 39 40 4 0 100 50.000 9.610
20 26 40 41 4 0 100 1.415 100.000
20 26 41 42 4 0 100 1.274 100.000
20 26 42 43 4 0 100 50.000 10.483
20 26 43 44 4 0 100 1.558 100.000
20 26 44 100 4 0 100 1.554 100.000
26 32 0 1 4 0 100 50.000 5.466
26 32 1 2 4 0 100 14.153 6.508
26 32 2 3 4 0 100 7.848 7.185
26 32 3 4 4 0 100 8.708 7.322
26 32 4 5 4 0 100 7.970 7.603
26 32 5 6 4 0 100 8.244 7.722
26 32 6 7 4 0 100 8.313 7.674
26 32 7 8 4 0 100 8.493 7.794
26 32 8 9 4 0 100 7.822 7.807
26 32 9 10 4 0 100 8.236 7.892
26 32 10 11 4 0 100 8.140 8.024
26 32 11 12 4 0 100 7.951 7.998
26 32 12 13 4 0 100 7.697 8.015
26 32 13 14 4 0 100 7.885 7.997
26 32 14 15 4 0 100 7.711 8.071
26 32 15 16 4 0 100 7.481 8.106
26 32 16 17 4 0 100 8.336 8.234
26 32 17 18 4 0 100 7.149 8.146
26 32 18 19 4 0 100 7.082 8.094
26 32 19 20 4 0 100 7.670 8.317
26 32 20 21 4 0 100 7.309 8.209
26 32 21 22 4 0 100 6.808 8.189
26 32 22 23 4 0 100 7.492 8.394
26 32 23 24 4 0 100 7.532 8.427
26 32 24 25 4 0 100 7.532 8.516
26 32 25 26 4 0 100 8.264 8.582
26 32 26 27 4 0 100 7.646 8.379
26 32 27 28 4 0 100 8.303 8.599
26 32 28 29 4 0 100 7.595 8.387
26 32 29 30 4 0 100 7.713 8.132
26 32 30 31 4 0 100 7.614 8.415
26 32 31 32 4 0 100 10.880 8.483
26 32 32 33 4 0 100 8.083 8.502
26 32 33 34 4 0 100 9.884 7.996
26 32 34 35 4 0 100 14.454 8.491
26 32 35 36 4 0 100 18.930 8.830
26 32 36 37 4 0 100 16.003 8.475
26 32 37 38 4 0 100 13.257 8.535
26 32 38 39 4 0 100 16.894 5.759
26 32 39 40 4 0 100 50.000 9.259
26 32 40 41 4 0 100 50.000 8.050
26 32 41 42 4 0 100 1.052 100.000
26 32 42 43 4 0 100 50.000 7.228
26 32 43 44 4 0 100 1.000 100.000
26 32 44 100 4 0 100 1.005 100.000
32 40 0 1 4 0 100 50.000 7.348
32 40 1 2 4 0 100 22.680 8.040
32 40 2 3 4 0 100 9.804 8.357
32 40 3 4 4 0 100 9.070 8.534
32 40 4 5 4 0 100 9.156 8.708
32 40 5 6 4 0 100 8.353 8.727
32 40 6 7 4 0 100 8.594 8.791
32 40 7 8 4 0 100 8.637 8.857
32 40 8 9 4 0 100 8.846 8.981
32 40 9 10 4 0 100 8.593 9.027
32 40 10 11 4 0 100 8.691 9.141
32 40 11 12 4 0 100 8.351 9.148
32 40 12 13 4 0 100 8.613 9.176
32 40 13 14 4 0 100 8.694 9.251
32 40 14 15 4 0 100 8.331 9.222
32 40 15 16 4 0 100 8.139 9.252
32 40 16 17 4 0 100 8.382 9.284
32 40 17 18 4 0 100 8.202 9.288
32 40 18 19 4 0 100 8.774 9.415
32 40 19 20 4 0 100 8.490 9.424
32 40 20 21 4 0 100 8.594 9.526
32 40 21 22 4 0 100 8.387 9.512
32 40 22 23 4 0 100 8.570 9.540
32 40 23 24 4 0 100 8.340 9.507
32 40 24 25 4 0 100 9.371 9.609
32 40 25 26 4 0 100 8.510 9.726
32 40 26 27 4 0 100 8.588 9.577
32 40 27 28 4 0 100 8.928 9.617
32 40 28 29 4 0 100 7.900 9.720
32 40 29 30 4 0 100 8.778 9.627
32 40 30 31 4 0 100 8.427 9.630
32 40 31 32 4 0 100 9.962 9.824
32 40 32 33 4 0 100 12.729 9.870
32 40 33 34 4 0 100 10.078 9.231
32 40 34 35 4 0 100 12.242 10.158
32 40 35 36 4 0 100 16.778 9.798
32 40 36 37 4 0 100 12.163 9.612
32 40 37 38 4 0 100 15.704 9.050
32 40 38 39 4 0 100 16.108 9.991
32 40 39 40 4 0 100 15.255 8.974
32 40 40 41 4 0 100 43.861 9.058
32 40 41 42 4 0 100 23.337 7.318
32 40 42 43 4 0 100 50.000 9.960
32 40 43 44 4 0 100 50.000 9.310
32 40 44 100 4 0 100 50.000 5.153
40 51 0 1 4 0 100 50.000 10.688
40 51 1 2 4 0 100 16.279 8.888
40 51 2 3 4 0 100 8.620 9.413
40 51 3 4 4 0 100 9.291 9.802
40 51 4 5 4 0 100 8.748 9.907
40 51 5 6 4 0 100 8.927 9.899
40 51 6 7 4 0 100 8.607 9.994
40 51 7 8 4 0 100 8.712 10.119
40 51 8 9 4 0 100 8.860 10.164
40 51 9 10 4 0 100 9.078 10.252
40 51 10 11 4 0 100 8.926 10.281
40 51 11 12 4 0 100 8.935 10.299
40 51 12 13 4 0 100 9.072 10.402
40 51 13 14 4 0 100 8.906 10.443
40 51 14 15 4 0 100 8.799 10.527
40 51 15 16 4 0 100 8.916 10.536
40 51 16 17 4 0 100 9.023 10.604
40 51 17 18 4 0 100 9.265 10.659
40 51 18 19 4 0 100 9.123 10.720
40 51 19 20 4 0 100 9.226 10.728
40 51 20 21 4 0 100 9.460 10.843
40 51 21 22 4 0 100 9.299 10.897
40 51 22 23 4 0 100 9.101 10.920
40 51 23 24 4 0 100 8.950 11.011
40 51 24 25 4 0 100 9.333 11.039
40 51 25 26 4 0 100 9.201 11.046
40 51 26 27 4 0 100 9.628 11.079
40 51 27 28 4 0 100 9.171 10.853
40 51 28 29 4 0 100 8.962 10.964
40 51 29 30 4 0 100 8.901 11.125
40 51 30 31 4 0 100 10.034 11.297
40 51 31 32 4 0 100 9.780 11.130
40 51 32 33 4 0 100 9.521 11.169
40 51 33 34 4 0 100 11.699 10.900
40 51 34 35 4 0 100 9.812 10.866
40 51 35 36 4 0 100 12.743 10.899
40 51 36 37 4 0 100 13.741 11.397
40 51 37 38 4 0 100 15.118 11.295
40 51 38 39 4 0 100 19.364 11.190
40 51 39 40 4 0 100 15.654 10.229
40 51 40 41 4 0 100 11.102 11.390
40 51 41 42 4 0 100 21.523 10.334
40 51 42 43 4 0 100 28.273 12.033
40 51 43 44 4 0 100 50.000 12.160
40 51 44 100 4 0 100 22.171 9.177
51 64 0 1 4 0 100 1.149 100.000
51 64 1 2 4 0 100 10.715 10.331
51 64 2 3 4 0 100 10.892 10.824
51 64 3 4 4 0 100 9.437 10.678
51 64 4 5 4 0 100 8.877 11.082
51 64 5 6 4 0 100 8.948 11.233
51 64 6 7 4 0 100 8.672 11.195
51 64 7 8 4 0 100 8.882 11.389
51 64 8 9 4 0 100 9.195 11.446
51 64 9 10 4 0 100 9.000 11.448
51 64 10 11 4 0 100 9.002 11.562
51 64 11 12 4 0 100 9.047 11.699
51 64 12 13 4 0 100 9.059 11.726
51 64 13 14 4 0 100 9.202 11.833
51 64 14 15 4 0 100 9.023 11.858
51 64 15 16 4 0 100 8.880 11.860
51 64 16 17 4 0 100 9.331 11.961
51 64 17 18 4 0 100 9.634 12.005
51 64 18 19 4 0 100 8.899 11.974
51 64 19 20 4 0 100 9.577 12.085
51 64 20 21 4 0 100 9.110 12.081
51 64 21 22 4 0 100 9.465 12.136
51 64 22 23 4 0 100 9.281 12.276
51 64 23 24 4 0 100 9.145 12.215
51 64 24 25 4 0 100 9.704 12.373
51 64 25 26 4 0 100 9.941 12.414
51 64 26 27 4 0 100 9.802 12.329
51 64 27 28 4 0 100 9.638 12.222
51 64 28 29 4 0 100 10.127 12.450
51 64 29 30 4 0 100 9.559 12.632
51 64 30 31 4 0 100 10.301 12.456
51 64 31 32 4 0 100 10.331 12.901
51 64 32 33 4 0 100 10.978 12.446
51 64 33 34 4 0 100 10.159 12.526
51 64 34 35 4 0 100 11.315 12.340
51 64 35 36 4 0 100 13.284 12.135
51 64 36 37 4 0 100 12.139 12.422
51 64 37 38 4 0 100 13.059 12.527
51 64 38 39 4 0 100 13.128 12.422
51 64 39 40 4 0 100 16.637 12.222
51 64 40 41 4 0 100 23.736 11.925
51 64 41 42 4 0 100 24.022 11.426
51 64 42 43 4 0 100 28.140 13.054
51 64 43 44 4 0 100 27.964 10.165
51 64 44 100 4 0 100 50.000 12.512
64 80 0 1 4 0 100 50.000 9.607
64 80 1 2 4 0 100 10.461 11.116
64 80 2 3 4 0 100 8.115 11.742
64 80 3 4 4 0 100 8.829 12.214
64 80 4 5 4 0 100 8.789 12.161
64 80 5 6 4 0 100 8.584 12.329
64 80 6 7 4 0 100 8.548 12.468
64 80 7 8 4 0 100 8.713 12.529
64 80 8 9 4 0 100 8.784 12.578
64 80 9 10 4 0 100 8.650 12.722
64 80 10 11 4 0 100 8.754 12.754
64 80 11 12 4 0 100 8.880 12.918
64 80 12 13 4 0 100 8.981 12.963
64 80 13 14 4 0 100 8.910 12.997
64 80 14 15 4 0 100 9.096 12.937
64 80 15 16 4 0 100 9.043 13.049
64 80 16 17 4 0 100 8.902 13.129
64 80 17 18 4 0 100 9.189 13.234
64 80 18 19 4 0 100 9.154 13.300
64 80 19 20 4 0 100 9.213 13.303
64 80 20 21 4 0 100 9.185 13.319
64 80 21 22 4 0 100 9.409 13.446
64 80 22 23 4 0 100 9.343 13.470
64 80 23 24 4 0 100 9.497 13.489
64 80 24 25 4 0 100 9.587 13.544
64 80 25 26 4 0 100 9.149 13.590
64 80 26 27 4 0 100 9.127 13.592
64 80 27 28 4 0 100 9.714 13.697
64 80 28 29 4 0 100 10.019 13.530
64 80 29 30 4 0 100 9.700 13.948
64 80 30 31 4 0 100 10.125 13.737
64 80 31 32 4 0 100 8.983 13.718
64 80 32 33 4 0 100 10.032 13.664
64 80 33 34 4 0 100 9.075 13.648
64 80 34 35 4 0 100 10.448 14.252
64 80 35 36 4 0 100 11.888 13.512
64 80 36 37 4 0 100 11.695 13.805
64 80 37 38 4 0 100 11.338 13.835
64 80 38 39 4 0 100 15.729 12.934
64 80 39 40 4 0 100 17.306 13.483
64 80 40 41 4 0 100 22.080 12.526
64 80 41 42 4 0 100 24.625 13.265
64 80 42 43 4 0 100 50.000 12.975
64 80 43 44 4 0 100 31.842 13.295
64 80 44 100 4 0 100 50.000 12.552
80 101 0 1 4 0 100 1.099 100.000
80 101 1 2 4 0 100 8.732 13.016
80 101 2 3 4 0 100 8.592 13.024
80 101 3 4 4 0 100 8.134 13.305
80 101 4 5 4 0 100 8.105 13.496
80 101 5 6 4 0 100 8.450 13.502
80 101 6 7 4 0 100 8.562 13.694
80 101 7 8 4 0 100 8.257 13.763
80 101 8 9 4 0 100 8.220 13.840
80 101 9 10 4 0 100 8.440 13.861
80 101 10 11 4 0 100 8.256 14.005
80 101 11 12 4 0 100 8.502 14.013
80 101 12 13 4 0 100 8.588 14.135
80 101 13 14 4 0 100 8.613 14.211
80 101 14 15 4 0 100 8.639 14.312
80 101 15 16 4 0 100 8.613 14.406
80 101 16 17 4 0 100 8.569 14.436
80 101 17 18 4 0 100 8.914 14.459
80 101 18 19 4 0 100 8.562 14.489
80 101 19 20 4 0 100 8.909 14.629
80 101 20 21 4 0 100 8.692 14.699
80 101 21 22 4 0 100 9.052 14.706
80 101 22 23 4 0 100 9.093 14.763
80 101 23 24 4 0 100 9.076 14.918
80 101 24 25 4 0 100 8.998 14.934
80 101 25 26 4 0 100 9.112 14.918
80 101 26 27 4 0 100 9.114 14.837
80 101 27 28 4 0 100 9.636 14.968
80 101 28 29 4 0 100 8.829 15.130
80 101 29 30 4 0 100 10.221 14.926
80 101 30 31 4 0 100 9.406 14.921
80 101 31 32 4 0 100 10.244 15.327
80 101 32 33 4 0 100 9.412 15.076
80 101 33 34 4 0 100 10.643 15.187
80 101 34 35 4 0 100 9.543 14.957
80 101 35 36 4 0 100 11.917 14.997
80 101 36 37 4 0 100 10.975 15.102
80 101 37 38 4 0 100 11.568 15.278
80 101 38 39 4 0 100 12.232 14.621
80 101 39 40 4 0 100 10.657 14.942
80 101 40 41 4 0 100 20.847 14.640
80 101 41 42 4 0 100 20.068 15.462
80 101 42 43 4 0 100 17.320 15.216
80 101 43 44 4 0 100 26.235 14.083
80 101 44 100 4 0 100 24.119 12.409
101 127 0 1 4 0 100 1.219 100.000
101 127 1 2 4 0 100 9.105 13.534
101 127 2 3 4 0 100 7.496 14.358
101 127 3 4 4 0 100 7.794 14.376
101 127 4 5 4 0 100 7.746 14.522
101 127 5 6 4 0 100 7.749 14.720
101 127 6 7 4 0 100 7.844 14.911
101 127 7 8 4 0 100 8.183 15.041
101 127 8 9 4 0 100 7.818 15.104
101 127 9 10 4 0 100 8.126 15.233
101 127 10 11 4 0 100 8.205 15.203
101 127 11 12 4 0 100 8.270 15.300
101 127 12 13 4 0 100 8.237 15.318
101 127 13 14 4 0 100 8.266 15.364
101 127 14 15 4 0 100 8.449 15.457
101 127 15 16 4 0 100 8.254 15.568
101 127 16 17 4 0 100 8.605 15.562
101 127 17 18 4 0 100 8.477 15.689
101 127 18 19 4 0 100 8.562 15.752
101 127 19 20 4 0 100 8.268 15.875
101 127 20 21 4 0 100 8.390 15.875
101 127 21 22 4 0 100 8.648 15.879
101 127 22 23 4 0 100 8.659 16.059
101 127 23 24 4 0 100 8.903 16.146
101 127 24 25 4 0 100 8.756 16.187
101 127 25 26 4 0 100 8.867 16.086
101 127 26 27 4 0 100 8.598 16.213
101 127 27 28 4 0 100 8.739 16.348
101 127 28 29 4 0 100 8.663 16.210
101 127 29 30 4 0 100 8.825 16.365
101 127 30 31 4 0 100 8.958 16.414
101 127 31 32 4 0 100 9.120 16.190
101 127 32 33 4 0 100 9.190 16.467
101 127 33 34 4 0 100 9.054 16.558
101 127 34 35 4 0 100 10.826 16.132
101 127 35 36 4 0 100 9.663 16.193
101 127 36 37 4 0 100 10.453 16.433
101 127 37 38 4 0 100 10.446 16.079
101 127 38 39 4 0 100 11.711 16.810
101 127 39 40 4 0 100 8.798 16.454
101 127 40 41 4 0 100 16.813 15.722
101 127 41 42 4 0 100 18.267 16.492
101 127 42 43 4 0 100 19.829 17.054
101 127 43 44 4 0 100 21.596 14.109
101 127 44 100 4 0 100 19.971 16.603
127 159 0 1 4 0 100 5.935 16.243
127 159 1 2 4 0 100 11.767 14.211
127 159 2 3 4 0 100 8.403 14.976
127 159 3 4 4 0 100 7.658 15.530
127 159 4 5 4 0 100 7.413 15.857
127 159 5 6 4 0 100 7.609 15.913
127 159 6 7 4 0 100 7.605 16.045
127 159 7 8 4 0 100 7.633 16.118
127 159 8 9 4 0 100 7.688 16.301
127 159 9 10 4 0 100 7.753 16.269
127 159 10 11 4 0 100 8.002 16.396
127 159 11 12 4 0 100 7.959 16.412
127 159 12 13 4 0 100 7.968 16.543
127 159 13 14 4 0 100 8.074 16.583
127 159 14 15 4 0 100 8.133 16.599
127 159 15 16 4 0 100 8.101 16.726
127 159 16 17 4 0 100 8.014 16.688
127 159 17 18 4 0 100 8.023 16.790
127 159 18 19 4 0 100 8.278 16.872
127 159 19 20 4 0 100 8.119 16.972
127 159 20 21 4 0 100 8.234 16.975
127 159 21 22 4 0 100 8.378 17.040
127 159 22 23 4 0 100 8.275 17.110
127 159 23 24 4 0 100 8.441 17.280
127 159 24 25 4 0 100 8.556 17.253
127 159 25 26 4 0 100 8.544 17.429
127 159 26 27 4 0 100 8.824 17.498
127 159 27 28 4 0 100 8.982 17.516
127 159 28 29 4 0 100 8.766 17.705
127 159 29 30 4 0 100 8.753 17.667
127 159 30 31 4 0 100 8.391 17.561
127 159 31 32 4 0 100 8.296 17.625
127 159 32 33 4 0 100 8.790 17.678
127 159 33 34 4 0 100 9.038 17.389
127 159 34 35 4 0 100 9.680 17.922
127 159 35 36 4 0 100 9.673 17.760
127 159 36 37 4 0 100 9.991 17.688
127 159 37 38 4 0 100 9.062 18.138
127 159 38 39 4 0 100 9.807 16.912
127 159 39 40 4 0 100 10.780 16.849
127 159 40 41 4 0 100 10.490 16.866
127 159 41 42 4 0 100 12.684 17.426
127 159 42 43 4 0 100 19.793 17.212
127 159 43 44 4 0 100 21.692 17.563
127 159 44 100 4 0 100 20.757 16.600
159 201 0 1 4 0 100 37.782 11.444
159 201 1 2 4 0 100 10.505 16.000
159 201 2 3 4 0 100 6.769 16.993
159 201 3 4 4 0 100 7.351 16.818
159 201 4 5 4 0 100 7.430 17.106
159 201 5 6 4 0 100 7.325 17.092
159 201 6 7 4 0 100 7.288 17.140
159 201 7 8 4 0 100 7.423 17.266
159 201 8 9 4 0 100 7.401 17.254
159 201 9 10 4 0 100 7.474 17.414
159 201 10 11 4 0 100 7.431 17.384
159 201 11 12 4 0 100 7.630 17.502
159 201 12 13 4 0 100 7.616 17.655
159 201 13 14 4 0 100 7.670 17.758
159 201 14 15 4 0 100 7.799 17.738
159 201 15 16 4 0 100 7.940 17.890
159 201 16 17 4 0 100 7.816 17.889
159 201 17 18 4 0 100 7.828 17.976
159 201 18 19 4 0 100 7.965 18.183
159 201 19 20 4 0 100 7.945 18.183
159 201 20 21 4 0 100 7.888 18.124
159 201 21 22 4 0 100 7.911 18.364
159 201 22 23 4 0 100 7.926 18.386
159 201 23 24 4 0 100 8.045 18.425
159 201 24 25 4 0 100 8.100 18.425
159 201 25 26 4 0 100 7.972 18.690
159 201 26 27 4 0 100 8.015 18.741
159 201 27 28 4 0 100 8.546 18.518
159 201 28 29 4 0 100 8.308 18.751
159 201 29 30 4 0 100 8.093 18.856
159 201 30 31 4 0 100 7.991 18.918
159 201 31 32 4 0 100 8.804 18.662
159 201 32 33 4 0 100 8.583 18.901
159 201 33 34 4 0 100 8.713 19.013
159 201 34 35 4 0 100 9.516 18.702
159 201 35 36 4 0 100 9.050 18.794
159 201 36 37 4 0 100 8.336 18.846
159 201 37 38 4 0 100 10.333 19.307
159 201 38 39 4 0 100 9.751 18.507
159 201 39 40 4 0 100 11.141 18.449
159 201 40 41 4 0 100 9.932 18.951
159 201 41 42 4 0 100 13.296 17.448
159 201 42 43 4 0 100 9.177 17.814
159 201 43 44 4 0 100 23.747 18.644
159 201 44 100 4 0 100 20.821 17.427
201 252 0 1 4 0 100 23.098 11.208
201 252 1 2 4 0 100 11.933 16.266
201 252 2 3 4 0 100 6.659 17.700
201 252 3 4 4 0 100 7.038 18.198
201 252 4 5 4 0 100 6.927 18.184
201 252 5 6 4 0 100 6.952 18.445
201 252 6 7 4 0 100 7.188 18.294
201 252 7 8 4 0 100 7.104 18.426
201 252 8 9 4 0 100 7.106 18.540
201 252 9 10 4 0 100 7.356 18.564
201 252 10 11 4 0 100 7.286 18.719
201 252 11 12 4 0 100 7.314 18.797
201 252 12 13 4 0 100 7.415 18.834
201 252 13 14 4 0 100 7.491 18.895
201 252 14 15 4 0 100 7.617 18.921
201 252 15 16 4 0 100 7.270 19.068
201 252 16 17 4 0 100 7.471 19.128
201 252 17 18 4 0 100 7.779 19.028
201 252 18 19 4 0 100 7.794 19.211
201 252 19 20 4 0 100 7.654 19.402
201 252 20 21 4 0 100 7.713 19.323
201 252 21 22 4 0 100 7.812 19.249
201 252 22 23 4 0 100 7.950 19.587
201 252 23 24 4 0 100 7.627 19.585
201 252 24 25 4 0 100 7.782 19.670
201 252 25 26 4 0 100 8.061 19.640
201 252 26 27 4 0 100 7.575 19.818
201 252 27 28 4 0 100 8.190 19.836
201 252 28 29 4 0 100 8.192 19.917
201 252 29 30 4 0 100 8.041 20.181
201 252 30 31 4 0 100 8.005 19.865
201 252 31 32 4 0 100 8.274 20.037
201 252 32 33 4 0 100 8.021 20.321
201 252 33 34 4 0 100 8.396 20.027
201 252 34 35 4 0 100 8.394 20.324
201 252 35 36 4 0 100 8.653 20.139
201 252 36 37 4 0 100 8.688 19.731
201 252 37 38 4 0 100 11.393 19.615
201 252 38 39 4 0 100 11.952 20.750
201 252 39 40 4 0 100 10.788 20.036
201 252 40 41 4 0 100 11.019 19.717
201 252 41 42 4 0 100 17.788 17.733
201 252 42 43 4 0 100 18.200 18.112
201 252 43 44 4 0 100 18.524 18.518
201 252 44 100 4 0 100 33.707 20.208
252 317 0 1 4 0 100 50.000 14.464
252 317 1 2 4 0 100 8.800 17.621
252 317 2 3 4 0 100 6.652 18.814
252 317 3 4 4 0 100 6.738 19.308
252 317 4 5 4 0 100 6.959 19.246
252 317 5 6 4 0 100 7.018 19.464
252 317 6 7 4 0 100 7.031 19.396
252 317 7 8 4 0 100 6.992 19.689
252 317 8 9 4 0 100 7.106 19.659
252 317 9 10 4 0 100 7.120 19.673
252 317 10 11 4 0 100 7.232 19.790
252 317 11 12 4 0 100 7.297 19.927
252 317 12 13 4 0 100 7.281 20.007
252 317 13 14 4 0 100 7.341 19.955
252 317 14 15 4 0 100 7.244 20.237
252 317 15 16 4 0 100 7.357 20.243
252 317 16 17 4 0 100 7.345 20.184
252 317 17 18 4 0 100 7.458 20.279
252 317 18 19 4 0 100 7.228 20.499
252 317 19 20 4 0 100 7.346 20.533
252 317 20 21 4 0 100 7.775 20.407
252 317 21 22 4 0 100 7.458 20.579
252 317 22 23 4 0 100 7.366 20.749
252 317 23 24 4 0 100 7.585 20.658
252 317 24 25 4 0 100 7.844 20.828
252 317 25 26 4 0 100 7.599 20.949
252 317 26 27 4 0 100 8.065 20.751
252 317 27 28 4 0 100 7.486 21.011
252 317 28 29 4 0 100 8.045 21.064
252 317 29 30 4 0 100 7.776 21.200
252 317 30 31 4 0 100 7.557 21.147
252 317 31 32 4 0 100 7.492 21.372
252 317 32 33 4 0 100 7.798 21.542
252 317 33 34 4 0 100 7.383 21.378
252 317 34 35 4 0 100 7.445 21.479
252 317 35 36 4 0 100 7.659 21.700
252 317 36 37 4 0 100 8.856 20.663
252 317 37 38 4 0 100 8.556 21.745
252 317 38 39 4 0 100 8.867 20.788
252 317 39 40 4 0 100 9.582 20.984
252 317 40 41 4 0 100 10.971 21.305
252 317 41 42 4 0 100 15.761 20.862
252 317 42 43 4 0 100 19.159 20.919
252 317 43 44 4 0 100 14.604 20.800
252 317 44 100 4 0 100 1.206 100.000
317 400 0 1 4 0 100 1.217 100.000
317 400 1 2 4 0 100 8.193 17.761
317 400 2 3 4 0 100 6.912 20.594
317 400 3 4 4 0 100 6.419 20.575
317 400 4 5 4 0 100 6.977 20.439
317 400 5 6 4 0 100 6.891 20.696
317 400 6 7 4 0 100 6.952 20.527
317 400 7 8 4 0 100 7.002 20.698
317 400 8 9 4 0 100 7.014 20.757
317 400 9 10 4 0 100 7.063 20.801
317 400 10 11 4 0 100 6.962 21.153
317 400 11 12 4 0 100 6.868 21.030
317 400 12 13 4 0 100 7.073 21.145
317 400 13 14 4 0 100 7.161 21.108
317 400 14 15 4 0 100 7.174 21.109
317 400 15 16 4 0 100 7.252 21.259
317 400 16 17 4 0 100 7.213 21.337
317 400 17 18 4 0 100 7.163 21.415
317 400 18 19 4 0 100 7.317 21.544
317 400 19 20 4 0 100 7.295 21.583
317 400 20 21 4 0 100 7.456 21.705
317 400 21 22 4 0 100 7.217 21.722
317 400 22 23 4 0 100 7.515 21.700
317 400 23 24 4 0 100 7.332 22.041
317 400 24 25 4 0 100 7.402 22.249
317 400 25 26 4 0 100 7.507 21.943
317 400 26 27 4 0 100 7.682 22.359
317 400 27 28 4 0 100 7.611 22.237
317 400 28 29 4 0 100 7.475 22.226
317 400 29 30 4 0 100 7.964 22.088
317 400 30 31 4 0 100 7.931 22.396
317 400 31 32 4 0 100 7.488 22.457
317 400 32 33 4 0 100 7.724 23.084
317 400 33 34 4 0 100 8.319 22.285
317 400 34 35 4 0 100 7.938 22.021
317 400 35 36 4 0 100 8.290 22.751
317 400 36 37 4 0 100 8.051 22.064
317 400 37 38 4 0 100 9.709 22.832
317 400 38 39 4 0 100 9.986 22.508
317 400 39 40 4 0 100 9.652 22.284
317 400 40 41 4 0 100 10.372 21.301
317 400 41 42 4 0 100 12.166 20.258
317 400 42 43 4 0 100 13.489 20.108
317 400 43 44 4 0 100 24.785 20.723
317 400 44 100 4 0 100 36.738 16.163
400 503 0 1 4 0 100 44.151 16.973
400 503 1 2 4 0 100 8.159 20.947
400 503 2 3 4 0 100 6.933 20.783
400 503 3 4 4 0 100 6.806 21.351
400 503 4 5 4 0 100 6.450 21.566
400 503 5 6 4 0 100 6.586 21.586
400 503 6 7 4 0 100 6.555 21.930
400 503 7 8 4 0 100 6.710 21.923
400 503 8 9 4 0 100 6.685 22.047
400 503 9 10 4 0 100 6.812 21.872
400 503 10 11 4 0 100 7.004 22.074
400 503 11 12 4 0 100 6.953 22.195
400 503 12 13 4 0 100 6.919 22.219
400 503 13 14 4 0 100 6.953 22.276
400 503 14 15 4 0 100 6.949 22.328
400 503 15 16 4 0 100 7.138 22.422
400 503 16 17 4 0 100 6.881 22.608
400 503 17 18 4 0 100 7.064 22.533
400 503 18 19 4 0 100 7.047 22.612
400 503 19 20 4 0 100 6.928 22.506
400 503 20 21 4 0 100 7.184 22.821
400 503 21 22 4 0 100 7.115 22.766
400 503 22 23 4 0 100 7.302 22.841
400 503 23 24 4 0 100 7.278 23.082
400 503 24 25 4 0 100 7.423 23.199
400 503 25 26 4 0 100 7.283 23.459
400 503 26 27 4 0 100 7.179 23.242
400 503 27 28 4 0 100 7.106 23.262
400 503 28 29 4 0 100 7.485 23.374
400 503 29 30 4 0 100 7.926 23.503
400 503 30 31 4 0 100 7.250 23.915
400 503 31 32 4 0 100 7.566 23.528
400 503 32 33 4 0 100 7.607 23.969
400 503 33 34 4 0 100 8.513 23.353
400 503 34 35 4 0 100 7.299 24.067
400 503 35 36 4 0 100 8.874 22.790
400 503 36 37 4 0 100 8.356 23.327
400 503 37 38 4 0 100 8.345 23.632
400 503 38 39 4 0 100 10.170 22.567
400 503 39 40 4 0 100 10.378 23.345
400 503 40 41 4 0 100 17.638 21.969
400 503 41 42 4 0 100 13.399 21.614
400 503 42 43 4 0 100 19.648 19.162
400 503 43 44 4 0 100 27.591 21.885
400 503 44 100 4 0 100 21.484 20.951
503 633 0 1 4 0 100 1.378 100.000
503 633 1 2 4 0 100 9.996 18.774
503 633 2 3 4 0 100 6.627 22.613
503 633 3 4 4 0 100 6.119 23.116
503 633 4 5 4 0 100 6.479 22.558
503 633 5 6 4 0 100 6.460 22.702
503 633 6 7 4 0 100 6.803 22.585
503 633 7 8 4 0 100 6.731 22.795
503 633 8 9 4 0 100 6.558 23.004
503 633 9 10 4 0 100 6.765 23.034
503 633 10 11 4 0 100 6.516 23.290
503 633 11 12 4 0 100 6.579 23.080
503 633 12 13 4 0 100 6.946 23.197
503 633 13 14 4 0 100 6.767 23.217
503 633 14 15 4 0 100 6.882 23.403
503 633 15 16 4 0 100 6.956 23.428
503 633 16 17 4 0 100 6.814 23.698
503 633 17 18 4 0 100 6.982 23.716
503 633 18 19 4 0 100 6.974 23.830
503 633 19 20 4 0 100 7.236 23.687
503 633 20 21 4 0 100 7.121 23.894
503 633 21 22 4 0 100 7.283 23.857
503 633 22 23 4 0 100 7.200 24.111
503 633 23 24 4 0 100 7.256 24.118
503 633 24 25 4 0 100 7.249 24.288
503 633 25 26 4 0 100 7.083 24.153
503 633 26 27 4 0 100 7.120 24.349
503 633 27 28 4 0 100 6.964 24.234
503 633 28 29 4 0 100 7.482 24.410
503 633 29 30 4 0 100 7.512 24.701
503 633 30 31 4 0 100 7.830 24.445
503 633 31 32 4 0 100 8.052 24.179
503 633 32 33 4 0 100 8.531 24.042
503 633 33 34 4 0 100 7.703 24.754
503 633 34 35 4 0 100 8.697 24.595
503 633 35 36 4 0 100 8.821 24.383
503 633 36 37 4 0 100 9.155 24.003
503 633 37 38 4 0 100 9.185 23.944
503 633 38 39 4 0 100 10.844 24.701
503 633 39 40 4 0 100 12.492 24.968
503 633 40 41 4 0 100 11.594 23.522
503 633 41 42 4 0 100 18.520 23.202
503 633 42 43 4 0 100 19.806 22.487
503 633 43 44 4 0 100 1.316 100.000
503 633 44 100 4 0 100 41.107 21.508
633 797 0 1 4 0 100 1.356 100.000
633 797 1 2 4 0 100 12.832 21.303
633 797 2 3 4 0 100 7.885 22.585
633 797 3 4 4 0 100 6.516 23.049
633 797 4 5 4 0 100 6.419 23.406
633 797 5 6 4 0 100 6.387 23.637
633 797 6 7 4 0 100 6.554 23.917
633 797 7 8 4 0 100 6.353 23.979
633 797 8 9 4 0 100 6.498 24.058
633 797 9 10 4 0 100 6.569 23.877
633 797 10 11 4 0 100 6.697 23.914
633 797 11 12 4 0 100 6.576 24.131
633 797 12 13 4 0 100 6.606 24.278
633 797 13 14 4 0 100 6.639 24.263
633 797 14 15 4 0 100 6.540 24.349
633 797 15 16 4 0 100 6.661 24.409
633 797 16 17 4 0 100 6.873 24.503
633 797 17 18 4 0 100 6.765 24.529
633 797 18 19 4 0 100 6.756 24.516
633 797 19 20 4 0 100 6.873 24.591
633 797 20 21 4 0 100 6.869 24.760
633 797 21 22 4 0 100 7.007 24.883
633 797 22 23 4 0 100 7.024 24.957
633 797 23 24 4 0 100 7.168 25.113
633 797 24 25 4 0 100 6.980 24.944
633 797 25 26 4 0 100 6.648 25.440
633 797 26 27 4 0 100 7.117 25.510
633 797 27 28 4 0 100 6.994 25.274
633 797 28 29 4 0 100 7.261 25.536
633 797 29 30 4 0 100 7.905 24.848
633 797 30 31 4 0 100 7.180 25.312
633 797 31 32 4 0 100 7.153 26.017
633 797 32 33 4 0 100 8.309 25.283
633 797 33 34 4 0 100 7.928 25.824
633 797 34 35 4 0 100 8.306 26.016
633 797 35 36 4 0 100 8.572 25.976
633 797 36 37 4 0 100 11.008 25.764
633 797 37 38 4 0 100 11.517 23.480
633 797 38 39 4 0 100 12.149 24.021
633 797 39 40 4 0 100 14.560 21.329
633 797 40 41 4 0 100 19.040 24.525
633 797 41 42 4 0 100 49.988 23.352
633 797 42 43 4 0 100 48.088 24.394
633 797 43 44 4 0 100 22.040 21.345
633 797 44 100 4 0 100 1.362 100.000
797 1003 0 1 4 0 100 1.458 100.000
797 1003 1 2 4 0 100 18.735 19.971
797 1003 2 3 4 0 100 8.486 22.889
797 1003 3 4 4 0 100 6.367 24.343
797 1003 4 5 4 0 100 6.405 24.293
797 1003 5 6 4 0 100 6.221 24.646
797 1003 6 7 4 0 100 6.348 24.784
797 1003 7 8 4 0 100 6.212 24.483
797 1003 8 9 4 0 100 6.351 24.766
797 1003 9 10 4 0 100 6.229 24.949
797 1003 10 11 4 0 100 6.550 24.624
797 1003 11 12 4 0 100 6.428 25.054
797 1003 12 13 4 0 100 6.645 24.765
797 1003 13 14 4 0 100 6.371 24.985
797 1003 14 15 4 0 100 6.779 24.955
797 1003 15 16 4 0 100 6.560 25.119
797 1003 16 17 4 0 100 6.721 25.112
797 1003 17 18 4 0 100 6.634 25.380
797 1003 18 19 4 0 100 6.700 25.470
797 1003 19 20 4 0 100 6.947 25.308
797 1003 20 21 4 0 100 6.723 25.670
797 1003 21 22 4 0 100 6.759 25.732
797 1003 22 23 4 0 100 6.704 25.769
797 1003 23 24 4 0 100 7.072 25.981
797 1003 24 25 4 0 100 6.601 26.143
797 1003 25 26 4 0 100 7.098 26.108
797 1003 26 27 4 0 100 6.990 25.614
797 1003 27 28 4 0 100 7.204 26.562
797 1003 28 29 4 0 100 6.685 26.387
797 1003 29 30 4 0 100 7.443 26.394
797 1003 30 31 4 0 100 7.599 25.570
797 1003 31 32 4 0 100 7.406 26.246
797 1003 32 33 4 0 100 8.080 26.326
797 1003 33 34 4 0 100 10.506 26.151
797 1003 34 35 4 0 100 11.230 25.870
797 1003 35 36 4 0 100 12.364 25.496
797 1003 36 37 4 0 100 20.076 24.842
797 1003 37 38 4 0 100 17.694 20.549
797 1003 38 39 4 0 100 21.701 23.698
797 1003 39 40 4 0 100 20.461 23.424
797 1003 40 41 4 0 100 25.377 22.296
797 1003 41 42 4 0 100 50.000 24.215
797 1003 42 43 4 0 100 1.295 100.000
797 1003 43 44 4 0 100 1.391 100.000
797 1003 44 100 4 0 100 1.411 100.000
1003 1262 1 2 4 0 100 20.359 18.579
1003 1262 2 3 4 0 100 10.017 21.897
1003 1262 3 4 4 0 100 7.877 23.659
1003 1262 4 5 4 0 100 6.263 24.778
1003 1262 5 6 4 0 100 5.921 25.183
1003 1262 6 7 4 0 100 6.114 25.330
1003 1262 7 8 4 0 100 6.142 25.494
1003 1262 8 9 4 0 100 6.463 24.950
1003 1262 9 10 4 0 100 6.569 25.158
1003 1262 10 11 4 0 100 6.257 25.338
1003 1262 11 12 4 0 100 6.410 24.903
1003 1262 12 13 4 0 100 6.634 24.905
1003 1262 13 14 4 0 100 6.449 25.424
1003 1262 14 15 4 0 100 6.535 25.204
1003 1262 15 16 4 0 100 6.500 25.535
1003 1262 16 17 4 0 100 6.767 25.368
1003 1262 17 18 4 0 100 7.194 25.291
1003 1262 18 19 4 0 100 6.524 26.401
1003 1262 19 20 4 0 100 6.822 25.964
1003 1262 20 21 4 0 100 6.955 25.598
1003 1262 21 22 4 0 100 7.095 25.651
1003 1262 22 23 4 0 100 6.633 26.543
1003 1262 23 24 4 0 100 6.246 26.495
1003 1262 24 25 4 0 100 6.945 26.392
1003 1262 25 26 4 0 100 6.895 26.333
1003 1262 26 27 4 0 100 7.171 26.229
1003 1262 27 28 4 0 100 7.519 26.187
1003 1262 28 29 4 0 100 8.419 26.797
1003 1262 29 30 4 0 100 9.028 27.119
1003 1262 30 31 4 0 100 11.011 24.126
1003 1262 31 32 4 0 100 9.110 26.990
1003 1262 32 33 4 0 100 12.430 26.294
1003 1262 33 34 4 0 100 10.993 24.960
1003 1262 34 35 4 0 100 28.574 20.797
1003 1262 35 36 4 0 100 15.693 26.319
1003 1262 36 37 4 0 100 28.224 25.174
1003 1262 37 38 4 0 100 39.793 24.001
1003 1262 38 39 4 0 100 1.338 100.000
1003 1262 39 40 4 0 100 32.734 21.257
1003 1262 40 41 4 0 100 50.000 26.203
1003 1262 41 42 4 0 100 1.377 100.000
1003 1262 42 43 4 0 100 1.397 100.000
1003 1262 43 44 4 0 100 1.383 100.000
1003 1262 44 100 4 0 100 1.354 100.000
1262 1589 1 2 4 0 100 50.000 20.532
1262 1589 2 3 4 0 100 10.633 22.334
1262 1589 3 4 4 0 100 9.970 22.377
1262 1589 4 5 4 0 100 7.395 23.197
1262 1589 5 6 4 0 100 7.640 23.944
1262 1589 6 7 4 0 100 6.701 24.732
1262 1589 7 8 4 0 100 7.065 25.064
1262 1589 8 9 4 0 100 6.943 25.130
1262 1589 9 10 4 0 100 6.732 24.859
1262 1589 10 11 4 0 100 6.716 25.260
1262 1589 11 12 4 0 100 6.725 25.041
1262 1589 12 13 4 0 100 5.738 25.865
1262 1589 13 14 4 0 100 6.748 25.510
1262 1589 14 15 4 0 100 6.711 25.555
1262 1589 15 16 4 0 100 6.768 26.021
1262 1589 16 17 4 0 100 6.275 25.792
1262 1589 17 18 4 0 100 6.369 26.042
1262 1589 18 19 4 0 100 6.690 25.974
1262 1589 19 20 4 0 100 6.365 26.257
1262 1589 20 21 4 0 100 7.631 24.922
1262 1589 21 22 4 0 100 6.636 26.442
1262 1589 22 23 4 0 100 6.793 26.489
1262 1589 23 24 4 0 100 7.383 26.257
1262 1589 24 25 4 0 100 7.468 25.228
1262 1589 25 26 4 0 100 8.534 25.423
1262 1589 26 27 4 0 100 11.247 24.347
1262 1589 27 28 4 0 100 8.912 25.915
1262 1589 28 29 4 0 100 12.641 23.707
1262 1589 29 30 4 0 100 12.260 24.148
1262 1589 30 31 4 0 100 13.227 26.382
1262 1589 31 32 4 0 100 17.101 27.605
1262 1589 32 33 4 0 100 27.016 21.588
1262 1589 33 34 4 0 100 5.643 24.909
1262 1589 34 35 4 0 100 1.322 100.000
1262 1589 35 36 4 0 100 30.207 21.625
1262 1589 36 37 4 0 100 50.000 22.073
1262 1589 37 38 4 0 100 1.403 100.000
1262 1589 38 39 4 0 100 1.399 100.000
1262 1589 39 40 4 0 100 1.446 100.000
1262 1589 40 41 4 0 100 1.470 100.000
1262 1589 41 42 4 0 100 1.531 100.000
1262 1589 42 43 4 0 100 1.767 100.000
1262 1589 43 100 4 0 100 1.598 100.000
1589 2000 1 2 4 0 100 1.444 100.000
1589 2000 3 4 4 0 100 50.000 15.111
1589 2000 4 5 4 0 100 11.437 19.107
1589 2000 5 6 4 0 100 19.591 23.185
1589 2000 6 7 4 0 100 8.626 22.676
1589 2000 7 8 4 0 100 9.663 24.601
1589 2000 8 9 4 0 100 8.297 23.010
1589 2000 9 10 4 0 100 8.295 23.430
1589 2000 10 11 4 0 100 6.724 24.558
1589 2000 11 12 4 0 100 8.806 23.577
1589 2000 12 13 4 0 100 7.274 26.201
1589 2000 13 14 4 0 100 7.727 25.088
1589 2000 14 15 4 0 100 8.290 24.031
1589 2000 15 16 4 0 100 8.174 24.121
1589 2000 16 17 4 0 100 7.971 25.074
1589 2000 17 18 4 0 100 8.282 25.052
1589 2000 18 19 4 0 100 8.272 24.877
1589 2000 19 20 4 0 100 8.140 23.626
1589 2000 20 21 4 0 100 9.840 24.663
1589 2000 21 22 4 0 100 8.825 25.284
1589 2000 22 23 4 0 100 10.992 23.104
1589 2000 23 24 4 0 100 18.681 22.021
1589 2000 24 25 4 0 100 14.938 23.242
1589 2000 25 26 4 0 100 14.941 26.371
1589 2000 26 27 4 0 100 12.725 23.097
1589 2000 27 28 4 0 100 50.000 22.427
1589 2000 28 29 4 0 100 50.000 18.439
1589 2000 29 30 4 0 100 1.371 100.000
1589 2000 30 31 4 0 100 50.000 20.061
1589 2000 31 32 4 0 100 1.454 100.000
1589 2000 32 33 4 0 100 1.412 100.000
1589 2000 33 34 4 0 100 1.453 100.000
1589 2000 34 35 4 0 100 1.355 100.000
1589 2000 35 36 4 0 100 1.596 100.000
1589 2000 37 38 4 0 100 1.591 100.000
1589 2000 38 39 4 0 100 1.694 100.000
1589 2000 40 41 4 0 100 1.647 100.000
1589 2000 41 42 4 0 100 1.652 100.000
1589 2000 43 100 4 0 100 1.770 100.000
2000 4000 2 3 4 0 100 1.410 100.000
2000 4000 3 4 4 0 100 1.473 100.000
2000 4000 4 5 4 0 100 1.428 100.000
2000 4000 5 6 4 0 100 1.411 100.000
2000 4000 6 7 4 0 100 1.193 100.000
2000 4000 7 8 4 0 100 25.643 20.613
2000 4000 8 9 4 0 100 34.319 22.771
2000 4000 9 10 4 0 100 23.463 19.310
2000 4000 10 11 4 0 100 50.000 22.152
2000 4000 11 12 4 0 100 50.000 17.233
2000 4000 12 13 4 0 100 16.940 22.106
2000 4000 13 14 4 0 100 5.008 24.391
2000 4000 14 15 4 0 100 1.328 100.000
2000 4000 15 16 4 0 100 1.289 100.000
2000 4000 16 17 4 0 100 50.000 18.319
2000 4000 17 18 4 0 100 4.934 29.819
2000 4000 18 19 4 0 100 22.865 18.510
2000 4000 19 20 4 0 100 1.391 100.000
2000 4000 20 21 4 0 100 50.000 22.547
2000 4000 21 22 4 0 100 1.345 100.000
2000 4000 22 23 4 0 100 1.320 100.000
2000 4000 24 25 4 0 100 1.435 100.000
2000 4000 25 26 4 0 100 1.461 100.000
2000 4000 26 27 4 0 100 1.458 100.000
2000 4000 27 28 4 0 100 1.431 100.000
2000 4000 28 29 4 0 100 1.709 100.000
2000 4000 29 30 4 0 100 1.519 100.000
2000 4000 31 32 4 0 100 1.590 100.000
2000 4000 37 100 4 0 100 1.617 100.000
[gluon]
{2 JetPt Rho 1 x TMath::Exp(-1.*x*[0]/[1])*TMath::Power(x,[0]-1)*TMath::Power([1]/[0],-1.*[0])/TMath::Gamma([0]) Correction QGL_nPFCand_QC_ptCut_gluon}
20 26 0 1 4 0 100 50.000 8.624
20 26 1 2 4 0 100 13.571 7.672
20 26 2 3 4 0 100 12.318 7.856
20 26 3 4 4 0 100 11.105 7.983
20 26 4 5 4 0 100 9.854 7.966
20 26 5 6 4 0 100 9.459 8.082
20 26 6 7 4 0 100 9.032 8.143
20 26 7 8 4 0 100 8.229 8.144
20 26 8 9 4 0 100 7.986 8.169
20 26 9 10 4 0 100 7.578 8.232
20 26 10 11 4 0 100 7.402 8.249
20 26 11 12 4 0 100 7.053 8.263
20 26 12 13 4 0 100 6.566 8.281
20 26 13 14 4 0 100 6.590 8.318
20 26 14 15 4 0 100 6.418 8.327
20 26 15 16 4 0 100 6.136 8.261
20 26 16 17 4 0 100 5.929 8.300
20 26 17 18 4 0 100 5.896 8.303
20 26 18 19 4 0 100 5.795 8.321
20 26 19 20 4 0 100 5.606 8.359
20 26 20 21 4 0 100 5.813 8.400
20 26 21 22 4 0 100 5.503 8.318
20 26 22 23 4 0 100 5.524 8.346
20 26 23 24 4 0 100 5.598 8.324
20 26 24 25 4 0 100 5.606 8.341
20 26 25 26 4 0 100 6.001 8.316
20 26 26 27 4 0 100 5.755 8.329
20 26 27 28 4 0 100 5.356 8.267
20 26 28 29 4 0 100 5.380 8.282
20 26 29 30 4 0 100 5.967 8.498
20 26 30 31 4 0 100 5.855 8.481
20 26 31 32 4 0 100 5.630 8.342
20 26 32 33 4 0 100 5.330 8.197
20 26 33 34 4 0 100 6.443 8.536
20 26 34 35 4 0 100 6.246 7.722
20 26 35 36 4 0 100 5.740 8.155
20 26 36 37 4 0 100 9.744 8.892
20 26 37 38 4 0 100 6.107 7.656
20 26 38 39 4 0 100 8.084 7.677
20 26 39 40 4 0 100 9.148 7.818
20 26 40 41 4 0 100 9.994 7.722
20 26 41 42 4 0 100 7.178 7.236
20 26 42 43 4 0 100 22.685 8.932
20 26 43 44 4 0 100 1.000 2.613
20 26 44 100 4 0 100 1.000 100.000
26 32 0 1 4 0 100 18.115 8.415
26 32 1 2 4 0 100 15.110 9.095
26 32 2 3 4 0 100 11.635 9.332
26 32 3 4 4 0 100 11.990 9.302
26 32 4 5 4 0 100 12.374 9.527
26 32 5 6 4 0 100 11.452 9.585
26 32 6 7 4 0 100 11.260 9.649
26 32 7 8 4 0 100 10.468 9.705
26 32 8 9 4 0 100 10.148 9.687
26 32 9 10 4 0 100 9.842 9.796
26 32 10 11 4 0 100 9.710 9.772
26 32 11 12 4 0 100 9.420 9.853
26 32 12 13 4 0 100 9.009 9.841
26 32 13 14 4 0 100 9.082 9.905
26 32 14 15 4 0 100 8.704 9.931
26 32 15 16 4 0 100 8.592 9.957
26 32 16 17 4 0 100 8.312 9.918
26 32 17 18 4 0 100 8.277 9.967
26 32 18 19 4 0 100 7.848 10.025
26 32 19 20 4 0 100 8.005 9.952
26 32 20 21 4 0 100 7.662 9.964
26 32 21 22 4 0 100 7.478 10.024
26 32 22 23 4 0 100 7.497 9.996
26 32 23 24 4 0 100 7.432 9.961
26 32 24 25 4 0 100 7.415 10.046
26 32 25 26 4 0 100 7.615 10.079
26 32 26 27 4 0 100 7.364 10.015
26 32 27 28 4 0 100 7.486 10.057
26 32 28 29 4 0 100 6.833 9.926
26 32 29 30 4 0 100 6.939 9.907
26 32 30 31 4 0 100 7.050 9.947
26 32 31 32 4 0 100 7.360 10.024
26 32 32 33 4 0 100 6.917 9.930
26 32 33 34 4 0 100 7.696 9.891
26 32 34 35 4 0 100 7.139 9.742
26 32 35 36 4 0 100 7.679 9.834
26 32 36 37 4 0 100 6.688 9.724
26 32 37 38 4 0 100 8.240 9.627
26 32 38 39 4 0 100 7.455 9.441
26 32 39 40 4 0 100 7.130 9.062
26 32 40 41 4 0 100 6.928 9.349
26 32 41 42 4 0 100 8.799 10.270
26 32 42 43 4 0 100 10.975 9.791
26 32 43 44 4 0 100 20.390 9.556
26 32 44 100 4 0 100 5.799 7.578
32 40 0 1 4 0 100 25.588 9.902
32 40 1 2 4 0 100 17.781 10.323
32 40 2 3 4 0 100 13.233 10.838
32 40 3 4 4 0 100 13.334 10.861
32 40 4 5 4 0 100 12.707 11.030
32 40 5 6 4 0 100 12.999 11.076
32 40 6 7 4 0 100 12.706 11.173
32 40 7 8 4 0 100 12.486 11.260
32 40 8 9 4 0 100 12.164 11.316
32 40 9 10 4 0 100 11.989 11.370
32 40 10 11 4 0 100 11.831 11.425
32 40 11 12 4 0 100 11.736 11.440
32 40 12 13 4 0 100 11.329 11.500
32 40 13 14 4 0 100 11.003 11.520
32 40 14 15 4 0 100 11.209 11.571
32 40 15 16 4 0 100 10.766 11.598
32 40 16 17 4 0 100 10.863 11.613
32 40 17 18 4 0 100 10.512 11.673
32 40 18 19 4 0 100 10.394 11.678
32 40 19 20 4 0 100 10.185 11.680
32 40 20 21 4 0 100 10.049 11.679
32 40 21 22 4 0 100 10.074 11.759
32 40 22 23 4 0 100 9.755 11.718
32 40 23 24 4 0 100 9.920 11.808
32 40 24 25 4 0 100 9.431 11.795
32 40 25 26 4 0 100 9.576 11.815
32 40 26 27 4 0 100 9.385 11.711
32 40 27 28 4 0 100 9.489 11.739
32 40 28 29 4 0 100 8.831 11.733
32 40 29 30 4 0 100 9.200 11.738
32 40 30 31 4 0 100 8.841 11.759
32 40 31 32 4 0 100 8.864 11.595
32 40 32 33 4 0 100 9.644 11.794
32 40 33 34 4 0 100 8.254 11.592
32 40 34 35 4 0 100 9.324 11.598
32 40 35 36 4 0 100 8.603 11.584
32 40 36 37 4 0 100 9.213 11.392
32 40 37 38 4 0 100 11.266 11.881
32 40 38 39 4 0 100 11.171 11.364
32 40 39 40 4 0 100 10.630 11.346
32 40 40 41 4 0 100 16.633 11.421
32 40 41 42 4 0 100 14.092 12.519
32 40 42 43 4 0 100 13.468 12.216
32 40 43 44 4 0 100 9.431 10.686
32 40 44 100 4 0 100 15.034 11.252
40 51 0 1 4 0 100 24.139 10.462
40 51 1 2 4 0 100 13.863 12.129
40 51 2 3 4 0 100 14.895 12.440
40 51 3 4 4 0 100 14.050 12.617
40 51 4 5 4 0 100 13.831 12.819
40 51 5 6 4 0 100 13.690 12.892
40 51 6 7 4 0 100 13.538 12.978
40 51 7 8 4 0 100 13.538 13.054
40 51 8 9 4 0 100 13.363 13.096
40 51 9 10 4 0 100 13.474 13.212
40 51 10 11 4 0 100 13.536 13.272
40 51 11 12 4 0 100 13.107 13.280
40 51 12 13 4 0 100 12.899 13.361
40 51 13 14 4 0 100 13.008 13.431
40 51 14 15 4 0 100 12.857 13.466
40 51 15 16 4 0 100 12.912 13.486
40 51 16 17 4 0 100 12.815 13.511
40 51 17 18 4 0 100 12.764 13.588
40 51 18 19 4 0 100 12.350 13.593
40 51 19 20 4 0 100 12.560 13.624
40 51 20 21 4 0 100 12.890 13.695
40 51 21 22 4 0 100 12.125 13.724
40 51 22 23 4 0 100 12.129 13.774
40 51 23 24 4 0 100 12.195 13.811
40 51 24 25 4 0 100 12.098 13.826
40 51 25 26 4 0 100 11.920 13.815
40 51 26 27 4 0 100 11.926 13.848
40 51 27 28 4 0 100 12.356 13.862
40 51 28 29 4 0 100 11.994 13.851
40 51 29 30 4 0 100 11.790 13.923
40 51 30 31 4 0 100 11.701 13.979
40 51 31 32 4 0 100 11.916 13.938
40 51 32 33 4 0 100 11.746 13.882
40 51 33 34 4 0 100 11.924 13.866
40 51 34 35 4 0 100 11.287 13.859
40 51 35 36 4 0 100 12.007 14.021
40 51 36 37 4 0 100 12.188 13.944
40 51 37 38 4 0 100 11.921 14.087
40 51 38 39 4 0 100 12.213 13.634
40 51 39 40 4 0 100 11.269 13.725
40 51 40 41 4 0 100 8.610 13.442
40 51 41 42 4 0 100 12.891 13.609
40 51 42 43 4 0 100 14.310 13.133
40 51 43 44 4 0 100 14.643 13.327
40 51 44 100 4 0 100 13.563 13.192
51 64 0 1 4 0 100 50.000 14.996
51 64 1 2 4 0 100 16.865 13.947
51 64 2 3 4 0 100 14.285 14.285
51 64 3 4 4 0 100 14.593 14.651
51 64 4 5 4 0 100 13.769 14.643
51 64 5 6 4 0 100 14.134 14.770
51 64 6 7 4 0 100 14.001 14.898
51 64 7 8 4 0 100 14.187 14.974
51 64 8 9 4 0 100 13.966 15.015
51 64 9 10 4 0 100 14.110 15.147
51 64 10 11 4 0 100 14.078 15.188
51 64 11 12 4 0 100 14.004 15.319
51 64 12 13 4 0 100 14.061 15.302
51 64 13 14 4 0 100 14.012 15.373
51 64 14 15 4 0 100 14.084 15.443
51 64 15 16 4 0 100 14.147 15.492
51 64 16 17 4 0 100 13.922 15.560
51 64 17 18 4 0 100 13.762 15.568
51 64 18 19 4 0 100 13.659 15.615
51 64 19 20 4 0 100 13.831 15.650
51 64 20 21 4 0 100 13.899 15.742
51 64 21 22 4 0 100 13.855 15.748
51 64 22 23 4 0 100 14.120 15.827
51 64 23 24 4 0 100 13.963 15.827
51 64 24 25 4 0 100 13.640 15.883
51 64 25 26 4 0 100 13.843 15.918
51 64 26 27 4 0 100 13.849 15.950
51 64 27 28 4 0 100 13.782 15.937
51 64 28 29 4 0 100 13.904 15.929
51 64 29 30 4 0 100 13.387 15.946
51 64 30 31 4 0 100 13.161 15.940
51 64 31 32 4 0 100 13.976 16.087
51 64 32 33 4 0 100 13.296 15.955
51 64 33 34 4 0 100 13.853 16.294
51 64 34 35 4 0 100 12.805 15.929
51 64 35 36 4 0 100 12.247 15.914
51 64 36 37 4 0 100 13.265 16.154
51 64 37 38 4 0 100 14.099 16.286
51 64 38 39 4 0 100 14.481 16.348
51 64 39 40 4 0 100 13.717 16.162
51 64 40 41 4 0 100 14.758 15.590
51 64 41 42 4 0 100 17.197 15.694
51 64 42 43 4 0 100 16.318 16.225
51 64 43 44 4 0 100 19.925 15.907
51 64 44 100 4 0 100 20.576 15.923
64 80 0 1 4 0 100 28.527 14.894
64 80 1 2 4 0 100 14.802 15.898
64 80 2 3 4 0 100 14.115 16.161
64 80 3 4 4 0 100 13.827 16.448
64 80 4 5 4 0 100 14.509 16.615
64 80 5 6 4 0 100 13.749 16.706
64 80 6 7 4 0 100 14.027 16.832
64 80 7 8 4 0 100 13.905 16.908
64 80 8 9 4 0 100 14.099 16.988
64 80 9 10 4 0 100 14.125 17.075
64 80 10 11 4 0 100 13.860 17.161
64 80 11 12 4 0 100 13.996 17.226
64 80 12 13 4 0 100 14.103 17.269
64 80 13 14 4 0 100 14.177 17.369
64 80 14 15 4 0 100 14.407 17.449
64 80 15 16 4 0 100 14.388 17.467
64 80 16 17 4 0 100 14.135 17.495
64 80 17 18 4 0 100 14.039 17.589
64 80 18 19 4 0 100 14.038 17.572
64 80 19 20 4 0 100 14.358 17.676
64 80 20 21 4 0 100 14.277 17.746
64 80 21 22 4 0 100 14.693 17.727
64 80 22 23 4 0 100 14.301 17.784
64 80 23 24 4 0 100 14.028 17.814
64 80 24 25 4 0 100 13.997 17.790
64 80 25 26 4 0 100 14.421 17.839
64 80 26 27 4 0 100 14.296 17.913
64 80 27 28 4 0 100 14.537 17.935
64 80 28 29 4 0 100 14.166 18.096
64 80 29 30 4 0 100 14.203 18.003
64 80 30 31 4 0 100 14.369 18.080
64 80 31 32 4 0 100 15.579 18.205
64 80 32 33 4 0 100 14.416 18.189
64 80 33 34 4 0 100 13.930 18.277
64 80 34 35 4 0 100 14.049 18.122
64 80 35 36 4 0 100 14.458 18.190
64 80 36 37 4 0 100 12.812 18.180
64 80 37 38 4 0 100 14.286 18.070
64 80 38 39 4 0 100 15.658 18.539
64 80 39 40 4 0 100 15.852 18.305
64 80 40 41 4 0 100 14.988 18.180
64 80 41 42 4 0 100 14.171 18.136
64 80 42 43 4 0 100 16.180 18.571
64 80 43 44 4 0 100 15.580 17.928
64 80 44 100 4 0 100 27.014 17.741
80 101 0 1 4 0 100 29.846 17.275
80 101 1 2 4 0 100 14.466 17.854
80 101 2 3 4 0 100 12.909 18.258
80 101 3 4 4 0 100 12.989 18.467
80 101 4 5 4 0 100 13.105 18.605
80 101 5 6 4 0 100 13.432 18.729
80 101 6 7 4 0 100 13.651 18.768
80 101 7 8 4 0 100 13.496 18.964
80 101 8 9 4 0 100 13.477 19.102
80 101 9 10 4 0 100 13.631 19.092
80 101 10 11 4 0 100 13.684 19.295
80 101 11 12 4 0 100 13.754 19.305
80 101 12 13 4 0 100 13.610 19.387
80 101 13 14 4 0 100 13.802 19.404
80 101 14 15 4 0 100 13.795 19.538
80 101 15 16 4 0 100 14.045 19.542
80 101 16 17 4 0 100 13.805 19.625
80 101 17 18 4 0 100 14.047 19.683
80 101 18 19 4 0 100 14.068 19.753
80 101 19 20 4 0 100 14.123 19.747
80 101 20 21 4 0 100 13.693 19.772
80 101 21 22 4 0 100 13.978 19.804
80 101 22 23 4 0 100 14.335 19.883
80 101 23 24 4 0 100 14.239 19.956
80 101 24 25 4 0 100 14.007 19.962
80 101 25 26 4 0 100 14.330 20.024
80 101 26 27 4 0 100 14.141 20.007
80 101 27 28 4 0 100 13.769 20.037
80 101 28 29 4 0 100 14.418 20.152
80 101 29 30 4 0 100 14.865 20.143
80 101 30 31 4 0 100 14.161 20.104
80 101 31 32 4 0 100 14.890 20.347
80 101 32 33 4 0 100 14.457 20.336
80 101 33 34 4 0 100 14.122 20.194
80 101 34 35 4 0 100 14.882 20.387
80 101 35 36 4 0 100 14.916 20.243
80 101 36 37 4 0 100 16.017 20.235
80 101 37 38 4 0 100 14.554 20.188
80 101 38 39 4 0 100 15.666 20.369
80 101 39 40 4 0 100 15.457 20.453
80 101 40 41 4 0 100 15.782 20.369
80 101 41 42 4 0 100 18.250 20.159
80 101 42 43 4 0 100 22.350 20.093
80 101 43 44 4 0 100 21.094 20.018
80 101 44 100 4 0 100 16.020 19.268
101 127 0 1 4 0 100 50.000 18.395
101 127 1 2 4 0 100 13.967 19.774
101 127 2 3 4 0 100 12.873 20.290
101 127 3 4 4 0 100 12.869 20.378
101 127 4 5 4 0 100 12.647 20.631
101 127 5 6 4 0 100 12.686 20.811
101 127 6 7 4 0 100 13.010 20.965
101 127 7 8 4 0 100 12.963 21.004
101 127 8 9 4 0 100 12.894 21.151
101 127 9 10 4 0 100 13.148 21.213
101 127 10 11 4 0 100 13.036 21.284
101 127 11 12 4 0 100 13.157 21.397
101 127 12 13 4 0 100 13.069 21.439
101 127 13 14 4 0 100 13.078 21.529
101 127 14 15 4 0 100 13.244 21.582
101 127 15 16 4 0 100 13.228 21.672
101 127 16 17 4 0 100 13.343 21.757
101 127 17 18 4 0 100 13.582 21.797
101 127 18 19 4 0 100 13.404 21.835
101 127 19 20 4 0 100 13.295 21.854
101 127 20 21 4 0 100 13.313 22.001
101 127 21 22 4 0 100 13.590 22.035
101 127 22 23 4 0 100 13.569 22.022
101 127 23 24 4 0 100 13.316 22.109
101 127 24 25 4 0 100 13.681 22.208
101 127 25 26 4 0 100 13.471 22.211
101 127 26 27 4 0 100 13.752 22.142
101 127 27 28 4 0 100 13.275 22.307
101 127 28 29 4 0 100 14.173 22.337
101 127 29 30 4 0 100 13.533 22.325
101 127 30 31 4 0 100 13.932 22.205
101 127 31 32 4 0 100 13.601 22.403
101 127 32 33 4 0 100 13.764 22.496
101 127 33 34 4 0 100 13.704 22.460
101 127 34 35 4 0 100 13.433 22.440
101 127 35 36 4 0 100 14.552 22.857
101 127 36 37 4 0 100 14.006 22.439
101 127 37 38 4 0 100 15.281 22.616
101 127 38 39 4 0 100 13.702 22.863
101 127 39 40 4 0 100 15.586 22.765
101 127 40 41 4 0 100 14.213 22.589
101 127 41 42 4 0 100 15.991 21.861
101 127 42 43 4 0 100 19.085 21.777
101 127 43 44 4 0 100 23.723 21.468
101 127 44 100 4 0 100 24.946 21.803
127 159 0 1 4 0 100 47.626 16.616
127 159 1 2 4 0 100 13.561 21.906
127 159 2 3 4 0 100 12.255 22.287
127 159 3 4 4 0 100 12.293 22.737
127 159 4 5 4 0 100 11.707 22.797
127 159 5 6 4 0 100 12.134 22.938
127 159 6 7 4 0 100 11.958 23.008
127 159 7 8 4 0 100 11.958 23.156
127 159 8 9 4 0 100 12.298 23.204
127 159 9 10 4 0 100 12.194 23.307
127 159 10 11 4 0 100 12.244 23.410
127 159 11 12 4 0 100 12.323 23.467
127 159 12 13 4 0 100 12.243 23.537
127 159 13 14 4 0 100 12.497 23.573
127 159 14 15 4 0 100 12.435 23.718
127 159 15 16 4 0 100 12.603 23.673
127 159 16 17 4 0 100 12.588 23.790
127 159 17 18 4 0 100 12.542 23.836
127 159 18 19 4 0 100 12.450 23.849
127 159 19 20 4 0 100 12.705 23.922
127 159 20 21 4 0 100 12.523 24.016
127 159 21 22 4 0 100 12.906 24.090
127 159 22 23 4 0 100 12.401 24.175
127 159 23 24 4 0 100 12.708 24.158
127 159 24 25 4 0 100 12.702 24.233
127 159 25 26 4 0 100 12.824 24.323
127 159 26 27 4 0 100 12.826 24.425
127 159 27 28 4 0 100 12.982 24.492
127 159 28 29 4 0 100 13.356 24.545
127 159 29 30 4 0 100 12.803 24.513
127 159 30 31 4 0 100 12.512 24.493
127 159 31 32 4 0 100 13.067 24.622
127 159 32 33 4 0 100 13.117 24.558
127 159 33 34 4 0 100 12.987 24.472
127 159 34 35 4 0 100 12.246 24.668
127 159 35 36 4 0 100 14.628 24.701
127 159 36 37 4 0 100 13.586 24.881
127 159 37 38 4 0 100 12.815 24.678
127 159 38 39 4 0 100 14.508 24.582
127 159 39 40 4 0 100 15.473 24.505
127 159 40 41 4 0 100 17.449 25.062
127 159 41 42 4 0 100 18.143 25.103
127 159 42 43 4 0 100 17.541 24.623
127 159 43 44 4 0 100 19.742 24.262
127 159 44 100 4 0 100 24.189 25.201
159 201 0 1 4 0 100 50.000 18.311
159 201 1 2 4 0 100 14.012 23.874
159 201 2 3 4 0 100 11.489 24.275
159 201 3 4 4 0 100 11.707 24.728
159 201 4 5 4 0 100 11.038 24.562
159 201 5 6 4 0 100 11.250 24.928
159 201 6 7 4 0 100 11.121 25.024
159 201 7 8 4 0 100 11.617 25.153
159 201 8 9 4 0 100 11.564 25.322
159 201 9 10 4 0 100 11.666 25.302
159 201 10 11 4 0 100 11.681 25.435
159 201 11 12 4 0 100 11.418 25.454
159 201 12 13 4 0 100 11.594 25.558
159 201 13 14 4 0 100 11.655 25.628
159 201 14 15 4 0 100 11.693 25.776
159 201 15 16 4 0 100 11.609 25.784
159 201 16 17 4 0 100 11.957 25.855
159 201 17 18 4 0 100 11.867 25.870
159 201 18 19 4 0 100 11.832 25.990
159 201 19 20 4 0 100 11.836 26.143
159 201 20 21 4 0 100 12.343 26.054
159 201 21 22 4 0 100 11.865 26.180
159 201 22 23 4 0 100 11.959 26.230
159 201 23 24 4 0 100 12.032 26.225
159 201 24 25 4 0 100 11.898 26.305
159 201 25 26 4 0 100 11.849 26.452
159 201 26 27 4 0 100 11.812 26.377
159 201 27 28 4 0 100 12.124 26.515
159 201 28 29 4 0 100 12.201 26.446
159 201 29 30 4 0 100 12.275 26.622
159 201 30 31 4 0 100 12.097 26.735
159 201 31 32 4 0 100 12.353 26.778
159 201 32 33 4 0 100 12.059 26.717
159 201 33 34 4 0 100 12.827 26.761
159 201 34 35 4 0 100 13.518 26.610
159 201 35 36 4 0 100 13.704 27.168
159 201 36 37 4 0 100 12.687 26.430
159 201 37 38 4 0 100 13.060 26.674
159 201 38 39 4 0 100 13.933 26.737
159 201 39 40 4 0 100 12.284 26.778
159 201 40 41 4 0 100 13.123 27.105
159 201 41 42 4 0 100 16.316 26.703
159 201 42 43 4 0 100 18.226 27.064
159 201 43 44 4 0 100 17.262 27.169
159 201 44 100 4 0 100 28.074 25.881
201 252 0 1 4 0 100 50.000 25.447
201 252 1 2 4 0 100 12.474 25.380
201 252 2 3 4 0 100 11.725 26.363
201 252 3 4 4 0 100 10.538 26.934
201 252 4 5 4 0 100 10.844 26.739
201 252 5 6 4 0 100 10.697 27.051
201 252 6 7 4 0 100 10.594 27.257
201 252 7 8 4 0 100 10.679 27.049
201 252 8 9 4 0 100 10.744 27.351
201 252 9 10 4 0 100 10.987 27.381
201 252 10 11 4 0 100 10.883 27.453
201 252 11 12 4 0 100 11.029 27.497
201 252 12 13 4 0 100 11.077 27.567
201 252 13 14 4 0 100 10.944 27.688
201 252 14 15 4 0 100 11.221 27.758
201 252 15 16 4 0 100 11.104 27.849
201 252 16 17 4 0 100 11.127 27.916
201 252 17 18 4 0 100 10.938 27.972
201 252 18 19 4 0 100 11.010 28.071
201 252 19 20 4 0 100 11.470 28.090
201 252 20 21 4 0 100 11.313 28.127
201 252 21 22 4 0 100 11.244 28.177
201 252 22 23 4 0 100 11.259 28.272
201 252 23 24 4 0 100 11.329 28.466
201 252 24 25 4 0 100 11.396 28.375
201 252 25 26 4 0 100 11.362 28.636
201 252 26 27 4 0 100 11.681 28.521
201 252 27 28 4 0 100 11.733 28.764
201 252 28 29 4 0 100 11.206 28.617
201 252 29 30 4 0 100 11.724 28.859
201 252 30 31 4 0 100 11.684 28.834
201 252 31 32 4 0 100 11.030 28.501
201 252 32 33 4 0 100 11.897 28.961
201 252 33 34 4 0 100 12.202 28.722
201 252 34 35 4 0 100 11.956 28.673
201 252 35 36 4 0 100 12.934 29.274
201 252 36 37 4 0 100 13.347 28.931
201 252 37 38 4 0 100 11.851 28.952
201 252 38 39 4 0 100 13.856 29.249
201 252 39 40 4 0 100 14.235 28.242
201 252 40 41 4 0 100 16.680 29.204
201 252 41 42 4 0 100 23.404 29.649
201 252 42 43 4 0 100 17.705 28.867
201 252 43 44 4 0 100 18.848 28.133
201 252 44 100 4 0 100 19.537 26.917
252 317 0 1 4 0 100 1.427 100.000
252 317 1 2 4 0 100 14.474 28.387
252 317 2 3 4 0 100 10.178 28.145
252 317 3 4 4 0 100 10.425 28.579
252 317 4 5 4 0 100 10.094 28.791
252 317 5 6 4 0 100 10.418 29.016
252 317 6 7 4 0 100 10.315 29.209
252 317 7 8 4 0 100 10.405 29.225
252 317 8 9 4 0 100 10.448 29.352
252 317 9 10 4 0 100 10.429 29.373
252 317 10 11 4 0 100 10.394 29.477
252 317 11 12 4 0 100 10.630 29.609
252 317 12 13 4 0 100 10.479 29.603
252 317 13 14 4 0 100 10.315 29.632
252 317 14 15 4 0 100 10.632 29.793
252 317 15 16 4 0 100 10.563 29.805
252 317 16 17 4 0 100 10.430 29.962
252 317 17 18 4 0 100 10.540 29.851
252 317 18 19 4 0 100 10.458 30.049
252 317 19 20 4 0 100 10.714 30.051
252 317 20 21 4 0 100 10.972 30.244
252 317 21 22 4 0 100 10.786 30.183
252 317 22 23 4 0 100 10.795 30.384
252 317 23 24 4 0 100 10.897 30.251
252 317 24 25 4 0 100 10.889 30.580
252 317 25 26 4 0 100 10.528 30.481
252 317 26 27 4 0 100 11.151 30.428
252 317 27 28 4 0 100 11.033 30.609
252 317 28 29 4 0 100 10.919 30.844
252 317 29 30 4 0 100 11.162 30.411
252 317 30 31 4 0 100 11.501 30.494
252 317 31 32 4 0 100 11.099 30.611
252 317 32 33 4 0 100 11.668 30.923
252 317 33 34 4 0 100 11.418 30.423
252 317 34 35 4 0 100 12.654 31.000
252 317 35 36 4 0 100 12.008 31.478
252 317 36 37 4 0 100 11.905 30.680
252 317 37 38 4 0 100 13.115 31.012
252 317 38 39 4 0 100 12.222 30.571
252 317 39 40 4 0 100 15.396 30.289
252 317 40 41 4 0 100 12.847 31.114
252 317 41 42 4 0 100 20.196 30.170
252 317 42 43 4 0 100 17.342 30.097
252 317 43 44 4 0 100 22.205 32.038
252 317 44 100 4 0 100 22.396 30.367
317 400 0 1 4 0 100 1.409 100.000
317 400 1 2 4 0 100 14.216 28.489
317 400 2 3 4 0 100 10.101 30.433
317 400 3 4 4 0 100 9.139 30.983
317 400 4 5 4 0 100 9.478 30.915
317 400 5 6 4 0 100 9.820 30.978
317 400 6 7 4 0 100 9.772 31.184
317 400 7 8 4 0 100 9.686 31.201
317 400 8 9 4 0 100 10.222 31.244
317 400 9 10 4 0 100 9.959 31.342
317 400 10 11 4 0 100 10.040 31.469
317 400 11 12 4 0 100 10.138 31.501
317 400 12 13 4 0 100 10.161 31.485
317 400 13 14 4 0 100 9.959 31.604
317 400 14 15 4 0 100 10.273 31.709
317 400 15 16 4 0 100 10.092 31.852
317 400 16 17 4 0 100 10.088 31.954
317 400 17 18 4 0 100 10.201 32.007
317 400 18 19 4 0 100 9.909 32.179
317 400 19 20 4 0 100 10.372 32.066
317 400 20 21 4 0 100 10.321 32.081
317 400 21 22 4 0 100 10.386 32.306
317 400 22 23 4 0 100 10.372 32.261
317 400 23 24 4 0 100 10.536 32.430
317 400 24 25 4 0 100 10.092 32.371
317 400 25 26 4 0 100 10.524 32.434
317 400 26 27 4 0 100 10.645 32.441
317 400 27 28 4 0 100 10.349 32.659
317 400 28 29 4 0 100 10.386 32.483
317 400 29 30 4 0 100 11.248 32.687
317 400 30 31 4 0 100 10.184 32.797
317 400 31 32 4 0 100 10.480 32.625
317 400 32 33 4 0 100 11.693 32.302
317 400 33 34 4 0 100 11.273 33.141
317 400 34 35 4 0 100 11.767 32.982
317 400 35 36 4 0 100 12.547 33.127
317 400 36 37 4 0 100 12.082 33.044
317 400 37 38 4 0 100 12.113 32.508
317 400 38 39 4 0 100 12.424 33.300
317 400 39 40 4 0 100 16.668 31.910
317 400 40 41 4 0 100 16.273 32.110
317 400 41 42 4 0 100 13.854 32.581
317 400 42 43 4 0 100 21.001 33.460
317 400 43 44 4 0 100 17.674 30.880
317 400 44 100 4 0 100 22.650 33.313
400 503 0 1 4 0 100 50.000 31.266
400 503 1 2 4 0 100 14.340 29.182
400 503 2 3 4 0 100 9.809 31.921
400 503 3 4 4 0 100 9.172 32.417
400 503 4 5 4 0 100 8.919 33.064
400 503 5 6 4 0 100 9.464 33.066
400 503 6 7 4 0 100 9.722 32.694
400 503 7 8 4 0 100 9.528 33.171
400 503 8 9 4 0 100 9.548 33.394
400 503 9 10 4 0 100 9.410 33.326
400 503 10 11 4 0 100 9.777 33.285
400 503 11 12 4 0 100 9.663 33.457
400 503 12 13 4 0 100 9.606 33.471
400 503 13 14 4 0 100 9.711 33.613
400 503 14 15 4 0 100 9.764 33.732
400 503 15 16 4 0 100 9.940 33.653
400 503 16 17 4 0 100 9.766 33.967
400 503 17 18 4 0 100 9.724 33.884
400 503 18 19 4 0 100 9.776 34.110
400 503 19 20 4 0 100 10.030 34.091
400 503 20 21 4 0 100 9.903 34.123
400 503 21 22 4 0 100 10.276 34.190
400 503 22 23 4 0 100 9.812 34.246
400 503 23 24 4 0 100 10.159 34.597
400 503 24 25 4 0 100 9.985 34.305
400 503 25 26 4 0 100 10.267 34.572
400 503 26 27 4 0 100 9.900 34.603
400 503 27 28 4 0 100 10.414 34.414
400 503 28 29 4 0 100 10.017 34.306
400 503 29 30 4 0 100 10.405 34.790
400 503 30 31 4 0 100 10.079 34.933
400 503 31 32 4 0 100 10.260 34.751
400 503 32 33 4 0 100 10.414 34.834
400 503 33 34 4 0 100 10.721 34.385
400 503 34 35 4 0 100 11.860 35.365
400 503 35 36 4 0 100 11.341 33.828
400 503 36 37 4 0 100 13.450 34.313
400 503 37 38 4 0 100 17.261 34.948
400 503 38 39 4 0 100 17.011 35.167
400 503 39 40 4 0 100 22.709 34.209
400 503 40 41 4 0 100 14.721 33.180
400 503 41 42 4 0 100 22.272 33.117
400 503 42 43 4 0 100 24.936 29.500
400 503 43 44 4 0 100 50.000 26.937
400 503 44 100 4 0 100 50.000 36.123
503 633 0 1 4 0 100 1.717 100.000
503 633 1 2 4 0 100 50.000 30.065
503 633 2 3 4 0 100 11.145 33.809
503 633 3 4 4 0 100 9.667 34.816
503 633 4 5 4 0 100 9.299 34.111
503 633 5 6 4 0 100 8.924 34.841
503 633 6 7 4 0 100 9.291 35.055
503 633 7 8 4 0 100 9.197 35.307
503 633 8 9 4 0 100 9.378 35.182
503 633 9 10 4 0 100 9.655 35.081
503 633 10 11 4 0 100 9.298 35.517
503 633 11 12 4 0 100 9.696 35.276
503 633 12 13 4 0 100 9.426 35.429
503 633 13 14 4 0 100 9.274 35.523
503 633 14 15 4 0 100 9.433 35.428
503 633 15 16 4 0 100 9.481 35.794
503 633 16 17 4 0 100 9.448 35.684
503 633 17 18 4 0 100 9.578 35.958
503 633 18 19 4 0 100 9.414 35.901
503 633 19 20 4 0 100 9.849 35.977
503 633 20 21 4 0 100 9.691 36.106
503 633 21 22 4 0 100 9.869 36.038
503 633 22 23 4 0 100 9.624 36.260
503 633 23 24 4 0 100 9.732 36.461
503 633 24 25 4 0 100 9.892 36.566
503 633 25 26 4 0 100 10.345 35.853
503 633 26 27 4 0 100 10.096 36.421
503 633 27 28 4 0 100 9.404 36.870
503 633 28 29 4 0 100 10.314 36.807
503 633 29 30 4 0 100 9.939 36.431
503 633 30 31 4 0 100 10.554 36.684
503 633 31 32 4 0 100 11.758 36.964
503 633 32 33 4 0 100 10.442 36.500
503 633 33 34 4 0 100 11.654 35.462
503 633 34 35 4 0 100 12.351 36.115
503 633 35 36 4 0 100 15.874 36.400
503 633 36 37 4 0 100 15.387 35.092
503 633 37 38 4 0 100 16.134 36.748
503 633 38 39 4 0 100 17.655 35.105
503 633 39 40 4 0 100 20.185 37.401
503 633 40 41 4 0 100 29.560 32.428
503 633 41 42 4 0 100 23.652 35.598
503 633 42 43 4 0 100 7.190 36.963
503 633 43 44 4 0 100 1.558 100.000
503 633 44 100 4 0 100 1.574 100.000
633 797 0 1 4 0 100 1.684 100.000
633 797 1 2 4 0 100 50.000 28.290
633 797 2 3 4 0 100 12.260 33.876
633 797 3 4 4 0 100 11.103 35.664
633 797 4 5 4 0 100 9.176 36.535
633 797 5 6 4 0 100 9.291 36.821
633 797 6 7 4 0 100 8.828 36.542
633 797 7 8 4 0 100 9.338 36.859
633 797 8 9 4 0 100 8.839 37.054
633 797 9 10 4 0 100 8.918 37.200
633 797 10 11 4 0 100 9.156 36.807
633 797 11 12 4 0 100 8.961 37.141
633 797 12 13 4 0 100 9.109 37.149
633 797 13 14 4 0 100 9.083 37.466
633 797 14 15 4 0 100 9.262 37.126
633 797 15 16 4 0 100 8.647 37.834
633 797 16 17 4 0 100 9.002 37.765
633 797 17 18 4 0 100 9.125 37.640
633 797 18 19 4 0 100 9.535 37.736
633 797 19 20 4 0 100 9.415 38.124
633 797 20 21 4 0 100 9.313 38.030
633 797 21 22 4 0 100 9.638 37.792
633 797 22 23 4 0 100 9.593 38.272
633 797 23 24 4 0 100 9.463 37.946
633 797 24 25 4 0 100 10.069 38.229
633 797 25 26 4 0 100 9.934 38.189
633 797 26 27 4 0 100 9.450 38.662
633 797 27 28 4 0 100 10.369 38.219
633 797 28 29 4 0 100 10.296 38.747
633 797 29 30 4 0 100 9.881 37.343
633 797 30 31 4 0 100 10.209 38.302
633 797 31 32 4 0 100 13.912 38.276
633 797 32 33 4 0 100 12.101 39.043
633 797 33 34 4 0 100 13.874 38.070
633 797 34 35 4 0 100 13.656 37.976
633 797 35 36 4 0 100 17.721 36.457
633 797 36 37 4 0 100 18.207 35.900
633 797 37 38 4 0 100 16.527 35.874
633 797 38 39 4 0 100 50.000 33.556
633 797 39 40 4 0 100 38.339 37.573
633 797 40 41 4 0 100 50.000 37.325
633 797 41 42 4 0 100 1.733 100.000
633 797 42 43 4 0 100 1.582 100.000
633 797 43 44 4 0 100 1.716 100.000
633 797 44 100 4 0 100 1.574 100.000
797 1003 0 1 4 0 100 1.745 100.000
797 1003 1 2 4 0 100 1.563 100.000
797 1003 2 3 4 0 100 50.000 36.225
797 1003 3 4 4 0 100 11.973 38.706
797 1003 4 5 4 0 100 9.461 38.045
797 1003 5 6 4 0 100 9.190 38.073
797 1003 6 7 4 0 100 9.067 38.247
797 1003 7 8 4 0 100 8.600 38.652
797 1003 8 9 4 0 100 8.564 39.022
797 1003 9 10 4 0 100 8.916 38.593
797 1003 10 11 4 0 100 9.029 39.025
797 1003 11 12 4 0 100 8.712 38.794
797 1003 12 13 4 0 100 9.127 38.502
797 1003 13 14 4 0 100 8.750 38.808
797 1003 14 15 4 0 100 8.839 39.347
797 1003 15 16 4 0 100 8.678 39.246
797 1003 16 17 4 0 100 9.178 39.366
797 1003 17 18 4 0 100 8.909 39.066
797 1003 18 19 4 0 100 9.574 39.551
797 1003 19 20 4 0 100 9.397 38.698
797 1003 20 21 4 0 100 8.903 39.605
797 1003 21 22 4 0 100 9.444 39.647
797 1003 22 23 4 0 100 9.401 40.226
797 1003 23 24 4 0 100 9.845 38.976
797 1003 24 25 4 0 100 9.743 39.674
797 1003 25 26 4 0 100 9.701 39.646
797 1003 26 27 4 0 100 10.323 38.641
797 1003 27 28 4 0 100 11.360 40.405
797 1003 28 29 4 0 100 11.752 40.127
797 1003 29 30 4 0 100 10.669 38.320
797 1003 30 31 4 0 100 11.849 38.231
797 1003 31 32 4 0 100 13.005 38.094
797 1003 32 33 4 0 100 13.054 38.563
797 1003 33 34 4 0 100 14.963 40.763
797 1003 34 35 4 0 100 24.958 35.614
797 1003 35 36 4 0 100 25.312 27.432
797 1003 36 37 4 0 100 50.000 33.020
797 1003 37 38 4 0 100 50.000 40.746
797 1003 38 39 4 0 100 1.746 100.000
797 1003 39 40 4 0 100 1.654 100.000
797 1003 40 41 4 0 100 1.610 100.000
797 1003 41 42 4 0 100 1.623 100.000
797 1003 42 43 4 0 100 1.710 100.000
797 1003 43 44 4 0 100 1.725 100.000
797 1003 44 100 4 0 100 1.655 100.000
1003 1262 1 2 4 0 100 1.747 100.000
1003 1262 2 3 4 0 100 50.000 33.540
1003 1262 3 4 4 0 100 50.000 35.888
1003 1262 4 5 4 0 100 12.788 38.111
1003 1262 5 6 4 0 100 9.902 40.040
1003 1262 6 7 4 0 100 8.646 38.921
1003 1262 7 8 4 0 100 9.218 39.957
1003 1262 8 9 4 0 100 9.824 38.503
1003 1262 9 10 4 0 100 9.533 40.559
1003 1262 10 11 4 0 100 8.875 40.460
1003 1262 11 12 4 0 100 8.829 41.166
1003 1262 12 13 4 0 100 9.346 40.431
1003 1262 13 14 4 0 100 9.074 39.340
1003 1262 14 15 4 0 100 9.160 40.057
1003 1262 15 16 4 0 100 8.648 40.212
1003 1262 16 17 4 0 100 8.713 40.204
1003 1262 17 18 4 0 100 9.431 41.329
1003 1262 18 19 4 0 100 9.552 41.088
1003 1262 19 20 4 0 100 10.753 40.456
1003 1262 20 21 4 0 100 9.920 41.904
1003 1262 21 22 4 0 100 9.160 40.368
1003 1262 22 23 4 0 100 10.636 41.407
1003 1262 23 24 4 0 100 10.009 40.069
1003 1262 24 25 4 0 100 12.156 40.757
1003 1262 25 26 4 0 100 12.469 37.494
1003 1262 26 27 4 0 100 15.394 42.662
1003 1262 27 28 4 0 100 18.106 39.968
1003 1262 28 29 4 0 100 17.656 37.391
1003 1262 29 30 4 0 100 36.538 32.243
1003 1262 30 31 4 0 100 29.503 37.886
1003 1262 31 32 4 0 100 50.000 34.206
1003 1262 32 33 4 0 100 50.000 37.267
1003 1262 33 34 4 0 100 50.000 36.936
1003 1262 34 35 4 0 100 50.000 45.629
1003 1262 35 36 4 0 100 50.000 38.226
1003 1262 36 37 4 0 100 1.785 100.000
1003 1262 37 38 4 0 100 1.827 100.000
1003 1262 38 39 4 0 100 1.724 100.000
1003 1262 39 40 4 0 100 1.669 100.000
1003 1262 40 41 4 0 100 1.761 100.000
1003 1262 41 42 4 0 100 1.765 100.000
1003 1262 42 43 4 0 100 1.823 100.000
1003 1262 43 44 4 0 100 1.737 100.000
1003 1262 44 100 4 0 100 1.721 100.000
1262 1589 1 2 4 0 100 1.753 100.000
1262 1589 2 3 4 0 100 1.690 100.000
1262 1589 3 4 4 0 100 1.549 100.000
1262 1589 4 5 4 0 100 1.643 100.000
1262 1589 5 6 4 0 100 35.425 39.898
1262 1589 6 7 4 0 100 22.646 36.364
1262 1589 7 8 4 0 100 18.467 37.020
1262 1589 8 9 4 0 100 14.525 39.037
1262 1589 9 10 4 0 100 11.471 40.347
1262 1589 10 11 4 0 100 13.221 38.385
1262 1589 11 12 4 0 100 15.337 38.746
1262 1589 12 13 4 0 100 12.446 39.276
1262 1589 13 14 4 0 100 15.254 38.942
1262 1589 14 15 4 0 100 21.084 38.699
1262 1589 15 16 4 0 100 12.201 38.586
1262 1589 16 17 4 0 100 16.249 37.600
1262 1589 17 18 4 0 100 19.376 41.047
1262 1589 18 19 4 0 100 13.508 38.512
1262 1589 19 20 4 0 100 32.897 33.249
1262 1589 20 21 4 0 100 26.637 37.628
1262 1589 21 22 4 0 100 33.426 35.222
1262 1589 22 23 4 0 100 50.000 35.184
1262 1589 23 24 4 0 100 20.226 39.831
1262 1589 24 25 4 0 100 11.739 43.373
1262 1589 25 26 4 0 100 50.000 36.966
1262 1589 26 27 4 0 100 10.990 46.203
1262 1589 27 28 4 0 100 1.870 100.000
1262 1589 28 29 4 0 100 1.727 100.000
1262 1589 29 30 4 0 100 1.722 100.000
1262 1589 30 31 4 0 100 1.775 100.000
1262 1589 31 32 4 0 100 1.806 100.000
1262 1589 32 33 4 0 100 1.582 100.000
1262 1589 33 34 4 0 100 1.862 100.000
1262 1589 34 35 4 0 100 1.791 100.000
1262 1589 35 36 4 0 100 1.685 100.000
1262 1589 36 37 4 0 100 1.771 100.000
1262 1589 37 38 4 0 100 1.685 100.000
1262 1589 38 39 4 0 100 1.669 100.000
1262 1589 39 40 4 0 100 1.854 100.000
1262 1589 40 41 4 0 100 1.802 100.000
1262 1589 41 42 4 0 100 1.725 100.000
1262 1589 42 43 4 0 100 1.773 100.000
1262 1589 43 100 4 0 100 1.757 100.000
1589 2000 1 2 4 0 100 1.772 100.000
1589 2000 3 4 4 0 100 1.716 100.000
1589 2000 4 5 4 0 100 1.703 100.000
1589 2000 5 6 4 0 100 1.599 100.000
1589 2000 6 7 4 0 100 1.561 100.000
1589 2000 7 8 4 0 100 1.752 100.000
1589 2000 8 9 4 0 100 1.597 100.000
1589 2000 9 10 4 0 100 1.773 100.000
1589 2000 10 11 4 0 100 1.716 100.000
1589 2000 11 12 4 0 100 1.770 100.000
1589 2000 12 13 4 0 100 1.719 100.000
1589 2000 13 14 4 0 100 1.764 100.000
1589 2000 14 15 4 0 100 1.684 100.000
1589 2000 15 16 4 0 100 1.606 100.000
1589 2000 16 17 4 0 100 1.653 100.000
1589 2000 17 18 4 0 100 1.567 100.000
1589 2000 18 19 4 0 100 1.717 100.000
1589 2000 19 20 4 0 100 1.770 100.000
1589 2000 20 21 4 0 100 1.690 100.000
1589 2000 21 22 4 0 100 1.731 100.000
1589 2000 22 23 4 0 100 1.769 100.000
1589 2000 23 24 4 0 100 1.664 100.000
1589 2000 24 25 4 0 100 1.705 100.000
1589 2000 25 26 4 0 100 1.779 100.000
1589 2000 26 27 4 0 100 1.713 100.000
1589 2000 27 28 4 0 100 1.705 100.000
1589 2000 28 29 4 0 100 1.714 100.000
1589 2000 29 30 4 0 100 1.867 100.000
1589 2000 30 31 4 0 100 1.740 100.000
1589 2000 31 32 4 0 100 1.762 100.000
1589 2000 32 33 4 0 100 1.658 100.000
1589 2000 33 34 4 0 100 1.774 100.000
1589 2000 34 35 4 0 100 1.782 100.000
1589 2000 35 36 4 0 100 1.788 100.000
1589 2000 37 38 4 0 100 1.756 100.000
1589 2000 38 39 4 0 100 1.748 100.000
1589 2000 40 41 4 0 100 1.760 100.000
1589 2000 41 42 4 0 100 1.757 100.000
1589 2000 43 100 4 0 100 1.781 100.000
2000 4000 2 3 4 0 100 1.775 100.000
2000 4000 3 4 4 0 100 1.783 100.000
2000 4000 4 5 4 0 100 1.772 100.000
2000 4000 5 6 4 0 100 1.774 100.000
2000 4000 6 7 4 0 100 1.688 100.000
2000 4000 7 8 4 0 100 1.699 100.000
2000 4000 8 9 4 0 100 1.795 100.000
2000 4000 9 10 4 0 100 1.705 100.000
2000 4000 10 11 4 0 100 1.776 100.000
2000 4000 11 12 4 0 100 1.734 100.000
2000 4000 12 13 4 0 100 1.703 100.000
2000 4000 13 14 4 0 100 1.583 100.000
2000 4000 14 15 4 0 100 1.794 100.000
2000 4000 15 16 4 0 100 1.772 100.000
2000 4000 16 17 4 0 100 1.779 100.000
2000 4000 17 18 4 0 100 1.757 100.000
2000 4000 18 19 4 0 100 1.745 100.000
2000 4000 19 20 4 0 100 1.794 100.000
2000 4000 20 21 4 0 100 1.799 100.000
2000 4000 21 22 4 0 100 1.692 100.000
2000 4000 22 23 4 0 100 1.795 100.000
2000 4000 24 25 4 0 100 1.720 100.000
2000 4000 25 26 4 0 100 1.700 100.000
2000 4000 26 27 4 0 100 1.774 100.000
2000 4000 27 28 4 0 100 1.750 100.000
2000 4000 28 29 4 0 100 1.694 100.000
2000 4000 29 30 4 0 100 1.759 100.000
2000 4000 31 32 4 0 100 1.716 100.000
2000 4000 37 100 4 0 100 1.784 100.000
