[quark]
{2 JetPt Rho 1 x TMath::Exp(-1.*x*[0]/[1])*TMath::Power(x,[0]-1)*TMath::Power([1]/[0],-1.*[0])/TMath::Gamma([0]) Correction QGL_nPFCand_QC_ptCut_F_quark}
20 22 0 1 4 0 100 32.907 2.703
20 22 1 2 4 0 100 6.400 2.539
20 22 2 3 4 0 100 21.952 4.353
20 22 3 4 4 0 100 12.223 4.266
20 22 4 5 4 0 100 14.063 4.520
20 22 5 6 4 0 100 12.363 4.537
20 22 6 7 4 0 100 9.089 4.841
20 22 7 8 4 0 100 10.819 4.947
20 22 8 9 4 0 100 13.314 5.149
20 22 9 10 4 0 100 10.155 5.292
20 22 10 11 4 0 100 11.480 5.659
20 22 11 12 4 0 100 11.442 5.942
20 22 12 13 4 0 100 11.351 5.943
20 22 13 14 4 0 100 12.679 6.080
20 22 14 15 4 0 100 14.265 6.185
20 22 15 16 4 0 100 13.630 6.711
20 22 16 17 4 0 100 14.696 7.164
20 22 17 18 4 0 100 14.731 7.012
20 22 18 19 4 0 100 18.248 7.199
20 22 19 20 4 0 100 31.806 7.374
20 22 20 21 4 0 100 27.528 8.162
20 22 21 22 4 0 100 43.946 8.892
20 22 22 23 4 0 100 36.583 8.694
20 22 23 24 4 0 100 41.529 8.990
20 22 24 25 4 0 100 50.000 8.503
20 22 25 26 4 0 100 1.262 100.000
20 22 26 27 4 0 100 50.000 9.442
20 22 27 28 4 0 100 1.366 100.000
20 22 28 29 4 0 100 1.346 100.000
20 22 29 30 4 0 100 50.000 11.492
20 22 30 31 4 0 100 1.557 100.000
20 22 31 32 4 0 100 50.000 10.935
20 22 32 33 4 0 100 1.687 100.000
20 22 33 34 4 0 100 1.687 100.000
20 22 34 35 4 0 100 1.563 100.000
20 22 35 36 4 0 100 1.687 100.000
20 22 36 37 4 0 100 1.688 100.000
20 22 37 38 4 0 100 1.625 100.000
20 22 39 40 4 0 100 50.000 12.711
20 22 40 100 4 0 100 1.687 100.000
22 25 0 1 4 0 100 1.627 100.000
22 25 1 2 4 0 100 17.269 4.138
22 25 2 3 4 0 100 11.848 4.340
22 25 3 4 4 0 100 11.584 4.565
22 25 4 5 4 0 100 11.792 4.833
22 25 5 6 4 0 100 10.125 4.977
22 25 6 7 4 0 100 9.887 5.084
22 25 7 8 4 0 100 9.929 5.345
22 25 8 9 4 0 100 10.570 5.346
22 25 9 10 4 0 100 9.871 5.640
22 25 10 11 4 0 100 10.444 5.779
22 25 11 12 4 0 100 11.789 6.016
22 25 12 13 4 0 100 11.119 6.230
22 25 13 14 4 0 100 11.175 6.347
22 25 14 15 4 0 100 11.332 6.647
22 25 15 16 4 0 100 13.610 6.991
22 25 16 17 4 0 100 13.000 7.014
22 25 17 18 4 0 100 12.908 7.127
22 25 18 19 4 0 100 13.292 7.581
22 25 19 20 4 0 100 15.581 7.706
22 25 20 21 4 0 100 21.481 8.354
22 25 21 22 4 0 100 19.609 8.263
22 25 22 23 4 0 100 19.972 9.048
22 25 23 24 4 0 100 32.197 9.393
22 25 24 25 4 0 100 27.841 8.862
22 25 25 26 4 0 100 36.867 9.913
22 25 26 27 4 0 100 41.325 9.994
22 25 27 28 4 0 100 50.000 9.759
22 25 28 29 4 0 100 50.000 11.738
22 25 29 30 4 0 100 1.284 100.000
22 25 30 31 4 0 100 50.000 11.977
22 25 31 32 4 0 100 1.235 100.000
22 25 32 33 4 0 100 50.000 11.327
22 25 33 34 4 0 100 1.559 100.000
22 25 34 35 4 0 100 50.000 10.485
22 25 35 36 4 0 100 1.622 100.000
22 25 36 37 4 0 100 1.568 100.000
22 25 37 38 4 0 100 1.631 100.000
22 25 40 41 4 0 100 1.580 100.000
22 25 41 100 4 0 100 1.627 100.000
25 27 0 1 4 0 100 50.000 3.994
25 27 1 2 4 0 100 23.537 3.784
25 27 2 3 4 0 100 17.506 4.681
25 27 3 4 4 0 100 12.186 4.781
25 27 4 5 4 0 100 11.711 4.857
25 27 5 6 4 0 100 10.942 5.166
25 27 6 7 4 0 100 8.718 5.278
25 27 7 8 4 0 100 10.714 5.552
25 27 8 9 4 0 100 11.028 5.762
25 27 9 10 4 0 100 11.820 5.921
25 27 10 11 4 0 100 11.173 6.095
25 27 11 12 4 0 100 11.349 6.221
25 27 12 13 4 0 100 11.242 6.454
25 27 13 14 4 0 100 11.310 6.592
25 27 14 15 4 0 100 12.469 6.817
25 27 15 16 4 0 100 12.076 7.031
25 27 16 17 4 0 100 12.691 7.373
25 27 17 18 4 0 100 11.986 7.213
25 27 18 19 4 0 100 13.114 7.739
25 27 19 20 4 0 100 14.449 8.087
25 27 20 21 4 0 100 15.635 8.105
25 27 21 22 4 0 100 22.984 8.812
25 27 22 23 4 0 100 16.584 8.503
25 27 23 24 4 0 100 21.178 9.271
25 27 24 25 4 0 100 22.502 9.098
25 27 25 26 4 0 100 29.013 9.612
25 27 26 27 4 0 100 50.000 9.881
25 27 27 28 4 0 100 23.177 9.717
25 27 28 29 4 0 100 50.000 9.980
25 27 29 30 4 0 100 50.000 8.841
25 27 30 31 4 0 100 50.000 10.286
25 27 31 32 4 0 100 50.000 10.936
25 27 32 33 4 0 100 1.432 100.000
25 27 33 34 4 0 100 1.552 100.000
25 27 34 35 4 0 100 1.568 100.000
25 27 35 36 4 0 100 1.556 100.000
25 27 36 37 4 0 100 1.690 100.000
25 27 37 38 4 0 100 1.573 100.000
25 27 38 39 4 0 100 1.687 100.000
25 27 40 41 4 0 100 1.687 100.000
25 27 42 100 4 0 100 50.000 13.748
27 29 0 1 4 0 100 50.000 3.333
27 29 1 2 4 0 100 44.353 4.942
27 29 2 3 4 0 100 18.139 4.552
27 29 3 4 4 0 100 11.079 5.084
27 29 4 5 4 0 100 10.327 5.250
27 29 5 6 4 0 100 11.443 5.369
27 29 6 7 4 0 100 9.623 5.457
27 29 7 8 4 0 100 9.698 5.666
27 29 8 9 4 0 100 10.367 5.902
27 29 9 10 4 0 100 10.269 5.969
27 29 10 11 4 0 100 10.216 6.234
27 29 11 12 4 0 100 10.965 6.391
27 29 12 13 4 0 100 10.576 6.635
27 29 13 14 4 0 100 11.505 6.808
27 29 14 15 4 0 100 11.952 7.021
27 29 15 16 4 0 100 11.828 7.211
27 29 16 17 4 0 100 11.901 7.530
27 29 17 18 4 0 100 12.620 7.624
27 29 18 19 4 0 100 13.079 7.843
27 29 19 20 4 0 100 11.986 8.100
27 29 20 21 4 0 100 15.638 8.266
27 29 21 22 4 0 100 13.203 8.464
27 29 22 23 4 0 100 17.217 9.041
27 29 23 24 4 0 100 20.727 8.727
27 29 24 25 4 0 100 16.803 9.377
27 29 25 26 4 0 100 19.728 9.385
27 29 26 27 4 0 100 29.698 10.074
27 29 27 28 4 0 100 40.611 9.603
27 29 28 29 4 0 100 50.000 9.509
27 29 29 30 4 0 100 35.722 11.115
27 29 30 31 4 0 100 50.000 11.447
27 29 31 32 4 0 100 50.000 11.421
27 29 32 33 4 0 100 50.000 9.605
27 29 33 34 4 0 100 50.000 9.610
27 29 34 35 4 0 100 50.000 12.638
27 29 35 36 4 0 100 1.496 100.000
27 29 36 37 4 0 100 1.629 100.000
27 29 37 38 4 0 100 1.623 100.000
27 29 38 39 4 0 100 1.687 100.000
27 29 39 40 4 0 100 1.621 100.000
27 29 40 41 4 0 100 1.628 100.000
27 29 41 100 4 0 100 50.000 3.994
29 32 0 1 4 0 100 50.000 3.723
29 32 1 2 4 0 100 15.815 4.501
29 32 2 3 4 0 100 14.249 4.995
29 32 3 4 4 0 100 9.837 5.076
29 32 4 5 4 0 100 10.244 5.399
29 32 5 6 4 0 100 9.466 5.551
29 32 6 7 4 0 100 9.457 5.909
29 32 7 8 4 0 100 10.832 6.000
29 32 8 9 4 0 100 10.918 6.126
29 32 9 10 4 0 100 10.693 6.261
29 32 10 11 4 0 100 11.086 6.458
29 32 11 12 4 0 100 10.252 6.684
29 32 12 13 4 0 100 11.000 6.811
29 32 13 14 4 0 100 11.301 7.104
29 32 14 15 4 0 100 11.721 7.196
29 32 15 16 4 0 100 12.594 7.539
29 32 16 17 4 0 100 12.065 7.617
29 32 17 18 4 0 100 11.996 7.842
29 32 18 19 4 0 100 12.932 8.085
29 32 19 20 4 0 100 13.239 8.222
29 32 20 21 4 0 100 12.526 8.547
29 32 21 22 4 0 100 12.505 8.757
29 32 22 23 4 0 100 15.540 9.043
29 32 23 24 4 0 100 13.094 9.056
29 32 24 25 4 0 100 21.077 9.302
29 32 25 26 4 0 100 19.841 9.121
29 32 26 27 4 0 100 19.745 10.126
29 32 27 28 4 0 100 18.990 10.098
29 32 28 29 4 0 100 20.295 10.186
29 32 29 30 4 0 100 39.264 11.251
29 32 30 31 4 0 100 31.284 10.423
29 32 31 32 4 0 100 28.189 10.641
29 32 32 33 4 0 100 50.000 10.243
29 32 33 34 4 0 100 50.000 10.901
29 32 34 35 4 0 100 1.245 100.000
29 32 35 36 4 0 100 1.502 100.000
29 32 36 37 4 0 100 1.331 100.000
29 32 37 38 4 0 100 1.558 100.000
29 32 38 39 4 0 100 1.520 100.000
29 32 40 41 4 0 100 1.439 100.000
29 32 41 42 4 0 100 1.625 100.000
29 32 42 43 4 0 100 1.687 100.000
29 32 43 100 4 0 100 1.627 100.000
32 35 0 1 4 0 100 50.000 5.042
32 35 1 2 4 0 100 10.717 4.538
32 35 2 3 4 0 100 13.387 5.324
32 35 3 4 4 0 100 12.147 5.275
32 35 4 5 4 0 100 10.185 5.566
32 35 5 6 4 0 100 9.850 5.750
32 35 6 7 4 0 100 10.034 5.898
32 35 7 8 4 0 100 10.520 6.213
32 35 8 9 4 0 100 11.001 6.256
32 35 9 10 4 0 100 10.197 6.464
32 35 10 11 4 0 100 10.963 6.539
32 35 11 12 4 0 100 9.742 6.900
32 35 12 13 4 0 100 10.708 7.088
32 35 13 14 4 0 100 11.055 7.348
32 35 14 15 4 0 100 11.492 7.511
32 35 15 16 4 0 100 12.328 7.670
32 35 16 17 4 0 100 12.074 7.926
32 35 17 18 4 0 100 11.881 8.142
32 35 18 19 4 0 100 13.150 8.210
32 35 19 20 4 0 100 12.386 8.556
32 35 20 21 4 0 100 12.673 8.732
32 35 21 22 4 0 100 14.606 9.101
32 35 22 23 4 0 100 12.907 9.045
32 35 23 24 4 0 100 14.500 9.254
32 35 24 25 4 0 100 13.371 9.551
32 35 25 26 4 0 100 17.933 9.885
32 35 26 27 4 0 100 19.130 10.510
32 35 27 28 4 0 100 25.222 10.154
32 35 28 29 4 0 100 22.954 10.529
32 35 29 30 4 0 100 21.787 11.046
32 35 30 31 4 0 100 22.699 11.050
32 35 31 32 4 0 100 30.663 10.969
32 35 32 33 4 0 100 49.425 12.034
32 35 33 34 4 0 100 50.000 12.138
32 35 34 35 4 0 100 35.181 10.011
32 35 35 36 4 0 100 42.010 11.433
32 35 36 37 4 0 100 1.235 100.000
32 35 37 38 4 0 100 50.000 11.584
32 35 38 39 4 0 100 1.362 100.000
32 35 39 40 4 0 100 1.565 100.000
32 35 40 41 4 0 100 1.567 100.000
32 35 41 42 4 0 100 50.000 13.748
32 35 43 44 4 0 100 1.687 100.000
32 35 44 100 4 0 100 1.688 100.000
35 39 0 1 4 0 100 50.000 6.933
35 39 1 2 4 0 100 16.254 5.017
35 39 2 3 4 0 100 9.488 5.186
35 39 3 4 4 0 100 9.002 5.513
35 39 4 5 4 0 100 9.942 5.948
35 39 5 6 4 0 100 10.431 5.747
35 39 6 7 4 0 100 9.617 6.161
35 39 7 8 4 0 100 10.531 6.373
35 39 8 9 4 0 100 10.884 6.578
35 39 9 10 4 0 100 9.578 6.630
35 39 10 11 4 0 100 10.908 6.950
35 39 11 12 4 0 100 10.734 7.119
35 39 12 13 4 0 100 10.973 7.231
35 39 13 14 4 0 100 11.325 7.563
35 39 14 15 4 0 100 11.422 7.710
35 39 15 16 4 0 100 11.105 7.894
35 39 16 17 4 0 100 11.593 8.060
35 39 17 18 4 0 100 12.095 8.349
35 39 18 19 4 0 100 12.766 8.649
35 39 19 20 4 0 100 13.278 8.681
35 39 20 21 4 0 100 14.389 8.936
35 39 21 22 4 0 100 14.574 8.996
35 39 22 23 4 0 100 12.378 9.346
35 39 23 24 4 0 100 15.104 9.642
35 39 24 25 4 0 100 14.084 9.540
35 39 25 26 4 0 100 16.601 9.684
35 39 26 27 4 0 100 19.100 10.083
35 39 27 28 4 0 100 18.725 10.458
35 39 28 29 4 0 100 18.671 10.252
35 39 29 30 4 0 100 16.858 10.790
35 39 30 31 4 0 100 19.841 10.742
35 39 31 32 4 0 100 25.056 11.309
35 39 32 33 4 0 100 22.353 11.016
35 39 33 34 4 0 100 34.928 11.804
35 39 34 35 4 0 100 29.721 10.941
35 39 35 36 4 0 100 50.000 10.594
35 39 36 37 4 0 100 50.000 6.937
35 39 37 38 4 0 100 50.000 11.085
35 39 38 39 4 0 100 1.320 100.000
35 39 39 40 4 0 100 1.398 100.000
35 39 40 41 4 0 100 1.318 100.000
35 39 41 42 4 0 100 1.482 100.000
35 39 42 100 4 0 100 1.569 100.000
39 42 0 1 4 0 100 50.000 4.408
39 42 1 2 4 0 100 50.000 5.148
39 42 2 3 4 0 100 13.126 5.391
39 42 3 4 4 0 100 12.251 5.695
39 42 4 5 4 0 100 10.225 5.851
39 42 5 6 4 0 100 10.163 6.140
39 42 6 7 4 0 100 10.038 6.135
39 42 7 8 4 0 100 10.486 6.467
39 42 8 9 4 0 100 10.400 6.696
39 42 9 10 4 0 100 9.976 6.883
39 42 10 11 4 0 100 10.532 7.155
39 42 11 12 4 0 100 10.305 7.207
39 42 12 13 4 0 100 11.042 7.363
39 42 13 14 4 0 100 12.740 7.656
39 42 14 15 4 0 100 11.041 7.961
39 42 15 16 4 0 100 11.198 8.011
39 42 16 17 4 0 100 11.416 8.168
39 42 17 18 4 0 100 11.826 8.355
39 42 18 19 4 0 100 12.314 8.714
39 42 19 20 4 0 100 15.172 9.010
39 42 20 21 4 0 100 12.948 9.080
39 42 21 22 4 0 100 14.271 9.372
39 42 22 23 4 0 100 14.608 9.547
39 42 23 24 4 0 100 13.216 9.637
39 42 24 25 4 0 100 14.375 9.945
39 42 25 26 4 0 100 19.074 9.706
39 42 26 27 4 0 100 20.747 9.792
39 42 27 28 4 0 100 22.468 10.569
39 42 28 29 4 0 100 23.117 10.535
39 42 29 30 4 0 100 16.252 10.721
39 42 30 31 4 0 100 23.397 10.637
39 42 31 32 4 0 100 26.034 11.110
39 42 32 33 4 0 100 25.856 11.075
39 42 33 34 4 0 100 43.521 11.059
39 42 34 35 4 0 100 44.563 10.961
39 42 35 36 4 0 100 50.000 12.263
39 42 36 37 4 0 100 50.000 11.508
39 42 37 38 4 0 100 1.381 100.000
39 42 38 39 4 0 100 50.000 12.983
39 42 39 40 4 0 100 1.487 100.000
39 42 40 41 4 0 100 1.509 100.000
39 42 41 42 4 0 100 1.455 100.000
39 42 42 43 4 0 100 1.623 100.000
39 42 43 100 4 0 100 1.381 100.000
42 46 1 2 4 0 100 50.000 5.831
42 46 2 3 4 0 100 11.553 5.830
42 46 3 4 4 0 100 11.736 5.735
42 46 4 5 4 0 100 9.845 5.861
42 46 5 6 4 0 100 9.837 6.297
42 46 6 7 4 0 100 9.906 6.505
42 46 7 8 4 0 100 11.411 6.714
42 46 8 9 4 0 100 10.080 6.804
42 46 9 10 4 0 100 10.538 7.067
42 46 10 11 4 0 100 11.023 7.298
42 46 11 12 4 0 100 10.358 7.560
42 46 12 13 4 0 100 10.767 7.618
42 46 13 14 4 0 100 11.168 7.819
42 46 14 15 4 0 100 11.851 8.027
42 46 15 16 4 0 100 12.028 8.173
42 46 16 17 4 0 100 11.648 8.509
42 46 17 18 4 0 100 12.718 8.628
42 46 18 19 4 0 100 13.532 8.853
42 46 19 20 4 0 100 12.724 8.975
42 46 20 21 4 0 100 13.136 9.282
42 46 21 22 4 0 100 14.719 9.406
42 46 22 23 4 0 100 13.020 9.564
42 46 23 24 4 0 100 15.755 10.014
42 46 24 25 4 0 100 17.069 10.119
42 46 25 26 4 0 100 15.340 10.369
42 46 26 27 4 0 100 17.479 10.554
42 46 27 28 4 0 100 24.063 10.665
42 46 28 29 4 0 100 21.043 10.522
42 46 29 30 4 0 100 27.115 11.606
42 46 30 31 4 0 100 26.605 10.870
42 46 31 32 4 0 100 29.274 10.995
42 46 32 33 4 0 100 27.296 11.950
42 46 33 34 4 0 100 38.855 12.615
42 46 34 35 4 0 100 50.000 12.308
42 46 35 36 4 0 100 38.787 12.099
42 46 36 37 4 0 100 50.000 12.374
42 46 37 38 4 0 100 50.000 10.230
42 46 38 39 4 0 100 50.000 12.408
42 46 39 40 4 0 100 1.409 100.000
42 46 40 41 4 0 100 1.378 100.000
42 46 41 42 4 0 100 50.000 10.289
42 46 42 43 4 0 100 50.000 14.015
42 46 43 44 4 0 100 50.000 13.963
42 46 44 100 4 0 100 1.690 100.000
46 51 0 1 4 0 100 1.652 100.000
46 51 1 2 4 0 100 21.090 5.118
46 51 2 3 4 0 100 11.170 5.884
46 51 3 4 4 0 100 10.382 6.132
46 51 4 5 4 0 100 9.249 6.356
46 51 5 6 4 0 100 8.840 6.387
46 51 6 7 4 0 100 10.386 6.591
46 51 7 8 4 0 100 10.533 6.872
46 51 8 9 4 0 100 10.674 7.110
46 51 9 10 4 0 100 10.533 7.220
46 51 10 11 4 0 100 11.000 7.424
46 51 11 12 4 0 100 11.294 7.624
46 51 12 13 4 0 100 11.163 7.785
46 51 13 14 4 0 100 11.404 8.026
46 51 14 15 4 0 100 10.881 8.210
46 51 15 16 4 0 100 11.052 8.462
46 51 16 17 4 0 100 11.738 8.556
46 51 17 18 4 0 100 12.518 8.729
46 51 18 19 4 0 100 12.142 9.102
46 51 19 20 4 0 100 12.509 9.225
46 51 20 21 4 0 100 13.334 9.416
46 51 21 22 4 0 100 15.300 9.805
46 51 22 23 4 0 100 13.416 9.797
46 51 23 24 4 0 100 16.296 10.063
46 51 24 25 4 0 100 17.685 10.452
46 51 25 26 4 0 100 15.128 10.207
46 51 26 27 4 0 100 18.415 10.510
46 51 27 28 4 0 100 21.275 11.051
46 51 28 29 4 0 100 18.224 11.235
46 51 29 30 4 0 100 17.066 10.557
46 51 30 31 4 0 100 25.351 11.463
46 51 31 32 4 0 100 21.524 10.936
46 51 32 33 4 0 100 50.000 12.178
46 51 33 34 4 0 100 27.873 12.125
46 51 34 35 4 0 100 50.000 11.024
46 51 35 36 4 0 100 41.641 12.660
46 51 36 37 4 0 100 50.000 13.465
46 51 37 38 4 0 100 50.000 12.928
46 51 38 39 4 0 100 50.000 12.561
46 51 39 40 4 0 100 50.000 11.586
46 51 40 41 4 0 100 1.361 100.000
46 51 41 42 4 0 100 50.000 14.850
46 51 42 43 4 0 100 50.000 12.364
46 51 43 44 4 0 100 50.000 14.015
46 51 44 100 4 0 100 1.515 100.000
51 56 0 1 4 0 100 50.000 4.806
51 56 1 2 4 0 100 15.484 4.990
51 56 2 3 4 0 100 10.450 5.845
51 56 3 4 4 0 100 11.222 6.163
51 56 4 5 4 0 100 10.569 6.554
51 56 5 6 4 0 100 11.277 6.665
51 56 6 7 4 0 100 9.515 6.856
51 56 7 8 4 0 100 9.897 7.069
51 56 8 9 4 0 100 10.667 7.250
51 56 9 10 4 0 100 10.998 7.366
51 56 10 11 4 0 100 10.808 7.521
51 56 11 12 4 0 100 10.890 7.748
51 56 12 13 4 0 100 10.840 8.006
51 56 13 14 4 0 100 11.835 8.152
51 56 14 15 4 0 100 11.600 8.412
51 56 15 16 4 0 100 11.883 8.647
51 56 16 17 4 0 100 12.689 8.811
51 56 17 18 4 0 100 12.446 9.135
51 56 18 19 4 0 100 12.663 9.203
51 56 19 20 4 0 100 12.988 9.388
51 56 20 21 4 0 100 13.161 9.689
51 56 21 22 4 0 100 13.960 9.960
51 56 22 23 4 0 100 13.866 10.129
51 56 23 24 4 0 100 16.187 10.489
51 56 24 25 4 0 100 16.598 10.475
51 56 25 26 4 0 100 17.667 10.437
51 56 26 27 4 0 100 17.934 10.888
51 56 27 28 4 0 100 20.887 11.134
51 56 28 29 4 0 100 27.021 11.039
51 56 29 30 4 0 100 18.000 11.375
51 56 30 31 4 0 100 26.110 12.045
51 56 31 32 4 0 100 22.687 10.592
51 56 32 33 4 0 100 33.614 11.298
51 56 33 34 4 0 100 29.623 12.336
51 56 34 35 4 0 100 50.000 10.668
51 56 35 36 4 0 100 32.127 11.792
51 56 36 37 4 0 100 50.000 12.552
51 56 37 38 4 0 100 50.000 11.352
51 56 38 39 4 0 100 50.000 12.152
51 56 39 40 4 0 100 50.000 13.609
51 56 40 41 4 0 100 50.000 14.448
51 56 42 43 4 0 100 1.524 100.000
51 56 43 44 4 0 100 1.456 100.000
51 56 44 100 4 0 100 1.564 100.000
56 61 0 1 4 0 100 50.000 6.277
56 61 1 2 4 0 100 21.383 5.140
56 61 2 3 4 0 100 11.141 6.478
56 61 3 4 4 0 100 13.135 5.998
56 61 4 5 4 0 100 9.292 6.415
56 61 5 6 4 0 100 11.035 6.609
56 61 6 7 4 0 100 11.124 6.943
56 61 7 8 4 0 100 10.524 7.163
56 61 8 9 4 0 100 9.667 7.322
56 61 9 10 4 0 100 11.423 7.565
56 61 10 11 4 0 100 11.205 7.725
56 61 11 12 4 0 100 11.575 8.003
56 61 12 13 4 0 100 11.818 8.076
56 61 13 14 4 0 100 11.413 8.251
56 61 14 15 4 0 100 11.788 8.483
56 61 15 16 4 0 100 12.622 8.704
56 61 16 17 4 0 100 12.422 8.991
56 61 17 18 4 0 100 13.671 9.161
56 61 18 19 4 0 100 12.909 9.122
56 61 19 20 4 0 100 13.183 9.618
56 61 20 21 4 0 100 15.054 9.918
56 61 21 22 4 0 100 14.351 10.049
56 61 22 23 4 0 100 16.734 10.299
56 61 23 24 4 0 100 17.604 10.229
56 61 24 25 4 0 100 16.907 10.994
56 61 25 26 4 0 100 14.259 10.888
56 61 26 27 4 0 100 21.013 10.953
56 61 27 28 4 0 100 23.899 11.305
56 61 28 29 4 0 100 21.420 11.011
56 61 29 30 4 0 100 20.354 11.167
56 61 30 31 4 0 100 32.064 11.574
56 61 31 32 4 0 100 20.450 11.935
56 61 32 33 4 0 100 50.000 12.546
56 61 33 34 4 0 100 39.403 11.459
56 61 34 35 4 0 100 50.000 12.222
56 61 35 36 4 0 100 47.173 13.182
56 61 36 37 4 0 100 50.000 12.788
56 61 37 38 4 0 100 46.601 12.235
56 61 38 39 4 0 100 50.000 13.230
56 61 39 40 4 0 100 50.000 13.822
56 61 41 42 4 0 100 1.443 100.000
56 61 43 44 4 0 100 1.573 100.000
56 61 44 100 4 0 100 1.690 100.000
61 67 0 1 4 0 100 1.485 100.000
61 67 1 2 4 0 100 22.239 5.473
61 67 2 3 4 0 100 14.725 6.117
61 67 3 4 4 0 100 12.981 6.370
61 67 4 5 4 0 100 11.006 6.745
61 67 5 6 4 0 100 10.836 6.905
61 67 6 7 4 0 100 9.674 7.076
61 67 7 8 4 0 100 10.327 7.251
61 67 8 9 4 0 100 10.669 7.457
61 67 9 10 4 0 100 10.414 7.594
61 67 10 11 4 0 100 10.972 7.858
61 67 11 12 4 0 100 10.665 8.148
61 67 12 13 4 0 100 11.439 8.300
61 67 13 14 4 0 100 11.940 8.615
61 67 14 15 4 0 100 12.441 8.734
61 67 15 16 4 0 100 12.140 8.847
61 67 16 17 4 0 100 13.267 9.123
61 67 17 18 4 0 100 14.256 9.397
61 67 18 19 4 0 100 13.276 9.420
61 67 19 20 4 0 100 14.922 9.896
61 67 20 21 4 0 100 14.515 9.899
61 67 21 22 4 0 100 15.342 10.205
61 67 22 23 4 0 100 15.793 10.316
61 67 23 24 4 0 100 16.476 10.466
61 67 24 25 4 0 100 15.044 10.773
61 67 25 26 4 0 100 17.484 10.842
61 67 26 27 4 0 100 19.141 11.558
61 67 27 28 4 0 100 19.746 11.390
61 67 28 29 4 0 100 20.043 11.523
61 67 29 30 4 0 100 20.851 11.853
61 67 30 31 4 0 100 40.159 12.432
61 67 31 32 4 0 100 23.884 11.700
61 67 32 33 4 0 100 27.390 12.546
61 67 33 34 4 0 100 32.544 12.323
61 67 34 35 4 0 100 50.000 12.739
61 67 35 36 4 0 100 50.000 11.604
61 67 36 37 4 0 100 29.663 12.414
61 67 37 38 4 0 100 50.000 10.294
61 67 38 39 4 0 100 50.000 12.817
61 67 39 40 4 0 100 50.000 12.399
61 67 40 41 4 0 100 1.320 100.000
61 67 41 42 4 0 100 50.000 15.279
61 67 42 43 4 0 100 1.562 100.000
61 67 43 100 4 0 100 1.519 100.000
67 73 1 2 4 0 100 23.798 6.086
67 73 2 3 4 0 100 10.259 6.632
67 73 3 4 4 0 100 11.171 6.575
67 73 4 5 4 0 100 10.547 6.822
67 73 5 6 4 0 100 10.873 6.969
67 73 6 7 4 0 100 9.856 7.139
67 73 7 8 4 0 100 10.307 7.414
67 73 8 9 4 0 100 11.175 7.737
67 73 9 10 4 0 100 10.362 7.788
67 73 10 11 4 0 100 11.097 8.212
67 73 11 12 4 0 100 11.399 8.206
67 73 12 13 4 0 100 11.166 8.473
67 73 13 14 4 0 100 11.640 8.766
67 73 14 15 4 0 100 12.623 8.821
67 73 15 16 4 0 100 12.065 9.082
67 73 16 17 4 0 100 12.144 9.327
67 73 17 18 4 0 100 13.185 9.425
67 73 18 19 4 0 100 13.294 9.620
67 73 19 20 4 0 100 14.479 9.878
67 73 20 21 4 0 100 14.289 10.149
67 73 21 22 4 0 100 13.580 10.220
67 73 22 23 4 0 100 16.315 10.512
67 73 23 24 4 0 100 17.642 10.610
67 73 24 25 4 0 100 15.028 10.770
67 73 25 26 4 0 100 25.496 11.016
67 73 26 27 4 0 100 18.160 10.811
67 73 27 28 4 0 100 23.438 11.454
67 73 28 29 4 0 100 28.505 12.070
67 73 29 30 4 0 100 39.666 11.200
67 73 30 31 4 0 100 26.291 12.310
67 73 31 32 4 0 100 40.640 12.844
67 73 32 33 4 0 100 50.000 12.180
67 73 33 34 4 0 100 50.000 12.653
67 73 34 35 4 0 100 44.962 12.343
67 73 35 36 4 0 100 50.000 13.606
67 73 36 37 4 0 100 50.000 12.154
67 73 37 38 4 0 100 50.000 13.614
67 73 38 39 4 0 100 50.000 10.287
67 73 39 40 4 0 100 1.416 100.000
67 73 40 41 4 0 100 50.000 14.135
67 73 41 42 4 0 100 1.454 100.000
67 73 42 43 4 0 100 1.414 100.000
67 73 43 100 4 0 100 1.412 100.000
73 81 0 1 4 0 100 50.000 5.877
73 81 1 2 4 0 100 15.134 6.151
73 81 2 3 4 0 100 15.410 6.187
73 81 3 4 4 0 100 13.825 6.805
73 81 4 5 4 0 100 11.432 6.978
73 81 5 6 4 0 100 10.662 7.208
73 81 6 7 4 0 100 10.980 7.419
73 81 7 8 4 0 100 10.558 7.536
73 81 8 9 4 0 100 11.100 7.751
73 81 9 10 4 0 100 10.217 7.991
73 81 10 11 4 0 100 12.019 8.335
73 81 11 12 4 0 100 11.147 8.400
73 81 12 13 4 0 100 11.696 8.445
73 81 13 14 4 0 100 12.258 8.892
73 81 14 15 4 0 100 13.107 9.116
73 81 15 16 4 0 100 12.707 9.306
73 81 16 17 4 0 100 13.965 9.463
73 81 17 18 4 0 100 12.903 9.628
73 81 18 19 4 0 100 13.971 9.718
73 81 19 20 4 0 100 14.328 10.056
73 81 20 21 4 0 100 14.530 10.189
73 81 21 22 4 0 100 15.998 10.686
73 81 22 23 4 0 100 16.139 10.805
73 81 23 24 4 0 100 17.381 10.908
73 81 24 25 4 0 100 18.913 11.111
73 81 25 26 4 0 100 17.754 11.141
73 81 26 27 4 0 100 23.405 11.452
73 81 27 28 4 0 100 20.156 11.856
73 81 28 29 4 0 100 23.682 11.862
73 81 29 30 4 0 100 25.997 12.232
73 81 30 31 4 0 100 38.397 12.399
73 81 31 32 4 0 100 32.240 12.493
73 81 32 33 4 0 100 31.159 11.890
73 81 33 34 4 0 100 45.699 12.646
73 81 34 35 4 0 100 50.000 12.910
73 81 35 36 4 0 100 50.000 13.696
73 81 36 37 4 0 100 50.000 12.173
73 81 37 38 4 0 100 50.000 12.569
73 81 38 39 4 0 100 50.000 11.983
73 81 39 40 4 0 100 50.000 13.352
73 81 40 41 4 0 100 50.000 14.132
73 81 41 42 4 0 100 1.571 100.000
73 81 42 43 4 0 100 50.000 14.169
73 81 43 44 4 0 100 50.000 13.981
73 81 44 100 4 0 100 1.466 100.000
81 88 0 1 4 0 100 50.000 5.465
81 88 1 2 4 0 100 50.000 5.203
81 88 2 3 4 0 100 17.864 6.910
81 88 3 4 4 0 100 12.547 6.490
81 88 4 5 4 0 100 12.529 7.161
81 88 5 6 4 0 100 11.929 7.325
81 88 6 7 4 0 100 11.119 7.532
81 88 7 8 4 0 100 10.633 7.780
81 88 8 9 4 0 100 10.399 7.960
81 88 9 10 4 0 100 11.122 8.144
81 88 10 11 4 0 100 12.844 8.490
81 88 11 12 4 0 100 11.963 8.410
81 88 12 13 4 0 100 11.412 8.637
81 88 13 14 4 0 100 12.138 8.950
81 88 14 15 4 0 100 12.923 9.270
81 88 15 16 4 0 100 15.512 9.316
81 88 16 17 4 0 100 13.659 9.557
81 88 17 18 4 0 100 13.799 9.842
81 88 18 19 4 0 100 15.349 10.072
81 88 19 20 4 0 100 14.384 10.128
81 88 20 21 4 0 100 15.518 10.589
81 88 21 22 4 0 100 13.880 10.798
81 88 22 23 4 0 100 17.217 10.911
81 88 23 24 4 0 100 18.555 11.019
81 88 24 25 4 0 100 15.559 11.216
81 88 25 26 4 0 100 16.567 11.393
81 88 26 27 4 0 100 25.418 11.474
81 88 27 28 4 0 100 22.929 11.606
81 88 28 29 4 0 100 41.390 12.342
81 88 29 30 4 0 100 32.669 11.841
81 88 30 31 4 0 100 35.160 13.166
81 88 31 32 4 0 100 48.170 11.784
81 88 32 33 4 0 100 50.000 13.155
81 88 33 34 4 0 100 50.000 12.905
81 88 34 35 4 0 100 50.000 11.444
81 88 35 36 4 0 100 50.000 12.911
81 88 36 37 4 0 100 50.000 11.559
81 88 37 38 4 0 100 1.355 100.000
81 88 38 39 4 0 100 50.000 11.983
81 88 40 41 4 0 100 50.000 11.576
81 88 41 42 4 0 100 1.505 100.000
81 88 42 43 4 0 100 1.574 100.000
81 88 43 100 4 0 100 50.000 12.249
88 97 1 2 4 0 100 36.274 5.891
88 97 2 3 4 0 100 13.533 6.717
88 97 3 4 4 0 100 13.063 6.642
88 97 4 5 4 0 100 9.138 7.027
88 97 5 6 4 0 100 9.956 7.371
88 97 6 7 4 0 100 10.483 7.612
88 97 7 8 4 0 100 10.944 7.802
88 97 8 9 4 0 100 10.869 8.034
88 97 9 10 4 0 100 11.117 8.262
88 97 10 11 4 0 100 11.561 8.451
88 97 11 12 4 0 100 12.437 8.747
88 97 12 13 4 0 100 12.356 8.976
88 97 13 14 4 0 100 12.800 9.113
88 97 14 15 4 0 100 12.604 9.286
88 97 15 16 4 0 100 13.071 9.580
88 97 16 17 4 0 100 14.383 9.937
88 97 17 18 4 0 100 13.537 9.951
88 97 18 19 4 0 100 14.087 10.289
88 97 19 20 4 0 100 14.922 10.170
88 97 20 21 4 0 100 15.278 10.558
88 97 21 22 4 0 100 15.119 10.758
88 97 22 23 4 0 100 16.738 10.838
88 97 23 24 4 0 100 15.501 11.308
88 97 24 25 4 0 100 16.885 11.538
88 97 25 26 4 0 100 17.565 11.733
88 97 26 27 4 0 100 24.014 11.497
88 97 27 28 4 0 100 22.851 11.761
88 97 28 29 4 0 100 22.523 12.070
88 97 29 30 4 0 100 28.814 11.658
88 97 30 31 4 0 100 29.210 12.096
88 97 31 32 4 0 100 34.364 11.869
88 97 32 33 4 0 100 50.000 12.787
88 97 33 34 4 0 100 50.000 12.562
88 97 34 35 4 0 100 50.000 12.721
88 97 35 36 4 0 100 50.000 11.754
88 97 36 37 4 0 100 50.000 13.636
88 97 37 38 4 0 100 50.000 14.054
88 97 38 39 4 0 100 50.000 13.841
88 97 39 40 4 0 100 1.306 100.000
88 97 40 41 4 0 100 50.000 12.377
88 97 41 42 4 0 100 1.439 100.000
88 97 42 100 4 0 100 50.000 13.705
97 106 0 1 4 0 100 50.000 5.465
97 106 1 2 4 0 100 38.271 5.884
97 106 2 3 4 0 100 21.293 7.138
97 106 3 4 4 0 100 13.111 6.904
97 106 4 5 4 0 100 10.599 7.401
97 106 5 6 4 0 100 11.958 7.296
97 106 6 7 4 0 100 11.747 7.927
97 106 7 8 4 0 100 11.143 8.028
97 106 8 9 4 0 100 11.685 8.357
97 106 9 10 4 0 100 12.043 8.423
97 106 10 11 4 0 100 11.929 8.768
97 106 11 12 4 0 100 12.008 8.812
97 106 12 13 4 0 100 12.830 9.193
97 106 13 14 4 0 100 12.872 9.322
97 106 14 15 4 0 100 13.953 9.401
97 106 15 16 4 0 100 13.083 9.885
97 106 16 17 4 0 100 14.601 9.933
97 106 17 18 4 0 100 15.516 10.146
97 106 18 19 4 0 100 15.496 10.402
97 106 19 20 4 0 100 16.513 10.416
97 106 20 21 4 0 100 17.645 10.645
97 106 21 22 4 0 100 18.063 10.834
97 106 22 23 4 0 100 16.585 10.939
97 106 23 24 4 0 100 17.984 11.239
97 106 24 25 4 0 100 20.784 11.563
97 106 25 26 4 0 100 23.517 11.885
97 106 26 27 4 0 100 27.881 11.889
97 106 27 28 4 0 100 30.355 11.423
97 106 28 29 4 0 100 22.686 12.091
97 106 29 30 4 0 100 33.337 12.596
97 106 30 31 4 0 100 42.554 12.415
97 106 31 32 4 0 100 48.501 12.745
97 106 32 33 4 0 100 24.563 11.828
97 106 33 34 4 0 100 50.000 13.990
97 106 34 35 4 0 100 50.000 12.140
97 106 35 36 4 0 100 1.365 100.000
97 106 36 37 4 0 100 1.335 100.000
97 106 38 39 4 0 100 1.315 100.000
97 106 39 40 4 0 100 1.439 100.000
97 106 40 41 4 0 100 1.360 100.000
97 106 42 100 4 0 100 1.470 100.000
106 116 1 2 4 0 100 50.000 6.676
106 116 2 3 4 0 100 19.694 7.477
106 116 3 4 4 0 100 12.257 6.875
106 116 4 5 4 0 100 13.004 7.576
106 116 5 6 4 0 100 15.315 7.536
106 116 6 7 4 0 100 10.850 7.797
106 116 7 8 4 0 100 11.786 7.811
106 116 8 9 4 0 100 11.308 8.283
106 116 9 10 4 0 100 12.756 8.596
106 116 10 11 4 0 100 12.635 8.560
106 116 11 12 4 0 100 11.762 8.940
106 116 12 13 4 0 100 13.876 9.062
106 116 13 14 4 0 100 13.363 9.386
106 116 14 15 4 0 100 14.206 9.635
106 116 15 16 4 0 100 14.460 9.796
106 116 16 17 4 0 100 13.647 10.016
106 116 17 18 4 0 100 15.645 10.117
106 116 18 19 4 0 100 14.852 10.404
106 116 19 20 4 0 100 16.010 10.597
106 116 20 21 4 0 100 16.910 10.741
106 116 21 22 4 0 100 21.419 11.000
106 116 22 23 4 0 100 23.593 11.256
106 116 23 24 4 0 100 23.475 11.399
106 116 24 25 4 0 100 23.119 11.000
106 116 25 26 4 0 100 28.658 11.304
106 116 26 27 4 0 100 23.464 12.237
106 116 27 28 4 0 100 25.410 12.073
106 116 28 29 4 0 100 47.909 12.476
106 116 29 30 4 0 100 35.683 11.489
106 116 30 31 4 0 100 31.505 11.896
106 116 31 32 4 0 100 50.000 12.582
106 116 32 33 4 0 100 50.000 14.015
106 116 33 34 4 0 100 46.660 12.612
106 116 34 35 4 0 100 50.000 13.322
106 116 35 36 4 0 100 50.000 11.447
106 116 36 37 4 0 100 50.000 12.146
106 116 37 38 4 0 100 50.000 13.613
106 116 38 39 4 0 100 50.000 11.997
106 116 39 40 4 0 100 1.465 100.000
106 116 43 44 4 0 100 1.643 100.000
106 116 44 100 4 0 100 1.687 100.000
116 127 1 2 4 0 100 50.000 6.933
116 127 2 3 4 0 100 13.419 7.015
116 127 3 4 4 0 100 17.471 7.574
116 127 4 5 4 0 100 16.076 7.321
116 127 5 6 4 0 100 12.030 7.712
116 127 6 7 4 0 100 14.283 8.233
116 127 7 8 4 0 100 13.659 8.064
116 127 8 9 4 0 100 11.161 8.315
116 127 9 10 4 0 100 11.947 8.738
116 127 10 11 4 0 100 12.065 8.872
116 127 11 12 4 0 100 13.780 9.088
116 127 12 13 4 0 100 13.454 9.323
116 127 13 14 4 0 100 13.697 9.527
116 127 14 15 4 0 100 16.488 9.861
116 127 15 16 4 0 100 13.961 9.726
116 127 16 17 4 0 100 14.599 10.133
116 127 17 18 4 0 100 15.202 10.187
116 127 18 19 4 0 100 17.825 10.869
116 127 19 20 4 0 100 14.513 10.685
116 127 20 21 4 0 100 18.096 10.819
116 127 21 22 4 0 100 19.948 11.210
116 127 22 23 4 0 100 19.926 11.468
116 127 23 24 4 0 100 20.441 11.114
116 127 24 25 4 0 100 26.592 11.087
116 127 25 26 4 0 100 22.751 12.180
116 127 26 27 4 0 100 21.082 12.048
116 127 27 28 4 0 100 27.517 12.073
116 127 28 29 4 0 100 26.916 11.627
116 127 29 30 4 0 100 32.285 12.743
116 127 30 31 4 0 100 42.204 12.806
116 127 31 32 4 0 100 49.363 11.869
116 127 32 33 4 0 100 50.000 12.829
116 127 33 34 4 0 100 1.239 100.000
116 127 34 35 4 0 100 50.000 12.786
116 127 35 36 4 0 100 50.000 13.628
116 127 36 37 4 0 100 50.000 13.842
116 127 37 38 4 0 100 50.000 13.197
116 127 38 39 4 0 100 1.396 100.000
116 127 40 41 4 0 100 1.455 100.000
116 127 41 42 4 0 100 50.000 14.485
116 127 42 100 4 0 100 50.000 15.634
127 4000 1 2 4 0 100 13.002 6.782
127 4000 2 3 4 0 100 12.265 7.302
127 4000 3 4 4 0 100 12.283 7.426
127 4000 4 5 4 0 100 10.527 7.883
127 4000 5 6 4 0 100 11.926 7.896
127 4000 6 7 4 0 100 12.242 8.355
127 4000 7 8 4 0 100 11.417 8.604
127 4000 8 9 4 0 100 11.106 8.933
127 4000 9 10 4 0 100 12.545 8.961
127 4000 10 11 4 0 100 13.154 9.300
127 4000 11 12 4 0 100 13.310 9.436
127 4000 12 13 4 0 100 13.757 9.642
127 4000 13 14 4 0 100 14.114 9.900
127 4000 14 15 4 0 100 14.684 10.043
127 4000 15 16 4 0 100 15.026 10.475
127 4000 16 17 4 0 100 15.735 10.550
127 4000 17 18 4 0 100 16.780 10.825
127 4000 18 19 4 0 100 15.521 10.954
127 4000 19 20 4 0 100 16.961 11.163
127 4000 20 21 4 0 100 17.411 11.430
127 4000 21 22 4 0 100 16.466 11.406
127 4000 22 23 4 0 100 16.409 11.649
127 4000 23 24 4 0 100 18.666 11.986
127 4000 24 25 4 0 100 21.171 12.072
127 4000 25 26 4 0 100 20.539 12.151
127 4000 26 27 4 0 100 24.076 12.600
127 4000 27 28 4 0 100 26.382 12.858
127 4000 28 29 4 0 100 25.242 12.817
127 4000 29 30 4 0 100 24.983 12.519
127 4000 30 31 4 0 100 26.743 12.334
127 4000 31 32 4 0 100 30.860 12.520
127 4000 32 33 4 0 100 35.962 12.838
127 4000 33 34 4 0 100 40.545 14.082
127 4000 34 35 4 0 100 49.841 12.804
127 4000 35 36 4 0 100 47.464 13.825
127 4000 37 38 4 0 100 50.000 11.745
127 4000 38 39 4 0 100 50.000 13.214
127 4000 39 40 4 0 100 50.000 13.467
127 4000 43 44 4 0 100 1.407 100.000
127 4000 44 100 4 0 100 1.437 100.000
[gluon]
{2 JetPt Rho 1 x TMath::Exp(-1.*x*[0]/[1])*TMath::Power(x,[0]-1)*TMath::Power([1]/[0],-1.*[0])/TMath::Gamma([0]) Correction QGL_nPFCand_QC_ptCut_F_gluon}
20 22 0 1 4 0 100 48.928 4.966
20 22 1 2 4 0 100 29.246 4.491
20 22 2 3 4 0 100 11.021 4.555
20 22 3 4 4 0 100 16.956 4.743
20 22 4 5 4 0 100 14.277 5.270
20 22 5 6 4 0 100 13.749 5.374
20 22 6 7 4 0 100 15.519 5.712
20 22 7 8 4 0 100 13.831 5.718
20 22 8 9 4 0 100 14.543 5.959
20 22 9 10 4 0 100 14.708 6.131
20 22 10 11 4 0 100 14.082 6.214
20 22 11 12 4 0 100 18.426 6.629
20 22 12 13 4 0 100 16.549 6.728
20 22 13 14 4 0 100 14.595 7.065
20 22 14 15 4 0 100 18.679 7.173
20 22 15 16 4 0 100 20.303 7.453
20 22 16 17 4 0 100 21.052 8.160
20 22 17 18 4 0 100 19.548 8.372
20 22 18 19 4 0 100 23.213 8.452
20 22 19 20 4 0 100 25.220 8.791
20 22 20 21 4 0 100 23.795 9.094
20 22 21 22 4 0 100 29.224 9.031
20 22 22 23 4 0 100 50.000 9.605
20 22 23 24 4 0 100 43.026 10.171
20 22 24 25 4 0 100 50.000 9.988
20 22 25 26 4 0 100 34.121 10.033
20 22 26 27 4 0 100 50.000 10.582
20 22 27 28 4 0 100 50.000 10.042
20 22 28 29 4 0 100 50.000 10.289
20 22 29 30 4 0 100 1.315 100.000
20 22 30 31 4 0 100 50.000 10.937
20 22 31 32 4 0 100 50.000 8.407
20 22 32 33 4 0 100 1.443 100.000
20 22 33 34 4 0 100 1.504 100.000
20 22 34 35 4 0 100 1.639 100.000
20 22 35 36 4 0 100 1.369 100.000
20 22 36 37 4 0 100 1.575 100.000
20 22 37 38 4 0 100 1.455 100.000
20 22 39 40 4 0 100 1.636 100.000
20 22 40 100 4 0 100 1.690 100.000
22 25 0 1 4 0 100 1.393 100.000
22 25 1 2 4 0 100 47.226 5.608
22 25 2 3 4 0 100 12.827 5.277
22 25 3 4 4 0 100 11.509 5.192
22 25 4 5 4 0 100 13.197 5.635
22 25 5 6 4 0 100 15.601 5.787
22 25 6 7 4 0 100 13.485 5.931
22 25 7 8 4 0 100 15.442 6.112
22 25 8 9 4 0 100 14.974 6.316
22 25 9 10 4 0 100 14.177 6.556
22 25 10 11 4 0 100 15.480 6.760
22 25 11 12 4 0 100 15.509 6.966
22 25 12 13 4 0 100 14.440 7.345
22 25 13 14 4 0 100 17.197 7.548
22 25 14 15 4 0 100 17.995 7.659
22 25 15 16 4 0 100 16.681 7.937
22 25 16 17 4 0 100 16.380 8.082
22 25 17 18 4 0 100 16.709 8.569
22 25 18 19 4 0 100 18.331 8.596
22 25 19 20 4 0 100 18.825 8.878
22 25 20 21 4 0 100 24.351 9.463
22 25 21 22 4 0 100 20.760 9.209
22 25 22 23 4 0 100 27.095 9.820
22 25 23 24 4 0 100 25.775 9.955
22 25 24 25 4 0 100 38.501 10.795
22 25 25 26 4 0 100 28.529 10.848
22 25 26 27 4 0 100 37.885 11.240
22 25 27 28 4 0 100 43.197 11.057
22 25 28 29 4 0 100 50.000 10.905
22 25 29 30 4 0 100 50.000 10.288
22 25 30 31 4 0 100 50.000 11.106
22 25 31 32 4 0 100 50.000 8.819
22 25 32 33 4 0 100 1.263 100.000
22 25 33 34 4 0 100 1.301 100.000
22 25 34 35 4 0 100 50.000 13.837
22 25 35 36 4 0 100 1.393 100.000
22 25 36 37 4 0 100 1.435 100.000
22 25 37 38 4 0 100 1.567 100.000
22 25 40 41 4 0 100 1.556 100.000
22 25 41 100 4 0 100 1.566 100.000
25 27 0 1 4 0 100 50.000 7.125
25 27 1 2 4 0 100 43.643 4.960
25 27 2 3 4 0 100 28.941 5.741
25 27 3 4 4 0 100 14.324 5.593
25 27 4 5 4 0 100 14.255 5.999
25 27 5 6 4 0 100 14.999 6.105
25 27 6 7 4 0 100 15.566 6.326
25 27 7 8 4 0 100 13.722 6.504
25 27 8 9 4 0 100 13.464 6.773
25 27 9 10 4 0 100 14.142 6.774
25 27 10 11 4 0 100 14.034 7.081
25 27 11 12 4 0 100 15.195 7.355
25 27 12 13 4 0 100 16.549 7.576
25 27 13 14 4 0 100 17.220 7.687
25 27 14 15 4 0 100 16.428 8.042
25 27 15 16 4 0 100 17.469 8.281
25 27 16 17 4 0 100 20.259 8.205
25 27 17 18 4 0 100 20.860 8.772
25 27 18 19 4 0 100 20.408 8.923
25 27 19 20 4 0 100 20.060 9.407
25 27 20 21 4 0 100 20.129 9.491
25 27 21 22 4 0 100 30.096 9.628
25 27 22 23 4 0 100 27.438 9.614
25 27 23 24 4 0 100 27.160 10.350
25 27 24 25 4 0 100 27.701 10.471
25 27 25 26 4 0 100 50.000 11.334
25 27 26 27 4 0 100 49.445 10.611
25 27 27 28 4 0 100 50.000 10.759
25 27 28 29 4 0 100 50.000 11.522
25 27 29 30 4 0 100 50.000 10.929
25 27 30 31 4 0 100 50.000 9.709
25 27 31 32 4 0 100 1.444 100.000
25 27 32 33 4 0 100 50.000 11.742
25 27 33 34 4 0 100 50.000 13.413
25 27 34 35 4 0 100 1.553 100.000
25 27 35 36 4 0 100 1.562 100.000
25 27 36 37 4 0 100 1.514 100.000
25 27 37 38 4 0 100 50.000 14.646
25 27 38 39 4 0 100 1.621 100.000
25 27 40 41 4 0 100 1.628 100.000
25 27 42 100 4 0 100 1.689 100.000
27 29 0 1 4 0 100 1.636 100.000
27 29 1 2 4 0 100 32.637 6.426
27 29 2 3 4 0 100 16.083 5.927
27 29 3 4 4 0 100 17.005 5.796
27 29 4 5 4 0 100 13.053 5.876
27 29 5 6 4 0 100 15.827 6.553
27 29 6 7 4 0 100 15.485 6.517
27 29 7 8 4 0 100 16.530 6.671
27 29 8 9 4 0 100 13.345 6.898
27 29 9 10 4 0 100 14.600 7.064
27 29 10 11 4 0 100 14.656 7.474
27 29 11 12 4 0 100 16.730 7.687
27 29 12 13 4 0 100 14.192 7.804
27 29 13 14 4 0 100 15.745 8.138
27 29 14 15 4 0 100 15.818 8.231
27 29 15 16 4 0 100 19.388 8.560
27 29 16 17 4 0 100 18.873 8.758
27 29 17 18 4 0 100 17.687 8.896
27 29 18 19 4 0 100 18.526 9.105
27 29 19 20 4 0 100 18.982 9.354
27 29 20 21 4 0 100 20.489 9.808
27 29 21 22 4 0 100 28.063 10.030
27 29 22 23 4 0 100 21.947 10.147
27 29 23 24 4 0 100 22.871 10.446
27 29 24 25 4 0 100 24.807 10.560
27 29 25 26 4 0 100 22.906 10.895
27 29 26 27 4 0 100 37.581 10.796
27 29 27 28 4 0 100 30.420 10.990
27 29 28 29 4 0 100 48.614 10.875
27 29 29 30 4 0 100 50.000 10.928
27 29 30 31 4 0 100 50.000 12.783
27 29 31 32 4 0 100 50.000 11.102
27 29 32 33 4 0 100 50.000 10.906
27 29 33 34 4 0 100 50.000 11.758
27 29 34 35 4 0 100 1.279 100.000
27 29 35 36 4 0 100 1.479 100.000
27 29 36 37 4 0 100 1.401 100.000
27 29 37 38 4 0 100 1.571 100.000
27 29 38 39 4 0 100 1.626 100.000
27 29 39 40 4 0 100 1.696 100.000
27 29 40 41 4 0 100 1.625 100.000
27 29 41 100 4 0 100 1.698 100.000
29 32 0 1 4 0 100 50.000 5.878
29 32 1 2 4 0 100 34.449 6.062
29 32 2 3 4 0 100 15.230 6.106
29 32 3 4 4 0 100 10.735 6.292
29 32 4 5 4 0 100 13.460 6.359
29 32 5 6 4 0 100 12.959 6.515
29 32 6 7 4 0 100 14.393 6.902
29 32 7 8 4 0 100 14.006 7.007
29 32 8 9 4 0 100 14.658 7.307
29 32 9 10 4 0 100 16.315 7.618
29 32 10 11 4 0 100 14.601 7.660
29 32 11 12 4 0 100 15.475 7.952
29 32 12 13 4 0 100 15.706 8.118
29 32 13 14 4 0 100 17.426 8.389
29 32 14 15 4 0 100 16.958 8.755
29 32 15 16 4 0 100 16.654 8.687
29 32 16 17 4 0 100 16.644 8.978
29 32 17 18 4 0 100 16.320 9.251
29 32 18 19 4 0 100 20.108 9.669
29 32 19 20 4 0 100 17.598 9.545
29 32 20 21 4 0 100 18.652 9.892
29 32 21 22 4 0 100 22.217 10.080
29 32 22 23 4 0 100 20.759 10.333
29 32 23 24 4 0 100 21.140 10.553
29 32 24 25 4 0 100 28.202 10.909
29 32 25 26 4 0 100 23.139 11.093
29 32 26 27 4 0 100 30.926 11.199
29 32 27 28 4 0 100 28.163 11.062
29 32 28 29 4 0 100 38.343 11.616
29 32 29 30 4 0 100 50.000 11.580
29 32 30 31 4 0 100 37.089 12.179
29 32 31 32 4 0 100 50.000 12.279
29 32 32 33 4 0 100 50.000 13.023
29 32 33 34 4 0 100 50.000 13.599
29 32 34 35 4 0 100 50.000 12.792
29 32 35 36 4 0 100 50.000 12.562
29 32 36 37 4 0 100 1.526 100.000
29 32 37 38 4 0 100 1.505 100.000
29 32 38 39 4 0 100 1.558 100.000
29 32 40 41 4 0 100 1.690 100.000
29 32 41 42 4 0 100 50.000 12.547
29 32 42 43 4 0 100 1.629 100.000
29 32 43 100 4 0 100 1.687 100.000
32 35 0 1 4 0 100 50.000 5.465
32 35 1 2 4 0 100 44.805 6.331
32 35 2 3 4 0 100 38.969 6.799
32 35 3 4 4 0 100 14.126 6.713
32 35 4 5 4 0 100 13.039 6.683
32 35 5 6 4 0 100 15.502 7.164
32 35 6 7 4 0 100 15.123 7.131
32 35 7 8 4 0 100 14.845 7.356
32 35 8 9 4 0 100 14.147 7.644
32 35 9 10 4 0 100 14.505 7.721
32 35 10 11 4 0 100 14.638 8.117
32 35 11 12 4 0 100 15.967 8.289
32 35 12 13 4 0 100 14.812 8.543
32 35 13 14 4 0 100 16.739 8.819
32 35 14 15 4 0 100 14.817 8.802
32 35 15 16 4 0 100 15.733 9.062
32 35 16 17 4 0 100 16.908 9.210
32 35 17 18 4 0 100 19.350 9.594
32 35 18 19 4 0 100 19.148 9.916
32 35 19 20 4 0 100 19.283 9.890
32 35 20 21 4 0 100 21.455 10.361
32 35 21 22 4 0 100 21.040 10.335
32 35 22 23 4 0 100 21.355 10.547
32 35 23 24 4 0 100 24.419 11.075
32 35 24 25 4 0 100 23.835 11.230
32 35 25 26 4 0 100 24.322 10.987
32 35 26 27 4 0 100 34.273 10.973
32 35 27 28 4 0 100 40.935 11.784
32 35 28 29 4 0 100 38.303 11.647
32 35 29 30 4 0 100 46.306 12.344
32 35 30 31 4 0 100 37.257 11.458
32 35 31 32 4 0 100 37.897 12.617
32 35 32 33 4 0 100 40.284 11.654
32 35 33 34 4 0 100 50.000 14.252
32 35 34 35 4 0 100 50.000 12.148
32 35 35 36 4 0 100 50.000 11.992
32 35 36 37 4 0 100 50.000 14.013
32 35 37 38 4 0 100 1.463 100.000
32 35 38 39 4 0 100 1.561 100.000
32 35 39 40 4 0 100 1.435 100.000
32 35 40 41 4 0 100 1.628 100.000
32 35 41 42 4 0 100 1.627 100.000
32 35 43 44 4 0 100 1.687 100.000
32 35 44 100 4 0 100 1.633 100.000
35 39 0 1 4 0 100 50.000 7.125
35 39 1 2 4 0 100 10.380 5.809
35 39 2 3 4 0 100 14.781 6.553
35 39 3 4 4 0 100 15.255 6.835
35 39 4 5 4 0 100 16.562 6.980
35 39 5 6 4 0 100 13.645 7.204
35 39 6 7 4 0 100 12.993 7.405
35 39 7 8 4 0 100 14.350 7.665
35 39 8 9 4 0 100 15.584 7.808
35 39 9 10 4 0 100 13.787 7.999
35 39 10 11 4 0 100 15.153 8.254
35 39 11 12 4 0 100 16.019 8.477
35 39 12 13 4 0 100 15.891 8.603
35 39 13 14 4 0 100 16.161 8.931
35 39 14 15 4 0 100 15.917 9.131
35 39 15 16 4 0 100 18.127 9.390
35 39 16 17 4 0 100 17.637 9.760
35 39 17 18 4 0 100 17.633 9.767
35 39 18 19 4 0 100 20.475 10.056
35 39 19 20 4 0 100 18.693 10.134
35 39 20 21 4 0 100 19.751 10.443
35 39 21 22 4 0 100 20.802 10.612
35 39 22 23 4 0 100 22.072 10.864
35 39 23 24 4 0 100 23.484 10.832
35 39 24 25 4 0 100 24.760 11.404
35 39 25 26 4 0 100 22.118 11.592
35 39 26 27 4 0 100 24.106 11.320
35 39 27 28 4 0 100 30.270 11.882
35 39 28 29 4 0 100 39.278 11.832
35 39 29 30 4 0 100 33.547 12.281
35 39 30 31 4 0 100 44.517 13.090
35 39 31 32 4 0 100 34.274 12.219
35 39 32 33 4 0 100 43.179 12.492
35 39 33 34 4 0 100 50.000 12.809
35 39 34 35 4 0 100 50.000 11.668
35 39 35 36 4 0 100 50.000 12.164
35 39 36 37 4 0 100 50.000 11.561
35 39 37 38 4 0 100 50.000 14.468
35 39 38 39 4 0 100 1.384 100.000
35 39 39 40 4 0 100 1.414 100.000
35 39 40 41 4 0 100 50.000 13.137
35 39 41 42 4 0 100 1.521 100.000
35 39 42 100 4 0 100 1.626 100.000
39 42 0 1 4 0 100 50.000 5.877
39 42 1 2 4 0 100 23.408 5.978
39 42 2 3 4 0 100 27.721 6.858
39 42 3 4 4 0 100 13.614 6.968
39 42 4 5 4 0 100 14.053 7.151
39 42 5 6 4 0 100 13.993 7.373
39 42 6 7 4 0 100 14.640 7.759
39 42 7 8 4 0 100 13.668 7.717
39 42 8 9 4 0 100 13.461 8.039
39 42 9 10 4 0 100 16.722 8.233
39 42 10 11 4 0 100 15.782 8.449
39 42 11 12 4 0 100 15.759 8.691
39 42 12 13 4 0 100 16.439 8.963
39 42 13 14 4 0 100 16.640 9.269
39 42 14 15 4 0 100 17.991 9.353
39 42 15 16 4 0 100 16.247 9.739
39 42 16 17 4 0 100 18.318 9.776
39 42 17 18 4 0 100 16.977 10.058
39 42 18 19 4 0 100 19.455 10.207
39 42 19 20 4 0 100 19.938 10.474
39 42 20 21 4 0 100 23.263 10.737
39 42 21 22 4 0 100 21.497 10.922
39 42 22 23 4 0 100 23.081 11.007
39 42 23 24 4 0 100 26.650 11.353
39 42 24 25 4 0 100 23.760 11.496
39 42 25 26 4 0 100 27.284 11.667
39 42 26 27 4 0 100 33.225 11.934
39 42 27 28 4 0 100 33.057 11.467
39 42 28 29 4 0 100 30.853 12.429
39 42 29 30 4 0 100 37.759 12.824
39 42 30 31 4 0 100 41.646 12.306
39 42 31 32 4 0 100 34.043 12.393
39 42 32 33 4 0 100 50.000 11.762
39 42 33 34 4 0 100 42.990 12.438
39 42 34 35 4 0 100 7.577 14.419
39 42 35 36 4 0 100 50.000 13.205
39 42 36 37 4 0 100 1.404 100.000
39 42 37 38 4 0 100 1.510 100.000
39 42 38 39 4 0 100 1.571 100.000
39 42 39 40 4 0 100 50.000 11.090
39 42 40 41 4 0 100 1.420 100.000
39 42 41 42 4 0 100 1.634 100.000
39 42 42 43 4 0 100 1.629 100.000
39 42 43 100 4 0 100 1.687 100.000
42 46 1 2 4 0 100 36.878 7.469
42 46 2 3 4 0 100 22.443 7.133
42 46 3 4 4 0 100 19.078 7.046
42 46 4 5 4 0 100 15.337 7.392
42 46 5 6 4 0 100 15.013 7.865
42 46 6 7 4 0 100 13.778 8.001
42 46 7 8 4 0 100 13.402 8.175
42 46 8 9 4 0 100 14.457 8.310
42 46 9 10 4 0 100 15.430 8.534
42 46 10 11 4 0 100 15.622 8.678
42 46 11 12 4 0 100 17.003 9.120
42 46 12 13 4 0 100 15.652 9.252
42 46 13 14 4 0 100 16.067 9.444
42 46 14 15 4 0 100 17.030 9.584
42 46 15 16 4 0 100 17.006 9.780
42 46 16 17 4 0 100 16.959 9.991
42 46 17 18 4 0 100 17.518 10.206
42 46 18 19 4 0 100 18.317 10.561
42 46 19 20 4 0 100 18.095 10.697
42 46 20 21 4 0 100 22.923 10.799
42 46 21 22 4 0 100 24.914 10.968
42 46 22 23 4 0 100 24.433 11.380
42 46 23 24 4 0 100 24.332 11.594
42 46 24 25 4 0 100 24.852 11.984
42 46 25 26 4 0 100 28.871 11.641
42 46 26 27 4 0 100 26.386 11.958
42 46 27 28 4 0 100 38.568 12.400
42 46 28 29 4 0 100 27.947 12.819
42 46 29 30 4 0 100 40.307 12.300
42 46 30 31 4 0 100 50.000 12.310
42 46 31 32 4 0 100 7.830 14.078
42 46 32 33 4 0 100 50.000 13.610
42 46 33 34 4 0 100 43.275 12.969
42 46 34 35 4 0 100 1.344 100.000
42 46 35 36 4 0 100 50.000 12.227
42 46 36 37 4 0 100 1.569 100.000
42 46 37 38 4 0 100 50.000 11.998
42 46 38 39 4 0 100 1.416 100.000
42 46 39 40 4 0 100 1.692 100.000
42 46 40 41 4 0 100 50.000 14.015
42 46 41 42 4 0 100 1.504 100.000
42 46 42 43 4 0 100 1.629 100.000
42 46 43 44 4 0 100 50.000 14.605
42 46 44 100 4 0 100 1.692 100.000
46 51 0 1 4 0 100 1.659 100.000
46 51 1 2 4 0 100 23.798 6.112
46 51 2 3 4 0 100 17.337 6.940
46 51 3 4 4 0 100 16.774 7.270
46 51 4 5 4 0 100 15.146 7.371
46 51 5 6 4 0 100 15.726 8.053
46 51 6 7 4 0 100 15.212 8.228
46 51 7 8 4 0 100 14.870 8.206
46 51 8 9 4 0 100 14.406 8.571
46 51 9 10 4 0 100 14.517 8.798
46 51 10 11 4 0 100 16.083 9.036
46 51 11 12 4 0 100 15.538 9.170
46 51 12 13 4 0 100 15.664 9.353
46 51 13 14 4 0 100 17.847 9.694
46 51 14 15 4 0 100 17.588 9.728
46 51 15 16 4 0 100 17.158 10.127
46 51 16 17 4 0 100 19.564 10.246
46 51 17 18 4 0 100 17.854 10.429
46 51 18 19 4 0 100 17.713 10.650
46 51 19 20 4 0 100 20.396 11.052
46 51 20 21 4 0 100 19.558 10.909
46 51 21 22 4 0 100 20.134 11.243
46 51 22 23 4 0 100 20.790 11.453
46 51 23 24 4 0 100 20.031 11.877
46 51 24 25 4 0 100 25.141 12.025
46 51 25 26 4 0 100 22.571 11.946
46 51 26 27 4 0 100 35.905 11.825
46 51 27 28 4 0 100 42.091 13.192
46 51 28 29 4 0 100 38.469 12.612
46 51 29 30 4 0 100 28.718 12.813
46 51 30 31 4 0 100 50.000 13.108
46 51 31 32 4 0 100 50.000 13.354
46 51 32 33 4 0 100 50.000 13.384
46 51 33 34 4 0 100 50.000 14.934
46 51 34 35 4 0 100 50.000 11.740
46 51 35 36 4 0 100 50.000 14.659
46 51 36 37 4 0 100 50.000 13.880
46 51 37 38 4 0 100 1.380 100.000
46 51 38 39 4 0 100 50.000 12.662
46 51 39 40 4 0 100 1.502 100.000
46 51 40 41 4 0 100 1.457 100.000
46 51 41 42 4 0 100 1.528 100.000
46 51 42 43 4 0 100 1.629 100.000
46 51 43 44 4 0 100 1.627 100.000
46 51 44 100 4 0 100 1.577 100.000
51 56 0 1 4 0 100 50.000 5.466
51 56 1 2 4 0 100 50.000 8.484
51 56 2 3 4 0 100 22.852 7.663
51 56 3 4 4 0 100 13.671 7.658
51 56 4 5 4 0 100 15.967 8.004
51 56 5 6 4 0 100 20.494 7.920
51 56 6 7 4 0 100 14.785 8.526
51 56 7 8 4 0 100 14.523 8.484
51 56 8 9 4 0 100 14.763 8.506
51 56 9 10 4 0 100 16.243 8.979
51 56 10 11 4 0 100 16.819 9.254
51 56 11 12 4 0 100 16.727 9.417
51 56 12 13 4 0 100 17.770 9.683
51 56 13 14 4 0 100 15.536 9.799
51 56 14 15 4 0 100 18.021 10.212
51 56 15 16 4 0 100 19.655 10.339
51 56 16 17 4 0 100 17.432 10.405
51 56 17 18 4 0 100 17.576 10.561
51 56 18 19 4 0 100 20.057 10.628
51 56 19 20 4 0 100 17.286 11.039
51 56 20 21 4 0 100 23.536 11.332
51 56 21 22 4 0 100 22.476 11.770
51 56 22 23 4 0 100 24.452 11.535
51 56 23 24 4 0 100 26.001 12.410
51 56 24 25 4 0 100 30.754 12.223
51 56 25 26 4 0 100 28.907 11.739
51 56 26 27 4 0 100 28.318 12.137
51 56 27 28 4 0 100 28.145 12.938
51 56 28 29 4 0 100 47.787 12.675
51 56 29 30 4 0 100 31.769 13.083
51 56 30 31 4 0 100 44.930 12.550
51 56 31 32 4 0 100 50.000 13.384
51 56 32 33 4 0 100 50.000 14.285
51 56 33 34 4 0 100 50.000 13.824
51 56 34 35 4 0 100 50.000 15.866
51 56 35 36 4 0 100 50.000 14.290
51 56 36 37 4 0 100 1.476 100.000
51 56 37 38 4 0 100 1.381 100.000
51 56 38 39 4 0 100 1.416 100.000
51 56 39 40 4 0 100 1.425 100.000
51 56 40 41 4 0 100 1.466 100.000
51 56 42 43 4 0 100 1.652 100.000
51 56 43 44 4 0 100 1.692 100.000
51 56 44 100 4 0 100 1.572 100.000
56 61 0 1 4 0 100 1.687 100.000
56 61 1 2 4 0 100 50.000 6.526
56 61 2 3 4 0 100 50.000 7.405
56 61 3 4 4 0 100 17.435 8.026
56 61 4 5 4 0 100 17.124 7.898
56 61 5 6 4 0 100 18.408 8.261
56 61 6 7 4 0 100 15.180 8.353
56 61 7 8 4 0 100 15.501 9.024
56 61 8 9 4 0 100 14.831 9.289
56 61 9 10 4 0 100 15.413 9.377
56 61 10 11 4 0 100 17.223 9.525
56 61 11 12 4 0 100 14.735 9.765
56 61 12 13 4 0 100 15.819 9.778
56 61 13 14 4 0 100 15.160 10.055
56 61 14 15 4 0 100 17.719 10.190
56 61 15 16 4 0 100 16.827 10.250
56 61 16 17 4 0 100 18.877 10.631
56 61 17 18 4 0 100 20.880 10.826
56 61 18 19 4 0 100 18.769 11.068
56 61 19 20 4 0 100 24.974 11.453
56 61 20 21 4 0 100 26.672 11.198
56 61 21 22 4 0 100 22.579 11.164
56 61 22 23 4 0 100 28.142 11.388
56 61 23 24 4 0 100 31.505 12.237
56 61 24 25 4 0 100 29.595 12.359
56 61 25 26 4 0 100 26.500 12.078
56 61 26 27 4 0 100 37.873 12.370
56 61 27 28 4 0 100 37.773 12.819
56 61 28 29 4 0 100 37.401 13.280
56 61 29 30 4 0 100 50.000 13.207
56 61 30 31 4 0 100 50.000 12.998
56 61 31 32 4 0 100 50.000 14.661
56 61 32 33 4 0 100 50.000 9.881
56 61 33 34 4 0 100 50.000 13.842
56 61 34 35 4 0 100 50.000 13.347
56 61 35 36 4 0 100 50.000 14.255
56 61 36 37 4 0 100 50.000 16.513
56 61 37 38 4 0 100 1.440 100.000
56 61 38 39 4 0 100 1.440 100.000
56 61 39 40 4 0 100 1.534 100.000
56 61 41 42 4 0 100 1.569 100.000
56 61 43 44 4 0 100 1.632 100.000
56 61 44 100 4 0 100 1.623 100.000
61 67 0 1 4 0 100 50.000 7.548
61 67 1 2 4 0 100 38.909 6.023
61 67 2 3 4 0 100 50.000 7.283
61 67 3 4 4 0 100 16.121 7.397
61 67 4 5 4 0 100 17.010 8.164
61 67 5 6 4 0 100 15.068 8.572
61 67 6 7 4 0 100 14.496 8.617
61 67 7 8 4 0 100 15.166 9.022
61 67 8 9 4 0 100 15.438 9.120
61 67 9 10 4 0 100 16.391 9.429
61 67 10 11 4 0 100 16.072 9.639
61 67 11 12 4 0 100 14.466 9.744
61 67 12 13 4 0 100 17.371 10.065
61 67 13 14 4 0 100 16.237 10.412
61 67 14 15 4 0 100 18.378 10.431
61 67 15 16 4 0 100 16.661 10.617
61 67 16 17 4 0 100 20.508 10.904
61 67 17 18 4 0 100 23.058 10.930
61 67 18 19 4 0 100 19.198 11.182
61 67 19 20 4 0 100 20.435 11.158
61 67 20 21 4 0 100 19.812 11.535
61 67 21 22 4 0 100 25.914 12.284
61 67 22 23 4 0 100 25.396 12.107
61 67 23 24 4 0 100 20.650 11.619
61 67 24 25 4 0 100 25.593 12.624
61 67 25 26 4 0 100 27.365 12.571
61 67 26 27 4 0 100 34.720 12.599
61 67 27 28 4 0 100 38.601 13.423
61 67 28 29 4 0 100 43.757 13.006
61 67 29 30 4 0 100 36.512 13.115
61 67 30 31 4 0 100 47.038 12.546
61 67 31 32 4 0 100 50.000 15.057
61 67 32 33 4 0 100 50.000 13.532
61 67 33 34 4 0 100 50.000 15.422
61 67 34 35 4 0 100 50.000 11.576
61 67 35 36 4 0 100 50.000 13.803
61 67 36 37 4 0 100 1.250 100.000
61 67 37 38 4 0 100 1.456 100.000
61 67 38 39 4 0 100 1.526 100.000
61 67 39 40 4 0 100 50.000 13.748
61 67 40 41 4 0 100 50.000 15.612
61 67 41 42 4 0 100 1.687 100.000
61 67 42 43 4 0 100 1.625 100.000
61 67 43 100 4 0 100 1.687 100.000
67 73 1 2 4 0 100 50.000 8.407
67 73 2 3 4 0 100 41.804 7.392
67 73 3 4 4 0 100 17.913 7.823
67 73 4 5 4 0 100 20.018 8.744
67 73 5 6 4 0 100 13.767 8.639
67 73 6 7 4 0 100 16.817 8.725
67 73 7 8 4 0 100 16.427 9.226
67 73 8 9 4 0 100 14.012 9.304
67 73 9 10 4 0 100 18.792 9.258
67 73 10 11 4 0 100 16.622 9.853
67 73 11 12 4 0 100 18.102 10.029
67 73 12 13 4 0 100 18.930 10.038
67 73 13 14 4 0 100 17.908 10.594
67 73 14 15 4 0 100 15.923 10.462
67 73 15 16 4 0 100 18.314 11.026
67 73 16 17 4 0 100 18.369 11.148
67 73 17 18 4 0 100 19.421 11.281
67 73 18 19 4 0 100 20.013 11.387
67 73 19 20 4 0 100 20.967 11.565
67 73 20 21 4 0 100 25.474 11.944
67 73 21 22 4 0 100 20.589 11.905
67 73 22 23 4 0 100 39.012 11.914
67 73 23 24 4 0 100 30.183 12.482
67 73 24 25 4 0 100 50.000 12.355
67 73 25 26 4 0 100 36.821 12.833
67 73 26 27 4 0 100 29.372 12.883
67 73 27 28 4 0 100 40.904 12.993
67 73 28 29 4 0 100 50.000 12.167
67 73 29 30 4 0 100 50.000 13.531
67 73 30 31 4 0 100 50.000 13.998
67 73 31 32 4 0 100 50.000 14.248
67 73 32 33 4 0 100 50.000 14.660
67 73 33 34 4 0 100 1.424 100.000
67 73 34 35 4 0 100 1.368 100.000
67 73 35 36 4 0 100 1.345 100.000
67 73 36 37 4 0 100 1.426 100.000
67 73 37 38 4 0 100 1.586 100.000
67 73 38 39 4 0 100 1.516 100.000
67 73 39 40 4 0 100 1.581 100.000
67 73 40 41 4 0 100 1.582 100.000
67 73 41 42 4 0 100 1.584 100.000
67 73 42 43 4 0 100 1.586 100.000
67 73 43 100 4 0 100 1.638 100.000
73 81 0 1 4 0 100 50.000 7.125
73 81 1 2 4 0 100 50.000 6.517
73 81 2 3 4 0 100 28.056 6.996
73 81 3 4 4 0 100 36.051 7.533
73 81 4 5 4 0 100 20.919 9.094
73 81 5 6 4 0 100 15.390 8.780
73 81 6 7 4 0 100 16.223 8.979
73 81 7 8 4 0 100 16.130 9.172
73 81 8 9 4 0 100 15.078 9.467
73 81 9 10 4 0 100 15.867 9.682
73 81 10 11 4 0 100 16.256 9.866
73 81 11 12 4 0 100 15.065 10.046
73 81 12 13 4 0 100 16.162 10.211
73 81 13 14 4 0 100 18.978 10.752
73 81 14 15 4 0 100 18.407 10.750
73 81 15 16 4 0 100 19.079 10.845
73 81 16 17 4 0 100 20.769 11.267
73 81 17 18 4 0 100 19.748 11.607
73 81 18 19 4 0 100 19.991 11.400
73 81 19 20 4 0 100 31.146 11.976
73 81 20 21 4 0 100 20.389 11.949
73 81 21 22 4 0 100 28.887 11.974
73 81 22 23 4 0 100 22.549 12.942
73 81 23 24 4 0 100 32.645 12.939
73 81 24 25 4 0 100 38.648 13.244
73 81 25 26 4 0 100 48.601 13.287
73 81 26 27 4 0 100 42.050 12.282
73 81 27 28 4 0 100 33.200 12.452
73 81 28 29 4 0 100 50.000 13.604
73 81 29 30 4 0 100 50.000 13.551
73 81 30 31 4 0 100 50.000 12.829
73 81 31 32 4 0 100 50.000 13.866
73 81 32 33 4 0 100 50.000 11.333
73 81 33 34 4 0 100 1.253 100.000
73 81 34 35 4 0 100 50.000 15.423
73 81 35 36 4 0 100 1.419 100.000
73 81 36 37 4 0 100 1.479 100.000
73 81 37 38 4 0 100 50.000 16.505
73 81 38 39 4 0 100 1.481 100.000
73 81 39 40 4 0 100 1.523 100.000
73 81 40 41 4 0 100 1.698 100.000
73 81 41 42 4 0 100 1.687 100.000
73 81 42 43 4 0 100 1.638 100.000
73 81 43 44 4 0 100 1.698 100.000
73 81 44 100 4 0 100 50.000 18.296
81 88 0 1 4 0 100 1.692 100.000
81 88 1 2 4 0 100 50.000 11.491
81 88 2 3 4 0 100 31.679 8.117
81 88 3 4 4 0 100 38.714 8.147
81 88 4 5 4 0 100 28.178 8.725
81 88 5 6 4 0 100 40.527 9.067
81 88 6 7 4 0 100 21.800 8.729
81 88 7 8 4 0 100 19.090 9.863
81 88 8 9 4 0 100 18.590 9.523
81 88 9 10 4 0 100 20.182 9.847
81 88 10 11 4 0 100 19.291 10.181
81 88 11 12 4 0 100 18.899 10.170
81 88 12 13 4 0 100 20.139 10.466
81 88 13 14 4 0 100 21.212 10.971
81 88 14 15 4 0 100 19.445 11.025
81 88 15 16 4 0 100 20.270 11.107
81 88 16 17 4 0 100 26.958 11.450
81 88 17 18 4 0 100 22.117 11.734
81 88 18 19 4 0 100 21.205 11.870
81 88 19 20 4 0 100 29.865 11.759
81 88 20 21 4 0 100 24.990 12.080
81 88 21 22 4 0 100 37.436 12.301
81 88 22 23 4 0 100 42.212 12.567
81 88 23 24 4 0 100 30.386 12.417
81 88 24 25 4 0 100 50.000 13.175
81 88 25 26 4 0 100 37.879 12.767
81 88 26 27 4 0 100 42.507 12.226
81 88 27 28 4 0 100 50.000 13.670
81 88 28 29 4 0 100 50.000 14.237
81 88 29 30 4 0 100 45.144 13.776
81 88 30 31 4 0 100 50.000 11.731
81 88 31 32 4 0 100 50.000 13.843
81 88 32 33 4 0 100 50.000 14.691
81 88 33 34 4 0 100 1.469 100.000
81 88 34 35 4 0 100 1.418 100.000
81 88 35 36 4 0 100 50.000 15.039
81 88 36 37 4 0 100 50.000 15.198
81 88 37 38 4 0 100 1.632 100.000
81 88 38 39 4 0 100 50.000 13.748
81 88 40 41 4 0 100 1.634 100.000
81 88 41 42 4 0 100 1.629 100.000
81 88 42 43 4 0 100 1.688 100.000
81 88 43 100 4 0 100 1.635 100.000
88 97 1 2 4 0 100 50.000 6.937
88 97 2 3 4 0 100 41.086 8.257
88 97 3 4 4 0 100 25.003 7.558
88 97 4 5 4 0 100 34.448 9.443
88 97 5 6 4 0 100 17.336 8.680
88 97 6 7 4 0 100 20.266 9.288
88 97 7 8 4 0 100 19.554 9.286
88 97 8 9 4 0 100 18.047 9.396
88 97 9 10 4 0 100 17.382 9.921
88 97 10 11 4 0 100 19.432 9.960
88 97 11 12 4 0 100 21.762 10.448
88 97 12 13 4 0 100 21.992 10.675
88 97 13 14 4 0 100 20.507 10.944
88 97 14 15 4 0 100 22.535 11.015
88 97 15 16 4 0 100 22.506 10.969
88 97 16 17 4 0 100 17.415 11.694
88 97 17 18 4 0 100 18.695 11.597
88 97 18 19 4 0 100 24.757 12.413
88 97 19 20 4 0 100 24.635 11.690
88 97 20 21 4 0 100 28.927 12.032
88 97 21 22 4 0 100 36.629 12.139
88 97 22 23 4 0 100 32.740 12.587
88 97 23 24 4 0 100 50.000 13.753
88 97 24 25 4 0 100 31.570 12.585
88 97 25 26 4 0 100 50.000 12.554
88 97 26 27 4 0 100 48.278 13.217
88 97 27 28 4 0 100 50.000 12.730
88 97 28 29 4 0 100 50.000 14.057
88 97 29 30 4 0 100 50.000 13.212
88 97 30 31 4 0 100 50.000 13.963
88 97 31 32 4 0 100 50.000 13.619
88 97 32 33 4 0 100 50.000 14.859
88 97 33 34 4 0 100 50.000 14.468
88 97 34 35 4 0 100 1.571 100.000
88 97 35 36 4 0 100 1.564 100.000
88 97 36 37 4 0 100 1.573 100.000
88 97 37 38 4 0 100 1.576 100.000
88 97 38 39 4 0 100 1.687 100.000
88 97 39 40 4 0 100 1.637 100.000
88 97 40 41 4 0 100 1.571 100.000
88 97 41 42 4 0 100 1.636 100.000
88 97 42 100 4 0 100 1.689 100.000
97 106 0 1 4 0 100 1.692 100.000
97 106 1 2 4 0 100 1.564 100.000
97 106 2 3 4 0 100 50.000 5.879
97 106 3 4 4 0 100 47.513 9.135
97 106 4 5 4 0 100 39.324 8.846
97 106 5 6 4 0 100 30.076 8.626
97 106 6 7 4 0 100 36.325 9.430
97 106 7 8 4 0 100 24.037 9.951
97 106 8 9 4 0 100 17.929 9.568
97 106 9 10 4 0 100 19.560 10.057
97 106 10 11 4 0 100 17.399 10.438
97 106 11 12 4 0 100 21.305 10.322
97 106 12 13 4 0 100 18.089 10.557
97 106 13 14 4 0 100 23.245 10.986
97 106 14 15 4 0 100 22.283 11.383
97 106 15 16 4 0 100 16.727 11.092
97 106 16 17 4 0 100 26.760 11.563
97 106 17 18 4 0 100 24.928 11.499
97 106 18 19 4 0 100 27.033 12.013
97 106 19 20 4 0 100 45.660 12.068
97 106 20 21 4 0 100 46.642 12.423
97 106 21 22 4 0 100 37.820 12.656
97 106 22 23 4 0 100 35.270 12.106
97 106 23 24 4 0 100 37.915 13.134
97 106 24 25 4 0 100 42.088 12.877
97 106 25 26 4 0 100 34.137 13.259
97 106 26 27 4 0 100 35.708 11.439
97 106 27 28 4 0 100 50.000 13.606
97 106 28 29 4 0 100 50.000 12.936
97 106 29 30 4 0 100 50.000 14.876
97 106 30 31 4 0 100 1.375 100.000
97 106 31 32 4 0 100 1.416 100.000
97 106 32 33 4 0 100 1.477 100.000
97 106 33 34 4 0 100 1.477 100.000
97 106 34 35 4 0 100 1.475 100.000
97 106 35 36 4 0 100 50.000 12.711
97 106 36 37 4 0 100 1.689 100.000
97 106 38 39 4 0 100 1.520 100.000
97 106 39 40 4 0 100 1.634 100.000
97 106 40 41 4 0 100 1.690 100.000
97 106 42 100 4 0 100 1.698 100.000
106 116 1 2 4 0 100 1.552 100.000
106 116 2 3 4 0 100 50.000 8.811
106 116 3 4 4 0 100 39.402 7.947
106 116 4 5 4 0 100 35.026 9.332
106 116 5 6 4 0 100 50.000 8.021
106 116 6 7 4 0 100 25.313 9.407
106 116 7 8 4 0 100 43.115 10.486
106 116 8 9 4 0 100 17.216 10.055
106 116 9 10 4 0 100 23.726 9.872
106 116 10 11 4 0 100 27.500 10.809
106 116 11 12 4 0 100 29.536 10.524
106 116 12 13 4 0 100 28.426 10.354
106 116 13 14 4 0 100 27.803 10.999
106 116 14 15 4 0 100 23.751 11.055
106 116 15 16 4 0 100 28.302 11.025
106 116 16 17 4 0 100 45.904 11.786
106 116 17 18 4 0 100 29.953 12.272
106 116 18 19 4 0 100 39.369 12.537
106 116 19 20 4 0 100 43.003 12.091
106 116 20 21 4 0 100 50.000 13.148
106 116 21 22 4 0 100 46.214 12.495
106 116 22 23 4 0 100 44.150 12.627
106 116 23 24 4 0 100 40.553 13.173
106 116 24 25 4 0 100 50.000 12.577
106 116 25 26 4 0 100 31.159 14.224
106 116 26 27 4 0 100 50.000 12.413
106 116 27 28 4 0 100 50.000 12.184
106 116 28 29 4 0 100 50.000 14.489
106 116 29 30 4 0 100 50.000 12.591
106 116 30 31 4 0 100 50.000 13.202
106 116 31 32 4 0 100 50.000 14.032
106 116 32 33 4 0 100 1.357 100.000
106 116 33 34 4 0 100 1.419 100.000
106 116 34 35 4 0 100 1.573 100.000
106 116 35 36 4 0 100 1.559 100.000
106 116 36 37 4 0 100 50.000 14.167
106 116 37 38 4 0 100 1.560 100.000
106 116 38 39 4 0 100 1.627 100.000
106 116 39 40 4 0 100 50.000 14.167
106 116 43 44 4 0 100 1.659 100.000
106 116 44 100 4 0 100 1.694 100.000
116 127 1 2 4 0 100 1.556 100.000
116 127 2 3 4 0 100 1.692 100.000
116 127 3 4 4 0 100 31.743 8.182
116 127 4 5 4 0 100 50.000 8.703
116 127 5 6 4 0 100 43.876 9.017
116 127 6 7 4 0 100 23.213 9.815
116 127 7 8 4 0 100 33.614 9.976
116 127 8 9 4 0 100 29.131 9.526
116 127 9 10 4 0 100 24.974 10.772
116 127 10 11 4 0 100 26.454 10.576
116 127 11 12 4 0 100 50.000 10.211
116 127 12 13 4 0 100 25.936 10.690
116 127 13 14 4 0 100 27.980 12.017
116 127 14 15 4 0 100 29.064 11.113
116 127 15 16 4 0 100 30.301 11.743
116 127 16 17 4 0 100 34.441 11.801
116 127 17 18 4 0 100 46.762 12.468
116 127 18 19 4 0 100 33.070 11.968
116 127 19 20 4 0 100 42.773 12.506
116 127 20 21 4 0 100 50.000 12.682
116 127 21 22 4 0 100 50.000 10.330
116 127 22 23 4 0 100 50.000 12.960
116 127 23 24 4 0 100 50.000 12.931
116 127 24 25 4 0 100 50.000 14.016
116 127 25 26 4 0 100 50.000 12.853
116 127 26 27 4 0 100 50.000 12.412
116 127 27 28 4 0 100 50.000 13.837
116 127 28 29 4 0 100 1.396 100.000
116 127 29 30 4 0 100 50.000 15.478
116 127 30 31 4 0 100 1.357 100.000
116 127 31 32 4 0 100 1.415 100.000
116 127 32 33 4 0 100 50.000 17.632
116 127 33 34 4 0 100 1.409 100.000
116 127 34 35 4 0 100 1.687 100.000
116 127 35 36 4 0 100 1.525 100.000
116 127 36 37 4 0 100 1.637 100.000
116 127 37 38 4 0 100 1.692 100.000
116 127 38 39 4 0 100 1.687 100.000
116 127 40 41 4 0 100 1.692 100.000
116 127 41 42 4 0 100 1.692 100.000
116 127 42 100 4 0 100 1.692 100.000
127 4000 1 2 4 0 100 1.481 100.000
127 4000 2 3 4 0 100 50.000 8.652
127 4000 3 4 4 0 100 50.000 9.635
127 4000 4 5 4 0 100 33.517 9.775
127 4000 5 6 4 0 100 23.280 9.746
127 4000 6 7 4 0 100 29.141 10.274
127 4000 7 8 4 0 100 28.774 9.942
127 4000 8 9 4 0 100 26.085 10.075
127 4000 9 10 4 0 100 23.017 11.052
127 4000 10 11 4 0 100 30.355 10.681
127 4000 11 12 4 0 100 17.963 11.137
127 4000 12 13 4 0 100 23.242 10.904
127 4000 13 14 4 0 100 21.939 11.069
127 4000 14 15 4 0 100 30.864 11.849
127 4000 15 16 4 0 100 30.791 12.204
127 4000 16 17 4 0 100 25.417 12.390
127 4000 17 18 4 0 100 31.020 11.742
127 4000 18 19 4 0 100 31.992 12.377
127 4000 19 20 4 0 100 23.939 11.852
127 4000 20 21 4 0 100 36.737 12.977
127 4000 21 22 4 0 100 33.433 13.314
127 4000 22 23 4 0 100 42.471 13.946
127 4000 23 24 4 0 100 50.000 13.695
127 4000 24 25 4 0 100 50.000 14.298
127 4000 25 26 4 0 100 50.000 12.678
127 4000 26 27 4 0 100 1.306 100.000
127 4000 27 28 4 0 100 50.000 13.453
127 4000 28 29 4 0 100 50.000 14.486
127 4000 29 30 4 0 100 50.000 15.582
127 4000 30 31 4 0 100 50.000 13.413
127 4000 31 32 4 0 100 1.333 100.000
127 4000 32 33 4 0 100 50.000 13.828
127 4000 33 34 4 0 100 1.475 100.000
127 4000 34 35 4 0 100 1.575 100.000
127 4000 35 36 4 0 100 1.565 100.000
127 4000 37 38 4 0 100 1.573 100.000
127 4000 38 39 4 0 100 1.689 100.000
127 4000 39 40 4 0 100 1.643 100.000
127 4000 43 44 4 0 100 1.687 100.000
127 4000 44 100 4 0 100 1.687 100.000
