[quark]
{2 JetPt Rho 1 x ((x-[0])<0)?0:TMath::Exp(-1.*(x-[0])*[1]/[2])*TMath::Power((x-[0]),[1]-1)*TMath::Power([2]/[1],-1.*[1])/TMath::Gamma([1]) Correction QGL_ptD_QC_quark}
20 26 0 1 5 0 1 0.400 50.000 0.990
20 26 1 2 5 0 1 0.310 2.318 0.096
20 26 2 3 5 0 1 0.246 3.350 0.215
20 26 3 4 5 0 1 0.256 2.877 0.210
20 26 4 5 5 0 1 0.259 2.655 0.196
20 26 5 6 5 0 1 0.256 2.679 0.189
20 26 6 7 5 0 1 0.233 3.392 0.210
20 26 7 8 5 0 1 0.238 3.020 0.200
20 26 8 9 5 0 1 0.228 3.223 0.206
20 26 9 10 5 0 1 0.241 2.683 0.191
20 26 10 11 5 0 1 0.224 3.255 0.202
20 26 11 12 5 0 1 0.239 2.709 0.190
20 26 12 13 5 0 1 0.221 3.299 0.198
20 26 13 14 5 0 1 0.221 3.236 0.196
20 26 14 15 5 0 1 0.220 3.070 0.196
20 26 15 16 5 0 1 0.217 3.235 0.194
20 26 16 17 5 0 1 0.237 2.473 0.178
20 26 17 18 5 0 1 0.214 3.156 0.196
20 26 18 19 5 0 1 0.217 2.942 0.184
20 26 19 20 5 0 1 0.213 3.006 0.192
20 26 20 21 5 0 1 0.201 3.355 0.199
20 26 21 22 5 0 1 0.211 3.017 0.187
20 26 22 23 5 0 1 0.201 3.392 0.190
20 26 23 24 5 0 1 0.201 3.212 0.194
20 26 24 25 5 0 1 0.192 3.795 0.200
20 26 25 26 5 0 1 0.172 4.877 0.209
20 26 26 27 5 0 1 0.197 3.377 0.191
20 26 27 28 5 0 1 0.172 4.555 0.208
20 26 28 29 5 0 1 0.187 3.782 0.197
20 26 29 30 5 0 1 0.223 2.190 0.158
20 26 30 31 5 0 1 0.194 3.103 0.177
20 26 31 32 5 0 1 0.138 7.203 0.231
20 26 32 33 5 0 1 0.176 4.504 0.188
20 26 33 34 5 0 1 0.172 5.575 0.184
20 26 34 35 5 0 1 0.219 2.815 0.129
20 26 35 36 5 0 1 0.196 4.781 0.175
20 26 36 37 5 0 1 0.134 15.578 0.212
20 26 37 38 5 0 1 0.000 41.821 0.330
20 26 38 39 5 0 1 0.180 14.930 0.156
20 26 39 40 5 0 1 0.400 50.000 0.990
20 26 40 41 5 0 1 0.400 50.000 0.001
20 26 41 42 5 0 1 0.210 1.000 0.004
20 26 42 43 5 0 1 0.400 7.294 0.001
20 26 43 44 5 0 1 0.230 1.088 0.990
20 26 44 100 5 0 1 0.329 39.453 0.014
26 32 0 1 5 0 1 0.400 50.000 0.990
26 32 1 2 5 0 1 0.187 9.583 0.245
26 32 2 3 5 0 1 0.243 3.653 0.198
26 32 3 4 5 0 1 0.255 3.146 0.185
26 32 4 5 5 0 1 0.241 2.979 0.201
26 32 5 6 5 0 1 0.213 3.935 0.224
26 32 6 7 5 0 1 0.234 3.008 0.205
26 32 7 8 5 0 1 0.234 2.974 0.200
26 32 8 9 5 0 1 0.231 2.954 0.194
26 32 9 10 5 0 1 0.240 2.616 0.190
26 32 10 11 5 0 1 0.217 3.379 0.203
26 32 11 12 5 0 1 0.215 3.361 0.205
26 32 12 13 5 0 1 0.218 3.284 0.198
26 32 13 14 5 0 1 0.213 3.320 0.205
26 32 14 15 5 0 1 0.217 3.012 0.195
26 32 15 16 5 0 1 0.217 3.024 0.192
26 32 16 17 5 0 1 0.210 3.213 0.200
26 32 17 18 5 0 1 0.212 3.173 0.193
26 32 18 19 5 0 1 0.211 3.174 0.191
26 32 19 20 5 0 1 0.216 3.099 0.192
26 32 20 21 5 0 1 0.199 3.584 0.198
26 32 21 22 5 0 1 0.203 3.262 0.195
26 32 22 23 5 0 1 0.179 4.281 0.221
26 32 23 24 5 0 1 0.201 3.345 0.191
26 32 24 25 5 0 1 0.199 3.224 0.194
26 32 25 26 5 0 1 0.201 3.442 0.183
26 32 26 27 5 0 1 0.197 3.443 0.193
26 32 27 28 5 0 1 0.195 3.775 0.192
26 32 28 29 5 0 1 0.191 3.639 0.197
26 32 29 30 5 0 1 0.182 3.787 0.196
26 32 30 31 5 0 1 0.194 3.844 0.189
26 32 31 32 5 0 1 0.153 7.188 0.208
26 32 32 33 5 0 1 0.152 6.443 0.216
26 32 33 34 5 0 1 0.198 3.170 0.168
26 32 34 35 5 0 1 0.000 35.593 0.346
26 32 35 36 5 0 1 0.201 4.425 0.147
26 32 36 37 5 0 1 0.138 9.825 0.215
26 32 37 38 5 0 1 0.001 38.311 0.343
26 32 38 39 5 0 1 0.120 18.568 0.234
26 32 39 40 5 0 1 0.386 41.378 0.007
26 32 40 41 5 0 1 0.048 50.000 0.273
26 32 41 42 5 0 1 0.111 50.000 0.210
26 32 42 43 5 0 1 0.250 1.110 0.007
26 32 43 44 5 0 1 0.400 50.000 0.990
26 32 44 100 5 0 1 0.400 50.000 0.990
32 40 0 1 5 0 1 0.390 1.000 0.007
32 40 1 2 5 0 1 0.198 10.835 0.245
32 40 2 3 5 0 1 0.229 3.974 0.202
32 40 3 4 5 0 1 0.214 3.638 0.219
32 40 4 5 5 0 1 0.234 2.949 0.199
32 40 5 6 5 0 1 0.226 3.098 0.205
32 40 6 7 5 0 1 0.211 3.772 0.219
32 40 7 8 5 0 1 0.211 3.584 0.215
32 40 8 9 5 0 1 0.213 3.547 0.212
32 40 9 10 5 0 1 0.215 3.344 0.205
32 40 10 11 5 0 1 0.209 3.714 0.208
32 40 11 12 5 0 1 0.212 3.546 0.204
32 40 12 13 5 0 1 0.214 3.208 0.199
32 40 13 14 5 0 1 0.211 3.439 0.204
32 40 14 15 5 0 1 0.212 3.199 0.201
32 40 15 16 5 0 1 0.203 3.617 0.208
32 40 16 17 5 0 1 0.212 3.282 0.191
32 40 17 18 5 0 1 0.203 3.591 0.200
32 40 18 19 5 0 1 0.194 3.828 0.208
32 40 19 20 5 0 1 0.212 2.858 0.189
32 40 20 21 5 0 1 0.197 3.651 0.201
32 40 21 22 5 0 1 0.197 3.375 0.199
32 40 22 23 5 0 1 0.193 3.536 0.201
32 40 23 24 5 0 1 0.180 4.452 0.210
32 40 24 25 5 0 1 0.195 3.533 0.194
32 40 25 26 5 0 1 0.192 3.468 0.200
32 40 26 27 5 0 1 0.179 4.309 0.211
32 40 27 28 5 0 1 0.184 3.741 0.206
32 40 28 29 5 0 1 0.185 3.543 0.204
32 40 29 30 5 0 1 0.199 3.017 0.189
32 40 30 31 5 0 1 0.194 3.593 0.183
32 40 31 32 5 0 1 0.166 4.942 0.211
32 40 32 33 5 0 1 0.188 3.137 0.188
32 40 33 34 5 0 1 0.175 4.735 0.206
32 40 34 35 5 0 1 0.150 7.205 0.218
32 40 35 36 5 0 1 0.166 5.113 0.217
32 40 36 37 5 0 1 0.150 7.096 0.226
32 40 37 38 5 0 1 0.049 22.665 0.289
32 40 38 39 5 0 1 0.148 9.642 0.204
32 40 39 40 5 0 1 0.000 34.505 0.331
32 40 40 41 5 0 1 0.061 50.000 0.235
32 40 41 42 5 0 1 0.113 13.305 0.241
32 40 42 43 5 0 1 0.117 24.878 0.206
32 40 43 44 5 0 1 0.119 50.000 0.193
32 40 44 100 5 0 1 0.098 50.000 0.261
40 51 0 1 5 0 1 0.400 50.000 0.990
40 51 1 2 5 0 1 0.032 27.484 0.388
40 51 2 3 5 0 1 0.216 4.123 0.212
40 51 3 4 5 0 1 0.215 3.626 0.225
40 51 4 5 5 0 1 0.216 3.385 0.212
40 51 5 6 5 0 1 0.215 3.375 0.212
40 51 6 7 5 0 1 0.217 3.366 0.210
40 51 7 8 5 0 1 0.199 3.954 0.222
40 51 8 9 5 0 1 0.210 3.468 0.208
40 51 9 10 5 0 1 0.203 3.678 0.215
40 51 10 11 5 0 1 0.208 3.416 0.209
40 51 11 12 5 0 1 0.200 3.761 0.213
40 51 12 13 5 0 1 0.198 3.829 0.214
40 51 13 14 5 0 1 0.198 3.614 0.213
40 51 14 15 5 0 1 0.194 3.790 0.217
40 51 15 16 5 0 1 0.206 3.233 0.204
40 51 16 17 5 0 1 0.193 3.757 0.214
40 51 17 18 5 0 1 0.193 3.701 0.211
40 51 18 19 5 0 1 0.194 3.551 0.212
40 51 19 20 5 0 1 0.190 3.790 0.214
40 51 20 21 5 0 1 0.182 4.032 0.219
40 51 21 22 5 0 1 0.191 3.653 0.209
40 51 22 23 5 0 1 0.188 3.686 0.211
40 51 23 24 5 0 1 0.183 3.734 0.219
40 51 24 25 5 0 1 0.180 4.077 0.215
40 51 25 26 5 0 1 0.180 3.941 0.212
40 51 26 27 5 0 1 0.178 3.885 0.220
40 51 27 28 5 0 1 0.187 3.566 0.212
40 51 28 29 5 0 1 0.186 3.564 0.210
40 51 29 30 5 0 1 0.177 3.583 0.213
40 51 30 31 5 0 1 0.184 3.813 0.202
40 51 31 32 5 0 1 0.196 3.092 0.189
40 51 32 33 5 0 1 0.164 4.565 0.222
40 51 33 34 5 0 1 0.136 6.748 0.240
40 51 34 35 5 0 1 0.143 5.716 0.232
40 51 35 36 5 0 1 0.169 5.241 0.202
40 51 36 37 5 0 1 0.180 4.172 0.205
40 51 37 38 5 0 1 0.145 9.220 0.205
40 51 38 39 5 0 1 0.122 15.845 0.235
40 51 39 40 5 0 1 0.000 28.330 0.355
40 51 40 41 5 0 1 0.199 4.708 0.155
40 51 41 42 5 0 1 0.128 19.856 0.253
40 51 42 43 5 0 1 0.214 12.077 0.131
40 51 43 44 5 0 1 0.358 32.790 0.022
40 51 44 100 5 0 1 0.229 3.114 0.056
51 64 0 1 5 0 1 0.400 50.000 0.990
51 64 1 2 5 0 1 0.191 7.414 0.201
51 64 2 3 5 0 1 0.167 5.838 0.261
51 64 3 4 5 0 1 0.195 3.905 0.230
51 64 4 5 5 0 1 0.202 3.819 0.225
51 64 5 6 5 0 1 0.189 4.389 0.233
51 64 6 7 5 0 1 0.198 3.755 0.227
51 64 7 8 5 0 1 0.195 3.933 0.228
51 64 8 9 5 0 1 0.190 4.050 0.230
51 64 9 10 5 0 1 0.193 3.806 0.224
51 64 10 11 5 0 1 0.187 3.989 0.229
51 64 11 12 5 0 1 0.185 4.138 0.228
51 64 12 13 5 0 1 0.187 3.964 0.225
51 64 13 14 5 0 1 0.192 3.814 0.221
51 64 14 15 5 0 1 0.186 4.082 0.224
51 64 15 16 5 0 1 0.190 3.838 0.219
51 64 16 17 5 0 1 0.185 3.998 0.223
51 64 17 18 5 0 1 0.196 3.434 0.214
51 64 18 19 5 0 1 0.189 3.730 0.217
51 64 19 20 5 0 1 0.186 3.859 0.220
51 64 20 21 5 0 1 0.186 3.788 0.220
51 64 21 22 5 0 1 0.184 3.844 0.218
51 64 22 23 5 0 1 0.177 4.194 0.225
51 64 23 24 5 0 1 0.181 3.971 0.222
51 64 24 25 5 0 1 0.178 4.230 0.220
51 64 25 26 5 0 1 0.194 3.441 0.204
51 64 26 27 5 0 1 0.174 4.168 0.224
51 64 27 28 5 0 1 0.178 4.200 0.215
51 64 28 29 5 0 1 0.161 4.656 0.234
51 64 29 30 5 0 1 0.169 4.336 0.224
51 64 30 31 5 0 1 0.172 4.140 0.226
51 64 31 32 5 0 1 0.171 4.225 0.221
51 64 32 33 5 0 1 0.191 3.255 0.202
51 64 33 34 5 0 1 0.134 5.889 0.264
51 64 34 35 5 0 1 0.134 6.699 0.243
51 64 35 36 5 0 1 0.165 5.647 0.209
51 64 36 37 5 0 1 0.162 5.730 0.208
51 64 37 38 5 0 1 0.199 4.251 0.172
51 64 38 39 5 0 1 0.167 5.888 0.198
51 64 39 40 5 0 1 0.000 27.401 0.362
51 64 40 41 5 0 1 0.330 1.000 0.005
51 64 41 42 5 0 1 0.201 4.819 0.123
51 64 42 43 5 0 1 0.194 5.636 0.149
51 64 43 44 5 0 1 0.126 25.927 0.180
51 64 44 100 5 0 1 0.205 4.768 0.079
64 80 0 1 5 0 1 0.400 50.000 0.990
64 80 1 2 5 0 1 0.183 7.603 0.223
64 80 2 3 5 0 1 0.196 3.980 0.227
64 80 3 4 5 0 1 0.197 3.768 0.229
64 80 4 5 5 0 1 0.182 4.509 0.241
64 80 5 6 5 0 1 0.183 4.143 0.240
64 80 6 7 5 0 1 0.190 3.930 0.232
64 80 7 8 5 0 1 0.178 4.368 0.242
64 80 8 9 5 0 1 0.175 4.456 0.245
64 80 9 10 5 0 1 0.183 4.097 0.239
64 80 10 11 5 0 1 0.184 4.052 0.233
64 80 11 12 5 0 1 0.178 4.235 0.238
64 80 12 13 5 0 1 0.178 4.244 0.238
64 80 13 14 5 0 1 0.170 4.529 0.243
64 80 14 15 5 0 1 0.182 4.008 0.232
64 80 15 16 5 0 1 0.167 4.512 0.244
64 80 16 17 5 0 1 0.172 4.343 0.240
64 80 17 18 5 0 1 0.178 4.099 0.230
64 80 18 19 5 0 1 0.187 3.633 0.224
64 80 19 20 5 0 1 0.168 4.547 0.240
64 80 20 21 5 0 1 0.173 4.233 0.234
64 80 21 22 5 0 1 0.172 4.223 0.236
64 80 22 23 5 0 1 0.173 4.266 0.232
64 80 23 24 5 0 1 0.162 4.559 0.240
64 80 24 25 5 0 1 0.167 4.242 0.236
64 80 25 26 5 0 1 0.166 4.288 0.238
64 80 26 27 5 0 1 0.167 4.386 0.238
64 80 27 28 5 0 1 0.167 4.270 0.236
64 80 28 29 5 0 1 0.153 4.921 0.245
64 80 29 30 5 0 1 0.154 4.854 0.247
64 80 30 31 5 0 1 0.147 4.865 0.258
64 80 31 32 5 0 1 0.160 4.908 0.230
64 80 32 33 5 0 1 0.164 4.216 0.243
64 80 33 34 5 0 1 0.147 5.392 0.247
64 80 34 35 5 0 1 0.152 5.337 0.233
64 80 35 36 5 0 1 0.178 3.901 0.206
64 80 36 37 5 0 1 0.118 8.165 0.264
64 80 37 38 5 0 1 0.179 4.295 0.213
64 80 38 39 5 0 1 0.000 23.785 0.358
64 80 39 40 5 0 1 0.100 8.835 0.286
64 80 40 41 5 0 1 0.000 23.628 0.353
64 80 41 42 5 0 1 0.138 9.599 0.210
64 80 42 43 5 0 1 0.400 12.077 0.001
64 80 43 44 5 0 1 0.132 50.000 0.258
64 80 44 100 5 0 1 0.229 3.059 0.086
80 101 0 1 5 0 1 0.171 48.269 0.209
80 101 1 2 5 0 1 0.122 7.265 0.288
80 101 2 3 5 0 1 0.178 4.143 0.252
80 101 3 4 5 0 1 0.191 3.956 0.234
80 101 4 5 5 0 1 0.167 4.785 0.256
80 101 5 6 5 0 1 0.160 5.113 0.265
80 101 6 7 5 0 1 0.166 4.800 0.258
80 101 7 8 5 0 1 0.171 4.433 0.251
80 101 8 9 5 0 1 0.156 4.913 0.266
80 101 9 10 5 0 1 0.156 5.163 0.262
80 101 10 11 5 0 1 0.162 4.722 0.259
80 101 11 12 5 0 1 0.160 4.793 0.260
80 101 12 13 5 0 1 0.154 5.065 0.263
80 101 13 14 5 0 1 0.162 4.736 0.256
80 101 14 15 5 0 1 0.162 4.697 0.254
80 101 15 16 5 0 1 0.158 4.846 0.258
80 101 16 17 5 0 1 0.166 4.481 0.248
80 101 17 18 5 0 1 0.153 4.990 0.259
80 101 18 19 5 0 1 0.160 4.694 0.253
80 101 19 20 5 0 1 0.163 4.410 0.247
80 101 20 21 5 0 1 0.166 4.312 0.245
80 101 21 22 5 0 1 0.150 5.258 0.260
80 101 22 23 5 0 1 0.162 4.536 0.245
80 101 23 24 5 0 1 0.172 4.117 0.234
80 101 24 25 5 0 1 0.149 4.912 0.258
80 101 25 26 5 0 1 0.163 4.432 0.246
80 101 26 27 5 0 1 0.163 4.296 0.245
80 101 27 28 5 0 1 0.142 5.410 0.263
80 101 28 29 5 0 1 0.158 4.808 0.251
80 101 29 30 5 0 1 0.168 4.131 0.235
80 101 30 31 5 0 1 0.152 4.833 0.251
80 101 31 32 5 0 1 0.152 5.057 0.251
80 101 32 33 5 0 1 0.122 6.176 0.280
80 101 33 34 5 0 1 0.136 5.646 0.268
80 101 34 35 5 0 1 0.114 7.438 0.286
80 101 35 36 5 0 1 0.152 5.871 0.252
80 101 36 37 5 0 1 0.160 5.232 0.235
80 101 37 38 5 0 1 0.116 8.163 0.275
80 101 38 39 5 0 1 0.080 11.498 0.300
80 101 39 40 5 0 1 0.079 14.306 0.342
80 101 40 41 5 0 1 0.093 13.227 0.303
80 101 41 42 5 0 1 0.061 18.227 0.324
80 101 42 43 5 0 1 0.000 23.416 0.373
80 101 43 44 5 0 1 0.143 8.367 0.213
80 101 44 100 5 0 1 0.024 38.362 0.338
101 127 0 1 5 0 1 0.390 1.000 0.005
101 127 1 2 5 0 1 0.039 15.472 0.383
101 127 2 3 5 0 1 0.171 4.434 0.262
101 127 3 4 5 0 1 0.158 5.218 0.276
101 127 4 5 5 0 1 0.164 4.728 0.268
101 127 5 6 5 0 1 0.154 5.157 0.272
101 127 6 7 5 0 1 0.151 5.206 0.275
101 127 7 8 5 0 1 0.133 5.936 0.291
101 127 8 9 5 0 1 0.146 5.312 0.278
101 127 9 10 5 0 1 0.148 5.221 0.275
101 127 10 11 5 0 1 0.142 5.472 0.279
101 127 11 12 5 0 1 0.149 5.227 0.273
101 127 12 13 5 0 1 0.139 5.569 0.283
101 127 13 14 5 0 1 0.137 5.619 0.284
101 127 14 15 5 0 1 0.150 5.080 0.270
101 127 15 16 5 0 1 0.143 5.390 0.276
101 127 16 17 5 0 1 0.130 5.968 0.290
101 127 17 18 5 0 1 0.142 5.356 0.276
101 127 18 19 5 0 1 0.130 5.881 0.286
101 127 19 20 5 0 1 0.136 5.577 0.280
101 127 20 21 5 0 1 0.126 6.168 0.292
101 127 21 22 5 0 1 0.122 6.345 0.296
101 127 22 23 5 0 1 0.133 5.773 0.285
101 127 23 24 5 0 1 0.137 5.569 0.277
101 127 24 25 5 0 1 0.128 6.064 0.283
101 127 25 26 5 0 1 0.144 5.276 0.272
101 127 26 27 5 0 1 0.135 5.647 0.280
101 127 27 28 5 0 1 0.139 5.644 0.269
101 127 28 29 5 0 1 0.128 6.206 0.281
101 127 29 30 5 0 1 0.177 3.912 0.232
101 127 30 31 5 0 1 0.139 5.336 0.275
101 127 31 32 5 0 1 0.138 5.070 0.275
101 127 32 33 5 0 1 0.148 5.191 0.253
101 127 33 34 5 0 1 0.135 5.583 0.271
101 127 34 35 5 0 1 0.139 5.857 0.267
101 127 35 36 5 0 1 0.138 5.997 0.261
101 127 36 37 5 0 1 0.135 7.049 0.267
101 127 37 38 5 0 1 0.159 4.281 0.228
101 127 38 39 5 0 1 0.144 5.406 0.270
101 127 39 40 5 0 1 0.061 12.627 0.336
101 127 40 41 5 0 1 0.228 2.898 0.171
101 127 41 42 5 0 1 0.179 6.770 0.192
101 127 42 43 5 0 1 0.000 20.718 0.384
101 127 43 44 5 0 1 0.000 37.556 0.379
101 127 44 100 5 0 1 0.000 20.983 0.403
127 159 0 1 5 0 1 0.268 19.439 0.110
127 159 1 2 5 0 1 0.077 12.541 0.339
127 159 2 3 5 0 1 0.126 6.805 0.313
127 159 3 4 5 0 1 0.151 5.355 0.282
127 159 4 5 5 0 1 0.137 5.572 0.296
127 159 5 6 5 0 1 0.132 5.975 0.301
127 159 6 7 5 0 1 0.115 6.625 0.313
127 159 7 8 5 0 1 0.135 5.906 0.294
127 159 8 9 5 0 1 0.114 6.894 0.314
127 159 9 10 5 0 1 0.119 6.432 0.310
127 159 10 11 5 0 1 0.117 6.420 0.312
127 159 11 12 5 0 1 0.111 6.871 0.316
127 159 12 13 5 0 1 0.132 5.836 0.294
127 159 13 14 5 0 1 0.114 6.769 0.313
127 159 14 15 5 0 1 0.115 6.868 0.312
127 159 15 16 5 0 1 0.111 6.880 0.313
127 159 16 17 5 0 1 0.112 6.860 0.314
127 159 17 18 5 0 1 0.111 6.835 0.314
127 159 18 19 5 0 1 0.119 6.429 0.305
127 159 19 20 5 0 1 0.121 6.113 0.305
127 159 20 21 5 0 1 0.112 6.643 0.312
127 159 21 22 5 0 1 0.104 6.982 0.320
127 159 22 23 5 0 1 0.121 6.388 0.301
127 159 23 24 5 0 1 0.088 7.982 0.329
127 159 24 25 5 0 1 0.115 6.280 0.308
127 159 25 26 5 0 1 0.126 5.996 0.293
127 159 26 27 5 0 1 0.116 6.573 0.303
127 159 27 28 5 0 1 0.121 6.286 0.301
127 159 28 29 5 0 1 0.125 5.675 0.293
127 159 29 30 5 0 1 0.112 6.713 0.305
127 159 30 31 5 0 1 0.121 6.074 0.296
127 159 31 32 5 0 1 0.118 7.033 0.300
127 159 32 33 5 0 1 0.148 4.758 0.270
127 159 33 34 5 0 1 0.125 6.671 0.293
127 159 34 35 5 0 1 0.114 6.670 0.297
127 159 35 36 5 0 1 0.098 8.766 0.321
127 159 36 37 5 0 1 0.111 7.068 0.304
127 159 37 38 5 0 1 0.101 8.390 0.310
127 159 38 39 5 0 1 0.098 8.581 0.306
127 159 39 40 5 0 1 0.099 8.959 0.298
127 159 40 41 5 0 1 0.148 6.176 0.258
127 159 41 42 5 0 1 0.103 10.488 0.298
127 159 42 43 5 0 1 0.000 24.914 0.397
127 159 43 44 5 0 1 0.000 27.743 0.380
127 159 44 100 5 0 1 0.189 5.574 0.178
159 201 0 1 5 0 1 0.165 50.000 0.178
159 201 1 2 5 0 1 0.133 7.480 0.283
159 201 2 3 5 0 1 0.080 8.379 0.350
159 201 3 4 5 0 1 0.076 8.846 0.363
159 201 4 5 5 0 1 0.115 6.594 0.323
159 201 5 6 5 0 1 0.096 7.501 0.339
159 201 6 7 5 0 1 0.095 7.603 0.341
159 201 7 8 5 0 1 0.087 7.983 0.349
159 201 8 9 5 0 1 0.073 8.648 0.363
159 201 9 10 5 0 1 0.083 8.198 0.354
159 201 10 11 5 0 1 0.097 7.368 0.339
159 201 11 12 5 0 1 0.045 10.295 0.387
159 201 12 13 5 0 1 0.091 7.799 0.343
159 201 13 14 5 0 1 0.072 8.714 0.360
159 201 14 15 5 0 1 0.069 8.723 0.364
159 201 15 16 5 0 1 0.075 8.449 0.358
159 201 16 17 5 0 1 0.077 8.389 0.355
159 201 17 18 5 0 1 0.060 9.208 0.371
159 201 18 19 5 0 1 0.073 8.542 0.358
159 201 19 20 5 0 1 0.083 7.914 0.345
159 201 20 21 5 0 1 0.091 7.738 0.341
159 201 21 22 5 0 1 0.082 8.004 0.348
159 201 22 23 5 0 1 0.075 8.427 0.355
159 201 23 24 5 0 1 0.061 9.328 0.367
159 201 24 25 5 0 1 0.075 8.576 0.354
159 201 25 26 5 0 1 0.093 7.329 0.337
159 201 26 27 5 0 1 0.076 8.422 0.354
159 201 27 28 5 0 1 0.090 7.676 0.341
159 201 28 29 5 0 1 0.089 8.039 0.340
159 201 29 30 5 0 1 0.094 7.493 0.330
159 201 30 31 5 0 1 0.104 6.871 0.328
159 201 31 32 5 0 1 0.119 6.478 0.310
159 201 32 33 5 0 1 0.091 7.557 0.335
159 201 33 34 5 0 1 0.044 10.506 0.383
159 201 34 35 5 0 1 0.053 10.489 0.373
159 201 35 36 5 0 1 0.078 8.731 0.353
159 201 36 37 5 0 1 0.111 6.171 0.324
159 201 37 38 5 0 1 0.030 13.317 0.387
159 201 38 39 5 0 1 0.139 6.732 0.284
159 201 39 40 5 0 1 0.112 7.137 0.299
159 201 40 41 5 0 1 0.125 6.637 0.299
159 201 41 42 5 0 1 0.000 20.868 0.413
159 201 42 43 5 0 1 0.000 31.477 0.399
159 201 43 44 5 0 1 0.196 4.551 0.185
159 201 44 100 5 0 1 0.000 28.628 0.394
201 252 0 1 5 0 1 0.400 50.000 0.990
201 252 1 2 5 0 1 0.065 12.760 0.367
201 252 2 3 5 0 1 0.073 9.056 0.372
201 252 3 4 5 0 1 0.078 8.229 0.367
201 252 4 5 5 0 1 0.055 9.533 0.388
201 252 5 6 5 0 1 0.083 8.100 0.361
201 252 6 7 5 0 1 0.064 8.950 0.382
201 252 7 8 5 0 1 0.047 10.218 0.397
201 252 8 9 5 0 1 0.016 11.685 0.425
201 252 9 10 5 0 1 0.035 10.787 0.408
201 252 10 11 5 0 1 0.033 10.723 0.410
201 252 11 12 5 0 1 0.038 10.451 0.403
201 252 12 13 5 0 1 0.003 12.469 0.439
201 252 13 14 5 0 1 0.018 11.726 0.422
201 252 14 15 5 0 1 0.021 11.286 0.421
201 252 15 16 5 0 1 0.028 10.750 0.412
201 252 16 17 5 0 1 0.024 10.965 0.416
201 252 17 18 5 0 1 0.059 9.461 0.383
201 252 18 19 5 0 1 0.043 10.094 0.398
201 252 19 20 5 0 1 0.027 10.836 0.411
201 252 20 21 5 0 1 0.047 10.083 0.394
201 252 21 22 5 0 1 0.044 10.087 0.396
201 252 22 23 5 0 1 0.044 9.997 0.396
201 252 23 24 5 0 1 0.019 11.181 0.421
201 252 24 25 5 0 1 0.024 11.366 0.415
201 252 25 26 5 0 1 0.061 9.294 0.382
201 252 26 27 5 0 1 0.072 8.605 0.371
201 252 27 28 5 0 1 0.052 9.459 0.387
201 252 28 29 5 0 1 0.076 8.930 0.364
201 252 29 30 5 0 1 0.069 8.816 0.368
201 252 30 31 5 0 1 0.015 11.825 0.427
201 252 31 32 5 0 1 0.068 9.019 0.371
201 252 32 33 5 0 1 0.087 7.491 0.351
201 252 33 34 5 0 1 0.095 7.569 0.339
201 252 34 35 5 0 1 0.061 9.100 0.368
201 252 35 36 5 0 1 0.043 11.059 0.378
201 252 36 37 5 0 1 0.083 7.842 0.347
201 252 37 38 5 0 1 0.000 16.419 0.417
201 252 38 39 5 0 1 0.000 16.151 0.426
201 252 39 40 5 0 1 0.118 10.876 0.291
201 252 40 41 5 0 1 0.000 17.507 0.441
201 252 41 42 5 0 1 0.000 24.720 0.428
201 252 42 43 5 0 1 0.193 6.199 0.222
201 252 43 44 5 0 1 0.000 29.550 0.404
201 252 44 100 5 0 1 0.189 50.000 0.273
252 317 0 1 5 0 1 0.151 42.343 0.002
252 317 1 2 5 0 1 0.000 15.067 0.460
252 317 2 3 5 0 1 0.000 14.234 0.459
252 317 3 4 5 0 1 0.070 9.256 0.385
252 317 4 5 5 0 1 0.004 12.671 0.453
252 317 5 6 5 0 1 0.018 11.760 0.435
252 317 6 7 5 0 1 0.000 13.112 0.454
252 317 7 8 5 0 1 0.000 12.974 0.452
252 317 8 9 5 0 1 0.000 13.045 0.453
252 317 9 10 5 0 1 0.000 12.934 0.455
252 317 10 11 5 0 1 0.000 12.853 0.453
252 317 11 12 5 0 1 0.000 12.874 0.454
252 317 12 13 5 0 1 0.000 12.774 0.451
252 317 13 14 5 0 1 0.000 13.000 0.454
252 317 14 15 5 0 1 0.000 12.770 0.452
252 317 15 16 5 0 1 0.000 12.895 0.453
252 317 16 17 5 0 1 0.000 12.697 0.455
252 317 17 18 5 0 1 0.000 13.048 0.452
252 317 18 19 5 0 1 0.000 12.893 0.451
252 317 19 20 5 0 1 0.000 12.878 0.451
252 317 20 21 5 0 1 0.015 12.023 0.438
252 317 21 22 5 0 1 0.000 12.684 0.452
252 317 22 23 5 0 1 0.028 10.806 0.423
252 317 23 24 5 0 1 0.000 12.759 0.453
252 317 24 25 5 0 1 0.000 12.738 0.450
252 317 25 26 5 0 1 0.000 12.870 0.451
252 317 26 27 5 0 1 0.000 12.785 0.450
252 317 27 28 5 0 1 0.000 13.008 0.454
252 317 28 29 5 0 1 0.031 10.734 0.417
252 317 29 30 5 0 1 0.000 13.879 0.447
252 317 30 31 5 0 1 0.032 10.910 0.416
252 317 31 32 5 0 1 0.000 12.697 0.450
252 317 32 33 5 0 1 0.048 10.046 0.405
252 317 33 34 5 0 1 0.000 13.385 0.448
252 317 34 35 5 0 1 0.060 9.821 0.396
252 317 35 36 5 0 1 0.000 14.396 0.448
252 317 36 37 5 0 1 0.000 13.755 0.448
252 317 37 38 5 0 1 0.053 10.520 0.377
252 317 38 39 5 0 1 0.000 15.840 0.428
252 317 39 40 5 0 1 0.000 23.132 0.434
252 317 40 41 5 0 1 0.000 17.358 0.416
252 317 41 42 5 0 1 0.139 8.689 0.281
252 317 42 43 5 0 1 0.000 25.928 0.430
252 317 43 44 5 0 1 0.209 2.891 0.149
252 317 44 100 5 0 1 0.000 26.185 0.429
317 400 0 1 5 0 1 0.328 3.684 0.081
317 400 1 2 5 0 1 0.000 17.794 0.454
317 400 2 3 5 0 1 0.000 13.325 0.460
317 400 3 4 5 0 1 0.000 13.214 0.464
317 400 4 5 5 0 1 0.000 13.400 0.464
317 400 5 6 5 0 1 0.000 12.879 0.466
317 400 6 7 5 0 1 0.000 13.647 0.467
317 400 7 8 5 0 1 0.000 13.419 0.469
317 400 8 9 5 0 1 0.000 13.547 0.467
317 400 9 10 5 0 1 0.000 13.315 0.468
317 400 10 11 5 0 1 0.000 13.061 0.464
317 400 11 12 5 0 1 0.000 13.102 0.468
317 400 12 13 5 0 1 0.000 13.285 0.468
317 400 13 14 5 0 1 0.000 13.397 0.468
317 400 14 15 5 0 1 0.000 13.105 0.467
317 400 15 16 5 0 1 0.000 13.322 0.467
317 400 16 17 5 0 1 0.000 13.070 0.468
317 400 17 18 5 0 1 0.000 13.031 0.467
317 400 18 19 5 0 1 0.000 12.936 0.466
317 400 19 20 5 0 1 0.000 13.377 0.467
317 400 20 21 5 0 1 0.000 13.286 0.467
317 400 21 22 5 0 1 0.000 13.011 0.466
317 400 22 23 5 0 1 0.000 13.208 0.465
317 400 23 24 5 0 1 0.000 13.371 0.461
317 400 24 25 5 0 1 0.000 13.046 0.466
317 400 25 26 5 0 1 0.000 13.249 0.466
317 400 26 27 5 0 1 0.000 12.618 0.465
317 400 27 28 5 0 1 0.000 12.690 0.464
317 400 28 29 5 0 1 0.000 12.357 0.470
317 400 29 30 5 0 1 0.000 13.633 0.465
317 400 30 31 5 0 1 0.000 13.036 0.463
317 400 31 32 5 0 1 0.000 12.964 0.468
317 400 32 33 5 0 1 0.000 13.812 0.461
317 400 33 34 5 0 1 0.000 13.674 0.460
317 400 34 35 5 0 1 0.000 14.963 0.464
317 400 35 36 5 0 1 0.027 13.027 0.432
317 400 36 37 5 0 1 0.000 14.718 0.470
317 400 37 38 5 0 1 0.000 14.450 0.463
317 400 38 39 5 0 1 0.000 16.770 0.460
317 400 39 40 5 0 1 0.000 15.705 0.452
317 400 40 41 5 0 1 0.000 19.543 0.478
317 400 41 42 5 0 1 0.058 14.025 0.398
317 400 42 43 5 0 1 0.000 28.077 0.456
317 400 43 44 5 0 1 0.247 5.462 0.188
317 400 44 100 5 0 1 0.000 31.163 0.438
400 503 0 1 5 0 1 0.073 50.000 0.379
400 503 1 2 5 0 1 0.000 18.416 0.474
400 503 2 3 5 0 1 0.000 14.652 0.476
400 503 3 4 5 0 1 0.000 13.995 0.481
400 503 4 5 5 0 1 0.000 13.737 0.483
400 503 5 6 5 0 1 0.000 14.548 0.482
400 503 6 7 5 0 1 0.000 13.814 0.480
400 503 7 8 5 0 1 0.000 13.659 0.482
400 503 8 9 5 0 1 0.000 13.854 0.482
400 503 9 10 5 0 1 0.000 13.867 0.484
400 503 10 11 5 0 1 0.000 13.798 0.483
400 503 11 12 5 0 1 0.000 13.661 0.483
400 503 12 13 5 0 1 0.000 13.747 0.483
400 503 13 14 5 0 1 0.000 13.696 0.483
400 503 14 15 5 0 1 0.000 13.857 0.485
400 503 15 16 5 0 1 0.000 14.027 0.483
400 503 16 17 5 0 1 0.000 13.729 0.487
400 503 17 18 5 0 1 0.000 13.572 0.484
400 503 18 19 5 0 1 0.000 13.716 0.485
400 503 19 20 5 0 1 0.000 13.985 0.487
400 503 20 21 5 0 1 0.000 13.726 0.483
400 503 21 22 5 0 1 0.000 13.624 0.486
400 503 22 23 5 0 1 0.000 14.176 0.484
400 503 23 24 5 0 1 0.000 14.013 0.483
400 503 24 25 5 0 1 0.000 14.256 0.484
400 503 25 26 5 0 1 0.000 13.455 0.481
400 503 26 27 5 0 1 0.000 13.694 0.483
400 503 27 28 5 0 1 0.000 14.020 0.481
400 503 28 29 5 0 1 0.000 14.401 0.481
400 503 29 30 5 0 1 0.000 13.699 0.478
400 503 30 31 5 0 1 0.000 14.756 0.484
400 503 31 32 5 0 1 0.000 13.858 0.480
400 503 32 33 5 0 1 0.000 13.759 0.484
400 503 33 34 5 0 1 0.000 15.202 0.484
400 503 34 35 5 0 1 0.000 13.799 0.478
400 503 35 36 5 0 1 0.000 17.280 0.487
400 503 36 37 5 0 1 0.035 14.137 0.438
400 503 37 38 5 0 1 0.000 15.818 0.477
400 503 38 39 5 0 1 0.000 20.223 0.475
400 503 39 40 5 0 1 0.000 20.485 0.495
400 503 40 41 5 0 1 0.000 22.277 0.461
400 503 41 42 5 0 1 0.053 31.363 0.428
400 503 42 43 5 0 1 0.000 34.763 0.478
400 503 43 44 5 0 1 0.000 46.500 0.489
400 503 44 100 5 0 1 0.018 50.000 0.372
503 633 0 1 5 0 1 0.400 50.000 0.990
503 633 1 2 5 0 1 0.000 24.634 0.494
503 633 2 3 5 0 1 0.000 15.526 0.493
503 633 3 4 5 0 1 0.000 13.338 0.496
503 633 4 5 5 0 1 0.000 15.719 0.502
503 633 5 6 5 0 1 0.000 15.206 0.503
503 633 6 7 5 0 1 0.000 15.423 0.500
503 633 7 8 5 0 1 0.000 15.043 0.501
503 633 8 9 5 0 1 0.000 14.611 0.499
503 633 9 10 5 0 1 0.000 15.026 0.502
503 633 10 11 5 0 1 0.000 14.770 0.503
503 633 11 12 5 0 1 0.000 15.151 0.502
503 633 12 13 5 0 1 0.000 15.091 0.504
503 633 13 14 5 0 1 0.000 15.077 0.504
503 633 14 15 5 0 1 0.000 14.981 0.501
503 633 15 16 5 0 1 0.000 15.241 0.503
503 633 16 17 5 0 1 0.000 14.124 0.502
503 633 17 18 5 0 1 0.000 14.873 0.504
503 633 18 19 5 0 1 0.000 14.904 0.502
503 633 19 20 5 0 1 0.000 15.259 0.502
503 633 20 21 5 0 1 0.000 15.060 0.502
503 633 21 22 5 0 1 0.000 15.063 0.502
503 633 22 23 5 0 1 0.000 15.147 0.499
503 633 23 24 5 0 1 0.000 14.504 0.504
503 633 24 25 5 0 1 0.000 14.373 0.500
503 633 25 26 5 0 1 0.000 15.083 0.503
503 633 26 27 5 0 1 0.000 14.832 0.499
503 633 27 28 5 0 1 0.000 14.520 0.502
503 633 28 29 5 0 1 0.000 15.292 0.503
503 633 29 30 5 0 1 0.000 14.826 0.505
503 633 30 31 5 0 1 0.000 14.375 0.504
503 633 31 32 5 0 1 0.000 14.774 0.508
503 633 32 33 5 0 1 0.000 14.672 0.502
503 633 33 34 5 0 1 0.000 15.712 0.501
503 633 34 35 5 0 1 0.000 16.449 0.499
503 633 35 36 5 0 1 0.000 16.078 0.504
503 633 36 37 5 0 1 0.000 15.558 0.484
503 633 37 38 5 0 1 0.000 17.583 0.499
503 633 38 39 5 0 1 0.000 21.292 0.475
503 633 39 40 5 0 1 0.000 21.207 0.496
503 633 40 41 5 0 1 0.000 28.564 0.448
503 633 41 42 5 0 1 0.015 50.000 0.459
503 633 42 43 5 0 1 0.006 49.400 0.489
503 633 43 44 5 0 1 0.400 50.000 0.990
503 633 44 100 5 0 1 0.249 49.976 0.001
633 797 0 1 5 0 1 0.400 50.000 0.990
633 797 1 2 5 0 1 0.000 37.676 0.497
633 797 2 3 5 0 1 0.000 19.756 0.523
633 797 3 4 5 0 1 0.000 18.020 0.521
633 797 4 5 5 0 1 0.000 16.337 0.522
633 797 5 6 5 0 1 0.000 16.003 0.521
633 797 6 7 5 0 1 0.000 16.732 0.518
633 797 7 8 5 0 1 0.000 16.161 0.521
633 797 8 9 5 0 1 0.000 16.179 0.519
633 797 9 10 5 0 1 0.000 16.043 0.521
633 797 10 11 5 0 1 0.000 16.672 0.523
633 797 11 12 5 0 1 0.000 16.474 0.525
633 797 12 13 5 0 1 0.000 16.434 0.521
633 797 13 14 5 0 1 0.000 16.318 0.521
633 797 14 15 5 0 1 0.000 16.412 0.520
633 797 15 16 5 0 1 0.000 17.033 0.526
633 797 16 17 5 0 1 0.000 16.263 0.521
633 797 17 18 5 0 1 0.000 16.333 0.525
633 797 18 19 5 0 1 0.000 16.313 0.525
633 797 19 20 5 0 1 0.000 17.673 0.524
633 797 20 21 5 0 1 0.000 16.200 0.525
633 797 21 22 5 0 1 0.000 16.236 0.525
633 797 22 23 5 0 1 0.000 16.342 0.524
633 797 23 24 5 0 1 0.000 15.983 0.523
633 797 24 25 5 0 1 0.000 16.839 0.525
633 797 25 26 5 0 1 0.000 16.564 0.524
633 797 26 27 5 0 1 0.000 16.581 0.526
633 797 27 28 5 0 1 0.000 16.894 0.521
633 797 28 29 5 0 1 0.000 17.721 0.520
633 797 29 30 5 0 1 0.000 18.277 0.525
633 797 30 31 5 0 1 0.000 15.884 0.525
633 797 31 32 5 0 1 0.000 17.302 0.527
633 797 32 33 5 0 1 0.000 18.518 0.519
633 797 33 34 5 0 1 0.000 15.711 0.504
633 797 34 35 5 0 1 0.000 24.069 0.509
633 797 35 36 5 0 1 0.000 23.628 0.525
633 797 36 37 5 0 1 0.000 24.702 0.537
633 797 37 38 5 0 1 0.000 26.433 0.520
633 797 38 39 5 0 1 0.000 29.215 0.520
633 797 39 40 5 0 1 0.000 26.192 0.503
633 797 40 41 5 0 1 0.173 15.987 0.345
633 797 41 42 5 0 1 0.400 50.000 0.990
633 797 42 43 5 0 1 0.030 24.882 0.005
633 797 43 44 5 0 1 0.095 50.000 0.418
633 797 44 100 5 0 1 0.230 1.378 0.990
797 1003 0 1 5 0 1 0.400 1.000 0.002
797 1003 1 2 5 0 1 0.000 43.329 0.517
797 1003 2 3 5 0 1 0.000 19.739 0.528
797 1003 3 4 5 0 1 0.000 17.646 0.532
797 1003 4 5 5 0 1 0.000 17.928 0.544
797 1003 5 6 5 0 1 0.000 17.127 0.538
797 1003 6 7 5 0 1 0.000 18.044 0.538
797 1003 7 8 5 0 1 0.000 17.581 0.541
797 1003 8 9 5 0 1 0.000 17.511 0.543
797 1003 9 10 5 0 1 0.000 18.085 0.540
797 1003 10 11 5 0 1 0.000 18.815 0.543
797 1003 11 12 5 0 1 0.000 17.872 0.545
797 1003 12 13 5 0 1 0.000 18.500 0.544
797 1003 13 14 5 0 1 0.000 18.057 0.547
797 1003 14 15 5 0 1 0.000 18.808 0.549
797 1003 15 16 5 0 1 0.000 18.723 0.544
797 1003 16 17 5 0 1 0.000 18.104 0.547
797 1003 17 18 5 0 1 0.000 17.933 0.546
797 1003 18 19 5 0 1 0.000 18.842 0.546
797 1003 19 20 5 0 1 0.000 18.656 0.549
797 1003 20 21 5 0 1 0.000 18.030 0.543
797 1003 21 22 5 0 1 0.000 19.255 0.548
797 1003 22 23 5 0 1 0.000 18.713 0.548
797 1003 23 24 5 0 1 0.000 19.341 0.546
797 1003 24 25 5 0 1 0.000 18.037 0.549
797 1003 25 26 5 0 1 0.000 18.257 0.548
797 1003 26 27 5 0 1 0.000 19.190 0.546
797 1003 27 28 5 0 1 0.000 18.322 0.540
797 1003 28 29 5 0 1 0.000 18.461 0.545
797 1003 29 30 5 0 1 0.000 18.835 0.538
797 1003 30 31 5 0 1 0.000 20.672 0.552
797 1003 31 32 5 0 1 0.000 18.447 0.540
797 1003 32 33 5 0 1 0.000 25.635 0.550
797 1003 33 34 5 0 1 0.000 27.033 0.540
797 1003 34 35 5 0 1 0.000 31.107 0.552
797 1003 35 36 5 0 1 0.000 29.101 0.528
797 1003 36 37 5 0 1 0.076 16.526 0.463
797 1003 37 38 5 0 1 0.000 43.421 0.529
797 1003 38 39 5 0 1 0.387 3.808 0.001
797 1003 39 40 5 0 1 0.307 12.221 0.231
797 1003 40 41 5 0 1 0.000 35.344 0.528
797 1003 41 42 5 0 1 0.365 50.000 0.179
797 1003 42 43 5 0 1 0.190 50.000 0.368
797 1003 43 44 5 0 1 0.283 50.000 0.243
797 1003 44 100 5 0 1 0.045 16.401 0.001
1003 1262 1 2 5 0 1 0.081 34.203 0.444
1003 1262 2 3 5 0 1 0.400 1.000 0.002
1003 1262 3 4 5 0 1 0.000 27.148 0.561
1003 1262 4 5 5 0 1 0.000 23.529 0.572
1003 1262 5 6 5 0 1 0.000 19.770 0.565
1003 1262 6 7 5 0 1 0.000 19.180 0.560
1003 1262 7 8 5 0 1 0.000 21.325 0.560
1003 1262 8 9 5 0 1 0.000 22.257 0.567
1003 1262 9 10 5 0 1 0.000 21.923 0.565
1003 1262 10 11 5 0 1 0.000 21.367 0.566
1003 1262 11 12 5 0 1 0.000 22.503 0.570
1003 1262 12 13 5 0 1 0.000 21.919 0.568
1003 1262 13 14 5 0 1 0.000 20.680 0.569
1003 1262 14 15 5 0 1 0.000 21.151 0.567
1003 1262 15 16 5 0 1 0.000 21.082 0.569
1003 1262 16 17 5 0 1 0.000 22.234 0.569
1003 1262 17 18 5 0 1 0.000 21.453 0.566
1003 1262 18 19 5 0 1 0.000 19.767 0.568
1003 1262 19 20 5 0 1 0.000 21.684 0.567
1003 1262 20 21 5 0 1 0.000 19.433 0.569
1003 1262 21 22 5 0 1 0.000 21.610 0.567
1003 1262 22 23 5 0 1 0.000 21.472 0.569
1003 1262 23 24 5 0 1 0.000 20.685 0.570
1003 1262 24 25 5 0 1 0.000 22.922 0.569
1003 1262 25 26 5 0 1 0.000 23.778 0.573
1003 1262 26 27 5 0 1 0.000 24.226 0.569
1003 1262 27 28 5 0 1 0.000 22.259 0.567
1003 1262 28 29 5 0 1 0.000 24.644 0.559
1003 1262 29 30 5 0 1 0.000 23.000 0.560
1003 1262 30 31 5 0 1 0.000 31.692 0.567
1003 1262 31 32 5 0 1 0.000 23.793 0.542
1003 1262 32 33 5 0 1 0.000 34.749 0.567
1003 1262 33 34 5 0 1 0.039 50.000 0.506
1003 1262 34 35 5 0 1 0.000 33.307 0.536
1003 1262 35 36 5 0 1 0.048 50.000 0.499
1003 1262 36 37 5 0 1 0.303 21.071 0.251
1003 1262 37 38 5 0 1 0.088 50.000 0.463
1003 1262 38 39 5 0 1 0.400 50.000 0.990
1003 1262 39 40 5 0 1 0.330 1.000 0.041
1003 1262 40 41 5 0 1 0.180 50.000 0.384
1003 1262 41 42 5 0 1 0.400 49.131 0.004
1003 1262 42 43 5 0 1 0.400 50.000 0.990
1003 1262 43 44 5 0 1 0.400 50.000 0.990
1003 1262 44 100 5 0 1 0.400 50.000 0.990
1262 1589 1 2 5 0 1 0.184 50.000 0.318
1262 1589 2 3 5 0 1 0.400 50.000 0.990
1262 1589 3 4 5 0 1 0.000 36.487 0.576
1262 1589 4 5 5 0 1 0.000 30.678 0.585
1262 1589 5 6 5 0 1 0.000 25.042 0.590
1262 1589 6 7 5 0 1 0.000 22.298 0.592
1262 1589 7 8 5 0 1 0.000 26.075 0.589
1262 1589 8 9 5 0 1 0.000 24.825 0.589
1262 1589 9 10 5 0 1 0.000 24.418 0.588
1262 1589 10 11 5 0 1 0.000 26.510 0.587
1262 1589 11 12 5 0 1 0.000 24.135 0.584
1262 1589 12 13 5 0 1 0.000 23.416 0.585
1262 1589 13 14 5 0 1 0.000 23.183 0.588
1262 1589 14 15 5 0 1 0.000 25.301 0.592
1262 1589 15 16 5 0 1 0.000 22.831 0.585
1262 1589 16 17 5 0 1 0.000 23.771 0.596
1262 1589 17 18 5 0 1 0.000 23.600 0.598
1262 1589 18 19 5 0 1 0.000 25.489 0.583
1262 1589 19 20 5 0 1 0.099 17.722 0.493
1262 1589 20 21 5 0 1 0.000 25.916 0.597
1262 1589 21 22 5 0 1 0.400 47.924 0.990
1262 1589 22 23 5 0 1 0.000 25.475 0.586
1262 1589 23 24 5 0 1 0.000 25.154 0.601
1262 1589 24 25 5 0 1 0.000 28.433 0.597
1262 1589 25 26 5 0 1 0.000 34.158 0.596
1262 1589 26 27 5 0 1 0.000 32.025 0.588
1262 1589 27 28 5 0 1 0.000 33.175 0.571
1262 1589 28 29 5 0 1 0.134 50.000 0.445
1262 1589 29 30 5 0 1 0.000 39.318 0.540
1262 1589 30 31 5 0 1 0.000 29.677 0.579
1262 1589 31 32 5 0 1 0.077 50.000 0.494
1262 1589 32 33 5 0 1 0.137 50.000 0.429
1262 1589 33 34 5 0 1 0.400 50.000 0.001
1262 1589 34 35 5 0 1 0.271 50.000 0.257
1262 1589 35 36 5 0 1 0.363 17.317 0.171
1262 1589 36 37 5 0 1 0.400 50.000 0.990
1262 1589 37 38 5 0 1 0.400 50.000 0.990
1262 1589 38 39 5 0 1 0.400 50.000 0.168
1262 1589 39 40 5 0 1 0.400 50.000 0.990
1262 1589 40 41 5 0 1 0.400 50.000 0.990
1262 1589 41 42 5 0 1 0.400 50.000 0.140
1262 1589 43 100 5 0 1 0.390 6.198 0.001
1589 2000 1 2 5 0 1 0.400 50.000 0.990
1589 2000 3 4 5 0 1 0.155 50.000 0.429
1589 2000 4 5 5 0 1 0.131 20.790 0.491
1589 2000 5 6 5 0 1 0.094 50.000 0.485
1589 2000 6 7 5 0 1 0.000 45.308 0.605
1589 2000 7 8 5 0 1 0.000 37.347 0.596
1589 2000 8 9 5 0 1 0.000 32.942 0.610
1589 2000 9 10 5 0 1 0.000 27.669 0.622
1589 2000 10 11 5 0 1 0.000 37.069 0.611
1589 2000 11 12 5 0 1 0.000 39.322 0.611
1589 2000 12 13 5 0 1 0.000 26.168 0.607
1589 2000 13 14 5 0 1 0.000 32.981 0.604
1589 2000 14 15 5 0 1 0.000 33.532 0.620
1589 2000 15 16 5 0 1 0.000 32.919 0.613
1589 2000 16 17 5 0 1 0.075 25.640 0.531
1589 2000 17 18 5 0 1 0.067 27.817 0.555
1589 2000 18 19 5 0 1 0.400 1.000 0.001
1589 2000 19 20 5 0 1 0.134 50.000 0.483
1589 2000 20 21 5 0 1 0.000 42.069 0.617
1589 2000 21 22 5 0 1 0.000 36.686 0.615
1589 2000 22 23 5 0 1 0.028 50.000 0.588
1589 2000 23 24 5 0 1 0.266 20.380 0.339
1589 2000 24 25 5 0 1 0.400 11.558 0.223
1589 2000 25 26 5 0 1 0.400 9.423 0.198
1589 2000 26 27 5 0 1 0.200 50.000 0.384
1589 2000 27 28 5 0 1 0.358 50.000 0.253
1589 2000 28 29 5 0 1 0.390 1.000 0.004
1589 2000 29 30 5 0 1 0.299 50.000 0.309
1589 2000 30 31 5 0 1 0.400 50.000 0.990
1589 2000 31 32 5 0 1 0.400 50.000 0.226
1589 2000 32 33 5 0 1 0.350 1.132 0.004
1589 2000 34 35 5 0 1 0.400 50.000 0.990
1589 2000 35 36 5 0 1 0.400 50.000 0.990
1589 2000 37 38 5 0 1 0.400 50.000 0.990
1589 2000 38 100 5 0 1 0.400 50.000 0.990
2000 4000 2 3 5 0 1 0.400 50.000 0.990
2000 4000 4 5 5 0 1 0.400 50.000 0.990
2000 4000 5 6 5 0 1 0.400 50.000 0.990
2000 4000 6 7 5 0 1 0.400 50.000 0.263
2000 4000 7 8 5 0 1 0.394 1.853 0.001
2000 4000 8 9 5 0 1 0.186 50.000 0.441
2000 4000 9 10 5 0 1 0.198 50.000 0.396
2000 4000 11 12 5 0 1 0.400 32.088 0.282
2000 4000 12 13 5 0 1 0.400 50.000 0.990
2000 4000 13 14 5 0 1 0.385 50.000 0.276
2000 4000 14 15 5 0 1 0.384 50.000 0.262
2000 4000 15 16 5 0 1 0.400 50.000 0.990
2000 4000 16 17 5 0 1 0.400 50.000 0.990
2000 4000 17 18 5 0 1 0.299 50.000 0.294
2000 4000 18 19 5 0 1 0.355 50.000 0.304
2000 4000 19 20 5 0 1 0.395 50.000 0.230
2000 4000 20 21 5 0 1 0.400 35.494 0.206
2000 4000 21 22 5 0 1 0.400 50.000 0.990
2000 4000 22 23 5 0 1 0.344 50.000 0.288
2000 4000 24 25 5 0 1 0.400 50.000 0.990
2000 4000 26 27 5 0 1 0.400 50.000 0.990
2000 4000 27 28 5 0 1 0.382 50.000 0.190
2000 4000 28 29 5 0 1 0.400 50.000 0.990
2000 4000 29 30 5 0 1 0.400 50.000 0.990
2000 4000 37 100 5 0 1 0.391 19.533 0.003
[gluon]
{2 JetPt Rho 1 x ((x-[0])<0)?0:TMath::Exp(-1.*(x-[0])*[1]/[2])*TMath::Power((x-[0]),[1]-1)*TMath::Power([2]/[1],-1.*[1])/TMath::Gamma([1]) Correction QGL_ptD_QC_gluon}
20 26 0 1 5 0 1 0.259 6.120 0.102
20 26 1 2 5 0 1 0.240 3.684 0.156
20 26 2 3 5 0 1 0.238 3.942 0.148
20 26 3 4 5 0 1 0.235 3.672 0.148
20 26 4 5 5 0 1 0.234 3.378 0.147
20 26 5 6 5 0 1 0.230 3.545 0.146
20 26 6 7 5 0 1 0.231 3.269 0.139
20 26 7 8 5 0 1 0.222 3.594 0.144
20 26 8 9 5 0 1 0.220 3.638 0.143
20 26 9 10 5 0 1 0.218 3.569 0.139
20 26 10 11 5 0 1 0.216 3.586 0.139
20 26 11 12 5 0 1 0.215 3.362 0.137
20 26 12 13 5 0 1 0.217 3.197 0.133
20 26 13 14 5 0 1 0.214 3.339 0.133
20 26 14 15 5 0 1 0.213 3.279 0.131
20 26 15 16 5 0 1 0.214 3.017 0.128
20 26 16 17 5 0 1 0.204 3.614 0.134
20 26 17 18 5 0 1 0.203 3.486 0.133
20 26 18 19 5 0 1 0.200 3.585 0.133
20 26 19 20 5 0 1 0.199 3.491 0.134
20 26 20 21 5 0 1 0.194 3.742 0.135
20 26 21 22 5 0 1 0.195 3.534 0.131
20 26 22 23 5 0 1 0.194 3.463 0.131
20 26 23 24 5 0 1 0.195 3.355 0.130
20 26 24 25 5 0 1 0.193 3.421 0.128
20 26 25 26 5 0 1 0.195 3.282 0.125
20 26 26 27 5 0 1 0.197 2.964 0.120
20 26 27 28 5 0 1 0.193 3.283 0.124
20 26 28 29 5 0 1 0.198 2.771 0.120
20 26 29 30 5 0 1 0.178 4.086 0.137
20 26 30 31 5 0 1 0.193 3.032 0.118
20 26 31 32 5 0 1 0.197 2.738 0.112
20 26 32 33 5 0 1 0.181 3.484 0.126
20 26 33 34 5 0 1 0.176 3.936 0.128
20 26 34 35 5 0 1 0.175 3.997 0.125
20 26 35 36 5 0 1 0.179 3.994 0.121
20 26 36 37 5 0 1 0.154 5.704 0.141
20 26 37 38 5 0 1 0.169 4.929 0.123
20 26 38 39 5 0 1 0.201 2.863 0.099
20 26 39 40 5 0 1 0.154 6.306 0.129
20 26 40 41 5 0 1 0.173 5.107 0.120
20 26 41 42 5 0 1 0.129 7.102 0.158
20 26 42 43 5 0 1 0.175 7.641 0.107
20 26 43 44 5 0 1 0.106 18.042 0.176
20 26 44 100 5 0 1 0.000 44.344 0.295
26 32 0 1 5 0 1 0.026 50.000 0.337
26 32 1 2 5 0 1 0.216 4.271 0.162
26 32 2 3 5 0 1 0.233 2.938 0.144
26 32 3 4 5 0 1 0.236 3.014 0.136
26 32 4 5 5 0 1 0.217 3.830 0.149
26 32 5 6 5 0 1 0.222 3.540 0.140
26 32 6 7 5 0 1 0.218 3.534 0.141
26 32 7 8 5 0 1 0.214 3.632 0.140
26 32 8 9 5 0 1 0.215 3.445 0.137
26 32 9 10 5 0 1 0.215 3.244 0.133
26 32 10 11 5 0 1 0.212 3.408 0.135
26 32 11 12 5 0 1 0.213 3.345 0.132
26 32 12 13 5 0 1 0.205 3.644 0.135
26 32 13 14 5 0 1 0.213 3.079 0.127
26 32 14 15 5 0 1 0.201 3.657 0.135
26 32 15 16 5 0 1 0.200 3.565 0.134
26 32 16 17 5 0 1 0.197 3.761 0.135
26 32 17 18 5 0 1 0.198 3.490 0.132
26 32 18 19 5 0 1 0.196 3.522 0.132
26 32 19 20 5 0 1 0.193 3.690 0.133
26 32 20 21 5 0 1 0.194 3.563 0.130
26 32 21 22 5 0 1 0.193 3.594 0.129
26 32 22 23 5 0 1 0.194 3.348 0.129
26 32 23 24 5 0 1 0.192 3.530 0.128
26 32 24 25 5 0 1 0.192 3.291 0.125
26 32 25 26 5 0 1 0.194 3.232 0.123
26 32 26 27 5 0 1 0.198 2.999 0.118
26 32 27 28 5 0 1 0.197 2.791 0.118
26 32 28 29 5 0 1 0.193 3.037 0.120
26 32 29 30 5 0 1 0.175 4.007 0.133
26 32 30 31 5 0 1 0.203 2.295 0.112
26 32 31 32 5 0 1 0.183 3.696 0.125
26 32 32 33 5 0 1 0.179 3.746 0.130
26 32 33 34 5 0 1 0.173 3.861 0.130
26 32 34 35 5 0 1 0.181 3.487 0.128
26 32 35 36 5 0 1 0.179 3.462 0.129
26 32 36 37 5 0 1 0.169 4.107 0.129
26 32 37 38 5 0 1 0.173 4.274 0.129
26 32 38 39 5 0 1 0.173 4.133 0.114
26 32 39 40 5 0 1 0.179 3.863 0.113
26 32 40 41 5 0 1 0.175 4.181 0.107
26 32 41 42 5 0 1 0.161 5.387 0.123
26 32 42 43 5 0 1 0.172 3.949 0.107
26 32 43 44 5 0 1 0.087 50.000 0.178
26 32 44 100 5 0 1 0.174 3.954 0.096
32 40 0 1 5 0 1 0.109 50.000 0.215
32 40 1 2 5 0 1 0.240 2.766 0.130
32 40 2 3 5 0 1 0.221 3.377 0.139
32 40 3 4 5 0 1 0.219 3.156 0.139
32 40 4 5 5 0 1 0.217 3.336 0.138
32 40 5 6 5 0 1 0.214 3.450 0.137
32 40 6 7 5 0 1 0.212 3.495 0.136
32 40 7 8 5 0 1 0.212 3.382 0.135
32 40 8 9 5 0 1 0.210 3.392 0.133
32 40 9 10 5 0 1 0.212 3.234 0.131
32 40 10 11 5 0 1 0.212 3.136 0.128
32 40 11 12 5 0 1 0.203 3.536 0.135
32 40 12 13 5 0 1 0.201 3.513 0.134
32 40 13 14 5 0 1 0.199 3.590 0.134
32 40 14 15 5 0 1 0.197 3.663 0.135
32 40 15 16 5 0 1 0.197 3.585 0.131
32 40 16 17 5 0 1 0.195 3.612 0.133
32 40 17 18 5 0 1 0.193 3.514 0.133
32 40 18 19 5 0 1 0.197 3.303 0.128
32 40 19 20 5 0 1 0.193 3.542 0.131
32 40 20 21 5 0 1 0.195 3.404 0.127
32 40 21 22 5 0 1 0.190 3.465 0.131
32 40 22 23 5 0 1 0.197 3.027 0.123
32 40 23 24 5 0 1 0.194 3.109 0.124
32 40 24 25 5 0 1 0.184 3.686 0.132
32 40 25 26 5 0 1 0.193 2.998 0.124
32 40 26 27 5 0 1 0.190 3.292 0.125
32 40 27 28 5 0 1 0.195 2.915 0.120
32 40 28 29 5 0 1 0.183 3.416 0.126
32 40 29 30 5 0 1 0.177 3.868 0.132
32 40 30 31 5 0 1 0.178 3.508 0.132
32 40 31 32 5 0 1 0.178 3.646 0.129
32 40 32 33 5 0 1 0.175 3.679 0.134
32 40 33 34 5 0 1 0.178 3.354 0.131
32 40 34 35 5 0 1 0.175 3.650 0.132
32 40 35 36 5 0 1 0.185 2.599 0.121
32 40 36 37 5 0 1 0.163 4.358 0.142
32 40 37 38 5 0 1 0.156 4.957 0.142
32 40 38 39 5 0 1 0.173 3.511 0.129
32 40 39 40 5 0 1 0.152 4.949 0.143
32 40 40 41 5 0 1 0.162 4.434 0.138
32 40 41 42 5 0 1 0.125 7.372 0.166
32 40 42 43 5 0 1 0.171 4.914 0.110
32 40 43 44 5 0 1 0.185 4.164 0.105
32 40 44 100 5 0 1 0.167 5.957 0.104
40 51 0 1 5 0 1 0.180 50.000 0.209
40 51 1 2 5 0 1 0.211 3.752 0.142
40 51 2 3 5 0 1 0.216 3.249 0.136
40 51 3 4 5 0 1 0.214 3.135 0.134
40 51 4 5 5 0 1 0.205 3.624 0.141
40 51 5 6 5 0 1 0.201 3.670 0.141
40 51 6 7 5 0 1 0.199 3.697 0.141
40 51 7 8 5 0 1 0.201 3.569 0.137
40 51 8 9 5 0 1 0.202 3.374 0.136
40 51 9 10 5 0 1 0.197 3.605 0.138
40 51 10 11 5 0 1 0.194 3.726 0.138
40 51 11 12 5 0 1 0.196 3.457 0.135
40 51 12 13 5 0 1 0.193 3.715 0.136
40 51 13 14 5 0 1 0.193 3.569 0.135
40 51 14 15 5 0 1 0.192 3.558 0.134
40 51 15 16 5 0 1 0.194 3.399 0.131
40 51 16 17 5 0 1 0.194 3.285 0.131
40 51 17 18 5 0 1 0.192 3.461 0.129
40 51 18 19 5 0 1 0.193 3.350 0.129
40 51 19 20 5 0 1 0.192 3.277 0.129
40 51 20 21 5 0 1 0.185 3.684 0.133
40 51 21 22 5 0 1 0.193 3.085 0.125
40 51 22 23 5 0 1 0.195 2.902 0.122
40 51 23 24 5 0 1 0.181 3.720 0.134
40 51 24 25 5 0 1 0.180 3.676 0.135
40 51 25 26 5 0 1 0.177 3.755 0.135
40 51 26 27 5 0 1 0.180 3.603 0.130
40 51 27 28 5 0 1 0.176 3.689 0.136
40 51 28 29 5 0 1 0.182 3.226 0.128
40 51 29 30 5 0 1 0.174 3.660 0.135
40 51 30 31 5 0 1 0.175 3.799 0.134
40 51 31 32 5 0 1 0.173 3.865 0.132
40 51 32 33 5 0 1 0.170 3.976 0.134
40 51 33 34 5 0 1 0.179 3.097 0.126
40 51 34 35 5 0 1 0.176 3.165 0.131
40 51 35 36 5 0 1 0.177 3.613 0.125
40 51 36 37 5 0 1 0.175 3.169 0.126
40 51 37 38 5 0 1 0.155 4.634 0.146
40 51 38 39 5 0 1 0.186 2.442 0.112
40 51 39 40 5 0 1 0.145 5.797 0.153
40 51 40 41 5 0 1 0.179 2.826 0.115
40 51 41 42 5 0 1 0.136 6.761 0.165
40 51 42 43 5 0 1 0.163 4.451 0.115
40 51 43 44 5 0 1 0.104 10.431 0.185
40 51 44 100 5 0 1 0.143 8.060 0.149
51 64 0 1 5 0 1 0.144 19.689 0.166
51 64 1 2 5 0 1 0.216 3.000 0.126
51 64 2 3 5 0 1 0.199 3.661 0.142
51 64 3 4 5 0 1 0.196 3.614 0.143
51 64 4 5 5 0 1 0.192 3.698 0.145
51 64 5 6 5 0 1 0.196 3.401 0.139
51 64 6 7 5 0 1 0.194 3.614 0.139
51 64 7 8 5 0 1 0.193 3.544 0.140
51 64 8 9 5 0 1 0.193 3.614 0.138
51 64 9 10 5 0 1 0.192 3.532 0.137
51 64 10 11 5 0 1 0.190 3.596 0.138
51 64 11 12 5 0 1 0.192 3.416 0.135
51 64 12 13 5 0 1 0.193 3.290 0.134
51 64 13 14 5 0 1 0.192 3.253 0.133
51 64 14 15 5 0 1 0.191 3.319 0.132
51 64 15 16 5 0 1 0.191 3.285 0.132
51 64 16 17 5 0 1 0.192 3.158 0.130
51 64 17 18 5 0 1 0.183 3.649 0.137
51 64 18 19 5 0 1 0.183 3.539 0.135
51 64 19 20 5 0 1 0.182 3.626 0.135
51 64 20 21 5 0 1 0.179 3.683 0.137
51 64 21 22 5 0 1 0.178 3.775 0.138
51 64 22 23 5 0 1 0.179 3.556 0.136
51 64 23 24 5 0 1 0.177 3.640 0.136
51 64 24 25 5 0 1 0.175 3.681 0.140
51 64 25 26 5 0 1 0.176 3.577 0.136
51 64 26 27 5 0 1 0.175 3.641 0.137
51 64 27 28 5 0 1 0.177 3.418 0.134
51 64 28 29 5 0 1 0.176 3.495 0.132
51 64 29 30 5 0 1 0.170 3.892 0.137
51 64 30 31 5 0 1 0.178 3.521 0.134
51 64 31 32 5 0 1 0.175 3.644 0.131
51 64 32 33 5 0 1 0.171 3.509 0.136
51 64 33 34 5 0 1 0.177 3.087 0.130
51 64 34 35 5 0 1 0.156 4.448 0.145
51 64 35 36 5 0 1 0.172 3.403 0.131
51 64 36 37 5 0 1 0.176 3.054 0.131
51 64 37 38 5 0 1 0.180 2.841 0.119
51 64 38 39 5 0 1 0.180 3.139 0.123
51 64 39 40 5 0 1 0.185 2.481 0.113
51 64 40 41 5 0 1 0.150 5.204 0.147
51 64 41 42 5 0 1 0.098 11.584 0.192
51 64 42 43 5 0 1 0.127 7.067 0.168
51 64 43 44 5 0 1 0.159 5.435 0.132
51 64 44 100 5 0 1 0.172 4.168 0.121
64 80 0 1 5 0 1 0.186 9.247 0.118
64 80 1 2 5 0 1 0.204 2.798 0.136
64 80 2 3 5 0 1 0.199 3.009 0.138
64 80 3 4 5 0 1 0.193 3.454 0.141
64 80 4 5 5 0 1 0.191 3.566 0.141
64 80 5 6 5 0 1 0.191 3.394 0.140
64 80 6 7 5 0 1 0.192 3.307 0.139
64 80 7 8 5 0 1 0.189 3.420 0.139
64 80 8 9 5 0 1 0.189 3.374 0.137
64 80 9 10 5 0 1 0.188 3.406 0.138
64 80 10 11 5 0 1 0.183 3.629 0.141
64 80 11 12 5 0 1 0.184 3.545 0.139
64 80 12 13 5 0 1 0.180 3.687 0.142
64 80 13 14 5 0 1 0.181 3.614 0.141
64 80 14 15 5 0 1 0.178 3.708 0.142
64 80 15 16 5 0 1 0.176 3.827 0.143
64 80 16 17 5 0 1 0.178 3.639 0.141
64 80 17 18 5 0 1 0.173 3.875 0.144
64 80 18 19 5 0 1 0.176 3.667 0.140
64 80 19 20 5 0 1 0.177 3.629 0.140
64 80 20 21 5 0 1 0.174 3.636 0.142
64 80 21 22 5 0 1 0.175 3.645 0.140
64 80 22 23 5 0 1 0.174 3.718 0.139
64 80 23 24 5 0 1 0.176 3.460 0.138
64 80 24 25 5 0 1 0.172 3.764 0.141
64 80 25 26 5 0 1 0.174 3.577 0.139
64 80 26 27 5 0 1 0.173 3.503 0.140
64 80 27 28 5 0 1 0.174 3.411 0.139
64 80 28 29 5 0 1 0.166 3.889 0.144
64 80 29 30 5 0 1 0.176 3.358 0.135
64 80 30 31 5 0 1 0.177 3.064 0.133
64 80 31 32 5 0 1 0.176 3.095 0.130
64 80 32 33 5 0 1 0.175 3.234 0.133
64 80 33 34 5 0 1 0.167 3.593 0.139
64 80 34 35 5 0 1 0.176 3.172 0.133
64 80 35 36 5 0 1 0.171 3.467 0.132
64 80 36 37 5 0 1 0.176 2.898 0.128
64 80 37 38 5 0 1 0.177 2.981 0.124
64 80 38 39 5 0 1 0.144 4.797 0.156
64 80 39 40 5 0 1 0.138 6.794 0.154
64 80 40 41 5 0 1 0.153 4.588 0.146
64 80 41 42 5 0 1 0.174 3.395 0.127
64 80 42 43 5 0 1 0.136 5.944 0.159
64 80 43 44 5 0 1 0.168 3.484 0.129
64 80 44 100 5 0 1 0.169 2.996 0.119
80 101 0 1 5 0 1 0.210 2.984 0.080
80 101 1 2 5 0 1 0.162 5.135 0.162
80 101 2 3 5 0 1 0.177 3.820 0.153
80 101 3 4 5 0 1 0.173 4.083 0.155
80 101 4 5 5 0 1 0.177 3.751 0.150
80 101 5 6 5 0 1 0.175 3.826 0.152
80 101 6 7 5 0 1 0.178 3.720 0.149
80 101 7 8 5 0 1 0.175 3.895 0.150
80 101 8 9 5 0 1 0.177 3.687 0.146
80 101 9 10 5 0 1 0.175 3.805 0.147
80 101 10 11 5 0 1 0.175 3.756 0.147
80 101 11 12 5 0 1 0.174 3.756 0.147
80 101 12 13 5 0 1 0.174 3.730 0.147
80 101 13 14 5 0 1 0.175 3.633 0.146
80 101 14 15 5 0 1 0.173 3.736 0.146
80 101 15 16 5 0 1 0.174 3.583 0.145
80 101 16 17 5 0 1 0.173 3.602 0.145
80 101 17 18 5 0 1 0.171 3.807 0.146
80 101 18 19 5 0 1 0.169 3.770 0.147
80 101 19 20 5 0 1 0.169 3.797 0.146
80 101 20 21 5 0 1 0.174 3.480 0.142
80 101 21 22 5 0 1 0.168 3.766 0.146
80 101 22 23 5 0 1 0.169 3.695 0.145
80 101 23 24 5 0 1 0.174 3.259 0.140
80 101 24 25 5 0 1 0.168 3.680 0.145
80 101 25 26 5 0 1 0.171 3.439 0.142
80 101 26 27 5 0 1 0.169 3.667 0.145
80 101 27 28 5 0 1 0.174 3.197 0.138
80 101 28 29 5 0 1 0.171 3.398 0.142
80 101 29 30 5 0 1 0.163 3.775 0.148
80 101 30 31 5 0 1 0.165 3.847 0.146
80 101 31 32 5 0 1 0.160 4.020 0.150
80 101 32 33 5 0 1 0.161 3.869 0.147
80 101 33 34 5 0 1 0.161 3.809 0.145
80 101 34 35 5 0 1 0.158 3.749 0.151
80 101 35 36 5 0 1 0.172 3.038 0.135
80 101 36 37 5 0 1 0.149 4.308 0.161
80 101 37 38 5 0 1 0.163 3.621 0.143
80 101 38 39 5 0 1 0.138 4.972 0.163
80 101 39 40 5 0 1 0.151 4.292 0.155
80 101 40 41 5 0 1 0.145 5.924 0.152
80 101 41 42 5 0 1 0.178 3.160 0.124
80 101 42 43 5 0 1 0.118 7.861 0.176
80 101 43 44 5 0 1 0.146 4.814 0.154
80 101 44 100 5 0 1 0.131 6.672 0.155
101 127 0 1 5 0 1 0.009 50.000 0.312
101 127 1 2 5 0 1 0.160 4.342 0.174
101 127 2 3 5 0 1 0.171 3.801 0.160
101 127 3 4 5 0 1 0.171 3.821 0.157
101 127 4 5 5 0 1 0.173 3.690 0.154
101 127 5 6 5 0 1 0.170 3.851 0.156
101 127 6 7 5 0 1 0.171 3.839 0.154
101 127 7 8 5 0 1 0.172 3.701 0.153
101 127 8 9 5 0 1 0.169 3.804 0.154
101 127 9 10 5 0 1 0.172 3.559 0.151
101 127 10 11 5 0 1 0.170 3.757 0.152
101 127 11 12 5 0 1 0.167 3.861 0.154
101 127 12 13 5 0 1 0.169 3.712 0.152
101 127 13 14 5 0 1 0.166 3.850 0.154
101 127 14 15 5 0 1 0.167 3.814 0.153
101 127 15 16 5 0 1 0.169 3.668 0.150
101 127 16 17 5 0 1 0.167 3.729 0.151
101 127 17 18 5 0 1 0.168 3.644 0.150
101 127 18 19 5 0 1 0.165 3.755 0.154
101 127 19 20 5 0 1 0.166 3.739 0.153
101 127 20 21 5 0 1 0.161 3.938 0.155
101 127 21 22 5 0 1 0.165 3.711 0.152
101 127 22 23 5 0 1 0.165 3.580 0.152
101 127 23 24 5 0 1 0.162 3.824 0.156
101 127 24 25 5 0 1 0.164 3.726 0.151
101 127 25 26 5 0 1 0.158 3.959 0.155
101 127 26 27 5 0 1 0.162 3.740 0.152
101 127 27 28 5 0 1 0.158 3.932 0.154
101 127 28 29 5 0 1 0.154 4.188 0.157
101 127 29 30 5 0 1 0.174 3.063 0.140
101 127 30 31 5 0 1 0.158 3.805 0.156
101 127 31 32 5 0 1 0.151 4.242 0.163
101 127 32 33 5 0 1 0.148 4.566 0.164
101 127 33 34 5 0 1 0.158 3.510 0.156
101 127 34 35 5 0 1 0.160 3.560 0.151
101 127 35 36 5 0 1 0.161 3.615 0.147
101 127 36 37 5 0 1 0.159 3.675 0.151
101 127 37 38 5 0 1 0.157 3.590 0.154
101 127 38 39 5 0 1 0.158 3.799 0.152
101 127 39 40 5 0 1 0.151 4.093 0.156
101 127 40 41 5 0 1 0.142 5.148 0.162
101 127 41 42 5 0 1 0.133 6.191 0.168
101 127 42 43 5 0 1 0.119 7.486 0.182
101 127 43 44 5 0 1 0.119 7.345 0.183
101 127 44 100 5 0 1 0.035 22.488 0.265
127 159 0 1 5 0 1 0.189 3.346 0.092
127 159 1 2 5 0 1 0.154 4.829 0.169
127 159 2 3 5 0 1 0.158 4.478 0.169
127 159 3 4 5 0 1 0.155 4.360 0.171
127 159 4 5 5 0 1 0.158 4.140 0.168
127 159 5 6 5 0 1 0.160 4.016 0.166
127 159 6 7 5 0 1 0.159 4.070 0.166
127 159 7 8 5 0 1 0.161 4.029 0.164
127 159 8 9 5 0 1 0.163 3.863 0.163
127 159 9 10 5 0 1 0.161 3.935 0.164
127 159 10 11 5 0 1 0.162 3.909 0.162
127 159 11 12 5 0 1 0.160 3.977 0.164
127 159 12 13 5 0 1 0.160 3.950 0.163
127 159 13 14 5 0 1 0.161 3.922 0.162
127 159 14 15 5 0 1 0.162 3.808 0.160
127 159 15 16 5 0 1 0.156 4.128 0.166
127 159 16 17 5 0 1 0.156 4.123 0.164
127 159 17 18 5 0 1 0.160 3.856 0.162
127 159 18 19 5 0 1 0.156 4.059 0.163
127 159 19 20 5 0 1 0.157 3.979 0.163
127 159 20 21 5 0 1 0.157 3.994 0.163
127 159 21 22 5 0 1 0.157 3.915 0.163
127 159 22 23 5 0 1 0.157 3.883 0.162
127 159 23 24 5 0 1 0.155 4.029 0.163
127 159 24 25 5 0 1 0.151 4.109 0.168
127 159 25 26 5 0 1 0.148 4.331 0.169
127 159 26 27 5 0 1 0.149 4.180 0.169
127 159 27 28 5 0 1 0.156 3.852 0.163
127 159 28 29 5 0 1 0.151 4.075 0.168
127 159 29 30 5 0 1 0.153 4.003 0.164
127 159 30 31 5 0 1 0.149 4.254 0.166
127 159 31 32 5 0 1 0.149 4.165 0.167
127 159 32 33 5 0 1 0.159 3.629 0.158
127 159 33 34 5 0 1 0.158 3.663 0.163
127 159 34 35 5 0 1 0.150 4.114 0.163
127 159 35 36 5 0 1 0.154 3.960 0.159
127 159 36 37 5 0 1 0.151 3.860 0.168
127 159 37 38 5 0 1 0.156 3.818 0.160
127 159 38 39 5 0 1 0.156 3.561 0.155
127 159 39 40 5 0 1 0.140 4.746 0.174
127 159 40 41 5 0 1 0.159 3.360 0.154
127 159 41 42 5 0 1 0.146 4.669 0.156
127 159 42 43 5 0 1 0.128 6.054 0.165
127 159 43 44 5 0 1 0.092 12.046 0.200
127 159 44 100 5 0 1 0.165 3.907 0.119
159 201 0 1 5 0 1 0.113 18.192 0.002
159 201 1 2 5 0 1 0.134 5.698 0.199
159 201 2 3 5 0 1 0.152 4.513 0.180
159 201 3 4 5 0 1 0.155 4.167 0.176
159 201 4 5 5 0 1 0.152 4.231 0.180
159 201 5 6 5 0 1 0.149 4.429 0.182
159 201 6 7 5 0 1 0.155 4.032 0.176
159 201 7 8 5 0 1 0.153 4.304 0.175
159 201 8 9 5 0 1 0.155 4.007 0.174
159 201 9 10 5 0 1 0.152 4.183 0.177
159 201 10 11 5 0 1 0.152 4.099 0.176
159 201 11 12 5 0 1 0.150 4.235 0.179
159 201 12 13 5 0 1 0.151 4.179 0.177
159 201 13 14 5 0 1 0.151 4.171 0.177
159 201 14 15 5 0 1 0.150 4.244 0.177
159 201 15 16 5 0 1 0.150 4.119 0.177
159 201 16 17 5 0 1 0.149 4.282 0.179
159 201 17 18 5 0 1 0.148 4.277 0.179
159 201 18 19 5 0 1 0.150 4.148 0.177
159 201 19 20 5 0 1 0.149 4.228 0.175
159 201 20 21 5 0 1 0.148 4.296 0.178
159 201 21 22 5 0 1 0.146 4.394 0.179
159 201 22 23 5 0 1 0.148 4.193 0.177
159 201 23 24 5 0 1 0.143 4.505 0.182
159 201 24 25 5 0 1 0.152 3.959 0.172
159 201 25 26 5 0 1 0.150 3.982 0.174
159 201 26 27 5 0 1 0.146 4.472 0.178
159 201 27 28 5 0 1 0.145 4.279 0.178
159 201 28 29 5 0 1 0.146 4.162 0.178
159 201 29 30 5 0 1 0.144 4.298 0.177
159 201 30 31 5 0 1 0.146 4.093 0.175
159 201 31 32 5 0 1 0.149 3.889 0.174
159 201 32 33 5 0 1 0.148 4.238 0.176
159 201 33 34 5 0 1 0.146 4.428 0.175
159 201 34 35 5 0 1 0.156 3.692 0.171
159 201 35 36 5 0 1 0.146 4.289 0.174
159 201 36 37 5 0 1 0.137 4.438 0.185
159 201 37 38 5 0 1 0.146 4.216 0.173
159 201 38 39 5 0 1 0.134 5.609 0.185
159 201 39 40 5 0 1 0.126 5.210 0.196
159 201 40 41 5 0 1 0.112 6.591 0.204
159 201 41 42 5 0 1 0.164 3.665 0.149
159 201 42 43 5 0 1 0.114 8.054 0.192
159 201 43 44 5 0 1 0.107 9.831 0.185
159 201 44 100 5 0 1 0.120 7.104 0.183
201 252 0 1 5 0 1 0.055 50.000 0.247
201 252 1 2 5 0 1 0.045 14.484 0.282
201 252 2 3 5 0 1 0.143 4.879 0.191
201 252 3 4 5 0 1 0.146 4.439 0.187
201 252 4 5 5 0 1 0.144 4.481 0.192
201 252 5 6 5 0 1 0.149 4.225 0.187
201 252 6 7 5 0 1 0.145 4.324 0.190
201 252 7 8 5 0 1 0.143 4.419 0.194
201 252 8 9 5 0 1 0.142 4.447 0.193
201 252 9 10 5 0 1 0.140 4.612 0.195
201 252 10 11 5 0 1 0.141 4.543 0.195
201 252 11 12 5 0 1 0.138 4.631 0.197
201 252 12 13 5 0 1 0.139 4.614 0.196
201 252 13 14 5 0 1 0.138 4.668 0.198
201 252 14 15 5 0 1 0.141 4.492 0.193
201 252 15 16 5 0 1 0.140 4.524 0.195
201 252 16 17 5 0 1 0.142 4.384 0.192
201 252 17 18 5 0 1 0.142 4.251 0.193
201 252 18 19 5 0 1 0.140 4.451 0.195
201 252 19 20 5 0 1 0.136 4.684 0.198
201 252 20 21 5 0 1 0.137 4.567 0.196
201 252 21 22 5 0 1 0.142 4.342 0.192
201 252 22 23 5 0 1 0.140 4.468 0.194
201 252 23 24 5 0 1 0.138 4.602 0.194
201 252 24 25 5 0 1 0.135 4.576 0.197
201 252 25 26 5 0 1 0.136 4.584 0.196
201 252 26 27 5 0 1 0.136 4.603 0.198
201 252 27 28 5 0 1 0.149 3.980 0.184
201 252 28 29 5 0 1 0.139 4.415 0.193
201 252 29 30 5 0 1 0.137 4.724 0.196
201 252 30 31 5 0 1 0.136 4.625 0.199
201 252 31 32 5 0 1 0.123 5.317 0.212
201 252 32 33 5 0 1 0.149 4.017 0.180
201 252 33 34 5 0 1 0.131 4.988 0.201
201 252 34 35 5 0 1 0.130 5.208 0.198
201 252 35 36 5 0 1 0.136 4.549 0.193
201 252 36 37 5 0 1 0.135 4.799 0.196
201 252 37 38 5 0 1 0.135 4.491 0.196
201 252 38 39 5 0 1 0.139 4.586 0.187
201 252 39 40 5 0 1 0.123 6.894 0.201
201 252 40 41 5 0 1 0.150 4.098 0.184
201 252 41 42 5 0 1 0.124 6.669 0.203
201 252 42 43 5 0 1 0.131 5.214 0.190
201 252 43 44 5 0 1 0.089 10.742 0.223
201 252 44 100 5 0 1 0.000 24.578 0.310
252 317 0 1 5 0 1 0.400 50.000 0.990
252 317 1 2 5 0 1 0.137 5.425 0.195
252 317 2 3 5 0 1 0.160 3.513 0.187
252 317 3 4 5 0 1 0.147 4.332 0.200
252 317 4 5 5 0 1 0.123 5.357 0.222
252 317 5 6 5 0 1 0.120 5.520 0.225
252 317 6 7 5 0 1 0.132 4.836 0.214
252 317 7 8 5 0 1 0.120 5.571 0.225
252 317 8 9 5 0 1 0.122 5.435 0.223
252 317 9 10 5 0 1 0.131 4.788 0.215
252 317 10 11 5 0 1 0.133 4.791 0.213
252 317 11 12 5 0 1 0.128 4.972 0.217
252 317 12 13 5 0 1 0.132 4.766 0.215
252 317 13 14 5 0 1 0.125 5.164 0.222
252 317 14 15 5 0 1 0.129 4.941 0.216
252 317 15 16 5 0 1 0.133 4.696 0.212
252 317 16 17 5 0 1 0.125 5.022 0.221
252 317 17 18 5 0 1 0.127 5.009 0.219
252 317 18 19 5 0 1 0.133 4.731 0.213
252 317 19 20 5 0 1 0.126 5.123 0.220
252 317 20 21 5 0 1 0.130 4.768 0.215
252 317 21 22 5 0 1 0.123 5.199 0.221
252 317 22 23 5 0 1 0.131 4.808 0.213
252 317 23 24 5 0 1 0.121 5.401 0.225
252 317 24 25 5 0 1 0.122 5.235 0.223
252 317 25 26 5 0 1 0.128 4.786 0.217
252 317 26 27 5 0 1 0.126 5.076 0.220
252 317 27 28 5 0 1 0.122 5.158 0.220
252 317 28 29 5 0 1 0.129 4.970 0.216
252 317 29 30 5 0 1 0.132 4.711 0.216
252 317 30 31 5 0 1 0.130 4.866 0.216
252 317 31 32 5 0 1 0.141 4.246 0.203
252 317 32 33 5 0 1 0.114 5.698 0.234
252 317 33 34 5 0 1 0.117 5.821 0.223
252 317 34 35 5 0 1 0.103 6.488 0.241
252 317 35 36 5 0 1 0.114 5.856 0.227
252 317 36 37 5 0 1 0.130 4.843 0.216
252 317 37 38 5 0 1 0.107 6.934 0.229
252 317 38 39 5 0 1 0.133 5.198 0.207
252 317 39 40 5 0 1 0.144 5.698 0.192
252 317 40 41 5 0 1 0.117 6.539 0.217
252 317 41 42 5 0 1 0.171 3.697 0.155
252 317 42 43 5 0 1 0.119 8.390 0.216
252 317 43 44 5 0 1 0.000 23.886 0.324
252 317 44 100 5 0 1 0.148 5.521 0.190
317 400 0 1 5 0 1 0.400 50.000 0.990
317 400 1 2 5 0 1 0.110 6.599 0.249
317 400 2 3 5 0 1 0.102 7.224 0.250
317 400 3 4 5 0 1 0.107 5.932 0.249
317 400 4 5 5 0 1 0.110 6.015 0.249
317 400 5 6 5 0 1 0.119 5.440 0.239
317 400 6 7 5 0 1 0.117 5.632 0.242
317 400 7 8 5 0 1 0.111 5.864 0.248
317 400 8 9 5 0 1 0.100 6.601 0.258
317 400 9 10 5 0 1 0.099 6.586 0.258
317 400 10 11 5 0 1 0.100 6.533 0.258
317 400 11 12 5 0 1 0.110 5.951 0.249
317 400 12 13 5 0 1 0.097 6.664 0.263
317 400 13 14 5 0 1 0.101 6.296 0.259
317 400 14 15 5 0 1 0.102 6.389 0.256
317 400 15 16 5 0 1 0.098 6.465 0.261
317 400 16 17 5 0 1 0.108 5.947 0.250
317 400 17 18 5 0 1 0.105 6.037 0.254
317 400 18 19 5 0 1 0.104 6.080 0.254
317 400 19 20 5 0 1 0.106 6.133 0.252
317 400 20 21 5 0 1 0.103 6.268 0.256
317 400 21 22 5 0 1 0.098 6.429 0.261
317 400 22 23 5 0 1 0.105 6.122 0.255
317 400 23 24 5 0 1 0.105 6.321 0.251
317 400 24 25 5 0 1 0.093 6.862 0.265
317 400 25 26 5 0 1 0.113 5.762 0.244
317 400 26 27 5 0 1 0.078 7.710 0.280
317 400 27 28 5 0 1 0.108 5.976 0.251
317 400 28 29 5 0 1 0.117 5.395 0.243
317 400 29 30 5 0 1 0.094 6.735 0.262
317 400 30 31 5 0 1 0.113 5.497 0.245
317 400 31 32 5 0 1 0.096 6.693 0.261
317 400 32 33 5 0 1 0.093 7.191 0.267
317 400 33 34 5 0 1 0.083 7.362 0.278
317 400 34 35 5 0 1 0.114 5.528 0.243
317 400 35 36 5 0 1 0.124 5.891 0.232
317 400 36 37 5 0 1 0.093 7.926 0.263
317 400 37 38 5 0 1 0.099 7.065 0.256
317 400 38 39 5 0 1 0.081 9.101 0.271
317 400 39 40 5 0 1 0.000 20.626 0.349
317 400 40 41 5 0 1 0.074 14.048 0.263
317 400 41 42 5 0 1 0.000 21.835 0.341
317 400 42 43 5 0 1 0.131 7.901 0.193
317 400 43 44 5 0 1 0.000 21.611 0.366
317 400 44 100 5 0 1 0.000 31.895 0.313
400 503 0 1 5 0 1 0.370 1.000 0.008
400 503 1 2 5 0 1 0.000 19.673 0.376
400 503 2 3 5 0 1 0.020 12.557 0.354
400 503 3 4 5 0 1 0.085 7.858 0.289
400 503 4 5 5 0 1 0.083 7.383 0.286
400 503 5 6 5 0 1 0.068 8.594 0.307
400 503 6 7 5 0 1 0.048 9.901 0.329
400 503 7 8 5 0 1 0.060 8.784 0.314
400 503 8 9 5 0 1 0.076 7.961 0.299
400 503 9 10 5 0 1 0.064 8.393 0.311
400 503 10 11 5 0 1 0.055 9.022 0.321
400 503 11 12 5 0 1 0.046 9.767 0.330
400 503 12 13 5 0 1 0.055 8.970 0.321
400 503 13 14 5 0 1 0.080 7.423 0.295
400 503 14 15 5 0 1 0.062 8.398 0.313
400 503 15 16 5 0 1 0.052 9.368 0.325
400 503 16 17 5 0 1 0.075 7.688 0.299
400 503 17 18 5 0 1 0.072 7.992 0.305
400 503 18 19 5 0 1 0.073 7.916 0.302
400 503 19 20 5 0 1 0.049 9.683 0.326
400 503 20 21 5 0 1 0.061 8.648 0.316
400 503 21 22 5 0 1 0.072 8.020 0.302
400 503 22 23 5 0 1 0.080 7.427 0.296
400 503 23 24 5 0 1 0.082 7.527 0.293
400 503 24 25 5 0 1 0.056 9.168 0.321
400 503 25 26 5 0 1 0.073 8.186 0.303
400 503 26 27 5 0 1 0.072 7.977 0.304
400 503 27 28 5 0 1 0.066 9.071 0.311
400 503 28 29 5 0 1 0.099 6.897 0.278
400 503 29 30 5 0 1 0.082 7.431 0.294
400 503 30 31 5 0 1 0.042 10.367 0.332
400 503 31 32 5 0 1 0.088 7.432 0.288
400 503 32 33 5 0 1 0.025 11.647 0.353
400 503 33 34 5 0 1 0.078 8.935 0.300
400 503 34 35 5 0 1 0.114 6.130 0.258
400 503 35 36 5 0 1 0.091 7.142 0.284
400 503 36 37 5 0 1 0.069 8.406 0.304
400 503 37 38 5 0 1 0.106 8.028 0.267
400 503 38 39 5 0 1 0.000 17.817 0.359
400 503 39 40 5 0 1 0.091 8.287 0.268
400 503 40 41 5 0 1 0.051 14.530 0.332
400 503 41 42 5 0 1 0.000 19.543 0.371
400 503 42 43 5 0 1 0.095 10.480 0.273
400 503 43 44 5 0 1 0.165 3.758 0.147
400 503 44 100 5 0 1 0.000 27.754 0.336
503 633 0 1 5 0 1 0.310 1.005 0.006
503 633 1 2 5 0 1 0.000 24.456 0.383
503 633 2 3 5 0 1 0.094 8.147 0.293
503 633 3 4 5 0 1 0.000 14.150 0.393
503 633 4 5 5 0 1 0.000 13.443 0.396
503 633 5 6 5 0 1 0.030 11.398 0.362
503 633 6 7 5 0 1 0.000 13.093 0.393
503 633 7 8 5 0 1 0.038 10.232 0.353
503 633 8 9 5 0 1 0.000 13.412 0.392
503 633 9 10 5 0 1 0.000 13.028 0.395
503 633 10 11 5 0 1 0.004 12.275 0.389
503 633 11 12 5 0 1 0.028 10.794 0.366
503 633 12 13 5 0 1 0.007 12.406 0.388
503 633 13 14 5 0 1 0.000 12.640 0.395
503 633 14 15 5 0 1 0.004 12.447 0.393
503 633 15 16 5 0 1 0.000 12.746 0.393
503 633 16 17 5 0 1 0.000 12.530 0.395
503 633 17 18 5 0 1 0.046 9.791 0.349
503 633 18 19 5 0 1 0.000 12.635 0.393
503 633 19 20 5 0 1 0.000 13.127 0.394
503 633 20 21 5 0 1 0.000 12.687 0.393
503 633 21 22 5 0 1 0.000 12.933 0.401
503 633 22 23 5 0 1 0.000 12.582 0.396
503 633 23 24 5 0 1 0.032 10.361 0.360
503 633 24 25 5 0 1 0.000 13.190 0.390
503 633 25 26 5 0 1 0.045 9.897 0.351
503 633 26 27 5 0 1 0.000 13.708 0.396
503 633 27 28 5 0 1 0.000 13.699 0.389
503 633 28 29 5 0 1 0.000 13.427 0.395
503 633 29 30 5 0 1 0.026 12.544 0.369
503 633 30 31 5 0 1 0.000 14.375 0.390
503 633 31 32 5 0 1 0.049 10.400 0.342
503 633 32 33 5 0 1 0.000 13.295 0.386
503 633 33 34 5 0 1 0.042 12.828 0.356
503 633 34 35 5 0 1 0.117 8.825 0.270
503 633 35 36 5 0 1 0.033 13.073 0.355
503 633 36 37 5 0 1 0.003 16.116 0.371
503 633 37 38 5 0 1 0.000 23.259 0.384
503 633 38 39 5 0 1 0.000 18.993 0.384
503 633 39 40 5 0 1 0.000 17.895 0.380
503 633 40 41 5 0 1 0.000 35.386 0.380
503 633 41 42 5 0 1 0.000 36.652 0.354
503 633 42 43 5 0 1 0.004 50.000 0.420
503 633 43 44 5 0 1 0.208 3.402 0.111
503 633 44 100 5 0 1 0.091 17.858 0.200
633 797 0 1 5 0 1 0.382 2.986 0.003
633 797 1 2 5 0 1 0.388 12.087 0.001
633 797 2 3 5 0 1 0.000 15.994 0.410
633 797 3 4 5 0 1 0.000 15.046 0.408
633 797 4 5 5 0 1 0.000 15.363 0.407
633 797 5 6 5 0 1 0.000 13.545 0.416
633 797 6 7 5 0 1 0.000 13.932 0.414
633 797 7 8 5 0 1 0.000 14.012 0.413
633 797 8 9 5 0 1 0.000 13.659 0.412
633 797 9 10 5 0 1 0.000 13.300 0.413
633 797 10 11 5 0 1 0.000 13.681 0.416
633 797 11 12 5 0 1 0.000 13.076 0.413
633 797 12 13 5 0 1 0.000 13.587 0.416
633 797 13 14 5 0 1 0.000 13.333 0.415
633 797 14 15 5 0 1 0.000 13.667 0.419
633 797 15 16 5 0 1 0.000 13.132 0.412
633 797 16 17 5 0 1 0.000 13.272 0.418
633 797 17 18 5 0 1 0.000 13.341 0.418
633 797 18 19 5 0 1 0.000 13.726 0.416
633 797 19 20 5 0 1 0.000 13.167 0.416
633 797 20 21 5 0 1 0.000 13.063 0.414
633 797 21 22 5 0 1 0.000 13.862 0.415
633 797 22 23 5 0 1 0.000 13.542 0.416
633 797 23 24 5 0 1 0.013 13.231 0.405
633 797 24 25 5 0 1 0.005 12.559 0.414
633 797 25 26 5 0 1 0.007 13.012 0.409
633 797 26 27 5 0 1 0.000 13.496 0.421
633 797 27 28 5 0 1 0.000 13.700 0.420
633 797 28 29 5 0 1 0.000 13.991 0.410
633 797 29 30 5 0 1 0.000 15.671 0.415
633 797 30 31 5 0 1 0.000 14.180 0.423
633 797 31 32 5 0 1 0.000 14.533 0.416
633 797 32 33 5 0 1 0.000 17.343 0.408
633 797 33 34 5 0 1 0.000 17.290 0.414
633 797 34 35 5 0 1 0.026 14.479 0.380
633 797 35 36 5 0 1 0.190 1.000 0.990
633 797 36 37 5 0 1 0.097 14.013 0.313
633 797 37 38 5 0 1 0.000 24.590 0.390
633 797 38 39 5 0 1 0.131 12.738 0.181
633 797 39 40 5 0 1 0.057 14.234 0.320
633 797 40 41 5 0 1 0.000 34.711 0.424
633 797 41 42 5 0 1 0.203 4.202 0.145
633 797 42 43 5 0 1 0.063 50.000 0.358
633 797 43 44 5 0 1 0.347 5.155 0.062
633 797 44 100 5 0 1 0.400 50.000 0.990
797 1003 0 1 5 0 1 0.400 50.000 0.001
797 1003 1 2 5 0 1 0.400 50.000 0.990
797 1003 2 3 5 0 1 0.000 21.860 0.419
797 1003 3 4 5 0 1 0.000 15.796 0.417
797 1003 4 5 5 0 1 0.000 16.874 0.431
797 1003 5 6 5 0 1 0.000 15.117 0.434
797 1003 6 7 5 0 1 0.000 14.905 0.434
797 1003 7 8 5 0 1 0.000 14.795 0.441
797 1003 8 9 5 0 1 0.000 14.349 0.437
797 1003 9 10 5 0 1 0.000 14.088 0.438
797 1003 10 11 5 0 1 0.000 14.733 0.439
797 1003 11 12 5 0 1 0.000 14.556 0.437
797 1003 12 13 5 0 1 0.000 14.809 0.439
797 1003 13 14 5 0 1 0.000 14.263 0.444
797 1003 14 15 5 0 1 0.000 14.343 0.438
797 1003 15 16 5 0 1 0.000 14.976 0.439
797 1003 16 17 5 0 1 0.000 14.931 0.438
797 1003 17 18 5 0 1 0.000 14.810 0.440
797 1003 18 19 5 0 1 0.000 14.500 0.438
797 1003 19 20 5 0 1 0.000 16.075 0.450
797 1003 20 21 5 0 1 0.000 14.196 0.437
797 1003 21 22 5 0 1 0.000 15.326 0.440
797 1003 22 23 5 0 1 0.000 15.045 0.433
797 1003 23 24 5 0 1 0.000 15.583 0.448
797 1003 24 25 5 0 1 0.000 15.447 0.439
797 1003 25 26 5 0 1 0.000 20.498 0.438
797 1003 26 27 5 0 1 0.000 16.619 0.444
797 1003 27 28 5 0 1 0.000 16.403 0.445
797 1003 28 29 5 0 1 0.000 17.867 0.438
797 1003 29 30 5 0 1 0.000 17.071 0.429
797 1003 30 31 5 0 1 0.000 22.631 0.433
797 1003 31 32 5 0 1 0.000 17.536 0.423
797 1003 32 33 5 0 1 0.000 32.769 0.405
797 1003 33 34 5 0 1 0.109 9.599 0.304
797 1003 34 35 5 0 1 0.000 35.181 0.430
797 1003 35 36 5 0 1 0.011 50.000 0.418
797 1003 36 37 5 0 1 0.400 50.000 0.990
797 1003 37 38 5 0 1 0.107 14.617 0.300
797 1003 38 39 5 0 1 0.349 3.395 0.080
797 1003 39 40 5 0 1 0.310 1.000 0.006
797 1003 40 41 5 0 1 0.239 10.025 0.049
797 1003 41 42 5 0 1 0.400 50.000 0.990
797 1003 42 43 5 0 1 0.128 50.000 0.176
797 1003 43 44 5 0 1 0.400 50.000 0.990
797 1003 44 100 5 0 1 0.400 50.000 0.990
1003 1262 1 2 5 0 1 0.400 50.000 0.990
1003 1262 2 3 5 0 1 0.250 1.000 0.004
1003 1262 3 4 5 0 1 0.000 31.908 0.443
1003 1262 4 5 5 0 1 0.000 24.272 0.433
1003 1262 5 6 5 0 1 0.000 23.369 0.465
1003 1262 6 7 5 0 1 0.000 18.946 0.451
1003 1262 7 8 5 0 1 0.000 20.292 0.464
1003 1262 8 9 5 0 1 0.000 17.776 0.464
1003 1262 9 10 5 0 1 0.000 18.188 0.462
1003 1262 10 11 5 0 1 0.000 16.124 0.460
1003 1262 11 12 5 0 1 0.000 17.238 0.461
1003 1262 12 13 5 0 1 0.000 16.643 0.461
1003 1262 13 14 5 0 1 0.000 17.257 0.473
1003 1262 14 15 5 0 1 0.000 15.577 0.460
1003 1262 15 16 5 0 1 0.000 17.265 0.469
1003 1262 16 17 5 0 1 0.000 15.695 0.465
1003 1262 17 18 5 0 1 0.000 17.880 0.457
1003 1262 18 19 5 0 1 0.000 16.392 0.458
1003 1262 19 20 5 0 1 0.000 17.141 0.465
1003 1262 20 21 5 0 1 0.000 17.740 0.458
1003 1262 21 22 5 0 1 0.000 18.664 0.458
1003 1262 22 23 5 0 1 0.000 20.992 0.449
1003 1262 23 24 5 0 1 0.000 21.186 0.462
1003 1262 24 25 5 0 1 0.000 21.846 0.463
1003 1262 25 26 5 0 1 0.000 22.815 0.470
1003 1262 26 27 5 0 1 0.000 22.507 0.463
1003 1262 27 28 5 0 1 0.000 35.846 0.462
1003 1262 28 29 5 0 1 0.096 15.330 0.337
1003 1262 29 30 5 0 1 0.000 35.778 0.467
1003 1262 30 31 5 0 1 0.002 50.000 0.452
1003 1262 31 32 5 0 1 0.309 6.018 0.164
1003 1262 32 33 5 0 1 0.390 30.533 0.001
1003 1262 33 34 5 0 1 0.098 50.000 0.296
1003 1262 34 35 5 0 1 0.227 3.592 0.116
1003 1262 35 36 5 0 1 0.400 50.000 0.990
1003 1262 36 37 5 0 1 0.400 50.000 0.990
1003 1262 37 38 5 0 1 0.019 39.259 0.002
1003 1262 38 39 5 0 1 0.400 50.000 0.990
1003 1262 39 40 5 0 1 0.400 50.000 0.990
1003 1262 40 41 5 0 1 0.318 50.000 0.164
1003 1262 41 42 5 0 1 0.400 50.000 0.990
1003 1262 42 43 5 0 1 0.400 5.539 0.006
1003 1262 43 44 5 0 1 0.400 50.000 0.990
1003 1262 44 100 5 0 1 0.400 50.000 0.990
1262 1589 1 2 5 0 1 0.363 1.218 0.002
1262 1589 2 3 5 0 1 0.400 50.000 0.990
1262 1589 3 4 5 0 1 0.400 50.000 0.990
1262 1589 4 5 5 0 1 0.105 50.000 0.377
1262 1589 5 6 5 0 1 0.006 50.000 0.465
1262 1589 6 7 5 0 1 0.189 15.271 0.320
1262 1589 7 8 5 0 1 0.102 21.848 0.403
1262 1589 8 9 5 0 1 0.000 22.305 0.474
1262 1589 9 10 5 0 1 0.000 35.566 0.460
1262 1589 10 11 5 0 1 0.400 1.000 0.002
1262 1589 11 12 5 0 1 0.000 42.442 0.473
1262 1589 12 13 5 0 1 0.000 22.131 0.489
1262 1589 13 14 5 0 1 0.000 27.571 0.490
1262 1589 14 15 5 0 1 0.000 40.476 0.492
1262 1589 15 16 5 0 1 0.000 25.224 0.470
1262 1589 16 17 5 0 1 0.000 21.832 0.492
1262 1589 17 18 5 0 1 0.000 25.088 0.464
1262 1589 18 19 5 0 1 0.079 50.000 0.431
1262 1589 19 20 5 0 1 0.000 26.449 0.469
1262 1589 20 21 5 0 1 0.067 50.000 0.436
1262 1589 21 22 5 0 1 0.000 42.542 0.495
1262 1589 22 23 5 0 1 0.183 45.808 0.343
1262 1589 23 24 5 0 1 0.076 50.000 0.372
1262 1589 24 25 5 0 1 0.385 4.696 0.110
1262 1589 25 26 5 0 1 0.064 43.607 0.001
1262 1589 26 27 5 0 1 0.141 50.000 0.323
1262 1589 27 28 5 0 1 0.350 1.000 0.006
1262 1589 28 29 5 0 1 0.370 1.000 0.004
1262 1589 29 30 5 0 1 0.261 7.349 0.173
1262 1589 30 31 5 0 1 0.400 50.000 0.990
1262 1589 31 32 5 0 1 0.017 45.092 0.003
1262 1589 32 33 5 0 1 0.400 50.000 0.084
1262 1589 33 34 5 0 1 0.400 50.000 0.990
1262 1589 34 35 5 0 1 0.390 1.000 0.006
1262 1589 35 36 5 0 1 0.400 50.000 0.990
1262 1589 36 37 5 0 1 0.390 9.847 0.005
1262 1589 37 38 5 0 1 0.400 50.000 0.990
1262 1589 38 39 5 0 1 0.400 50.000 0.990
1262 1589 39 40 5 0 1 0.400 50.000 0.990
1262 1589 40 41 5 0 1 0.010 1.554 0.001
1262 1589 41 42 5 0 1 0.374 12.763 0.011
1262 1589 43 100 5 0 1 0.400 50.000 0.001
1589 2000 1 2 5 0 1 0.400 50.000 0.001
1589 2000 3 4 5 0 1 0.393 2.004 0.001
1589 2000 4 5 5 0 1 0.400 50.000 0.990
1589 2000 5 6 5 0 1 0.400 50.000 0.990
1589 2000 6 7 5 0 1 0.400 23.045 0.115
1589 2000 7 8 5 0 1 0.389 20.430 0.108
1589 2000 8 9 5 0 1 0.333 50.000 0.229
1589 2000 9 10 5 0 1 0.292 6.887 0.125
1589 2000 10 11 5 0 1 0.137 11.849 0.001
1589 2000 11 12 5 0 1 0.370 1.000 0.004
1589 2000 12 13 5 0 1 0.400 10.501 0.124
1589 2000 13 14 5 0 1 0.379 7.079 0.082
1589 2000 14 15 5 0 1 0.286 50.000 0.244
1589 2000 15 16 5 0 1 0.173 50.000 0.336
1589 2000 16 17 5 0 1 0.361 50.000 0.158
1589 2000 17 18 5 0 1 0.400 50.000 0.224
1589 2000 18 19 5 0 1 0.210 50.000 0.340
1589 2000 19 20 5 0 1 0.400 38.336 0.137
1589 2000 20 21 5 0 1 0.316 50.000 0.249
1589 2000 21 22 5 0 1 0.400 50.000 0.990
1589 2000 22 23 5 0 1 0.400 50.000 0.990
1589 2000 23 24 5 0 1 0.400 50.000 0.990
1589 2000 24 25 5 0 1 0.400 35.810 0.137
1589 2000 25 26 5 0 1 0.400 50.000 0.990
1589 2000 26 27 5 0 1 0.398 45.397 0.002
1589 2000 27 28 5 0 1 0.393 2.295 0.001
1589 2000 28 29 5 0 1 0.400 50.000 0.990
1589 2000 29 30 5 0 1 0.400 50.000 0.990
1589 2000 30 31 5 0 1 0.400 50.000 0.990
1589 2000 31 32 5 0 1 0.400 50.000 0.990
1589 2000 32 33 5 0 1 0.400 50.000 0.990
1589 2000 34 35 5 0 1 0.400 5.611 0.001
1589 2000 35 36 5 0 1 0.332 2.170 0.001
1589 2000 37 38 5 0 1 0.400 50.000 0.001
1589 2000 38 100 5 0 1 0.400 50.000 0.001
2000 4000 2 3 5 0 1 0.370 50.000 0.001
2000 4000 4 5 5 0 1 0.400 50.000 0.001
2000 4000 5 6 5 0 1 0.400 50.000 0.001
2000 4000 6 7 5 0 1 0.400 50.000 0.990
2000 4000 7 8 5 0 1 0.395 2.304 0.001
2000 4000 8 9 5 0 1 0.400 50.000 0.990
2000 4000 9 10 5 0 1 0.400 50.000 0.001
2000 4000 11 12 5 0 1 0.392 2.152 0.001
2000 4000 12 13 5 0 1 0.400 50.000 0.990
2000 4000 13 14 5 0 1 0.400 50.000 0.990
2000 4000 14 15 5 0 1 0.380 4.271 0.005
2000 4000 15 16 5 0 1 0.400 50.000 0.990
2000 4000 16 17 5 0 1 0.393 2.873 0.001
2000 4000 17 18 5 0 1 0.400 50.000 0.990
2000 4000 18 19 5 0 1 0.394 14.705 0.005
2000 4000 19 20 5 0 1 0.400 50.000 0.001
2000 4000 20 21 5 0 1 0.400 50.000 0.001
2000 4000 21 22 5 0 1 0.400 50.000 0.001
2000 4000 22 23 5 0 1 0.350 50.000 0.001
2000 4000 24 25 5 0 1 0.400 50.000 0.001
2000 4000 26 27 5 0 1 0.400 50.000 0.001
2000 4000 27 28 5 0 1 0.400 50.000 0.001
2000 4000 28 29 5 0 1 0.400 50.000 0.001
2000 4000 29 30 5 0 1 0.400 50.000 0.001
2000 4000 37 100 5 0 1 0.400 50.000 0.001
