[quark]
{2 JetPt Rho 1 x ((x-[0])<0)?0:TMath::Exp(-1.*(x-[0])*[1]/[2])*TMath::Power((x-[0]),[1]-1)*TMath::Power([2]/[1],-1.*[1])/TMath::Gamma([1]) Correction QGL_ptD_QC_F_quark}
20 22 0 1 5 0 1 0.400 50.000 0.990
20 22 1 2 5 0 1 0.390 1.000 0.007
20 22 2 3 5 0 1 0.215 25.377 0.246
20 22 3 4 5 0 1 0.184 11.920 0.284
20 22 4 5 5 0 1 0.246 5.265 0.205
20 22 5 6 5 0 1 0.232 4.820 0.217
20 22 6 7 5 0 1 0.246 3.736 0.194
20 22 7 8 5 0 1 0.274 3.413 0.165
20 22 8 9 5 0 1 0.240 4.207 0.187
20 22 9 10 5 0 1 0.207 6.032 0.208
20 22 10 11 5 0 1 0.232 4.238 0.174
20 22 11 12 5 0 1 0.246 3.510 0.148
20 22 12 13 5 0 1 0.240 3.281 0.156
20 22 13 14 5 0 1 0.223 4.274 0.173
20 22 14 15 5 0 1 0.219 4.816 0.174
20 22 15 16 5 0 1 0.191 8.699 0.183
20 22 16 17 5 0 1 0.155 11.308 0.205
20 22 17 18 5 0 1 0.263 4.680 0.103
20 22 18 19 5 0 1 0.196 12.846 0.181
20 22 19 20 5 0 1 0.270 2.319 0.073
20 22 20 21 5 0 1 0.033 4.266 0.001
20 22 21 22 5 0 1 0.077 50.000 0.264
20 22 22 23 5 0 1 0.243 5.328 0.088
20 22 23 24 5 0 1 0.276 14.774 0.052
20 22 24 25 5 0 1 0.122 50.000 0.231
20 22 25 26 5 0 1 0.203 13.497 0.098
20 22 26 27 5 0 1 0.400 50.000 0.990
20 22 27 28 5 0 1 0.373 12.298 0.001
20 22 28 29 5 0 1 0.354 2.508 0.001
20 22 29 30 5 0 1 0.365 1.000 0.001
20 22 30 31 5 0 1 0.400 50.000 0.990
20 22 31 32 5 0 1 0.400 50.000 0.001
20 22 32 33 5 0 1 0.400 50.000 0.001
20 22 33 34 5 0 1 0.400 50.000 0.001
20 22 34 35 5 0 1 0.345 7.047 0.002
20 22 35 36 5 0 1 0.400 50.000 0.001
20 22 36 37 5 0 1 0.400 50.000 0.001
20 22 37 38 5 0 1 0.374 3.876 0.001
20 22 39 40 5 0 1 0.400 50.000 0.001
20 22 40 100 5 0 1 0.400 50.000 0.001
22 25 0 1 5 0 1 0.400 50.000 0.990
22 25 1 2 5 0 1 0.093 50.000 0.408
22 25 2 3 5 0 1 0.000 35.465 0.448
22 25 3 4 5 0 1 0.193 10.450 0.290
22 25 4 5 5 0 1 0.264 4.169 0.205
22 25 5 6 5 0 1 0.226 5.830 0.233
22 25 6 7 5 0 1 0.213 5.696 0.244
22 25 7 8 5 0 1 0.228 4.848 0.221
22 25 8 9 5 0 1 0.212 5.799 0.235
22 25 9 10 5 0 1 0.217 5.017 0.215
22 25 10 11 5 0 1 0.221 4.868 0.210
22 25 11 12 5 0 1 0.255 3.098 0.168
22 25 12 13 5 0 1 0.236 4.052 0.180
22 25 13 14 5 0 1 0.214 5.203 0.199
22 25 14 15 5 0 1 0.220 4.445 0.185
22 25 15 16 5 0 1 0.217 4.946 0.178
22 25 16 17 5 0 1 0.230 4.020 0.164
22 25 17 18 5 0 1 0.168 8.524 0.223
22 25 18 19 5 0 1 0.193 6.230 0.193
22 25 19 20 5 0 1 0.220 4.851 0.153
22 25 20 21 5 0 1 0.221 4.675 0.154
22 25 21 22 5 0 1 0.178 10.530 0.192
22 25 22 23 5 0 1 0.196 5.813 0.147
22 25 23 24 5 0 1 0.212 7.723 0.118
22 25 24 25 5 0 1 0.194 10.320 0.150
22 25 25 26 5 0 1 0.204 13.196 0.166
22 25 26 27 5 0 1 0.210 7.848 0.126
22 25 27 28 5 0 1 0.400 14.834 0.001
22 25 28 29 5 0 1 0.368 9.440 0.001
22 25 29 30 5 0 1 0.131 50.000 0.180
22 25 30 31 5 0 1 0.188 22.282 0.109
22 25 31 32 5 0 1 0.339 47.285 0.008
22 25 32 33 5 0 1 0.270 1.000 0.007
22 25 33 34 5 0 1 0.396 1.867 0.001
22 25 34 35 5 0 1 0.352 9.517 0.010
22 25 35 36 5 0 1 0.382 11.172 0.001
22 25 36 37 5 0 1 0.386 1.085 0.001
22 25 37 38 5 0 1 0.398 7.329 0.007
22 25 40 41 5 0 1 0.400 16.230 0.001
22 25 41 100 5 0 1 0.400 50.000 0.990
25 27 0 1 5 0 1 0.400 50.000 0.001
25 27 1 2 5 0 1 0.400 50.000 0.990
25 27 2 3 5 0 1 0.104 50.000 0.313
25 27 3 4 5 0 1 0.086 24.856 0.378
25 27 4 5 5 0 1 0.247 6.660 0.242
25 27 5 6 5 0 1 0.189 8.412 0.280
25 27 6 7 5 0 1 0.237 4.713 0.233
25 27 7 8 5 0 1 0.235 5.498 0.219
25 27 8 9 5 0 1 0.228 5.233 0.223
25 27 9 10 5 0 1 0.239 4.434 0.202
25 27 10 11 5 0 1 0.241 3.994 0.197
25 27 11 12 5 0 1 0.203 6.147 0.228
25 27 12 13 5 0 1 0.213 5.793 0.210
25 27 13 14 5 0 1 0.220 4.654 0.195
25 27 14 15 5 0 1 0.206 5.758 0.208
25 27 15 16 5 0 1 0.198 5.846 0.212
25 27 16 17 5 0 1 0.212 5.529 0.186
25 27 17 18 5 0 1 0.243 3.499 0.163
25 27 18 19 5 0 1 0.225 4.173 0.165
25 27 19 20 5 0 1 0.238 3.581 0.145
25 27 20 21 5 0 1 0.226 4.525 0.158
25 27 21 22 5 0 1 0.139 13.892 0.226
25 27 22 23 5 0 1 0.154 13.814 0.222
25 27 23 24 5 0 1 0.187 7.134 0.175
25 27 24 25 5 0 1 0.204 8.913 0.135
25 27 25 26 5 0 1 0.185 9.544 0.188
25 27 26 27 5 0 1 0.185 13.749 0.158
25 27 27 28 5 0 1 0.249 3.184 0.076
25 27 28 29 5 0 1 0.400 1.000 0.002
25 27 29 30 5 0 1 0.350 1.280 0.008
25 27 30 31 5 0 1 0.387 5.279 0.001
25 27 31 32 5 0 1 0.400 3.699 0.001
25 27 32 33 5 0 1 0.400 50.000 0.990
25 27 33 34 5 0 1 0.395 2.288 0.001
25 27 34 35 5 0 1 0.307 5.421 0.001
25 27 35 36 5 0 1 0.367 1.925 0.001
25 27 36 37 5 0 1 0.400 50.000 0.001
25 27 37 38 5 0 1 0.382 11.431 0.001
25 27 38 39 5 0 1 0.400 50.000 0.001
25 27 40 41 5 0 1 0.400 50.000 0.001
25 27 42 100 5 0 1 0.370 50.000 0.001
27 29 0 1 5 0 1 0.400 50.000 0.990
27 29 1 2 5 0 1 0.348 50.000 0.160
27 29 2 3 5 0 1 0.124 50.000 0.365
27 29 3 4 5 0 1 0.257 5.721 0.228
27 29 4 5 5 0 1 0.239 6.311 0.246
27 29 5 6 5 0 1 0.162 11.227 0.310
27 29 6 7 5 0 1 0.258 3.845 0.220
27 29 7 8 5 0 1 0.235 4.981 0.230
27 29 8 9 5 0 1 0.215 5.853 0.243
27 29 9 10 5 0 1 0.209 6.155 0.250
27 29 10 11 5 0 1 0.238 4.547 0.212
27 29 11 12 5 0 1 0.225 4.892 0.213
27 29 12 13 5 0 1 0.213 5.134 0.224
27 29 13 14 5 0 1 0.213 5.722 0.214
27 29 14 15 5 0 1 0.220 5.098 0.199
27 29 15 16 5 0 1 0.221 5.017 0.198
27 29 16 17 5 0 1 0.214 5.120 0.197
27 29 17 18 5 0 1 0.221 4.802 0.191
27 29 18 19 5 0 1 0.233 4.132 0.168
27 29 19 20 5 0 1 0.226 4.274 0.171
27 29 20 21 5 0 1 0.217 4.666 0.172
27 29 21 22 5 0 1 0.248 3.115 0.138
27 29 22 23 5 0 1 0.220 4.614 0.158
27 29 23 24 5 0 1 0.224 4.071 0.156
27 29 24 25 5 0 1 0.221 4.380 0.142
27 29 25 26 5 0 1 0.125 16.176 0.241
27 29 26 27 5 0 1 0.174 14.933 0.167
27 29 27 28 5 0 1 0.072 50.000 0.270
27 29 28 29 5 0 1 0.206 8.908 0.125
27 29 29 30 5 0 1 0.266 11.961 0.094
27 29 30 31 5 0 1 0.390 1.000 0.006
27 29 31 32 5 0 1 0.060 50.000 0.290
27 29 32 33 5 0 1 0.042 26.774 0.001
27 29 33 34 5 0 1 0.400 50.000 0.990
27 29 34 35 5 0 1 0.365 1.079 0.001
27 29 35 36 5 0 1 0.290 1.589 0.012
27 29 36 37 5 0 1 0.400 50.000 0.990
27 29 37 38 5 0 1 0.400 50.000 0.990
27 29 38 39 5 0 1 0.400 50.000 0.001
27 29 39 40 5 0 1 0.400 50.000 0.990
27 29 40 41 5 0 1 0.334 12.156 0.010
27 29 41 100 5 0 1 0.400 50.000 0.001
29 32 0 1 5 0 1 0.400 50.000 0.990
29 32 1 2 5 0 1 0.350 1.000 0.006
29 32 2 3 5 0 1 0.000 48.909 0.481
29 32 3 4 5 0 1 0.167 10.895 0.342
29 32 4 5 5 0 1 0.224 6.717 0.260
29 32 5 6 5 0 1 0.167 9.325 0.325
29 32 6 7 5 0 1 0.215 6.159 0.258
29 32 7 8 5 0 1 0.247 4.702 0.222
29 32 8 9 5 0 1 0.229 5.430 0.240
29 32 9 10 5 0 1 0.195 7.351 0.264
29 32 10 11 5 0 1 0.222 5.352 0.235
29 32 11 12 5 0 1 0.207 6.253 0.242
29 32 12 13 5 0 1 0.212 5.740 0.236
29 32 13 14 5 0 1 0.218 5.045 0.216
29 32 14 15 5 0 1 0.211 5.703 0.221
29 32 15 16 5 0 1 0.194 7.029 0.230
29 32 16 17 5 0 1 0.227 4.536 0.200
29 32 17 18 5 0 1 0.233 4.330 0.187
29 32 18 19 5 0 1 0.210 5.388 0.204
29 32 19 20 5 0 1 0.236 3.968 0.175
29 32 20 21 5 0 1 0.230 3.977 0.179
29 32 21 22 5 0 1 0.214 5.364 0.183
29 32 22 23 5 0 1 0.252 3.306 0.147
29 32 23 24 5 0 1 0.206 5.937 0.186
29 32 24 25 5 0 1 0.247 3.228 0.141
29 32 25 26 5 0 1 0.235 3.883 0.150
29 32 26 27 5 0 1 0.210 5.820 0.170
29 32 27 28 5 0 1 0.215 5.699 0.157
29 32 28 29 5 0 1 0.210 6.419 0.165
29 32 29 30 5 0 1 0.047 50.000 0.311
29 32 30 31 5 0 1 0.042 50.000 0.327
29 32 31 32 5 0 1 0.207 8.222 0.131
29 32 32 33 5 0 1 0.180 50.000 0.191
29 32 33 34 5 0 1 0.283 18.543 0.084
29 32 34 35 5 0 1 0.281 9.019 0.058
29 32 35 36 5 0 1 0.393 6.315 0.001
29 32 36 37 5 0 1 0.250 1.000 0.006
29 32 37 38 5 0 1 0.031 46.585 0.002
29 32 38 39 5 0 1 0.356 7.817 0.002
29 32 40 41 5 0 1 0.400 50.000 0.990
29 32 41 42 5 0 1 0.395 4.388 0.001
29 32 42 43 5 0 1 0.400 50.000 0.001
29 32 43 100 5 0 1 0.400 17.037 0.001
32 35 0 1 5 0 1 0.400 50.000 0.001
32 35 1 2 5 0 1 0.400 19.053 0.123
32 35 2 3 5 0 1 0.251 7.667 0.258
32 35 3 4 5 0 1 0.000 35.047 0.508
32 35 4 5 5 0 1 0.231 7.771 0.266
32 35 5 6 5 0 1 0.175 9.120 0.326
32 35 6 7 5 0 1 0.188 8.436 0.305
32 35 7 8 5 0 1 0.235 5.254 0.245
32 35 8 9 5 0 1 0.203 7.476 0.277
32 35 9 10 5 0 1 0.203 6.724 0.275
32 35 10 11 5 0 1 0.229 5.440 0.242
32 35 11 12 5 0 1 0.209 6.272 0.249
32 35 12 13 5 0 1 0.231 5.022 0.223
32 35 13 14 5 0 1 0.223 5.267 0.223
32 35 14 15 5 0 1 0.205 6.442 0.241
32 35 15 16 5 0 1 0.217 5.439 0.224
32 35 16 17 5 0 1 0.226 4.860 0.207
32 35 17 18 5 0 1 0.228 4.519 0.199
32 35 18 19 5 0 1 0.205 6.406 0.225
32 35 19 20 5 0 1 0.179 7.337 0.241
32 35 20 21 5 0 1 0.235 3.881 0.188
32 35 21 22 5 0 1 0.229 4.148 0.180
32 35 22 23 5 0 1 0.206 5.810 0.201
32 35 23 24 5 0 1 0.208 5.736 0.202
32 35 24 25 5 0 1 0.219 4.696 0.172
32 35 25 26 5 0 1 0.198 6.616 0.200
32 35 26 27 5 0 1 0.057 23.753 0.325
32 35 27 28 5 0 1 0.194 7.967 0.182
32 35 28 29 5 0 1 0.000 30.158 0.372
32 35 29 30 5 0 1 0.247 3.464 0.125
32 35 30 31 5 0 1 0.185 16.607 0.181
32 35 31 32 5 0 1 0.219 7.862 0.108
32 35 32 33 5 0 1 0.236 6.718 0.102
32 35 33 34 5 0 1 0.330 1.000 0.016
32 35 34 35 5 0 1 0.290 1.000 0.007
32 35 35 36 5 0 1 0.400 1.000 0.002
32 35 36 37 5 0 1 0.388 49.688 0.004
32 35 37 38 5 0 1 0.213 50.000 0.138
32 35 38 39 5 0 1 0.350 1.000 0.008
32 35 39 40 5 0 1 0.400 3.082 0.004
32 35 40 41 5 0 1 0.367 23.169 0.016
32 35 41 42 5 0 1 0.400 15.833 0.001
32 35 43 44 5 0 1 0.400 50.000 0.001
32 35 44 100 5 0 1 0.400 50.000 0.001
35 39 0 1 5 0 1 0.367 2.998 0.001
35 39 1 2 5 0 1 0.400 50.000 0.990
35 39 2 3 5 0 1 0.400 4.136 0.142
35 39 3 4 5 0 1 0.024 21.741 0.512
35 39 4 5 5 0 1 0.166 10.552 0.345
35 39 5 6 5 0 1 0.233 7.153 0.286
35 39 6 7 5 0 1 0.206 7.290 0.296
35 39 7 8 5 0 1 0.178 8.749 0.317
35 39 8 9 5 0 1 0.220 6.516 0.272
35 39 9 10 5 0 1 0.166 8.818 0.318
35 39 10 11 5 0 1 0.185 8.137 0.291
35 39 11 12 5 0 1 0.204 6.818 0.265
35 39 12 13 5 0 1 0.203 6.797 0.270
35 39 13 14 5 0 1 0.196 7.163 0.263
35 39 14 15 5 0 1 0.197 6.711 0.260
35 39 15 16 5 0 1 0.201 6.629 0.250
35 39 16 17 5 0 1 0.201 6.618 0.253
35 39 17 18 5 0 1 0.194 7.002 0.247
35 39 18 19 5 0 1 0.211 5.940 0.226
35 39 19 20 5 0 1 0.211 5.478 0.228
35 39 20 21 5 0 1 0.209 5.967 0.224
35 39 21 22 5 0 1 0.151 10.932 0.280
35 39 22 23 5 0 1 0.195 6.665 0.232
35 39 23 24 5 0 1 0.200 6.471 0.214
35 39 24 25 5 0 1 0.167 9.692 0.257
35 39 25 26 5 0 1 0.180 7.720 0.242
35 39 26 27 5 0 1 0.181 9.343 0.235
35 39 27 28 5 0 1 0.135 12.638 0.269
35 39 28 29 5 0 1 0.204 5.937 0.196
35 39 29 30 5 0 1 0.205 6.340 0.195
35 39 30 31 5 0 1 0.130 19.930 0.243
35 39 31 32 5 0 1 0.155 16.892 0.198
35 39 32 33 5 0 1 0.202 8.307 0.150
35 39 33 34 5 0 1 0.054 50.000 0.330
35 39 34 35 5 0 1 0.214 50.000 0.169
35 39 35 36 5 0 1 0.022 50.000 0.350
35 39 36 37 5 0 1 0.230 1.000 0.990
35 39 37 38 5 0 1 0.400 8.922 0.052
35 39 38 39 5 0 1 0.400 50.000 0.990
35 39 39 40 5 0 1 0.231 50.000 0.179
35 39 40 41 5 0 1 0.310 1.927 0.014
35 39 41 42 5 0 1 0.308 5.953 0.001
35 39 42 100 5 0 1 0.340 6.979 0.005
39 42 0 1 5 0 1 0.400 50.000 0.001
39 42 1 2 5 0 1 0.379 4.206 0.004
39 42 2 3 5 0 1 0.139 18.958 0.363
39 42 3 4 5 0 1 0.044 27.156 0.477
39 42 4 5 5 0 1 0.163 10.924 0.363
39 42 5 6 5 0 1 0.134 14.005 0.379
39 42 6 7 5 0 1 0.189 8.567 0.332
39 42 7 8 5 0 1 0.198 8.328 0.311
39 42 8 9 5 0 1 0.164 9.959 0.341
39 42 9 10 5 0 1 0.193 7.722 0.304
39 42 10 11 5 0 1 0.227 5.844 0.258
39 42 11 12 5 0 1 0.209 6.414 0.278
39 42 12 13 5 0 1 0.215 6.267 0.271
39 42 13 14 5 0 1 0.175 9.160 0.299
39 42 14 15 5 0 1 0.199 6.776 0.268
39 42 15 16 5 0 1 0.206 6.363 0.260
39 42 16 17 5 0 1 0.166 8.973 0.301
39 42 17 18 5 0 1 0.192 7.401 0.270
39 42 18 19 5 0 1 0.156 9.613 0.298
39 42 19 20 5 0 1 0.206 6.284 0.241
39 42 20 21 5 0 1 0.190 7.732 0.246
39 42 21 22 5 0 1 0.190 7.801 0.245
39 42 22 23 5 0 1 0.149 11.109 0.280
39 42 23 24 5 0 1 0.215 6.192 0.225
39 42 24 25 5 0 1 0.156 10.055 0.271
39 42 25 26 5 0 1 0.090 18.188 0.341
39 42 26 27 5 0 1 0.171 11.657 0.254
39 42 27 28 5 0 1 0.261 4.120 0.145
39 42 28 29 5 0 1 0.110 23.482 0.294
39 42 29 30 5 0 1 0.239 4.059 0.170
39 42 30 31 5 0 1 0.263 4.419 0.128
39 42 31 32 5 0 1 0.104 29.461 0.288
39 42 32 33 5 0 1 0.030 50.000 0.335
39 42 33 34 5 0 1 0.038 50.000 0.374
39 42 34 35 5 0 1 0.250 15.136 0.129
39 42 35 36 5 0 1 0.262 5.691 0.086
39 42 36 37 5 0 1 0.160 50.000 0.227
39 42 37 38 5 0 1 0.223 50.000 0.160
39 42 38 39 5 0 1 0.173 50.000 0.208
39 42 39 40 5 0 1 0.400 50.000 0.990
39 42 40 41 5 0 1 0.393 2.354 0.001
39 42 41 42 5 0 1 0.333 2.566 0.002
39 42 42 43 5 0 1 0.400 50.000 0.008
39 42 43 100 5 0 1 0.400 50.000 0.990
42 46 1 2 5 0 1 0.350 1.149 0.990
42 46 2 3 5 0 1 0.000 36.528 0.547
42 46 3 4 5 0 1 0.234 9.036 0.309
42 46 4 5 5 0 1 0.211 8.875 0.330
42 46 5 6 5 0 1 0.193 8.809 0.335
42 46 6 7 5 0 1 0.170 9.329 0.353
42 46 7 8 5 0 1 0.216 7.211 0.299
42 46 8 9 5 0 1 0.081 16.346 0.433
42 46 9 10 5 0 1 0.166 9.617 0.341
42 46 10 11 5 0 1 0.143 11.350 0.356
42 46 11 12 5 0 1 0.186 7.758 0.307
42 46 12 13 5 0 1 0.120 12.378 0.369
42 46 13 14 5 0 1 0.211 6.472 0.274
42 46 14 15 5 0 1 0.172 9.126 0.311
42 46 15 16 5 0 1 0.181 8.495 0.297
42 46 16 17 5 0 1 0.189 7.540 0.279
42 46 17 18 5 0 1 0.204 6.470 0.264
42 46 18 19 5 0 1 0.157 9.992 0.306
42 46 19 20 5 0 1 0.189 7.717 0.275
42 46 20 21 5 0 1 0.103 13.352 0.355
42 46 21 22 5 0 1 0.195 7.792 0.258
42 46 22 23 5 0 1 0.199 6.568 0.250
42 46 23 24 5 0 1 0.186 8.524 0.261
42 46 24 25 5 0 1 0.201 8.176 0.239
42 46 25 26 5 0 1 0.205 7.515 0.219
42 46 26 27 5 0 1 0.226 5.253 0.208
42 46 27 28 5 0 1 0.201 8.425 0.217
42 46 28 29 5 0 1 0.230 5.388 0.193
42 46 29 30 5 0 1 0.003 29.994 0.426
42 46 30 31 5 0 1 0.075 50.000 0.299
42 46 31 32 5 0 1 0.052 38.633 0.354
42 46 32 33 5 0 1 0.156 14.753 0.262
42 46 33 34 5 0 1 0.092 26.867 0.290
42 46 34 35 5 0 1 0.147 50.000 0.271
42 46 35 36 5 0 1 0.388 18.324 0.001
42 46 36 37 5 0 1 0.280 11.414 0.004
42 46 37 38 5 0 1 0.360 9.286 0.056
42 46 38 39 5 0 1 0.364 9.422 0.003
42 46 39 40 5 0 1 0.400 50.000 0.990
42 46 40 41 5 0 1 0.290 1.000 0.006
42 46 41 42 5 0 1 0.400 50.000 0.990
42 46 42 43 5 0 1 0.155 50.000 0.166
42 46 43 44 5 0 1 0.400 50.000 0.040
42 46 44 100 5 0 1 0.400 50.000 0.001
46 51 0 1 5 0 1 0.400 50.000 0.990
46 51 1 2 5 0 1 0.400 50.000 0.140
46 51 2 3 5 0 1 0.000 31.518 0.553
46 51 3 4 5 0 1 0.199 11.818 0.332
46 51 4 5 5 0 1 0.000 24.726 0.538
46 51 5 6 5 0 1 0.093 14.313 0.455
46 51 6 7 5 0 1 0.124 14.369 0.417
46 51 7 8 5 0 1 0.143 11.959 0.389
46 51 8 9 5 0 1 0.102 14.977 0.419
46 51 9 10 5 0 1 0.158 10.482 0.361
46 51 10 11 5 0 1 0.163 10.003 0.354
46 51 11 12 5 0 1 0.156 10.402 0.355
46 51 12 13 5 0 1 0.205 7.568 0.300
46 51 13 14 5 0 1 0.177 8.950 0.322
46 51 14 15 5 0 1 0.155 10.302 0.340
46 51 15 16 5 0 1 0.176 8.536 0.312
46 51 16 17 5 0 1 0.156 10.495 0.331
46 51 17 18 5 0 1 0.188 8.601 0.299
46 51 18 19 5 0 1 0.166 8.955 0.314
46 51 19 20 5 0 1 0.155 9.888 0.325
46 51 20 21 5 0 1 0.131 12.623 0.343
46 51 21 22 5 0 1 0.193 7.798 0.268
46 51 22 23 5 0 1 0.127 12.582 0.335
46 51 23 24 5 0 1 0.103 14.434 0.358
46 51 24 25 5 0 1 0.215 6.308 0.236
46 51 25 26 5 0 1 0.258 4.172 0.200
46 51 26 27 5 0 1 0.000 32.774 0.445
46 51 27 28 5 0 1 0.159 11.988 0.284
46 51 28 29 5 0 1 0.242 4.417 0.180
46 51 29 30 5 0 1 0.213 8.458 0.239
46 51 30 31 5 0 1 0.229 5.679 0.191
46 51 31 32 5 0 1 0.201 9.052 0.213
46 51 32 33 5 0 1 0.167 16.315 0.234
46 51 33 34 5 0 1 0.252 6.085 0.148
46 51 34 35 5 0 1 0.261 4.811 0.132
46 51 35 36 5 0 1 0.233 13.061 0.188
46 51 36 37 5 0 1 0.215 50.000 0.195
46 51 37 38 5 0 1 0.400 1.000 0.002
46 51 38 39 5 0 1 0.390 1.324 0.007
46 51 39 40 5 0 1 0.349 13.706 0.083
46 51 40 41 5 0 1 0.354 12.203 0.069
46 51 41 42 5 0 1 0.400 50.000 0.990
46 51 42 43 5 0 1 0.400 50.000 0.990
46 51 43 44 5 0 1 0.400 50.000 0.990
46 51 44 100 5 0 1 0.400 50.000 0.990
51 56 0 1 5 0 1 0.400 50.000 0.990
51 56 1 2 5 0 1 0.400 6.035 0.083
51 56 2 3 5 0 1 0.000 50.000 0.563
51 56 3 4 5 0 1 0.251 9.153 0.312
51 56 4 5 5 0 1 0.071 20.224 0.493
51 56 5 6 5 0 1 0.004 25.878 0.546
51 56 6 7 5 0 1 0.138 12.627 0.412
51 56 7 8 5 0 1 0.162 11.675 0.379
51 56 8 9 5 0 1 0.095 15.709 0.443
51 56 9 10 5 0 1 0.091 15.827 0.440
51 56 10 11 5 0 1 0.101 14.006 0.432
51 56 11 12 5 0 1 0.164 10.509 0.361
51 56 12 13 5 0 1 0.093 14.439 0.429
51 56 13 14 5 0 1 0.144 11.833 0.366
51 56 14 15 5 0 1 0.167 9.673 0.340
51 56 15 16 5 0 1 0.187 8.546 0.311
51 56 16 17 5 0 1 0.187 8.910 0.312
51 56 17 18 5 0 1 0.198 7.298 0.294
51 56 18 19 5 0 1 0.129 12.347 0.364
51 56 19 20 5 0 1 0.116 13.802 0.372
51 56 20 21 5 0 1 0.206 7.004 0.274
51 56 21 22 5 0 1 0.173 9.418 0.313
51 56 22 23 5 0 1 0.109 13.218 0.357
51 56 23 24 5 0 1 0.153 11.149 0.309
51 56 24 25 5 0 1 0.041 23.061 0.425
51 56 25 26 5 0 1 0.000 29.794 0.471
51 56 26 27 5 0 1 0.000 33.470 0.457
51 56 27 28 5 0 1 0.000 29.992 0.454
51 56 28 29 5 0 1 0.000 35.869 0.449
51 56 29 30 5 0 1 0.237 7.228 0.195
51 56 30 31 5 0 1 0.262 3.886 0.166
51 56 31 32 5 0 1 0.078 23.285 0.371
51 56 32 33 5 0 1 0.002 50.000 0.425
51 56 33 34 5 0 1 0.390 1.009 0.006
51 56 34 35 5 0 1 0.179 39.591 0.240
51 56 35 36 5 0 1 0.324 5.731 0.076
51 56 36 37 5 0 1 0.330 2.175 0.067
51 56 37 38 5 0 1 0.369 4.015 0.049
51 56 38 39 5 0 1 0.139 50.000 0.290
51 56 39 40 5 0 1 0.310 1.000 0.008
51 56 40 41 5 0 1 0.370 1.000 0.007
51 56 42 43 5 0 1 0.394 2.172 0.001
51 56 43 44 5 0 1 0.365 49.998 0.035
51 56 44 100 5 0 1 0.400 50.000 0.990
56 61 0 1 5 0 1 0.400 50.000 0.990
56 61 1 2 5 0 1 0.400 50.000 0.990
56 61 2 3 5 0 1 0.000 34.661 0.534
56 61 3 4 5 0 1 0.099 26.523 0.474
56 61 4 5 5 0 1 0.018 23.377 0.553
56 61 5 6 5 0 1 0.111 16.508 0.460
56 61 6 7 5 0 1 0.108 16.323 0.451
56 61 7 8 5 0 1 0.157 12.657 0.395
56 61 8 9 5 0 1 0.147 11.788 0.404
56 61 9 10 5 0 1 0.140 12.458 0.401
56 61 10 11 5 0 1 0.199 8.715 0.342
56 61 11 12 5 0 1 0.117 14.240 0.417
56 61 12 13 5 0 1 0.135 12.710 0.395
56 61 13 14 5 0 1 0.023 21.306 0.504
56 61 14 15 5 0 1 0.054 18.643 0.468
56 61 15 16 5 0 1 0.157 10.674 0.361
56 61 16 17 5 0 1 0.160 10.303 0.350
56 61 17 18 5 0 1 0.085 16.457 0.425
56 61 18 19 5 0 1 0.140 11.935 0.371
56 61 19 20 5 0 1 0.088 16.462 0.409
56 61 20 21 5 0 1 0.138 11.444 0.357
56 61 21 22 5 0 1 0.005 24.101 0.487
56 61 22 23 5 0 1 0.177 10.121 0.310
56 61 23 24 5 0 1 0.154 12.237 0.334
56 61 24 25 5 0 1 0.153 10.773 0.320
56 61 25 26 5 0 1 0.177 13.590 0.302
56 61 26 27 5 0 1 0.000 30.069 0.472
56 61 27 28 5 0 1 0.113 17.098 0.350
56 61 28 29 5 0 1 0.111 19.184 0.359
56 61 29 30 5 0 1 0.126 14.408 0.328
56 61 30 31 5 0 1 0.000 44.913 0.454
56 61 31 32 5 0 1 0.000 43.132 0.421
56 61 32 33 5 0 1 0.151 22.557 0.269
56 61 33 34 5 0 1 0.203 14.341 0.228
56 61 34 35 5 0 1 0.390 1.000 0.004
56 61 35 36 5 0 1 0.390 1.000 0.005
56 61 36 37 5 0 1 0.158 50.000 0.295
56 61 37 38 5 0 1 0.290 1.000 0.004
56 61 38 39 5 0 1 0.286 6.489 0.053
56 61 39 40 5 0 1 0.400 7.178 0.065
56 61 41 42 5 0 1 0.400 50.000 0.990
56 61 43 44 5 0 1 0.400 50.000 0.990
56 61 44 100 5 0 1 0.400 50.000 0.001
61 67 0 1 5 0 1 0.353 10.611 0.010
61 67 1 2 5 0 1 0.291 17.105 0.001
61 67 2 3 5 0 1 0.400 1.000 0.001
61 67 3 4 5 0 1 0.000 30.224 0.595
61 67 4 5 5 0 1 0.000 30.013 0.575
61 67 5 6 5 0 1 0.000 25.088 0.577
61 67 6 7 5 0 1 0.000 21.998 0.568
61 67 7 8 5 0 1 0.000 25.259 0.563
61 67 8 9 5 0 1 0.053 19.618 0.507
61 67 9 10 5 0 1 0.000 23.728 0.558
61 67 10 11 5 0 1 0.085 16.647 0.465
61 67 11 12 5 0 1 0.017 20.693 0.527
61 67 12 13 5 0 1 0.038 19.612 0.507
61 67 13 14 5 0 1 0.030 19.776 0.506
61 67 14 15 5 0 1 0.171 10.706 0.360
61 67 15 16 5 0 1 0.094 15.722 0.439
61 67 16 17 5 0 1 0.126 13.520 0.398
61 67 17 18 5 0 1 0.000 23.334 0.519
61 67 18 19 5 0 1 0.149 12.204 0.378
61 67 19 20 5 0 1 0.199 9.388 0.312
61 67 20 21 5 0 1 0.183 9.810 0.321
61 67 21 22 5 0 1 0.159 11.842 0.345
61 67 22 23 5 0 1 0.159 11.930 0.344
61 67 23 24 5 0 1 0.029 25.556 0.470
61 67 24 25 5 0 1 0.211 8.792 0.289
61 67 25 26 5 0 1 0.051 21.873 0.443
61 67 26 27 5 0 1 0.167 9.879 0.307
61 67 27 28 5 0 1 0.239 6.716 0.229
61 67 28 29 5 0 1 0.000 28.314 0.478
61 67 29 30 5 0 1 0.001 50.000 0.459
61 67 30 31 5 0 1 0.284 6.927 0.177
61 67 31 32 5 0 1 0.306 3.631 0.154
61 67 32 33 5 0 1 0.248 5.981 0.177
61 67 33 34 5 0 1 0.126 50.000 0.334
61 67 34 35 5 0 1 0.232 50.000 0.228
61 67 35 36 5 0 1 0.390 1.000 0.007
61 67 36 37 5 0 1 0.333 42.084 0.011
61 67 37 38 5 0 1 0.173 40.908 0.001
61 67 38 39 5 0 1 0.353 38.948 0.011
61 67 39 40 5 0 1 0.309 50.000 0.143
61 67 40 41 5 0 1 0.400 50.000 0.990
61 67 41 42 5 0 1 0.350 1.000 0.006
61 67 42 43 5 0 1 0.400 50.000 0.990
61 67 43 100 5 0 1 0.397 1.623 0.003
67 73 1 2 5 0 1 0.390 1.000 0.005
67 73 2 3 5 0 1 0.001 50.000 0.565
67 73 3 4 5 0 1 0.000 32.657 0.588
67 73 4 5 5 0 1 0.000 30.315 0.590
67 73 5 6 5 0 1 0.000 30.398 0.583
67 73 6 7 5 0 1 0.000 25.577 0.583
67 73 7 8 5 0 1 0.093 16.991 0.480
67 73 8 9 5 0 1 0.000 22.037 0.567
67 73 9 10 5 0 1 0.000 22.688 0.570
67 73 10 11 5 0 1 0.000 23.358 0.553
67 73 11 12 5 0 1 0.000 23.305 0.558
67 73 12 13 5 0 1 0.037 20.090 0.512
67 73 13 14 5 0 1 0.000 24.028 0.546
67 73 14 15 5 0 1 0.106 14.781 0.444
67 73 15 16 5 0 1 0.000 23.747 0.547
67 73 16 17 5 0 1 0.025 21.265 0.509
67 73 17 18 5 0 1 0.000 22.687 0.538
67 73 18 19 5 0 1 0.000 23.883 0.528
67 73 19 20 5 0 1 0.039 21.586 0.485
67 73 20 21 5 0 1 0.133 13.200 0.391
67 73 21 22 5 0 1 0.076 19.467 0.435
67 73 22 23 5 0 1 0.107 15.878 0.402
67 73 23 24 5 0 1 0.211 8.500 0.298
67 73 24 25 5 0 1 0.110 15.345 0.407
67 73 25 26 5 0 1 0.061 23.514 0.432
67 73 26 27 5 0 1 0.069 20.669 0.440
67 73 27 28 5 0 1 0.172 13.672 0.324
67 73 28 29 5 0 1 0.208 10.228 0.278
67 73 29 30 5 0 1 0.000 37.805 0.499
67 73 30 31 5 0 1 0.000 47.311 0.478
67 73 31 32 5 0 1 0.303 4.192 0.148
67 73 32 33 5 0 1 0.251 8.573 0.195
67 73 33 34 5 0 1 0.227 12.351 0.210
67 73 34 35 5 0 1 0.350 1.000 0.006
67 73 35 36 5 0 1 0.349 2.797 0.092
67 73 36 37 5 0 1 0.330 1.000 0.004
67 73 37 38 5 0 1 0.400 17.925 0.001
67 73 38 39 5 0 1 0.400 50.000 0.990
67 73 39 40 5 0 1 0.400 50.000 0.990
67 73 40 41 5 0 1 0.350 1.362 0.007
67 73 41 42 5 0 1 0.400 50.000 0.990
67 73 42 43 5 0 1 0.400 50.000 0.990
67 73 43 100 5 0 1 0.400 50.000 0.990
73 81 0 1 5 0 1 0.400 50.000 0.990
73 81 1 2 5 0 1 0.400 50.000 0.990
73 81 2 3 5 0 1 0.069 50.000 0.538
73 81 3 4 5 0 1 0.354 5.951 0.232
73 81 4 5 5 0 1 0.000 27.550 0.595
73 81 5 6 5 0 1 0.000 26.510 0.595
73 81 6 7 5 0 1 0.000 26.449 0.590
73 81 7 8 5 0 1 0.080 19.469 0.511
73 81 8 9 5 0 1 0.000 24.983 0.581
73 81 9 10 5 0 1 0.000 23.662 0.580
73 81 10 11 5 0 1 0.000 23.982 0.569
73 81 11 12 5 0 1 0.000 24.619 0.570
73 81 12 13 5 0 1 0.000 23.471 0.570
73 81 13 14 5 0 1 0.049 19.795 0.512
73 81 14 15 5 0 1 0.000 24.694 0.552
73 81 15 16 5 0 1 0.000 24.664 0.554
73 81 16 17 5 0 1 0.000 23.470 0.548
73 81 17 18 5 0 1 0.000 23.448 0.546
73 81 18 19 5 0 1 0.000 25.003 0.543
73 81 19 20 5 0 1 0.000 25.261 0.535
73 81 20 21 5 0 1 0.099 16.226 0.439
73 81 21 22 5 0 1 0.000 25.020 0.529
73 81 22 23 5 0 1 0.065 20.177 0.460
73 81 23 24 5 0 1 0.096 18.909 0.426
73 81 24 25 5 0 1 0.007 26.296 0.507
73 81 25 26 5 0 1 0.305 4.938 0.221
73 81 26 27 5 0 1 0.122 17.007 0.389
73 81 27 28 5 0 1 0.000 28.373 0.504
73 81 28 29 5 0 1 0.000 29.286 0.504
73 81 29 30 5 0 1 0.000 40.042 0.499
73 81 30 31 5 0 1 0.000 35.673 0.520
73 81 31 32 5 0 1 0.291 7.805 0.204
73 81 32 33 5 0 1 0.185 24.081 0.307
73 81 33 34 5 0 1 0.213 27.212 0.241
73 81 34 35 5 0 1 0.307 3.581 0.119
73 81 35 36 5 0 1 0.213 13.639 0.244
73 81 36 37 5 0 1 0.043 50.000 0.408
73 81 37 38 5 0 1 0.369 3.233 0.067
73 81 38 39 5 0 1 0.331 4.049 0.001
73 81 39 40 5 0 1 0.294 11.190 0.070
73 81 40 41 5 0 1 0.350 1.000 0.005
73 81 41 42 5 0 1 0.375 12.644 0.003
73 81 42 43 5 0 1 0.310 4.037 0.001
73 81 43 44 5 0 1 0.389 2.777 0.012
73 81 44 100 5 0 1 0.390 1.489 0.008
81 88 0 1 5 0 1 0.392 16.904 0.001
81 88 1 2 5 0 1 0.344 50.000 0.179
81 88 2 3 5 0 1 0.400 11.431 0.226
81 88 3 4 5 0 1 0.031 50.000 0.565
81 88 4 5 5 0 1 0.000 30.791 0.603
81 88 5 6 5 0 1 0.000 27.570 0.606
81 88 6 7 5 0 1 0.000 25.770 0.595
81 88 7 8 5 0 1 0.000 25.137 0.594
81 88 8 9 5 0 1 0.000 26.166 0.586
81 88 9 10 5 0 1 0.000 25.328 0.584
81 88 10 11 5 0 1 0.016 25.312 0.563
81 88 11 12 5 0 1 0.000 26.109 0.583
81 88 12 13 5 0 1 0.000 24.472 0.577
81 88 13 14 5 0 1 0.047 21.700 0.519
81 88 14 15 5 0 1 0.000 24.568 0.564
81 88 15 16 5 0 1 0.000 24.770 0.561
81 88 16 17 5 0 1 0.048 23.838 0.520
81 88 17 18 5 0 1 0.000 25.913 0.550
81 88 18 19 5 0 1 0.000 24.257 0.546
81 88 19 20 5 0 1 0.000 29.051 0.553
81 88 20 21 5 0 1 0.000 32.191 0.539
81 88 21 22 5 0 1 0.000 26.463 0.539
81 88 22 23 5 0 1 0.000 25.396 0.540
81 88 23 24 5 0 1 0.000 25.515 0.535
81 88 24 25 5 0 1 0.000 28.161 0.520
81 88 25 26 5 0 1 0.243 8.182 0.278
81 88 26 27 5 0 1 0.282 7.716 0.233
81 88 27 28 5 0 1 0.018 31.373 0.508
81 88 28 29 5 0 1 0.355 4.887 0.166
81 88 29 30 5 0 1 0.143 19.572 0.374
81 88 30 31 5 0 1 0.000 34.616 0.485
81 88 31 32 5 0 1 0.400 1.000 0.002
81 88 32 33 5 0 1 0.072 50.000 0.403
81 88 33 34 5 0 1 0.315 2.216 0.001
81 88 34 35 5 0 1 0.279 50.000 0.245
81 88 35 36 5 0 1 0.400 1.000 0.002
81 88 36 37 5 0 1 0.400 50.000 0.990
81 88 37 38 5 0 1 0.390 1.000 0.006
81 88 38 39 5 0 1 0.019 10.168 0.001
81 88 40 41 5 0 1 0.400 50.000 0.990
81 88 41 42 5 0 1 0.399 4.408 0.005
81 88 42 43 5 0 1 0.335 9.714 0.009
81 88 43 100 5 0 1 0.393 49.591 0.001
88 97 1 2 5 0 1 0.400 50.000 0.990
88 97 2 3 5 0 1 0.313 10.237 0.276
88 97 3 4 5 0 1 0.000 46.140 0.589
88 97 4 5 5 0 1 0.000 31.890 0.627
88 97 5 6 5 0 1 0.000 32.104 0.621
88 97 6 7 5 0 1 0.000 29.251 0.615
88 97 7 8 5 0 1 0.000 25.145 0.612
88 97 8 9 5 0 1 0.000 25.935 0.599
88 97 9 10 5 0 1 0.000 25.963 0.603
88 97 10 11 5 0 1 0.000 26.057 0.594
88 97 11 12 5 0 1 0.000 26.102 0.588
88 97 12 13 5 0 1 0.000 25.443 0.583
88 97 13 14 5 0 1 0.000 26.609 0.579
88 97 14 15 5 0 1 0.000 25.184 0.582
88 97 15 16 5 0 1 0.000 26.532 0.569
88 97 16 17 5 0 1 0.030 22.689 0.531
88 97 17 18 5 0 1 0.000 26.639 0.563
88 97 18 19 5 0 1 0.000 24.630 0.567
88 97 19 20 5 0 1 0.000 25.315 0.566
88 97 20 21 5 0 1 0.000 25.880 0.558
88 97 21 22 5 0 1 0.000 26.920 0.558
88 97 22 23 5 0 1 0.000 26.818 0.547
88 97 23 24 5 0 1 0.000 26.160 0.544
88 97 24 25 5 0 1 0.000 30.655 0.536
88 97 25 26 5 0 1 0.163 15.787 0.366
88 97 26 27 5 0 1 0.000 41.306 0.542
88 97 27 28 5 0 1 0.074 27.102 0.459
88 97 28 29 5 0 1 0.059 30.739 0.468
88 97 29 30 5 0 1 0.303 7.840 0.225
88 97 30 31 5 0 1 0.334 4.859 0.174
88 97 31 32 5 0 1 0.043 50.000 0.480
88 97 32 33 5 0 1 0.400 50.000 0.001
88 97 33 34 5 0 1 0.350 1.000 0.990
88 97 34 35 5 0 1 0.310 1.000 0.990
88 97 35 36 5 0 1 0.352 50.000 0.170
88 97 36 37 5 0 1 0.370 1.000 0.006
88 97 37 38 5 0 1 0.400 32.429 0.143
88 97 38 39 5 0 1 0.400 50.000 0.990
88 97 39 40 5 0 1 0.390 1.000 0.005
88 97 40 41 5 0 1 0.390 21.814 0.003
88 97 41 42 5 0 1 0.400 50.000 0.990
88 97 42 100 5 0 1 0.400 9.840 0.054
97 106 0 1 5 0 1 0.400 50.000 0.990
97 106 1 2 5 0 1 0.400 21.626 0.252
97 106 2 3 5 0 1 0.400 21.520 0.247
97 106 3 4 5 0 1 0.134 50.000 0.530
97 106 4 5 5 0 1 0.000 34.849 0.608
97 106 5 6 5 0 1 0.000 33.662 0.628
97 106 6 7 5 0 1 0.000 29.333 0.615
97 106 7 8 5 0 1 0.000 27.087 0.618
97 106 8 9 5 0 1 0.000 26.589 0.608
97 106 9 10 5 0 1 0.000 26.394 0.607
97 106 10 11 5 0 1 0.000 25.646 0.597
97 106 11 12 5 0 1 0.000 26.217 0.602
97 106 12 13 5 0 1 0.000 25.491 0.592
97 106 13 14 5 0 1 0.000 24.922 0.590
97 106 14 15 5 0 1 0.000 27.922 0.594
97 106 15 16 5 0 1 0.000 25.858 0.585
97 106 16 17 5 0 1 0.000 25.515 0.580
97 106 17 18 5 0 1 0.000 29.915 0.579
97 106 18 19 5 0 1 0.000 28.927 0.579
97 106 19 20 5 0 1 0.062 24.646 0.510
97 106 20 21 5 0 1 0.000 32.034 0.571
97 106 21 22 5 0 1 0.000 33.730 0.570
97 106 22 23 5 0 1 0.000 31.307 0.565
97 106 23 24 5 0 1 0.000 29.359 0.559
97 106 24 25 5 0 1 0.000 42.265 0.541
97 106 25 26 5 0 1 0.240 11.735 0.304
97 106 26 27 5 0 1 0.000 45.992 0.543
97 106 27 28 5 0 1 0.400 50.000 0.001
97 106 28 29 5 0 1 0.004 50.000 0.558
97 106 29 30 5 0 1 0.173 18.414 0.363
97 106 30 31 5 0 1 0.400 50.000 0.990
97 106 31 32 5 0 1 0.072 33.310 0.447
97 106 32 33 5 0 1 0.258 11.982 0.235
97 106 33 34 5 0 1 0.342 4.787 0.110
97 106 34 35 5 0 1 0.400 50.000 0.990
97 106 35 36 5 0 1 0.400 5.927 0.004
97 106 36 37 5 0 1 0.400 50.000 0.990
97 106 38 39 5 0 1 0.400 50.000 0.990
97 106 39 40 5 0 1 0.400 50.000 0.990
97 106 40 41 5 0 1 0.400 50.000 0.990
97 106 42 100 5 0 1 0.390 2.992 0.012
106 116 1 2 5 0 1 0.400 50.000 0.990
106 116 2 3 5 0 1 0.366 14.577 0.013
106 116 3 4 5 0 1 0.381 7.147 0.242
106 116 4 5 5 0 1 0.000 39.293 0.625
106 116 5 6 5 0 1 0.000 38.295 0.644
106 116 6 7 5 0 1 0.000 33.546 0.628
106 116 7 8 5 0 1 0.000 32.012 0.626
106 116 8 9 5 0 1 0.000 29.835 0.615
106 116 9 10 5 0 1 0.000 28.082 0.612
106 116 10 11 5 0 1 0.094 23.054 0.524
106 116 11 12 5 0 1 0.000 27.448 0.610
106 116 12 13 5 0 1 0.000 31.407 0.607
106 116 13 14 5 0 1 0.000 27.359 0.610
106 116 14 15 5 0 1 0.000 26.662 0.600
106 116 15 16 5 0 1 0.000 29.629 0.600
106 116 16 17 5 0 1 0.000 30.008 0.601
106 116 17 18 5 0 1 0.000 29.823 0.586
106 116 18 19 5 0 1 0.000 28.661 0.583
106 116 19 20 5 0 1 0.000 32.525 0.577
106 116 20 21 5 0 1 0.000 29.561 0.591
106 116 21 22 5 0 1 0.000 29.958 0.583
106 116 22 23 5 0 1 0.000 33.172 0.565
106 116 23 24 5 0 1 0.000 33.101 0.588
106 116 24 25 5 0 1 0.213 13.058 0.335
106 116 25 26 5 0 1 0.294 7.828 0.250
106 116 26 27 5 0 1 0.179 19.585 0.389
106 116 27 28 5 0 1 0.298 8.292 0.236
106 116 28 29 5 0 1 0.028 50.000 0.512
106 116 29 30 5 0 1 0.314 8.745 0.239
106 116 30 31 5 0 1 0.000 38.345 0.512
106 116 31 32 5 0 1 0.370 1.000 0.004
106 116 32 33 5 0 1 0.400 11.704 0.109
106 116 33 34 5 0 1 0.400 50.000 0.990
106 116 34 35 5 0 1 0.350 6.513 0.143
106 116 35 36 5 0 1 0.400 50.000 0.990
106 116 36 37 5 0 1 0.390 1.000 0.004
106 116 37 38 5 0 1 0.400 50.000 0.990
106 116 38 39 5 0 1 0.400 50.000 0.990
106 116 39 40 5 0 1 0.400 50.000 0.990
106 116 43 44 5 0 1 0.400 5.315 0.001
106 116 44 100 5 0 1 0.400 50.000 0.990
116 127 1 2 5 0 1 0.400 50.000 0.990
116 127 2 3 5 0 1 0.002 50.000 0.615
116 127 3 4 5 0 1 0.400 50.000 0.990
116 127 4 5 5 0 1 0.000 40.404 0.646
116 127 5 6 5 0 1 0.000 35.851 0.633
116 127 6 7 5 0 1 0.000 32.033 0.626
116 127 7 8 5 0 1 0.000 36.465 0.637
116 127 8 9 5 0 1 0.000 33.547 0.631
116 127 9 10 5 0 1 0.000 28.064 0.624
116 127 10 11 5 0 1 0.000 27.455 0.616
116 127 11 12 5 0 1 0.000 31.452 0.619
116 127 12 13 5 0 1 0.000 30.871 0.616
116 127 13 14 5 0 1 0.000 29.181 0.612
116 127 14 15 5 0 1 0.000 28.190 0.606
116 127 15 16 5 0 1 0.000 33.155 0.612
116 127 16 17 5 0 1 0.000 26.641 0.600
116 127 17 18 5 0 1 0.000 29.440 0.607
116 127 18 19 5 0 1 0.000 32.598 0.596
116 127 19 20 5 0 1 0.000 30.631 0.593
116 127 20 21 5 0 1 0.000 33.105 0.594
116 127 21 22 5 0 1 0.000 32.640 0.582
116 127 22 23 5 0 1 0.000 32.445 0.582
116 127 23 24 5 0 1 0.000 36.450 0.588
116 127 24 25 5 0 1 0.000 41.000 0.575
116 127 25 26 5 0 1 0.000 48.848 0.548
116 127 26 27 5 0 1 0.000 36.661 0.559
116 127 27 28 5 0 1 0.000 40.089 0.585
116 127 28 29 5 0 1 0.055 50.000 0.504
116 127 29 30 5 0 1 0.390 1.000 0.004
116 127 30 31 5 0 1 0.400 7.145 0.158
116 127 31 32 5 0 1 0.132 50.000 0.443
116 127 32 33 5 0 1 0.400 13.196 0.157
116 127 33 34 5 0 1 0.386 4.051 0.001
116 127 34 35 5 0 1 0.400 40.015 0.095
116 127 35 36 5 0 1 0.400 50.000 0.990
116 127 36 37 5 0 1 0.400 50.000 0.990
116 127 37 38 5 0 1 0.400 50.000 0.990
116 127 38 39 5 0 1 0.400 50.000 0.990
116 127 40 41 5 0 1 0.400 50.000 0.990
116 127 41 42 5 0 1 0.400 50.000 0.990
116 127 42 100 5 0 1 0.400 50.000 0.990
127 4000 1 2 5 0 1 0.400 50.000 0.990
127 4000 2 3 5 0 1 0.056 50.000 0.635
127 4000 3 4 5 0 1 0.000 42.352 0.660
127 4000 4 5 5 0 1 0.000 34.324 0.673
127 4000 5 6 5 0 1 0.000 32.578 0.674
127 4000 6 7 5 0 1 0.000 29.678 0.667
127 4000 7 8 5 0 1 0.000 30.466 0.665
127 4000 8 9 5 0 1 0.000 28.195 0.658
127 4000 9 10 5 0 1 0.000 30.154 0.665
127 4000 10 11 5 0 1 0.000 28.903 0.656
127 4000 11 12 5 0 1 0.000 29.019 0.652
127 4000 12 13 5 0 1 0.000 28.935 0.653
127 4000 13 14 5 0 1 0.000 28.948 0.649
127 4000 14 15 5 0 1 0.000 28.496 0.649
127 4000 15 16 5 0 1 0.000 28.255 0.638
127 4000 16 17 5 0 1 0.000 29.320 0.641
127 4000 17 18 5 0 1 0.000 27.936 0.632
127 4000 18 19 5 0 1 0.000 30.423 0.635
127 4000 19 20 5 0 1 0.000 31.054 0.627
127 4000 20 21 5 0 1 0.000 30.068 0.630
127 4000 21 22 5 0 1 0.000 29.833 0.626
127 4000 22 23 5 0 1 0.000 29.897 0.619
127 4000 23 24 5 0 1 0.000 31.180 0.627
127 4000 24 25 5 0 1 0.000 28.216 0.625
127 4000 25 26 5 0 1 0.000 34.966 0.618
127 4000 26 27 5 0 1 0.000 34.448 0.602
127 4000 27 28 5 0 1 0.000 32.607 0.581
127 4000 28 29 5 0 1 0.000 36.117 0.601
127 4000 29 30 5 0 1 0.369 8.961 0.235
127 4000 30 31 5 0 1 0.000 36.140 0.593
127 4000 31 32 5 0 1 0.000 40.531 0.596
127 4000 32 33 5 0 1 0.000 49.821 0.595
127 4000 33 34 5 0 1 0.131 35.154 0.443
127 4000 34 35 5 0 1 0.158 50.000 0.389
127 4000 35 36 5 0 1 0.370 1.275 0.990
127 4000 37 38 5 0 1 0.400 50.000 0.990
127 4000 38 39 5 0 1 0.400 50.000 0.198
127 4000 39 40 5 0 1 0.400 50.000 0.990
127 4000 43 44 5 0 1 0.400 50.000 0.990
127 4000 44 100 5 0 1 0.400 50.000 0.990
[gluon]
{2 JetPt Rho 1 x ((x-[0])<0)?0:TMath::Exp(-1.*(x-[0])*[1]/[2])*TMath::Power((x-[0]),[1]-1)*TMath::Power([2]/[1],-1.*[1])/TMath::Gamma([1]) Correction QGL_ptD_QC_F_gluon}
20 22 0 1 5 0 1 0.400 50.000 0.990
20 22 1 2 5 0 1 0.353 47.003 0.026
20 22 2 3 5 0 1 0.214 7.651 0.206
20 22 3 4 5 0 1 0.289 2.836 0.126
20 22 4 5 5 0 1 0.284 2.480 0.121
20 22 5 6 5 0 1 0.212 6.584 0.192
20 22 6 7 5 0 1 0.252 3.602 0.141
20 22 7 8 5 0 1 0.242 3.975 0.155
20 22 8 9 5 0 1 0.253 3.181 0.137
20 22 9 10 5 0 1 0.241 3.420 0.136
20 22 10 11 5 0 1 0.237 3.963 0.143
20 22 11 12 5 0 1 0.239 3.541 0.131
20 22 12 13 5 0 1 0.208 5.754 0.158
20 22 13 14 5 0 1 0.232 3.505 0.127
20 22 14 15 5 0 1 0.224 4.602 0.132
20 22 15 16 5 0 1 0.197 7.606 0.153
20 22 16 17 5 0 1 0.237 3.193 0.101
20 22 17 18 5 0 1 0.242 2.226 0.099
20 22 18 19 5 0 1 0.215 7.186 0.114
20 22 19 20 5 0 1 0.157 13.486 0.181
20 22 20 21 5 0 1 0.085 29.341 0.259
20 22 21 22 5 0 1 0.225 4.470 0.106
20 22 22 23 5 0 1 0.179 16.324 0.154
20 22 23 24 5 0 1 0.187 7.954 0.136
20 22 24 25 5 0 1 0.236 8.906 0.082
20 22 25 26 5 0 1 0.390 1.000 0.005
20 22 26 27 5 0 1 0.102 50.000 0.232
20 22 27 28 5 0 1 0.213 21.277 0.102
20 22 28 29 5 0 1 0.183 50.000 0.145
20 22 29 30 5 0 1 0.290 1.000 0.008
20 22 30 31 5 0 1 0.400 50.000 0.001
20 22 31 32 5 0 1 0.284 7.247 0.053
20 22 32 33 5 0 1 0.312 3.556 0.001
20 22 33 34 5 0 1 0.347 3.594 0.001
20 22 34 35 5 0 1 0.302 7.500 0.001
20 22 35 36 5 0 1 0.317 3.946 0.005
20 22 36 37 5 0 1 0.345 1.001 0.001
20 22 37 38 5 0 1 0.400 50.000 0.990
20 22 39 40 5 0 1 0.335 30.786 0.001
20 22 40 100 5 0 1 0.350 50.000 0.001
22 25 0 1 5 0 1 0.400 50.000 0.990
22 25 1 2 5 0 1 0.211 18.537 0.210
22 25 2 3 5 0 1 0.221 7.528 0.199
22 25 3 4 5 0 1 0.222 9.256 0.199
22 25 4 5 5 0 1 0.237 4.650 0.181
22 25 5 6 5 0 1 0.239 4.430 0.169
22 25 6 7 5 0 1 0.226 5.165 0.180
22 25 7 8 5 0 1 0.231 5.106 0.166
22 25 8 9 5 0 1 0.243 4.207 0.152
22 25 9 10 5 0 1 0.236 4.119 0.150
22 25 10 11 5 0 1 0.229 4.427 0.152
22 25 11 12 5 0 1 0.228 4.461 0.150
22 25 12 13 5 0 1 0.229 4.048 0.138
22 25 13 14 5 0 1 0.231 4.138 0.132
22 25 14 15 5 0 1 0.235 3.673 0.128
22 25 15 16 5 0 1 0.230 3.967 0.128
22 25 16 17 5 0 1 0.234 3.531 0.125
22 25 17 18 5 0 1 0.212 4.904 0.137
22 25 18 19 5 0 1 0.225 3.765 0.127
22 25 19 20 5 0 1 0.242 2.901 0.105
22 25 20 21 5 0 1 0.207 5.859 0.123
22 25 21 22 5 0 1 0.180 8.892 0.158
22 25 22 23 5 0 1 0.176 11.163 0.157
22 25 23 24 5 0 1 0.216 6.404 0.115
22 25 24 25 5 0 1 0.171 15.060 0.153
22 25 25 26 5 0 1 0.011 45.554 0.320
22 25 26 27 5 0 1 0.106 50.000 0.216
22 25 27 28 5 0 1 0.134 18.861 0.195
22 25 28 29 5 0 1 0.390 1.000 0.005
22 25 29 30 5 0 1 0.234 9.174 0.092
22 25 30 31 5 0 1 0.400 50.000 0.001
22 25 31 32 5 0 1 0.310 1.000 0.006
22 25 32 33 5 0 1 0.390 1.000 0.006
22 25 33 34 5 0 1 0.265 1.096 0.001
22 25 34 35 5 0 1 0.270 1.000 0.011
22 25 35 36 5 0 1 0.255 2.177 0.001
22 25 36 37 5 0 1 0.364 1.012 0.002
22 25 37 38 5 0 1 0.355 2.558 0.001
22 25 40 41 5 0 1 0.400 50.000 0.990
22 25 41 100 5 0 1 0.400 50.000 0.990
25 27 0 1 5 0 1 0.400 50.000 0.001
25 27 1 2 5 0 1 0.214 50.000 0.249
25 27 2 3 5 0 1 0.186 16.288 0.229
25 27 3 4 5 0 1 0.228 5.796 0.197
25 27 4 5 5 0 1 0.260 3.678 0.160
25 27 5 6 5 0 1 0.232 5.361 0.184
25 27 6 7 5 0 1 0.266 3.540 0.140
25 27 7 8 5 0 1 0.229 4.611 0.175
25 27 8 9 5 0 1 0.256 3.145 0.138
25 27 9 10 5 0 1 0.234 4.405 0.161
25 27 10 11 5 0 1 0.251 3.349 0.138
25 27 11 12 5 0 1 0.235 4.055 0.142
25 27 12 13 5 0 1 0.214 5.550 0.162
25 27 13 14 5 0 1 0.228 4.787 0.145
25 27 14 15 5 0 1 0.223 4.436 0.147
25 27 15 16 5 0 1 0.229 4.003 0.134
25 27 16 17 5 0 1 0.226 4.748 0.138
25 27 17 18 5 0 1 0.231 4.155 0.124
25 27 18 19 5 0 1 0.226 4.179 0.126
25 27 19 20 5 0 1 0.202 5.897 0.141
25 27 20 21 5 0 1 0.229 3.284 0.119
25 27 21 22 5 0 1 0.123 19.186 0.216
25 27 22 23 5 0 1 0.222 5.033 0.124
25 27 23 24 5 0 1 0.174 10.296 0.149
25 27 24 25 5 0 1 0.206 8.864 0.125
25 27 25 26 5 0 1 0.208 7.675 0.132
25 27 26 27 5 0 1 0.205 9.951 0.119
25 27 27 28 5 0 1 0.199 11.448 0.126
25 27 28 29 5 0 1 0.189 16.852 0.139
25 27 29 30 5 0 1 0.227 22.174 0.110
25 27 30 31 5 0 1 0.096 50.000 0.236
25 27 31 32 5 0 1 0.166 50.000 0.156
25 27 32 33 5 0 1 0.365 1.001 0.001
25 27 33 34 5 0 1 0.213 47.950 0.001
25 27 34 35 5 0 1 0.400 21.138 0.001
25 27 35 36 5 0 1 0.374 3.560 0.001
25 27 36 37 5 0 1 0.400 50.000 0.990
25 27 37 38 5 0 1 0.382 14.465 0.001
25 27 38 39 5 0 1 0.400 17.634 0.001
25 27 40 41 5 0 1 0.330 1.679 0.001
25 27 42 100 5 0 1 0.350 50.000 0.001
27 29 0 1 5 0 1 0.400 50.000 0.990
27 29 1 2 5 0 1 0.130 50.000 0.279
27 29 2 3 5 0 1 0.001 50.000 0.420
27 29 3 4 5 0 1 0.126 22.564 0.310
27 29 4 5 5 0 1 0.229 7.567 0.202
27 29 5 6 5 0 1 0.261 3.306 0.152
27 29 6 7 5 0 1 0.260 3.273 0.157
27 29 7 8 5 0 1 0.242 3.934 0.166
27 29 8 9 5 0 1 0.252 3.451 0.157
27 29 9 10 5 0 1 0.230 4.620 0.168
27 29 10 11 5 0 1 0.230 4.398 0.160
27 29 11 12 5 0 1 0.227 4.726 0.152
27 29 12 13 5 0 1 0.225 5.176 0.154
27 29 13 14 5 0 1 0.237 3.723 0.140
27 29 14 15 5 0 1 0.229 3.993 0.144
27 29 15 16 5 0 1 0.231 4.034 0.134
27 29 16 17 5 0 1 0.226 4.373 0.137
27 29 17 18 5 0 1 0.228 4.011 0.133
27 29 18 19 5 0 1 0.203 5.403 0.161
27 29 19 20 5 0 1 0.206 5.808 0.147
27 29 20 21 5 0 1 0.229 3.524 0.125
27 29 21 22 5 0 1 0.210 5.765 0.130
27 29 22 23 5 0 1 0.227 3.713 0.121
27 29 23 24 5 0 1 0.129 19.270 0.205
27 29 24 25 5 0 1 0.216 6.673 0.121
27 29 25 26 5 0 1 0.154 13.567 0.189
27 29 26 27 5 0 1 0.136 19.020 0.194
27 29 27 28 5 0 1 0.067 49.915 0.001
27 29 28 29 5 0 1 0.101 50.000 0.232
27 29 29 30 5 0 1 0.330 1.000 0.012
27 29 30 31 5 0 1 0.287 5.185 0.060
27 29 31 32 5 0 1 0.239 28.158 0.001
27 29 32 33 5 0 1 0.400 50.000 0.990
27 29 33 34 5 0 1 0.290 1.000 0.008
27 29 34 35 5 0 1 0.223 8.194 0.051
27 29 35 36 5 0 1 0.265 7.721 0.045
27 29 36 37 5 0 1 0.290 1.764 0.013
27 29 37 38 5 0 1 0.308 29.785 0.001
27 29 38 39 5 0 1 0.400 50.000 0.990
27 29 39 40 5 0 1 0.330 50.000 0.001
27 29 40 41 5 0 1 0.331 8.149 0.004
27 29 41 100 5 0 1 0.310 50.000 0.001
29 32 0 1 5 0 1 0.377 5.206 0.006
29 32 1 2 5 0 1 0.378 32.139 0.008
29 32 2 3 5 0 1 0.262 4.799 0.142
29 32 3 4 5 0 1 0.186 9.850 0.244
29 32 4 5 5 0 1 0.230 5.739 0.208
29 32 5 6 5 0 1 0.252 4.011 0.182
29 32 6 7 5 0 1 0.203 6.886 0.215
29 32 7 8 5 0 1 0.244 4.531 0.167
29 32 8 9 5 0 1 0.239 4.401 0.168
29 32 9 10 5 0 1 0.209 6.075 0.190
29 32 10 11 5 0 1 0.236 4.154 0.163
29 32 11 12 5 0 1 0.237 3.948 0.157
29 32 12 13 5 0 1 0.233 4.248 0.154
29 32 13 14 5 0 1 0.238 4.069 0.144
29 32 14 15 5 0 1 0.230 4.277 0.149
29 32 15 16 5 0 1 0.228 4.319 0.147
29 32 16 17 5 0 1 0.233 3.919 0.140
29 32 17 18 5 0 1 0.239 3.072 0.132
29 32 18 19 5 0 1 0.223 4.221 0.136
29 32 19 20 5 0 1 0.212 5.281 0.149
29 32 20 21 5 0 1 0.204 6.217 0.154
29 32 21 22 5 0 1 0.193 7.089 0.161
29 32 22 23 5 0 1 0.209 5.249 0.146
29 32 23 24 5 0 1 0.187 7.969 0.162
29 32 24 25 5 0 1 0.211 6.216 0.135
29 32 25 26 5 0 1 0.216 5.446 0.126
29 32 26 27 5 0 1 0.127 23.022 0.197
29 32 27 28 5 0 1 0.218 5.815 0.116
29 32 28 29 5 0 1 0.155 20.012 0.161
29 32 29 30 5 0 1 0.208 8.718 0.114
29 32 30 31 5 0 1 0.400 1.007 0.002
29 32 31 32 5 0 1 0.177 11.550 0.130
29 32 32 33 5 0 1 0.179 50.000 0.135
29 32 33 34 5 0 1 0.270 3.318 0.040
29 32 34 35 5 0 1 0.400 50.000 0.990
29 32 35 36 5 0 1 0.350 4.022 0.001
29 32 36 37 5 0 1 0.398 21.275 0.003
29 32 37 38 5 0 1 0.344 9.914 0.001
29 32 38 39 5 0 1 0.312 15.357 0.003
29 32 40 41 5 0 1 0.400 50.000 0.001
29 32 41 42 5 0 1 0.381 3.528 0.001
29 32 42 43 5 0 1 0.350 1.774 0.001
29 32 43 100 5 0 1 0.400 50.000 0.001
32 35 0 1 5 0 1 0.400 24.767 0.001
32 35 1 2 5 0 1 0.309 11.397 0.100
32 35 2 3 5 0 1 0.262 9.115 0.132
32 35 3 4 5 0 1 0.250 5.822 0.185
32 35 4 5 5 0 1 0.254 5.840 0.192
32 35 5 6 5 0 1 0.233 5.450 0.195
32 35 6 7 5 0 1 0.239 5.100 0.184
32 35 7 8 5 0 1 0.249 3.932 0.172
32 35 8 9 5 0 1 0.255 3.857 0.158
32 35 9 10 5 0 1 0.238 4.497 0.174
32 35 10 11 5 0 1 0.229 4.468 0.176
32 35 11 12 5 0 1 0.238 4.165 0.161
32 35 12 13 5 0 1 0.258 3.065 0.136
32 35 13 14 5 0 1 0.231 4.559 0.154
32 35 14 15 5 0 1 0.230 4.350 0.156
32 35 15 16 5 0 1 0.235 3.551 0.150
32 35 16 17 5 0 1 0.224 4.499 0.156
32 35 17 18 5 0 1 0.239 3.279 0.137
32 35 18 19 5 0 1 0.208 5.957 0.158
32 35 19 20 5 0 1 0.232 4.267 0.140
32 35 20 21 5 0 1 0.234 3.724 0.132
32 35 21 22 5 0 1 0.233 4.177 0.132
32 35 22 23 5 0 1 0.210 6.111 0.154
32 35 23 24 5 0 1 0.244 2.897 0.109
32 35 24 25 5 0 1 0.240 3.143 0.114
32 35 25 26 5 0 1 0.232 3.969 0.123
32 35 26 27 5 0 1 0.237 4.297 0.098
32 35 27 28 5 0 1 0.195 10.700 0.140
32 35 28 29 5 0 1 0.217 6.153 0.109
32 35 29 30 5 0 1 0.091 33.152 0.231
32 35 30 31 5 0 1 0.211 7.538 0.126
32 35 31 32 5 0 1 0.149 20.547 0.199
32 35 32 33 5 0 1 0.222 6.046 0.086
32 35 33 34 5 0 1 0.158 50.000 0.163
32 35 34 35 5 0 1 0.350 4.430 0.001
32 35 35 36 5 0 1 0.189 50.000 0.157
32 35 36 37 5 0 1 0.330 1.000 0.005
32 35 37 38 5 0 1 0.368 9.657 0.001
32 35 38 39 5 0 1 0.400 50.000 0.990
32 35 39 40 5 0 1 0.365 1.001 0.001
32 35 40 41 5 0 1 0.149 48.705 0.009
32 35 41 42 5 0 1 0.383 14.469 0.001
32 35 43 44 5 0 1 0.350 50.000 0.001
32 35 44 100 5 0 1 0.350 1.945 0.001
35 39 0 1 5 0 1 0.400 28.184 0.001
35 39 1 2 5 0 1 0.090 50.000 0.336
35 39 2 3 5 0 1 0.106 27.798 0.332
35 39 3 4 5 0 1 0.151 19.740 0.281
35 39 4 5 5 0 1 0.255 5.260 0.180
35 39 5 6 5 0 1 0.236 5.473 0.206
35 39 6 7 5 0 1 0.250 4.346 0.186
35 39 7 8 5 0 1 0.247 4.814 0.183
35 39 8 9 5 0 1 0.235 5.133 0.189
35 39 9 10 5 0 1 0.249 3.934 0.175
35 39 10 11 5 0 1 0.223 5.981 0.190
35 39 11 12 5 0 1 0.246 4.006 0.166
35 39 12 13 5 0 1 0.251 3.758 0.159
35 39 13 14 5 0 1 0.228 4.668 0.173
35 39 14 15 5 0 1 0.251 3.566 0.148
35 39 15 16 5 0 1 0.235 4.076 0.156
35 39 16 17 5 0 1 0.238 3.975 0.144
35 39 17 18 5 0 1 0.232 4.059 0.156
35 39 18 19 5 0 1 0.239 3.783 0.142
35 39 19 20 5 0 1 0.221 5.029 0.159
35 39 20 21 5 0 1 0.217 5.338 0.156
35 39 21 22 5 0 1 0.220 4.639 0.154
35 39 22 23 5 0 1 0.214 5.618 0.158
35 39 23 24 5 0 1 0.156 12.410 0.206
35 39 24 25 5 0 1 0.232 3.920 0.128
35 39 25 26 5 0 1 0.223 4.545 0.134
35 39 26 27 5 0 1 0.218 5.193 0.138
35 39 27 28 5 0 1 0.197 7.121 0.155
35 39 28 29 5 0 1 0.233 3.819 0.102
35 39 29 30 5 0 1 0.220 5.175 0.121
35 39 30 31 5 0 1 0.209 7.702 0.130
35 39 31 32 5 0 1 0.078 50.000 0.262
35 39 32 33 5 0 1 0.159 13.391 0.173
35 39 33 34 5 0 1 0.165 50.000 0.160
35 39 34 35 5 0 1 0.207 10.211 0.107
35 39 35 36 5 0 1 0.362 33.648 0.005
35 39 36 37 5 0 1 0.370 1.620 0.001
35 39 37 38 5 0 1 0.370 1.000 0.005
35 39 38 39 5 0 1 0.372 4.119 0.001
35 39 39 40 5 0 1 0.400 50.000 0.990
35 39 40 41 5 0 1 0.368 8.298 0.001
35 39 41 42 5 0 1 0.319 10.991 0.001
35 39 42 100 5 0 1 0.400 50.000 0.990
39 42 0 1 5 0 1 0.390 2.723 0.011
39 42 1 2 5 0 1 0.370 1.452 0.008
39 42 2 3 5 0 1 0.126 50.000 0.312
39 42 3 4 5 0 1 0.209 10.258 0.232
39 42 4 5 5 0 1 0.241 6.829 0.205
39 42 5 6 5 0 1 0.225 7.151 0.211
39 42 6 7 5 0 1 0.255 4.395 0.181
39 42 7 8 5 0 1 0.242 4.776 0.197
39 42 8 9 5 0 1 0.249 4.141 0.185
39 42 9 10 5 0 1 0.222 6.241 0.202
39 42 10 11 5 0 1 0.235 4.827 0.189
39 42 11 12 5 0 1 0.248 4.170 0.174
39 42 12 13 5 0 1 0.238 4.490 0.171
39 42 13 14 5 0 1 0.221 5.409 0.187
39 42 14 15 5 0 1 0.242 4.423 0.165
39 42 15 16 5 0 1 0.229 4.916 0.171
39 42 16 17 5 0 1 0.233 4.489 0.165
39 42 17 18 5 0 1 0.252 3.195 0.140
39 42 18 19 5 0 1 0.218 5.712 0.169
39 42 19 20 5 0 1 0.207 6.360 0.178
39 42 20 21 5 0 1 0.224 4.622 0.151
39 42 21 22 5 0 1 0.238 3.966 0.133
39 42 22 23 5 0 1 0.124 17.077 0.260
39 42 23 24 5 0 1 0.228 5.569 0.146
39 42 24 25 5 0 1 0.169 10.718 0.203
39 42 25 26 5 0 1 0.159 16.354 0.192
39 42 26 27 5 0 1 0.217 6.110 0.141
39 42 27 28 5 0 1 0.207 10.899 0.157
39 42 28 29 5 0 1 0.056 50.000 0.292
39 42 29 30 5 0 1 0.400 1.000 0.002
39 42 30 31 5 0 1 0.400 50.000 0.990
39 42 31 32 5 0 1 0.191 11.510 0.159
39 42 32 33 5 0 1 0.223 12.355 0.114
39 42 33 34 5 0 1 0.400 50.000 0.990
39 42 34 35 5 0 1 0.121 50.000 0.205
39 42 35 36 5 0 1 0.245 1.273 0.001
39 42 36 37 5 0 1 0.270 1.000 0.006
39 42 37 38 5 0 1 0.400 50.000 0.990
39 42 38 39 5 0 1 0.381 4.509 0.001
39 42 39 40 5 0 1 0.372 4.738 0.001
39 42 40 41 5 0 1 0.400 50.000 0.990
39 42 41 42 5 0 1 0.346 1.000 0.001
39 42 42 43 5 0 1 0.341 6.572 0.001
39 42 43 100 5 0 1 0.400 50.000 0.001
42 46 1 2 5 0 1 0.318 3.508 0.004
42 46 2 3 5 0 1 0.282 3.841 0.164
42 46 3 4 5 0 1 0.266 6.032 0.196
42 46 4 5 5 0 1 0.268 5.416 0.190
42 46 5 6 5 0 1 0.250 5.291 0.202
42 46 6 7 5 0 1 0.258 4.277 0.185
42 46 7 8 5 0 1 0.213 7.058 0.227
42 46 8 9 5 0 1 0.246 4.710 0.192
42 46 9 10 5 0 1 0.230 5.873 0.201
42 46 10 11 5 0 1 0.204 7.385 0.227
42 46 11 12 5 0 1 0.249 4.372 0.172
42 46 12 13 5 0 1 0.231 4.998 0.188
42 46 13 14 5 0 1 0.234 4.419 0.186
42 46 14 15 5 0 1 0.224 5.451 0.192
42 46 15 16 5 0 1 0.243 4.056 0.167
42 46 16 17 5 0 1 0.237 4.134 0.175
42 46 17 18 5 0 1 0.230 4.695 0.174
42 46 18 19 5 0 1 0.232 4.547 0.161
42 46 19 20 5 0 1 0.229 4.605 0.162
42 46 20 21 5 0 1 0.227 4.889 0.163
42 46 21 22 5 0 1 0.202 7.467 0.184
42 46 22 23 5 0 1 0.196 8.438 0.187
42 46 23 24 5 0 1 0.210 7.576 0.168
42 46 24 25 5 0 1 0.218 5.126 0.154
42 46 25 26 5 0 1 0.215 6.151 0.148
42 46 26 27 5 0 1 0.257 3.015 0.115
42 46 27 28 5 0 1 0.247 3.686 0.108
42 46 28 29 5 0 1 0.206 7.642 0.149
42 46 29 30 5 0 1 0.247 4.059 0.116
42 46 30 31 5 0 1 0.215 12.894 0.125
42 46 31 32 5 0 1 0.218 10.205 0.140
42 46 32 33 5 0 1 0.127 50.000 0.239
42 46 33 34 5 0 1 0.141 50.000 0.166
42 46 34 35 5 0 1 0.166 50.000 0.185
42 46 35 36 5 0 1 0.400 50.000 0.990
42 46 36 37 5 0 1 0.359 28.907 0.001
42 46 37 38 5 0 1 0.359 3.764 0.005
42 46 38 39 5 0 1 0.390 1.132 0.006
42 46 39 40 5 0 1 0.342 7.941 0.001
42 46 40 41 5 0 1 0.370 1.000 0.011
42 46 41 42 5 0 1 0.392 1.598 0.001
42 46 42 43 5 0 1 0.352 1.270 0.001
42 46 43 44 5 0 1 0.400 3.810 0.004
42 46 44 100 5 0 1 0.400 50.000 0.990
46 51 0 1 5 0 1 0.400 50.000 0.990
46 51 1 2 5 0 1 0.390 1.000 0.005
46 51 2 3 5 0 1 0.117 50.000 0.324
46 51 3 4 5 0 1 0.002 50.000 0.469
46 51 4 5 5 0 1 0.273 5.104 0.197
46 51 5 6 5 0 1 0.273 4.656 0.185
46 51 6 7 5 0 1 0.239 5.802 0.212
46 51 7 8 5 0 1 0.273 3.335 0.184
46 51 8 9 5 0 1 0.189 8.833 0.254
46 51 9 10 5 0 1 0.226 5.988 0.213
46 51 10 11 5 0 1 0.252 4.272 0.188
46 51 11 12 5 0 1 0.228 5.483 0.211
46 51 12 13 5 0 1 0.234 5.127 0.201
46 51 13 14 5 0 1 0.250 4.239 0.175
46 51 14 15 5 0 1 0.207 7.173 0.218
46 51 15 16 5 0 1 0.214 6.226 0.208
46 51 16 17 5 0 1 0.228 5.065 0.188
46 51 17 18 5 0 1 0.231 5.266 0.184
46 51 18 19 5 0 1 0.227 4.973 0.180
46 51 19 20 5 0 1 0.213 5.568 0.190
46 51 20 21 5 0 1 0.225 5.082 0.176
46 51 21 22 5 0 1 0.209 6.677 0.192
46 51 22 23 5 0 1 0.223 4.815 0.160
46 51 23 24 5 0 1 0.218 5.235 0.175
46 51 24 25 5 0 1 0.209 6.003 0.177
46 51 25 26 5 0 1 0.094 20.610 0.288
46 51 26 27 5 0 1 0.195 8.059 0.191
46 51 27 28 5 0 1 0.234 4.305 0.124
46 51 28 29 5 0 1 0.066 35.346 0.307
46 51 29 30 5 0 1 0.400 50.000 0.990
46 51 30 31 5 0 1 0.085 33.243 0.278
46 51 31 32 5 0 1 0.234 8.120 0.104
46 51 32 33 5 0 1 0.237 11.690 0.128
46 51 33 34 5 0 1 0.243 1.007 0.001
46 51 34 35 5 0 1 0.185 50.000 0.188
46 51 35 36 5 0 1 0.133 50.000 0.237
46 51 36 37 5 0 1 0.155 50.000 0.204
46 51 37 38 5 0 1 0.325 49.817 0.035
46 51 38 39 5 0 1 0.336 1.000 0.006
46 51 39 40 5 0 1 0.390 2.991 0.012
46 51 40 41 5 0 1 0.400 50.000 0.990
46 51 41 42 5 0 1 0.381 42.424 0.001
46 51 42 43 5 0 1 0.400 50.000 0.990
46 51 43 44 5 0 1 0.362 12.265 0.001
46 51 44 100 5 0 1 0.400 6.249 0.001
51 56 0 1 5 0 1 0.400 50.000 0.990
51 56 1 2 5 0 1 0.383 1.045 0.001
51 56 2 3 5 0 1 0.131 50.000 0.344
51 56 3 4 5 0 1 0.000 48.395 0.466
51 56 4 5 5 0 1 0.027 50.000 0.412
51 56 5 6 5 0 1 0.265 5.607 0.207
51 56 6 7 5 0 1 0.166 11.400 0.293
51 56 7 8 5 0 1 0.249 4.853 0.214
51 56 8 9 5 0 1 0.178 10.675 0.276
51 56 9 10 5 0 1 0.224 6.589 0.226
51 56 10 11 5 0 1 0.249 4.892 0.200
51 56 11 12 5 0 1 0.198 7.703 0.248
51 56 12 13 5 0 1 0.215 7.110 0.219
51 56 13 14 5 0 1 0.238 4.978 0.203
51 56 14 15 5 0 1 0.235 4.847 0.196
51 56 15 16 5 0 1 0.239 4.806 0.188
51 56 16 17 5 0 1 0.234 5.198 0.193
51 56 17 18 5 0 1 0.230 5.403 0.194
51 56 18 19 5 0 1 0.231 5.589 0.181
51 56 19 20 5 0 1 0.210 6.633 0.202
51 56 20 21 5 0 1 0.235 4.971 0.174
51 56 21 22 5 0 1 0.249 4.163 0.160
51 56 22 23 5 0 1 0.235 5.014 0.171
51 56 23 24 5 0 1 0.230 5.904 0.158
51 56 24 25 5 0 1 0.251 6.380 0.134
51 56 25 26 5 0 1 0.261 4.886 0.126
51 56 26 27 5 0 1 0.168 10.808 0.224
51 56 27 28 5 0 1 0.242 4.560 0.133
51 56 28 29 5 0 1 0.223 8.647 0.142
51 56 29 30 5 0 1 0.073 50.000 0.295
51 56 30 31 5 0 1 0.136 25.588 0.246
51 56 31 32 5 0 1 0.175 18.820 0.202
51 56 32 33 5 0 1 0.114 50.000 0.239
51 56 33 34 5 0 1 0.290 1.000 0.007
51 56 34 35 5 0 1 0.290 1.339 0.012
51 56 35 36 5 0 1 0.207 50.000 0.171
51 56 36 37 5 0 1 0.365 1.143 0.001
51 56 37 38 5 0 1 0.294 45.763 0.012
51 56 38 39 5 0 1 0.400 50.000 0.990
51 56 39 40 5 0 1 0.330 11.989 0.012
51 56 40 41 5 0 1 0.400 50.000 0.990
51 56 42 43 5 0 1 0.342 19.889 0.001
51 56 43 44 5 0 1 0.370 50.000 0.001
51 56 44 100 5 0 1 0.400 50.000 0.990
56 61 0 1 5 0 1 0.150 23.289 0.003
56 61 1 2 5 0 1 0.400 7.510 0.066
56 61 2 3 5 0 1 0.400 50.000 0.990
56 61 3 4 5 0 1 0.331 5.893 0.154
56 61 4 5 5 0 1 0.196 12.962 0.278
56 61 5 6 5 0 1 0.247 7.732 0.224
56 61 6 7 5 0 1 0.208 9.116 0.275
56 61 7 8 5 0 1 0.208 7.491 0.244
56 61 8 9 5 0 1 0.213 7.312 0.240
56 61 9 10 5 0 1 0.242 5.744 0.210
56 61 10 11 5 0 1 0.226 6.778 0.228
56 61 11 12 5 0 1 0.234 5.229 0.213
56 61 12 13 5 0 1 0.226 6.400 0.227
56 61 13 14 5 0 1 0.201 7.637 0.245
56 61 14 15 5 0 1 0.217 6.618 0.227
56 61 15 16 5 0 1 0.251 5.139 0.191
56 61 16 17 5 0 1 0.219 6.744 0.214
56 61 17 18 5 0 1 0.164 9.931 0.273
56 61 18 19 5 0 1 0.178 8.719 0.249
56 61 19 20 5 0 1 0.236 5.264 0.183
56 61 20 21 5 0 1 0.230 5.404 0.195
56 61 21 22 5 0 1 0.171 12.821 0.249
56 61 22 23 5 0 1 0.143 16.871 0.275
56 61 23 24 5 0 1 0.222 6.130 0.201
56 61 24 25 5 0 1 0.192 11.500 0.198
56 61 25 26 5 0 1 0.262 4.286 0.138
56 61 26 27 5 0 1 0.133 21.013 0.270
56 61 27 28 5 0 1 0.218 7.377 0.182
56 61 28 29 5 0 1 0.226 7.276 0.146
56 61 29 30 5 0 1 0.110 50.000 0.270
56 61 30 31 5 0 1 0.215 9.903 0.166
56 61 31 32 5 0 1 0.266 11.558 0.100
56 61 32 33 5 0 1 0.390 1.000 0.005
56 61 33 34 5 0 1 0.143 50.000 0.229
56 61 34 35 5 0 1 0.119 16.669 0.001
56 61 35 36 5 0 1 0.370 1.000 0.005
56 61 36 37 5 0 1 0.400 1.000 0.002
56 61 37 38 5 0 1 0.400 50.000 0.990
56 61 38 39 5 0 1 0.400 50.000 0.990
56 61 39 40 5 0 1 0.386 3.132 0.001
56 61 41 42 5 0 1 0.400 50.000 0.990
56 61 43 44 5 0 1 0.330 4.408 0.001
56 61 44 100 5 0 1 0.400 50.000 0.990
61 67 0 1 5 0 1 0.400 50.000 0.990
61 67 1 2 5 0 1 0.400 50.000 0.990
61 67 2 3 5 0 1 0.277 13.645 0.228
61 67 3 4 5 0 1 0.236 50.000 0.201
61 67 4 5 5 0 1 0.267 7.597 0.215
61 67 5 6 5 0 1 0.304 3.387 0.176
61 67 6 7 5 0 1 0.165 11.598 0.321
61 67 7 8 5 0 1 0.197 10.195 0.275
61 67 8 9 5 0 1 0.187 9.503 0.291
61 67 9 10 5 0 1 0.204 8.832 0.269
61 67 10 11 5 0 1 0.225 6.691 0.242
61 67 11 12 5 0 1 0.245 5.207 0.220
61 67 12 13 5 0 1 0.227 6.623 0.232
61 67 13 14 5 0 1 0.168 10.463 0.278
61 67 14 15 5 0 1 0.205 7.974 0.243
61 67 15 16 5 0 1 0.210 6.838 0.235
61 67 16 17 5 0 1 0.214 6.640 0.229
61 67 17 18 5 0 1 0.208 9.103 0.237
61 67 18 19 5 0 1 0.206 7.850 0.233
61 67 19 20 5 0 1 0.216 7.094 0.228
61 67 20 21 5 0 1 0.205 7.610 0.231
61 67 21 22 5 0 1 0.210 7.218 0.209
61 67 22 23 5 0 1 0.235 4.855 0.183
61 67 23 24 5 0 1 0.007 32.802 0.430
61 67 24 25 5 0 1 0.154 15.504 0.258
61 67 25 26 5 0 1 0.225 9.200 0.194
61 67 26 27 5 0 1 0.235 7.803 0.182
61 67 27 28 5 0 1 0.244 7.613 0.150
61 67 28 29 5 0 1 0.177 14.590 0.219
61 67 29 30 5 0 1 0.260 5.055 0.130
61 67 30 31 5 0 1 0.084 50.000 0.317
61 67 31 32 5 0 1 0.171 50.000 0.211
61 67 32 33 5 0 1 0.290 1.000 0.006
61 67 33 34 5 0 1 0.285 6.176 0.067
61 67 34 35 5 0 1 0.400 50.000 0.990
61 67 35 36 5 0 1 0.400 50.000 0.990
61 67 36 37 5 0 1 0.400 50.000 0.990
61 67 37 38 5 0 1 0.395 49.777 0.001
61 67 38 39 5 0 1 0.400 50.000 0.990
61 67 39 40 5 0 1 0.400 50.000 0.001
61 67 40 41 5 0 1 0.400 50.000 0.990
61 67 41 42 5 0 1 0.400 50.000 0.001
61 67 42 43 5 0 1 0.400 50.000 0.001
61 67 43 100 5 0 1 0.400 50.000 0.001
67 73 1 2 5 0 1 0.310 17.674 0.001
67 73 2 3 5 0 1 0.367 12.610 0.092
67 73 3 4 5 0 1 0.294 5.534 0.141
67 73 4 5 5 0 1 0.062 39.951 0.423
67 73 5 6 5 0 1 0.158 15.901 0.337
67 73 6 7 5 0 1 0.178 12.746 0.309
67 73 7 8 5 0 1 0.214 8.754 0.261
67 73 8 9 5 0 1 0.267 5.650 0.215
67 73 9 10 5 0 1 0.257 6.631 0.229
67 73 10 11 5 0 1 0.224 7.405 0.254
67 73 11 12 5 0 1 0.098 18.544 0.378
67 73 12 13 5 0 1 0.198 10.087 0.272
67 73 13 14 5 0 1 0.261 4.864 0.197
67 73 14 15 5 0 1 0.139 14.084 0.318
67 73 15 16 5 0 1 0.091 19.037 0.367
67 73 16 17 5 0 1 0.228 6.912 0.225
67 73 17 18 5 0 1 0.000 34.533 0.440
67 73 18 19 5 0 1 0.095 20.071 0.352
67 73 19 20 5 0 1 0.138 14.247 0.312
67 73 20 21 5 0 1 0.195 8.995 0.240
67 73 21 22 5 0 1 0.282 3.818 0.158
67 73 22 23 5 0 1 0.162 18.184 0.265
67 73 23 24 5 0 1 0.224 9.406 0.203
67 73 24 25 5 0 1 0.100 26.574 0.312
67 73 25 26 5 0 1 0.229 9.114 0.204
67 73 26 27 5 0 1 0.040 50.000 0.379
67 73 27 28 5 0 1 0.055 50.000 0.341
67 73 28 29 5 0 1 0.150 50.000 0.269
67 73 29 30 5 0 1 0.326 4.750 0.082
67 73 30 31 5 0 1 0.318 7.152 0.093
67 73 31 32 5 0 1 0.092 50.000 0.278
67 73 32 33 5 0 1 0.390 1.000 0.006
67 73 33 34 5 0 1 0.400 50.000 0.990
67 73 34 35 5 0 1 0.354 34.073 0.026
67 73 35 36 5 0 1 0.400 50.000 0.990
67 73 36 37 5 0 1 0.400 50.000 0.990
67 73 37 38 5 0 1 0.400 50.000 0.990
67 73 38 39 5 0 1 0.393 6.315 0.001
67 73 39 40 5 0 1 0.400 50.000 0.990
67 73 40 41 5 0 1 0.400 50.000 0.990
67 73 41 42 5 0 1 0.400 4.080 0.005
67 73 42 43 5 0 1 0.389 25.862 0.002
67 73 43 100 5 0 1 0.392 6.378 0.001
73 81 0 1 5 0 1 0.400 50.000 0.001
73 81 1 2 5 0 1 0.392 9.369 0.004
73 81 2 3 5 0 1 0.400 5.282 0.098
73 81 3 4 5 0 1 0.089 50.000 0.392
73 81 4 5 5 0 1 0.285 5.462 0.217
73 81 5 6 5 0 1 0.284 5.361 0.212
73 81 6 7 5 0 1 0.161 11.832 0.330
73 81 7 8 5 0 1 0.248 6.339 0.259
73 81 8 9 5 0 1 0.118 16.412 0.378
73 81 9 10 5 0 1 0.250 6.171 0.241
73 81 10 11 5 0 1 0.226 7.557 0.262
73 81 11 12 5 0 1 0.188 10.050 0.286
73 81 12 13 5 0 1 0.095 16.285 0.384
73 81 13 14 5 0 1 0.175 10.547 0.302
73 81 14 15 5 0 1 0.187 8.935 0.285
73 81 15 16 5 0 1 0.223 7.575 0.247
73 81 16 17 5 0 1 0.105 23.287 0.349
73 81 17 18 5 0 1 0.036 22.963 0.424
73 81 18 19 5 0 1 0.221 7.733 0.233
73 81 19 20 5 0 1 0.205 8.768 0.248
73 81 20 21 5 0 1 0.186 11.480 0.273
73 81 21 22 5 0 1 0.241 6.124 0.208
73 81 22 23 5 0 1 0.225 5.511 0.206
73 81 23 24 5 0 1 0.228 9.129 0.189
73 81 24 25 5 0 1 0.156 14.228 0.271
73 81 25 26 5 0 1 0.045 50.000 0.367
73 81 26 27 5 0 1 0.003 50.000 0.417
73 81 27 28 5 0 1 0.086 50.000 0.344
73 81 28 29 5 0 1 0.400 43.437 0.001
73 81 29 30 5 0 1 0.304 5.568 0.085
73 81 30 31 5 0 1 0.277 7.086 0.101
73 81 31 32 5 0 1 0.293 12.576 0.134
73 81 32 33 5 0 1 0.347 4.606 0.060
73 81 33 34 5 0 1 0.350 1.000 0.005
73 81 34 35 5 0 1 0.243 50.000 0.146
73 81 35 36 5 0 1 0.400 50.000 0.990
73 81 36 37 5 0 1 0.400 50.000 0.990
73 81 37 38 5 0 1 0.400 50.000 0.990
73 81 38 39 5 0 1 0.400 50.000 0.990
73 81 39 40 5 0 1 0.395 1.677 0.001
73 81 40 41 5 0 1 0.370 50.000 0.001
73 81 41 42 5 0 1 0.400 50.000 0.001
73 81 42 43 5 0 1 0.400 50.000 0.990
73 81 43 44 5 0 1 0.370 50.000 0.001
73 81 44 100 5 0 1 0.388 10.292 0.001
81 88 0 1 5 0 1 0.400 50.000 0.001
81 88 1 2 5 0 1 0.400 50.000 0.990
81 88 2 3 5 0 1 0.390 1.000 0.005
81 88 3 4 5 0 1 0.400 9.853 0.120
81 88 4 5 5 0 1 0.127 50.000 0.348
81 88 5 6 5 0 1 0.204 18.170 0.303
81 88 6 7 5 0 1 0.000 43.537 0.513
81 88 7 8 5 0 1 0.239 7.655 0.257
81 88 8 9 5 0 1 0.138 15.999 0.357
81 88 9 10 5 0 1 0.210 10.784 0.277
81 88 10 11 5 0 1 0.000 42.513 0.480
81 88 11 12 5 0 1 0.235 7.879 0.253
81 88 12 13 5 0 1 0.271 6.338 0.227
81 88 13 14 5 0 1 0.186 10.842 0.299
81 88 14 15 5 0 1 0.231 6.829 0.246
81 88 15 16 5 0 1 0.230 7.680 0.242
81 88 16 17 5 0 1 0.222 8.376 0.240
81 88 17 18 5 0 1 0.109 17.502 0.353
81 88 18 19 5 0 1 0.105 15.691 0.375
81 88 19 20 5 0 1 0.000 48.398 0.467
81 88 20 21 5 0 1 0.139 16.620 0.330
81 88 21 22 5 0 1 0.284 4.077 0.178
81 88 22 23 5 0 1 0.012 50.000 0.420
81 88 23 24 5 0 1 0.279 11.620 0.182
81 88 24 25 5 0 1 0.003 50.000 0.445
81 88 25 26 5 0 1 0.327 3.805 0.116
81 88 26 27 5 0 1 0.013 50.000 0.391
81 88 27 28 5 0 1 0.264 8.739 0.133
81 88 28 29 5 0 1 0.317 7.029 0.095
81 88 29 30 5 0 1 0.033 4.067 0.001
81 88 30 31 5 0 1 0.200 49.937 0.002
81 88 31 32 5 0 1 0.350 1.423 0.007
81 88 32 33 5 0 1 0.390 1.000 0.005
81 88 33 34 5 0 1 0.382 2.107 0.003
81 88 34 35 5 0 1 0.400 50.000 0.990
81 88 35 36 5 0 1 0.400 49.434 0.002
81 88 36 37 5 0 1 0.400 5.419 0.006
81 88 37 38 5 0 1 0.395 4.117 0.001
81 88 38 39 5 0 1 0.400 50.000 0.990
81 88 40 41 5 0 1 0.387 2.479 0.001
81 88 41 42 5 0 1 0.400 50.000 0.990
81 88 42 43 5 0 1 0.400 50.000 0.001
81 88 43 100 5 0 1 0.251 26.163 0.014
88 97 1 2 5 0 1 0.400 50.000 0.990
88 97 2 3 5 0 1 0.400 50.000 0.990
88 97 3 4 5 0 1 0.400 15.653 0.187
88 97 4 5 5 0 1 0.030 50.000 0.434
88 97 5 6 5 0 1 0.121 50.000 0.345
88 97 6 7 5 0 1 0.056 32.390 0.435
88 97 7 8 5 0 1 0.251 10.190 0.278
88 97 8 9 5 0 1 0.000 30.329 0.523
88 97 9 10 5 0 1 0.110 22.522 0.399
88 97 10 11 5 0 1 0.262 8.003 0.248
88 97 11 12 5 0 1 0.172 13.643 0.335
88 97 12 13 5 0 1 0.004 37.485 0.487
88 97 13 14 5 0 1 0.204 10.166 0.294
88 97 14 15 5 0 1 0.000 31.998 0.501
88 97 15 16 5 0 1 0.063 24.428 0.423
88 97 16 17 5 0 1 0.151 15.135 0.322
88 97 17 18 5 0 1 0.223 9.661 0.259
88 97 18 19 5 0 1 0.000 30.029 0.482
88 97 19 20 5 0 1 0.192 14.422 0.270
88 97 20 21 5 0 1 0.000 40.675 0.483
88 97 21 22 5 0 1 0.000 48.541 0.465
88 97 22 23 5 0 1 0.024 50.000 0.436
88 97 23 24 5 0 1 0.039 50.000 0.382
88 97 24 25 5 0 1 0.123 50.000 0.373
88 97 25 26 5 0 1 0.102 41.464 0.362
88 97 26 27 5 0 1 0.237 50.000 0.249
88 97 27 28 5 0 1 0.149 50.000 0.317
88 97 28 29 5 0 1 0.400 8.384 0.001
88 97 29 30 5 0 1 0.234 49.668 0.004
88 97 30 31 5 0 1 0.400 50.000 0.990
88 97 31 32 5 0 1 0.350 1.443 0.006
88 97 32 33 5 0 1 0.324 6.526 0.055
88 97 33 34 5 0 1 0.364 1.000 0.001
88 97 34 35 5 0 1 0.395 1.663 0.001
88 97 35 36 5 0 1 0.400 7.012 0.001
88 97 36 37 5 0 1 0.374 2.986 0.001
88 97 37 38 5 0 1 0.321 3.235 0.004
88 97 38 39 5 0 1 0.400 50.000 0.001
88 97 39 40 5 0 1 0.400 50.000 0.990
88 97 40 41 5 0 1 0.400 50.000 0.990
88 97 41 42 5 0 1 0.390 7.189 0.001
88 97 42 100 5 0 1 0.400 50.000 0.001
97 106 0 1 5 0 1 0.400 50.000 0.001
97 106 1 2 5 0 1 0.400 50.000 0.990
97 106 2 3 5 0 1 0.390 1.000 0.005
97 106 3 4 5 0 1 0.315 15.820 0.109
97 106 4 5 5 0 1 0.168 50.000 0.362
97 106 5 6 5 0 1 0.400 1.000 0.002
97 106 6 7 5 0 1 0.070 50.000 0.439
97 106 7 8 5 0 1 0.400 50.000 0.990
97 106 8 9 5 0 1 0.241 9.283 0.264
97 106 9 10 5 0 1 0.299 6.315 0.216
97 106 10 11 5 0 1 0.071 25.340 0.439
97 106 11 12 5 0 1 0.260 8.244 0.235
97 106 12 13 5 0 1 0.080 20.269 0.435
97 106 13 14 5 0 1 0.048 24.842 0.460
97 106 14 15 5 0 1 0.000 39.736 0.500
97 106 15 16 5 0 1 0.219 11.687 0.300
97 106 16 17 5 0 1 0.217 13.594 0.260
97 106 17 18 5 0 1 0.124 33.812 0.375
97 106 18 19 5 0 1 0.296 4.408 0.190
97 106 19 20 5 0 1 0.031 50.000 0.445
97 106 20 21 5 0 1 0.219 15.386 0.247
97 106 21 22 5 0 1 0.303 4.311 0.135
97 106 22 23 5 0 1 0.288 7.895 0.207
97 106 23 24 5 0 1 0.155 50.000 0.300
97 106 24 25 5 0 1 0.347 49.907 0.002
97 106 25 26 5 0 1 0.293 7.223 0.121
97 106 26 27 5 0 1 0.350 1.000 0.005
97 106 27 28 5 0 1 0.326 4.530 0.078
97 106 28 29 5 0 1 0.359 7.603 0.083
97 106 29 30 5 0 1 0.329 50.000 0.130
97 106 30 31 5 0 1 0.398 12.908 0.003
97 106 31 32 5 0 1 0.400 50.000 0.990
97 106 32 33 5 0 1 0.400 50.000 0.990
97 106 33 34 5 0 1 0.400 50.000 0.990
97 106 34 35 5 0 1 0.400 50.000 0.990
97 106 35 36 5 0 1 0.389 4.770 0.003
97 106 36 37 5 0 1 0.400 50.000 0.001
97 106 38 39 5 0 1 0.400 50.000 0.990
97 106 39 40 5 0 1 0.370 9.705 0.002
97 106 40 41 5 0 1 0.400 50.000 0.001
97 106 42 100 5 0 1 0.400 50.000 0.001
106 116 1 2 5 0 1 0.392 1.642 0.001
106 116 2 3 5 0 1 0.400 50.000 0.990
106 116 3 4 5 0 1 0.400 50.000 0.990
106 116 4 5 5 0 1 0.390 1.000 0.990
106 116 5 6 5 0 1 0.400 50.000 0.990
106 116 6 7 5 0 1 0.048 50.000 0.463
106 116 7 8 5 0 1 0.000 47.776 0.543
106 116 8 9 5 0 1 0.000 36.389 0.518
106 116 9 10 5 0 1 0.228 14.352 0.284
106 116 10 11 5 0 1 0.296 6.767 0.215
106 116 11 12 5 0 1 0.269 6.980 0.236
106 116 12 13 5 0 1 0.015 50.000 0.489
106 116 13 14 5 0 1 0.041 29.403 0.507
106 116 14 15 5 0 1 0.169 14.705 0.326
106 116 15 16 5 0 1 0.129 16.425 0.376
106 116 16 17 5 0 1 0.281 6.499 0.210
106 116 17 18 5 0 1 0.305 5.747 0.192
106 116 18 19 5 0 1 0.146 50.000 0.352
106 116 19 20 5 0 1 0.140 33.084 0.326
106 116 20 21 5 0 1 0.072 50.000 0.368
106 116 21 22 5 0 1 0.144 50.000 0.323
106 116 22 23 5 0 1 0.128 50.000 0.341
106 116 23 24 5 0 1 0.139 50.000 0.350
106 116 24 25 5 0 1 0.305 50.000 0.201
106 116 25 26 5 0 1 0.307 3.560 0.118
106 116 26 27 5 0 1 0.221 46.338 0.001
106 116 27 28 5 0 1 0.400 50.000 0.990
106 116 28 29 5 0 1 0.290 1.392 0.990
106 116 29 30 5 0 1 0.304 50.000 0.187
106 116 30 31 5 0 1 0.400 14.605 0.001
106 116 31 32 5 0 1 0.213 15.138 0.002
106 116 32 33 5 0 1 0.400 50.000 0.990
106 116 33 34 5 0 1 0.323 1.000 0.001
106 116 34 35 5 0 1 0.396 3.142 0.001
106 116 35 36 5 0 1 0.392 6.397 0.001
106 116 36 37 5 0 1 0.400 5.924 0.001
106 116 37 38 5 0 1 0.400 19.552 0.001
106 116 38 39 5 0 1 0.393 2.545 0.001
106 116 39 40 5 0 1 0.387 40.009 0.006
106 116 43 44 5 0 1 0.370 2.219 0.001
106 116 44 100 5 0 1 0.400 50.000 0.001
116 127 1 2 5 0 1 0.400 50.000 0.990
116 127 2 3 5 0 1 0.400 5.855 0.001
116 127 3 4 5 0 1 0.348 50.000 0.145
116 127 4 5 5 0 1 0.390 1.000 0.990
116 127 5 6 5 0 1 0.302 50.000 0.293
116 127 6 7 5 0 1 0.400 50.000 0.990
116 127 7 8 5 0 1 0.301 7.829 0.234
116 127 8 9 5 0 1 0.036 30.163 0.492
116 127 9 10 5 0 1 0.065 50.000 0.501
116 127 10 11 5 0 1 0.078 32.759 0.462
116 127 11 12 5 0 1 0.091 50.000 0.410
116 127 12 13 5 0 1 0.275 10.918 0.257
116 127 13 14 5 0 1 0.400 50.000 0.001
116 127 14 15 5 0 1 0.000 38.220 0.517
116 127 15 16 5 0 1 0.400 50.000 0.990
116 127 16 17 5 0 1 0.365 3.934 0.131
116 127 17 18 5 0 1 0.400 50.000 0.990
116 127 18 19 5 0 1 0.363 4.341 0.126
116 127 19 20 5 0 1 0.370 1.000 0.004
116 127 20 21 5 0 1 0.384 4.754 0.111
116 127 21 22 5 0 1 0.334 20.566 0.151
116 127 22 23 5 0 1 0.362 23.486 0.154
116 127 23 24 5 0 1 0.400 1.001 0.002
116 127 24 25 5 0 1 0.370 25.070 0.001
116 127 25 26 5 0 1 0.348 50.000 0.114
116 127 26 27 5 0 1 0.390 1.000 0.990
116 127 27 28 5 0 1 0.400 50.000 0.990
116 127 28 29 5 0 1 0.400 50.000 0.990
116 127 29 30 5 0 1 0.373 50.000 0.100
116 127 30 31 5 0 1 0.400 50.000 0.990
116 127 31 32 5 0 1 0.375 28.757 0.009
116 127 32 33 5 0 1 0.374 8.380 0.009
116 127 33 34 5 0 1 0.400 50.000 0.990
116 127 34 35 5 0 1 0.400 50.000 0.990
116 127 35 36 5 0 1 0.400 50.000 0.990
116 127 36 37 5 0 1 0.400 50.000 0.990
116 127 37 38 5 0 1 0.400 50.000 0.001
116 127 38 39 5 0 1 0.400 50.000 0.001
116 127 40 41 5 0 1 0.400 50.000 0.001
116 127 41 42 5 0 1 0.400 50.000 0.001
116 127 42 100 5 0 1 0.387 2.526 0.001
127 4000 1 2 5 0 1 0.400 50.000 0.990
127 4000 2 3 5 0 1 0.400 50.000 0.990
127 4000 3 4 5 0 1 0.400 12.154 0.166
127 4000 4 5 5 0 1 0.194 50.000 0.295
127 4000 5 6 5 0 1 0.306 17.554 0.220
127 4000 6 7 5 0 1 0.187 20.568 0.373
127 4000 7 8 5 0 1 0.400 50.000 0.990
127 4000 8 9 5 0 1 0.160 19.214 0.394
127 4000 9 10 5 0 1 0.390 1.000 0.004
127 4000 10 11 5 0 1 0.201 14.589 0.346
127 4000 11 12 5 0 1 0.252 11.569 0.309
127 4000 12 13 5 0 1 0.000 36.237 0.574
127 4000 13 14 5 0 1 0.268 14.166 0.292
127 4000 14 15 5 0 1 0.265 8.334 0.277
127 4000 15 16 5 0 1 0.332 8.954 0.229
127 4000 16 17 5 0 1 0.000 42.117 0.514
127 4000 17 18 5 0 1 0.000 43.087 0.551
127 4000 18 19 5 0 1 0.280 9.349 0.266
127 4000 19 20 5 0 1 0.000 44.196 0.552
127 4000 20 21 5 0 1 0.398 5.505 0.130
127 4000 21 22 5 0 1 0.400 50.000 0.001
127 4000 22 23 5 0 1 0.329 5.912 0.169
127 4000 23 24 5 0 1 0.082 34.743 0.419
127 4000 24 25 5 0 1 0.167 50.000 0.370
127 4000 25 26 5 0 1 0.310 22.670 0.001
127 4000 26 27 5 0 1 0.400 50.000 0.990
127 4000 27 28 5 0 1 0.323 28.907 0.138
127 4000 28 29 5 0 1 0.400 50.000 0.990
127 4000 29 30 5 0 1 0.400 1.000 0.002
127 4000 30 31 5 0 1 0.400 50.000 0.001
127 4000 31 32 5 0 1 0.400 50.000 0.990
127 4000 32 33 5 0 1 0.036 44.520 0.005
127 4000 33 34 5 0 1 0.390 2.463 0.002
127 4000 34 35 5 0 1 0.397 49.766 0.002
127 4000 35 36 5 0 1 0.400 50.000 0.990
127 4000 37 38 5 0 1 0.392 14.108 0.012
127 4000 38 39 5 0 1 0.400 50.000 0.001
127 4000 39 40 5 0 1 0.370 2.570 0.002
127 4000 43 44 5 0 1 0.400 50.000 0.001
127 4000 44 100 5 0 1 0.400 50.000 0.001
