[quark]
{2 JetPt Rho 1 x ((x-[0])<0)?0:TMath::Exp(-1.*(x-[0])*[1]/[2])*TMath::Power((x-[0]),[1]-1)*TMath::Power([2]/[1],-1.*[1])/TMath::Gamma([1]) Correction QGL_ptD_QC_quark}
20 26 0 1 5 0 1 0.400 50.000 0.990
20 26 1 2 5 0 1 0.212 8.054 0.208
20 26 2 3 5 0 1 0.244 3.586 0.220
20 26 3 4 5 0 1 0.261 2.889 0.197
20 26 4 5 5 0 1 0.264 2.818 0.192
20 26 5 6 5 0 1 0.259 2.669 0.194
20 26 6 7 5 0 1 0.257 2.716 0.197
20 26 7 8 5 0 1 0.256 2.673 0.187
20 26 8 9 5 0 1 0.242 3.013 0.199
20 26 9 10 5 0 1 0.240 2.996 0.195
20 26 10 11 5 0 1 0.234 3.211 0.200
20 26 11 12 5 0 1 0.234 3.168 0.197
20 26 12 13 5 0 1 0.236 2.905 0.193
20 26 13 14 5 0 1 0.234 2.895 0.188
20 26 14 15 5 0 1 0.238 2.727 0.180
20 26 15 16 5 0 1 0.240 2.620 0.177
20 26 16 17 5 0 1 0.222 3.117 0.190
20 26 17 18 5 0 1 0.214 3.343 0.189
20 26 18 19 5 0 1 0.220 2.776 0.182
20 26 19 20 5 0 1 0.222 2.907 0.173
20 26 20 21 5 0 1 0.219 2.793 0.173
20 26 21 22 5 0 1 0.218 2.704 0.178
20 26 22 23 5 0 1 0.223 2.605 0.161
20 26 23 24 5 0 1 0.215 3.084 0.162
20 26 24 25 5 0 1 0.216 2.715 0.158
20 26 25 26 5 0 1 0.206 2.896 0.170
20 26 26 27 5 0 1 0.204 3.032 0.159
20 26 27 28 5 0 1 0.170 5.680 0.187
20 26 28 29 5 0 1 0.158 7.240 0.183
20 26 29 30 5 0 1 0.140 8.658 0.188
20 26 30 31 5 0 1 0.185 3.782 0.151
20 26 31 32 5 0 1 0.200 4.955 0.126
20 26 32 33 5 0 1 0.164 6.438 0.185
20 26 33 34 5 0 1 0.250 1.000 0.050
20 26 34 35 5 0 1 0.210 1.000 0.005
20 26 35 36 5 0 1 0.103 41.156 0.197
20 26 36 37 5 0 1 0.210 2.792 0.084
20 26 37 38 5 0 1 0.290 1.000 0.006
20 26 38 39 5 0 1 0.246 49.912 0.034
20 26 39 40 5 0 1 0.295 33.295 0.024
20 26 40 41 5 0 1 0.390 17.208 0.001
20 26 41 42 5 0 1 0.297 3.320 0.001
20 26 42 43 5 0 1 0.330 13.107 0.012
20 26 43 44 5 0 1 0.315 2.557 0.001
20 26 44 100 5 0 1 0.010 2.064 0.001
26 32 0 1 5 0 1 0.356 14.163 0.003
26 32 1 2 5 0 1 0.400 1.000 0.002
26 32 2 3 5 0 1 0.244 3.484 0.200
26 32 3 4 5 0 1 0.257 2.887 0.198
26 32 4 5 5 0 1 0.242 2.946 0.207
26 32 5 6 5 0 1 0.235 3.151 0.211
26 32 6 7 5 0 1 0.233 3.265 0.207
26 32 7 8 5 0 1 0.240 2.949 0.197
26 32 8 9 5 0 1 0.236 2.857 0.199
26 32 9 10 5 0 1 0.241 2.806 0.189
26 32 10 11 5 0 1 0.232 2.940 0.194
26 32 11 12 5 0 1 0.238 2.735 0.188
26 32 12 13 5 0 1 0.221 3.169 0.200
26 32 13 14 5 0 1 0.235 2.752 0.186
26 32 14 15 5 0 1 0.223 3.075 0.192
26 32 15 16 5 0 1 0.236 2.600 0.179
26 32 16 17 5 0 1 0.221 3.054 0.187
26 32 17 18 5 0 1 0.238 2.322 0.173
26 32 18 19 5 0 1 0.223 2.678 0.184
26 32 19 20 5 0 1 0.221 2.783 0.178
26 32 20 21 5 0 1 0.216 2.891 0.187
26 32 21 22 5 0 1 0.213 2.826 0.184
26 32 22 23 5 0 1 0.194 3.692 0.194
26 32 23 24 5 0 1 0.216 2.851 0.173
26 32 24 25 5 0 1 0.203 2.959 0.178
26 32 25 26 5 0 1 0.219 2.479 0.162
26 32 26 27 5 0 1 0.194 3.382 0.188
26 32 27 28 5 0 1 0.204 2.853 0.169
26 32 28 29 5 0 1 0.176 4.661 0.193
26 32 29 30 5 0 1 0.192 3.633 0.178
26 32 30 31 5 0 1 0.204 2.856 0.160
26 32 31 32 5 0 1 0.153 7.517 0.186
26 32 32 33 5 0 1 0.194 2.823 0.165
26 32 33 34 5 0 1 0.187 3.263 0.156
26 32 34 35 5 0 1 0.208 2.059 0.120
26 32 35 36 5 0 1 0.173 5.795 0.146
26 32 36 37 5 0 1 0.166 7.446 0.145
26 32 37 38 5 0 1 0.148 14.611 0.185
26 32 38 39 5 0 1 0.400 50.000 0.990
26 32 39 40 5 0 1 0.062 50.000 0.231
26 32 40 41 5 0 1 0.262 1.000 0.001
26 32 41 42 5 0 1 0.358 40.033 0.008
26 32 42 43 5 0 1 0.400 50.000 0.990
26 32 43 44 5 0 1 0.117 33.602 0.189
26 32 44 100 5 0 1 0.039 23.085 0.002
32 40 0 1 5 0 1 0.400 50.000 0.990
32 40 1 2 5 0 1 0.134 13.095 0.286
32 40 2 3 5 0 1 0.254 2.985 0.180
32 40 3 4 5 0 1 0.219 3.620 0.222
32 40 4 5 5 0 1 0.236 3.111 0.199
32 40 5 6 5 0 1 0.225 3.214 0.214
32 40 6 7 5 0 1 0.217 3.493 0.219
32 40 7 8 5 0 1 0.214 3.685 0.217
32 40 8 9 5 0 1 0.224 3.099 0.202
32 40 9 10 5 0 1 0.236 2.649 0.193
32 40 10 11 5 0 1 0.217 3.375 0.202
32 40 11 12 5 0 1 0.216 3.306 0.204
32 40 12 13 5 0 1 0.219 3.173 0.197
32 40 13 14 5 0 1 0.216 3.319 0.199
32 40 14 15 5 0 1 0.220 3.046 0.193
32 40 15 16 5 0 1 0.218 3.003 0.192
32 40 16 17 5 0 1 0.220 2.900 0.189
32 40 17 18 5 0 1 0.217 2.901 0.191
32 40 18 19 5 0 1 0.215 3.039 0.186
32 40 19 20 5 0 1 0.213 3.075 0.191
32 40 20 21 5 0 1 0.213 2.873 0.186
32 40 21 22 5 0 1 0.218 2.659 0.178
32 40 22 23 5 0 1 0.214 2.880 0.184
32 40 23 24 5 0 1 0.204 3.111 0.189
32 40 24 25 5 0 1 0.194 3.520 0.201
32 40 25 26 5 0 1 0.180 4.074 0.200
32 40 26 27 5 0 1 0.197 3.442 0.190
32 40 27 28 5 0 1 0.196 3.453 0.183
32 40 28 29 5 0 1 0.194 3.462 0.193
32 40 29 30 5 0 1 0.195 3.140 0.180
32 40 30 31 5 0 1 0.225 2.100 0.157
32 40 31 32 5 0 1 0.178 3.883 0.185
32 40 32 33 5 0 1 0.121 8.853 0.232
32 40 33 34 5 0 1 0.199 3.372 0.166
32 40 34 35 5 0 1 0.181 4.382 0.171
32 40 35 36 5 0 1 0.180 4.440 0.166
32 40 36 37 5 0 1 0.197 5.213 0.137
32 40 37 38 5 0 1 0.208 3.182 0.113
32 40 38 39 5 0 1 0.184 4.181 0.126
32 40 39 40 5 0 1 0.187 3.889 0.121
32 40 40 41 5 0 1 0.217 6.650 0.129
32 40 41 42 5 0 1 0.390 1.143 0.007
32 40 42 43 5 0 1 0.168 7.945 0.128
32 40 43 44 5 0 1 0.092 35.218 0.193
32 40 44 100 5 0 1 0.200 50.000 0.109
40 51 0 1 5 0 1 0.400 15.358 0.051
40 51 1 2 5 0 1 0.130 14.371 0.284
40 51 2 3 5 0 1 0.217 3.948 0.212
40 51 3 4 5 0 1 0.233 3.017 0.207
40 51 4 5 5 0 1 0.223 3.124 0.207
40 51 5 6 5 0 1 0.217 3.539 0.213
40 51 6 7 5 0 1 0.220 3.345 0.209
40 51 7 8 5 0 1 0.211 3.523 0.214
40 51 8 9 5 0 1 0.215 3.440 0.206
40 51 9 10 5 0 1 0.212 3.386 0.210
40 51 10 11 5 0 1 0.216 3.228 0.201
40 51 11 12 5 0 1 0.212 3.478 0.203
40 51 12 13 5 0 1 0.210 3.480 0.204
40 51 13 14 5 0 1 0.211 3.312 0.204
40 51 14 15 5 0 1 0.213 3.132 0.199
40 51 15 16 5 0 1 0.207 3.433 0.203
40 51 16 17 5 0 1 0.211 3.242 0.194
40 51 17 18 5 0 1 0.201 3.637 0.202
40 51 18 19 5 0 1 0.202 3.346 0.199
40 51 19 20 5 0 1 0.213 2.937 0.190
40 51 20 21 5 0 1 0.199 3.496 0.199
40 51 21 22 5 0 1 0.213 2.929 0.185
40 51 22 23 5 0 1 0.191 3.657 0.202
40 51 23 24 5 0 1 0.190 3.595 0.202
40 51 24 25 5 0 1 0.191 3.766 0.196
40 51 25 26 5 0 1 0.199 3.366 0.187
40 51 26 27 5 0 1 0.197 3.363 0.191
40 51 27 28 5 0 1 0.183 3.788 0.207
40 51 28 29 5 0 1 0.188 3.371 0.193
40 51 29 30 5 0 1 0.205 2.769 0.173
40 51 30 31 5 0 1 0.203 2.966 0.174
40 51 31 32 5 0 1 0.181 3.867 0.193
40 51 32 33 5 0 1 0.183 3.670 0.187
40 51 33 34 5 0 1 0.182 3.610 0.193
40 51 34 35 5 0 1 0.180 4.200 0.187
40 51 35 36 5 0 1 0.201 4.102 0.164
40 51 36 37 5 0 1 0.124 12.691 0.211
40 51 37 38 5 0 1 0.145 6.165 0.201
40 51 38 39 5 0 1 0.138 11.318 0.199
40 51 39 40 5 0 1 0.079 18.813 0.274
40 51 40 41 5 0 1 0.161 7.064 0.170
40 51 41 42 5 0 1 0.000 41.238 0.307
40 51 42 43 5 0 1 0.400 50.000 0.001
40 51 43 44 5 0 1 0.031 18.994 0.004
40 51 44 100 5 0 1 0.208 4.157 0.065
51 64 0 1 5 0 1 0.388 29.420 0.003
51 64 1 2 5 0 1 0.187 7.876 0.206
51 64 2 3 5 0 1 0.195 4.532 0.235
51 64 3 4 5 0 1 0.201 3.777 0.229
51 64 4 5 5 0 1 0.201 3.844 0.226
51 64 5 6 5 0 1 0.200 3.819 0.223
51 64 6 7 5 0 1 0.199 3.828 0.226
51 64 7 8 5 0 1 0.198 3.830 0.224
51 64 8 9 5 0 1 0.197 3.930 0.222
51 64 9 10 5 0 1 0.203 3.611 0.216
51 64 10 11 5 0 1 0.197 3.802 0.219
51 64 11 12 5 0 1 0.194 3.874 0.219
51 64 12 13 5 0 1 0.202 3.564 0.211
51 64 13 14 5 0 1 0.200 3.622 0.211
51 64 14 15 5 0 1 0.194 3.694 0.216
51 64 15 16 5 0 1 0.203 3.302 0.206
51 64 16 17 5 0 1 0.191 3.789 0.214
51 64 17 18 5 0 1 0.195 3.683 0.211
51 64 18 19 5 0 1 0.194 3.624 0.212
51 64 19 20 5 0 1 0.206 3.185 0.200
51 64 20 21 5 0 1 0.185 3.890 0.215
51 64 21 22 5 0 1 0.193 3.544 0.206
51 64 22 23 5 0 1 0.189 3.633 0.207
51 64 23 24 5 0 1 0.192 3.525 0.207
51 64 24 25 5 0 1 0.196 3.335 0.196
51 64 25 26 5 0 1 0.196 3.365 0.196
51 64 26 27 5 0 1 0.185 3.738 0.210
51 64 27 28 5 0 1 0.182 3.931 0.212
51 64 28 29 5 0 1 0.199 3.140 0.194
51 64 29 30 5 0 1 0.198 3.001 0.185
51 64 30 31 5 0 1 0.183 3.955 0.204
51 64 31 32 5 0 1 0.201 3.152 0.172
51 64 32 33 5 0 1 0.185 3.580 0.198
51 64 33 34 5 0 1 0.181 3.904 0.188
51 64 34 35 5 0 1 0.184 3.622 0.193
51 64 35 36 5 0 1 0.168 4.547 0.210
51 64 36 37 5 0 1 0.024 20.194 0.331
51 64 37 38 5 0 1 0.150 6.279 0.214
51 64 38 39 5 0 1 0.136 10.723 0.210
51 64 39 40 5 0 1 0.155 8.724 0.192
51 64 40 41 5 0 1 0.170 6.681 0.149
51 64 41 42 5 0 1 0.248 3.471 0.088
51 64 42 43 5 0 1 0.058 50.000 0.290
51 64 43 44 5 0 1 0.093 28.605 0.202
51 64 44 100 5 0 1 0.400 1.000 0.002
64 80 0 1 5 0 1 0.327 4.785 0.001
64 80 1 2 5 0 1 0.183 7.536 0.223
64 80 2 3 5 0 1 0.193 4.171 0.237
64 80 3 4 5 0 1 0.196 3.829 0.229
64 80 4 5 5 0 1 0.184 4.579 0.241
64 80 5 6 5 0 1 0.187 4.164 0.237
64 80 6 7 5 0 1 0.196 3.726 0.226
64 80 7 8 5 0 1 0.182 4.353 0.240
64 80 8 9 5 0 1 0.179 4.380 0.241
64 80 9 10 5 0 1 0.184 4.057 0.234
64 80 10 11 5 0 1 0.190 3.822 0.228
64 80 11 12 5 0 1 0.185 4.037 0.229
64 80 12 13 5 0 1 0.186 3.986 0.227
64 80 13 14 5 0 1 0.183 4.044 0.229
64 80 14 15 5 0 1 0.187 3.985 0.226
64 80 15 16 5 0 1 0.185 4.001 0.227
64 80 16 17 5 0 1 0.188 3.807 0.223
64 80 17 18 5 0 1 0.191 3.533 0.216
64 80 18 19 5 0 1 0.188 3.686 0.217
64 80 19 20 5 0 1 0.180 4.134 0.224
64 80 20 21 5 0 1 0.183 3.931 0.221
64 80 21 22 5 0 1 0.190 3.568 0.213
64 80 22 23 5 0 1 0.187 3.770 0.214
64 80 23 24 5 0 1 0.183 3.827 0.219
64 80 24 25 5 0 1 0.183 4.028 0.214
64 80 25 26 5 0 1 0.195 3.225 0.202
64 80 26 27 5 0 1 0.176 4.088 0.222
64 80 27 28 5 0 1 0.176 4.179 0.220
64 80 28 29 5 0 1 0.170 4.295 0.226
64 80 29 30 5 0 1 0.180 3.443 0.209
64 80 30 31 5 0 1 0.164 4.578 0.223
64 80 31 32 5 0 1 0.191 3.363 0.200
64 80 32 33 5 0 1 0.152 5.174 0.234
64 80 33 34 5 0 1 0.148 5.393 0.241
64 80 34 35 5 0 1 0.136 5.928 0.236
64 80 35 36 5 0 1 0.142 6.439 0.230
64 80 36 37 5 0 1 0.173 4.836 0.189
64 80 37 38 5 0 1 0.161 6.841 0.196
64 80 38 39 5 0 1 0.093 11.521 0.272
64 80 39 40 5 0 1 0.000 20.858 0.381
64 80 40 41 5 0 1 0.208 3.850 0.147
64 80 41 42 5 0 1 0.009 50.000 0.320
64 80 42 43 5 0 1 0.144 15.785 0.185
64 80 43 44 5 0 1 0.156 8.561 0.181
64 80 44 100 5 0 1 0.230 1.000 0.006
80 101 0 1 5 0 1 0.166 50.000 0.215
80 101 1 2 5 0 1 0.126 6.769 0.282
80 101 2 3 5 0 1 0.175 4.465 0.250
80 101 3 4 5 0 1 0.187 4.142 0.238
80 101 4 5 5 0 1 0.178 4.317 0.245
80 101 5 6 5 0 1 0.175 4.506 0.249
80 101 6 7 5 0 1 0.170 4.749 0.252
80 101 7 8 5 0 1 0.179 4.189 0.244
80 101 8 9 5 0 1 0.168 4.545 0.252
80 101 9 10 5 0 1 0.173 4.515 0.248
80 101 10 11 5 0 1 0.171 4.392 0.249
80 101 11 12 5 0 1 0.171 4.385 0.247
80 101 12 13 5 0 1 0.165 4.636 0.251
80 101 13 14 5 0 1 0.169 4.553 0.246
80 101 14 15 5 0 1 0.172 4.264 0.242
80 101 15 16 5 0 1 0.169 4.383 0.244
80 101 16 17 5 0 1 0.174 4.206 0.238
80 101 17 18 5 0 1 0.168 4.498 0.241
80 101 18 19 5 0 1 0.180 3.901 0.232
80 101 19 20 5 0 1 0.171 4.309 0.237
80 101 20 21 5 0 1 0.171 4.185 0.236
80 101 21 22 5 0 1 0.167 4.448 0.238
80 101 22 23 5 0 1 0.171 4.305 0.234
80 101 23 24 5 0 1 0.169 4.283 0.233
80 101 24 25 5 0 1 0.168 4.143 0.234
80 101 25 26 5 0 1 0.169 4.243 0.233
80 101 26 27 5 0 1 0.170 4.132 0.236
80 101 27 28 5 0 1 0.165 4.519 0.234
80 101 28 29 5 0 1 0.171 3.917 0.226
80 101 29 30 5 0 1 0.149 5.438 0.251
80 101 30 31 5 0 1 0.162 4.227 0.244
80 101 31 32 5 0 1 0.161 4.686 0.230
80 101 32 33 5 0 1 0.168 3.754 0.236
80 101 33 34 5 0 1 0.150 5.214 0.246
80 101 34 35 5 0 1 0.174 4.157 0.219
80 101 35 36 5 0 1 0.159 4.948 0.222
80 101 36 37 5 0 1 0.168 3.932 0.226
80 101 37 38 5 0 1 0.090 11.733 0.283
80 101 38 39 5 0 1 0.137 6.185 0.249
80 101 39 40 5 0 1 0.145 5.356 0.228
80 101 40 41 5 0 1 0.000 28.867 0.364
80 101 41 42 5 0 1 0.159 10.795 0.184
80 101 42 43 5 0 1 0.158 6.488 0.208
80 101 43 44 5 0 1 0.208 3.514 0.118
80 101 44 100 5 0 1 0.084 50.000 0.194
101 127 0 1 5 0 1 0.397 35.552 0.008
101 127 1 2 5 0 1 0.081 11.429 0.344
101 127 2 3 5 0 1 0.176 3.996 0.259
101 127 3 4 5 0 1 0.175 4.492 0.256
101 127 4 5 5 0 1 0.163 4.703 0.268
101 127 5 6 5 0 1 0.139 5.923 0.287
101 127 6 7 5 0 1 0.157 4.973 0.268
101 127 7 8 5 0 1 0.139 5.718 0.283
101 127 8 9 5 0 1 0.149 5.116 0.274
101 127 9 10 5 0 1 0.147 5.402 0.273
101 127 10 11 5 0 1 0.153 5.091 0.268
101 127 11 12 5 0 1 0.148 5.298 0.273
101 127 12 13 5 0 1 0.145 5.339 0.275
101 127 13 14 5 0 1 0.152 4.971 0.268
101 127 14 15 5 0 1 0.155 4.955 0.262
101 127 15 16 5 0 1 0.151 5.071 0.266
101 127 16 17 5 0 1 0.145 5.447 0.271
101 127 17 18 5 0 1 0.147 5.195 0.268
101 127 18 19 5 0 1 0.145 5.266 0.268
101 127 19 20 5 0 1 0.155 4.728 0.258
101 127 20 21 5 0 1 0.148 5.084 0.265
101 127 21 22 5 0 1 0.145 5.313 0.267
101 127 22 23 5 0 1 0.159 4.594 0.252
101 127 23 24 5 0 1 0.154 4.895 0.254
101 127 24 25 5 0 1 0.138 5.545 0.269
101 127 25 26 5 0 1 0.159 4.597 0.252
101 127 26 27 5 0 1 0.150 4.874 0.258
101 127 27 28 5 0 1 0.147 5.070 0.260
101 127 28 29 5 0 1 0.151 4.989 0.256
101 127 29 30 5 0 1 0.155 4.559 0.251
101 127 30 31 5 0 1 0.142 5.122 0.261
101 127 31 32 5 0 1 0.162 4.485 0.244
101 127 32 33 5 0 1 0.148 5.187 0.253
101 127 33 34 5 0 1 0.155 4.516 0.244
101 127 34 35 5 0 1 0.141 6.051 0.259
101 127 35 36 5 0 1 0.145 5.605 0.253
101 127 36 37 5 0 1 0.154 5.848 0.240
101 127 37 38 5 0 1 0.186 4.805 0.210
101 127 38 39 5 0 1 0.178 4.099 0.217
101 127 39 40 5 0 1 0.057 11.492 0.340
101 127 40 41 5 0 1 0.126 9.388 0.262
101 127 41 42 5 0 1 0.000 26.815 0.381
101 127 42 43 5 0 1 0.100 11.590 0.287
101 127 43 44 5 0 1 0.174 4.927 0.178
101 127 44 100 5 0 1 0.000 35.144 0.361
127 159 0 1 5 0 1 0.400 50.000 0.990
127 159 1 2 5 0 1 0.087 12.187 0.331
127 159 2 3 5 0 1 0.129 6.871 0.310
127 159 3 4 5 0 1 0.154 5.285 0.280
127 159 4 5 5 0 1 0.139 5.548 0.292
127 159 5 6 5 0 1 0.141 5.565 0.290
127 159 6 7 5 0 1 0.119 6.458 0.311
127 159 7 8 5 0 1 0.132 5.952 0.295
127 159 8 9 5 0 1 0.125 6.352 0.301
127 159 9 10 5 0 1 0.126 6.189 0.301
127 159 10 11 5 0 1 0.131 5.979 0.294
127 159 11 12 5 0 1 0.124 6.356 0.300
127 159 12 13 5 0 1 0.138 5.649 0.286
127 159 13 14 5 0 1 0.125 6.220 0.298
127 159 14 15 5 0 1 0.132 5.992 0.292
127 159 15 16 5 0 1 0.126 6.182 0.295
127 159 16 17 5 0 1 0.112 6.791 0.310
127 159 17 18 5 0 1 0.139 5.468 0.283
127 159 18 19 5 0 1 0.125 6.204 0.294
127 159 19 20 5 0 1 0.141 5.342 0.279
127 159 20 21 5 0 1 0.125 6.069 0.294
127 159 21 22 5 0 1 0.107 7.067 0.311
127 159 22 23 5 0 1 0.118 6.368 0.300
127 159 23 24 5 0 1 0.118 6.446 0.296
127 159 24 25 5 0 1 0.118 6.465 0.297
127 159 25 26 5 0 1 0.134 5.707 0.280
127 159 26 27 5 0 1 0.124 6.140 0.291
127 159 27 28 5 0 1 0.139 5.632 0.270
127 159 28 29 5 0 1 0.114 6.674 0.294
127 159 29 30 5 0 1 0.157 4.795 0.251
127 159 30 31 5 0 1 0.139 5.273 0.277
127 159 31 32 5 0 1 0.137 5.257 0.275
127 159 32 33 5 0 1 0.152 4.706 0.257
127 159 33 34 5 0 1 0.112 7.068 0.297
127 159 34 35 5 0 1 0.142 5.302 0.261
127 159 35 36 5 0 1 0.129 6.414 0.278
127 159 36 37 5 0 1 0.147 5.601 0.256
127 159 37 38 5 0 1 0.141 5.311 0.245
127 159 38 39 5 0 1 0.163 5.065 0.238
127 159 39 40 5 0 1 0.035 14.265 0.363
127 159 40 41 5 0 1 0.202 4.405 0.212
127 159 41 42 5 0 1 0.115 8.825 0.262
127 159 42 43 5 0 1 0.035 16.394 0.342
127 159 43 44 5 0 1 0.000 33.665 0.373
127 159 44 100 5 0 1 0.400 1.000 0.002
159 201 0 1 5 0 1 0.179 50.000 0.166
159 201 1 2 5 0 1 0.177 5.447 0.243
159 201 2 3 5 0 1 0.105 7.305 0.324
159 201 3 4 5 0 1 0.086 8.430 0.351
159 201 4 5 5 0 1 0.109 6.836 0.327
159 201 5 6 5 0 1 0.107 6.911 0.327
159 201 6 7 5 0 1 0.108 6.936 0.326
159 201 7 8 5 0 1 0.111 6.890 0.323
159 201 8 9 5 0 1 0.087 7.998 0.348
159 201 9 10 5 0 1 0.100 7.254 0.335
159 201 10 11 5 0 1 0.095 7.507 0.339
159 201 11 12 5 0 1 0.071 8.932 0.361
159 201 12 13 5 0 1 0.105 7.033 0.326
159 201 13 14 5 0 1 0.087 8.017 0.342
159 201 14 15 5 0 1 0.089 7.747 0.341
159 201 15 16 5 0 1 0.087 8.037 0.342
159 201 16 17 5 0 1 0.109 6.844 0.320
159 201 17 18 5 0 1 0.080 8.319 0.347
159 201 18 19 5 0 1 0.092 7.531 0.334
159 201 19 20 5 0 1 0.078 8.247 0.348
159 201 20 21 5 0 1 0.108 6.912 0.320
159 201 21 22 5 0 1 0.103 6.859 0.324
159 201 22 23 5 0 1 0.097 7.372 0.327
159 201 23 24 5 0 1 0.095 7.569 0.328
159 201 24 25 5 0 1 0.099 7.106 0.327
159 201 25 26 5 0 1 0.124 5.941 0.299
159 201 26 27 5 0 1 0.100 7.216 0.323
159 201 27 28 5 0 1 0.098 7.381 0.327
159 201 28 29 5 0 1 0.117 6.427 0.307
159 201 29 30 5 0 1 0.101 6.998 0.320
159 201 30 31 5 0 1 0.085 7.951 0.335
159 201 31 32 5 0 1 0.105 7.377 0.318
159 201 32 33 5 0 1 0.124 5.998 0.294
159 201 33 34 5 0 1 0.095 7.848 0.325
159 201 34 35 5 0 1 0.103 7.982 0.311
159 201 35 36 5 0 1 0.065 9.809 0.351
159 201 36 37 5 0 1 0.132 5.442 0.287
159 201 37 38 5 0 1 0.093 8.869 0.318
159 201 38 39 5 0 1 0.103 8.195 0.309
159 201 39 40 5 0 1 0.138 5.419 0.264
159 201 40 41 5 0 1 0.008 14.702 0.390
159 201 41 42 5 0 1 0.000 23.172 0.392
159 201 42 43 5 0 1 0.096 10.033 0.326
159 201 43 44 5 0 1 0.000 26.655 0.391
159 201 44 100 5 0 1 0.040 11.779 0.331
201 252 0 1 5 0 1 0.250 1.000 0.990
201 252 1 2 5 0 1 0.078 11.756 0.352
201 252 2 3 5 0 1 0.038 10.946 0.409
201 252 3 4 5 0 1 0.082 7.965 0.364
201 252 4 5 5 0 1 0.074 8.686 0.370
201 252 5 6 5 0 1 0.077 8.498 0.365
201 252 6 7 5 0 1 0.060 9.354 0.383
201 252 7 8 5 0 1 0.053 9.786 0.390
201 252 8 9 5 0 1 0.015 11.826 0.424
201 252 9 10 5 0 1 0.043 10.380 0.399
201 252 10 11 5 0 1 0.064 8.998 0.377
201 252 11 12 5 0 1 0.030 10.933 0.408
201 252 12 13 5 0 1 0.033 10.829 0.406
201 252 13 14 5 0 1 0.040 10.494 0.398
201 252 14 15 5 0 1 0.028 11.094 0.410
201 252 15 16 5 0 1 0.041 9.982 0.397
201 252 16 17 5 0 1 0.033 10.564 0.403
201 252 17 18 5 0 1 0.048 10.048 0.390
201 252 18 19 5 0 1 0.057 9.453 0.380
201 252 19 20 5 0 1 0.061 9.090 0.372
201 252 20 21 5 0 1 0.055 9.597 0.382
201 252 21 22 5 0 1 0.034 11.013 0.402
201 252 22 23 5 0 1 0.078 8.410 0.357
201 252 23 24 5 0 1 0.038 10.386 0.395
201 252 24 25 5 0 1 0.051 9.742 0.382
201 252 25 26 5 0 1 0.055 9.631 0.382
201 252 26 27 5 0 1 0.084 7.785 0.352
201 252 27 28 5 0 1 0.080 8.070 0.353
201 252 28 29 5 0 1 0.078 8.652 0.354
201 252 29 30 5 0 1 0.102 7.278 0.325
201 252 30 31 5 0 1 0.081 7.876 0.355
201 252 31 32 5 0 1 0.100 7.682 0.332
201 252 32 33 5 0 1 0.106 6.660 0.326
201 252 33 34 5 0 1 0.091 7.679 0.339
201 252 34 35 5 0 1 0.056 9.604 0.370
201 252 35 36 5 0 1 0.117 6.795 0.312
201 252 36 37 5 0 1 0.035 10.745 0.388
201 252 37 38 5 0 1 0.000 17.295 0.416
201 252 38 39 5 0 1 0.140 6.794 0.286
201 252 39 40 5 0 1 0.179 5.186 0.241
201 252 40 41 5 0 1 0.051 10.478 0.383
201 252 41 42 5 0 1 0.000 21.830 0.416
201 252 42 43 5 0 1 0.000 16.854 0.412
201 252 43 44 5 0 1 0.149 8.879 0.250
201 252 44 100 5 0 1 0.400 1.000 0.002
252 317 0 1 5 0 1 0.350 1.000 0.005
252 317 1 2 5 0 1 0.000 15.045 0.459
252 317 2 3 5 0 1 0.000 14.249 0.458
252 317 3 4 5 0 1 0.069 9.230 0.383
252 317 4 5 5 0 1 0.023 11.383 0.431
252 317 5 6 5 0 1 0.032 10.853 0.419
252 317 6 7 5 0 1 0.000 13.005 0.451
252 317 7 8 5 0 1 0.000 13.072 0.450
252 317 8 9 5 0 1 0.000 12.866 0.450
252 317 9 10 5 0 1 0.000 13.000 0.451
252 317 10 11 5 0 1 0.000 12.850 0.450
252 317 11 12 5 0 1 0.000 12.920 0.449
252 317 12 13 5 0 1 0.000 12.742 0.448
252 317 13 14 5 0 1 0.000 12.950 0.450
252 317 14 15 5 0 1 0.000 12.769 0.447
252 317 15 16 5 0 1 0.000 12.802 0.447
252 317 16 17 5 0 1 0.000 12.674 0.449
252 317 17 18 5 0 1 0.000 13.087 0.448
252 317 18 19 5 0 1 0.000 12.752 0.445
252 317 19 20 5 0 1 0.000 12.713 0.445
252 317 20 21 5 0 1 0.031 11.348 0.417
252 317 21 22 5 0 1 0.011 12.032 0.435
252 317 22 23 5 0 1 0.037 10.352 0.409
252 317 23 24 5 0 1 0.007 12.053 0.438
252 317 24 25 5 0 1 0.024 11.400 0.423
252 317 25 26 5 0 1 0.052 9.867 0.393
252 317 26 27 5 0 1 0.022 11.742 0.422
252 317 27 28 5 0 1 0.021 11.529 0.425
252 317 28 29 5 0 1 0.076 8.665 0.368
252 317 29 30 5 0 1 0.055 10.010 0.385
252 317 30 31 5 0 1 0.017 11.944 0.426
252 317 31 32 5 0 1 0.043 10.033 0.400
252 317 32 33 5 0 1 0.074 8.144 0.365
252 317 33 34 5 0 1 0.000 13.635 0.436
252 317 34 35 5 0 1 0.095 7.635 0.347
252 317 35 36 5 0 1 0.000 14.853 0.435
252 317 36 37 5 0 1 0.102 8.103 0.343
252 317 37 38 5 0 1 0.000 14.260 0.421
252 317 38 39 5 0 1 0.000 16.884 0.440
252 317 39 40 5 0 1 0.000 17.666 0.417
252 317 40 41 5 0 1 0.067 10.651 0.358
252 317 41 42 5 0 1 0.000 21.970 0.420
252 317 42 43 5 0 1 0.177 5.981 0.235
252 317 43 44 5 0 1 0.094 15.281 0.305
252 317 44 100 5 0 1 0.058 13.935 0.297
317 400 0 1 5 0 1 0.322 5.211 0.094
317 400 1 2 5 0 1 0.000 18.114 0.455
317 400 2 3 5 0 1 0.000 13.234 0.459
317 400 3 4 5 0 1 0.000 13.358 0.459
317 400 4 5 5 0 1 0.000 13.541 0.462
317 400 5 6 5 0 1 0.000 12.806 0.463
317 400 6 7 5 0 1 0.000 13.521 0.464
317 400 7 8 5 0 1 0.000 13.359 0.464
317 400 8 9 5 0 1 0.000 13.705 0.464
317 400 9 10 5 0 1 0.000 13.204 0.464
317 400 10 11 5 0 1 0.000 12.966 0.460
317 400 11 12 5 0 1 0.000 13.105 0.463
317 400 12 13 5 0 1 0.000 13.079 0.462
317 400 13 14 5 0 1 0.000 13.434 0.462
317 400 14 15 5 0 1 0.000 13.048 0.462
317 400 15 16 5 0 1 0.000 13.225 0.461
317 400 16 17 5 0 1 0.000 12.946 0.463
317 400 17 18 5 0 1 0.000 12.972 0.461
317 400 18 19 5 0 1 0.000 12.997 0.461
317 400 19 20 5 0 1 0.000 13.138 0.460
317 400 20 21 5 0 1 0.000 13.092 0.460
317 400 21 22 5 0 1 0.000 12.861 0.459
317 400 22 23 5 0 1 0.000 12.861 0.459
317 400 23 24 5 0 1 0.000 13.179 0.458
317 400 24 25 5 0 1 0.000 13.138 0.457
317 400 25 26 5 0 1 0.000 13.085 0.460
317 400 26 27 5 0 1 0.000 12.896 0.457
317 400 27 28 5 0 1 0.000 13.102 0.456
317 400 28 29 5 0 1 0.000 12.279 0.460
317 400 29 30 5 0 1 0.000 14.011 0.459
317 400 30 31 5 0 1 0.028 11.351 0.429
317 400 31 32 5 0 1 0.002 13.084 0.454
317 400 32 33 5 0 1 0.000 13.555 0.458
317 400 33 34 5 0 1 0.000 13.297 0.455
317 400 34 35 5 0 1 0.000 13.684 0.460
317 400 35 36 5 0 1 0.061 9.715 0.392
317 400 36 37 5 0 1 0.000 13.734 0.458
317 400 37 38 5 0 1 0.047 10.515 0.405
317 400 38 39 5 0 1 0.060 10.099 0.381
317 400 39 40 5 0 1 0.000 16.172 0.440
317 400 40 41 5 0 1 0.000 13.553 0.451
317 400 41 42 5 0 1 0.000 19.834 0.460
317 400 42 43 5 0 1 0.000 29.485 0.462
317 400 43 44 5 0 1 0.000 28.619 0.406
317 400 44 100 5 0 1 0.036 20.238 0.389
400 503 0 1 5 0 1 0.062 50.000 0.387
400 503 1 2 5 0 1 0.031 15.507 0.440
400 503 2 3 5 0 1 0.000 14.382 0.474
400 503 3 4 5 0 1 0.000 13.808 0.477
400 503 4 5 5 0 1 0.000 13.581 0.478
400 503 5 6 5 0 1 0.000 14.188 0.478
400 503 6 7 5 0 1 0.000 13.676 0.476
400 503 7 8 5 0 1 0.000 13.586 0.478
400 503 8 9 5 0 1 0.000 13.559 0.477
400 503 9 10 5 0 1 0.000 13.737 0.480
400 503 10 11 5 0 1 0.000 13.761 0.477
400 503 11 12 5 0 1 0.000 13.613 0.478
400 503 12 13 5 0 1 0.000 13.743 0.478
400 503 13 14 5 0 1 0.000 13.563 0.477
400 503 14 15 5 0 1 0.000 13.483 0.478
400 503 15 16 5 0 1 0.000 13.688 0.477
400 503 16 17 5 0 1 0.000 13.523 0.479
400 503 17 18 5 0 1 0.000 13.297 0.476
400 503 18 19 5 0 1 0.000 13.322 0.477
400 503 19 20 5 0 1 0.000 13.662 0.480
400 503 20 21 5 0 1 0.000 13.342 0.476
400 503 21 22 5 0 1 0.000 13.105 0.477
400 503 22 23 5 0 1 0.000 14.083 0.475
400 503 23 24 5 0 1 0.000 13.732 0.473
400 503 24 25 5 0 1 0.000 13.557 0.475
400 503 25 26 5 0 1 0.000 13.407 0.470
400 503 26 27 5 0 1 0.000 13.044 0.474
400 503 27 28 5 0 1 0.000 13.249 0.475
400 503 28 29 5 0 1 0.000 13.728 0.476
400 503 29 30 5 0 1 0.000 13.930 0.470
400 503 30 31 5 0 1 0.000 13.772 0.470
400 503 31 32 5 0 1 0.000 13.166 0.474
400 503 32 33 5 0 1 0.000 13.264 0.469
400 503 33 34 5 0 1 0.000 13.612 0.474
400 503 34 35 5 0 1 0.000 14.670 0.464
400 503 35 36 5 0 1 0.000 16.014 0.474
400 503 36 37 5 0 1 0.007 13.410 0.466
400 503 37 38 5 0 1 0.000 13.462 0.468
400 503 38 39 5 0 1 0.000 16.105 0.474
400 503 39 40 5 0 1 0.000 15.856 0.479
400 503 40 41 5 0 1 0.000 22.273 0.457
400 503 41 42 5 0 1 0.000 24.196 0.440
400 503 42 43 5 0 1 0.000 26.295 0.439
400 503 43 44 5 0 1 0.345 1.125 0.001
400 503 44 100 5 0 1 0.400 50.000 0.990
503 633 0 1 5 0 1 0.400 50.000 0.990
503 633 1 2 5 0 1 0.390 1.000 0.005
503 633 2 3 5 0 1 0.000 14.987 0.493
503 633 3 4 5 0 1 0.000 13.468 0.493
503 633 4 5 5 0 1 0.000 15.370 0.500
503 633 5 6 5 0 1 0.000 15.356 0.499
503 633 6 7 5 0 1 0.000 14.951 0.496
503 633 7 8 5 0 1 0.000 14.775 0.498
503 633 8 9 5 0 1 0.000 14.133 0.494
503 633 9 10 5 0 1 0.000 14.505 0.496
503 633 10 11 5 0 1 0.000 14.200 0.496
503 633 11 12 5 0 1 0.000 14.414 0.497
503 633 12 13 5 0 1 0.000 14.609 0.498
503 633 13 14 5 0 1 0.000 14.393 0.499
503 633 14 15 5 0 1 0.000 14.498 0.495
503 633 15 16 5 0 1 0.000 14.720 0.497
503 633 16 17 5 0 1 0.000 13.796 0.496
503 633 17 18 5 0 1 0.000 14.151 0.496
503 633 18 19 5 0 1 0.000 14.026 0.494
503 633 19 20 5 0 1 0.000 14.906 0.497
503 633 20 21 5 0 1 0.000 14.343 0.494
503 633 21 22 5 0 1 0.000 14.376 0.496
503 633 22 23 5 0 1 0.000 14.332 0.492
503 633 23 24 5 0 1 0.000 13.895 0.494
503 633 24 25 5 0 1 0.000 14.210 0.494
503 633 25 26 5 0 1 0.000 14.157 0.498
503 633 26 27 5 0 1 0.000 14.096 0.494
503 633 27 28 5 0 1 0.000 13.838 0.491
503 633 28 29 5 0 1 0.000 14.366 0.492
503 633 29 30 5 0 1 0.000 13.655 0.491
503 633 30 31 5 0 1 0.000 13.836 0.492
503 633 31 32 5 0 1 0.000 14.678 0.494
503 633 32 33 5 0 1 0.000 14.963 0.496
503 633 33 34 5 0 1 0.000 14.823 0.489
503 633 34 35 5 0 1 0.000 15.153 0.492
503 633 35 36 5 0 1 0.000 15.877 0.495
503 633 36 37 5 0 1 0.000 14.496 0.468
503 633 37 38 5 0 1 0.000 15.965 0.488
503 633 38 39 5 0 1 0.019 17.465 0.468
503 633 39 40 5 0 1 0.000 21.369 0.470
503 633 40 41 5 0 1 0.068 17.919 0.413
503 633 41 42 5 0 1 0.243 7.158 0.256
503 633 42 43 5 0 1 0.000 37.664 0.478
503 633 43 44 5 0 1 0.172 50.000 0.305
503 633 44 100 5 0 1 0.058 50.000 0.412
633 797 0 1 5 0 1 0.400 50.000 0.990
633 797 1 2 5 0 1 0.390 1.000 0.005
633 797 2 3 5 0 1 0.000 19.078 0.518
633 797 3 4 5 0 1 0.000 16.912 0.519
633 797 4 5 5 0 1 0.000 15.734 0.518
633 797 5 6 5 0 1 0.000 15.156 0.517
633 797 6 7 5 0 1 0.000 16.351 0.513
633 797 7 8 5 0 1 0.000 15.809 0.516
633 797 8 9 5 0 1 0.000 15.639 0.514
633 797 9 10 5 0 1 0.000 15.459 0.517
633 797 10 11 5 0 1 0.000 15.959 0.518
633 797 11 12 5 0 1 0.000 15.669 0.520
633 797 12 13 5 0 1 0.000 15.394 0.516
633 797 13 14 5 0 1 0.000 15.499 0.516
633 797 14 15 5 0 1 0.000 15.687 0.516
633 797 15 16 5 0 1 0.000 16.098 0.518
633 797 16 17 5 0 1 0.000 15.108 0.517
633 797 17 18 5 0 1 0.000 15.856 0.519
633 797 18 19 5 0 1 0.000 15.687 0.519
633 797 19 20 5 0 1 0.000 16.269 0.516
633 797 20 21 5 0 1 0.000 15.466 0.517
633 797 21 22 5 0 1 0.000 15.694 0.518
633 797 22 23 5 0 1 0.000 15.526 0.515
633 797 23 24 5 0 1 0.000 15.499 0.517
633 797 24 25 5 0 1 0.000 15.498 0.515
633 797 25 26 5 0 1 0.000 15.188 0.516
633 797 26 27 5 0 1 0.000 15.268 0.514
633 797 27 28 5 0 1 0.000 16.238 0.516
633 797 28 29 5 0 1 0.000 16.083 0.515
633 797 29 30 5 0 1 0.000 16.300 0.519
633 797 30 31 5 0 1 0.000 14.356 0.518
633 797 31 32 5 0 1 0.000 14.227 0.517
633 797 32 33 5 0 1 0.000 15.704 0.511
633 797 33 34 5 0 1 0.000 16.384 0.507
633 797 34 35 5 0 1 0.000 18.900 0.499
633 797 35 36 5 0 1 0.000 15.879 0.506
633 797 36 37 5 0 1 0.000 18.783 0.517
633 797 37 38 5 0 1 0.000 25.837 0.517
633 797 38 39 5 0 1 0.000 16.304 0.511
633 797 39 40 5 0 1 0.000 27.494 0.518
633 797 40 41 5 0 1 0.000 44.690 0.475
633 797 41 42 5 0 1 0.000 39.114 0.492
633 797 42 43 5 0 1 0.400 50.000 0.990
633 797 43 44 5 0 1 0.082 50.000 0.427
633 797 44 100 5 0 1 0.377 16.531 0.146
797 1003 0 1 5 0 1 0.390 1.000 0.005
797 1003 1 2 5 0 1 0.000 43.895 0.519
797 1003 2 3 5 0 1 0.000 22.915 0.527
797 1003 3 4 5 0 1 0.000 17.482 0.532
797 1003 4 5 5 0 1 0.000 17.672 0.541
797 1003 5 6 5 0 1 0.000 16.587 0.535
797 1003 6 7 5 0 1 0.000 17.325 0.537
797 1003 7 8 5 0 1 0.000 16.919 0.537
797 1003 8 9 5 0 1 0.000 16.662 0.539
797 1003 9 10 5 0 1 0.000 17.247 0.537
797 1003 10 11 5 0 1 0.000 17.918 0.540
797 1003 11 12 5 0 1 0.000 17.720 0.540
797 1003 12 13 5 0 1 0.000 17.369 0.540
797 1003 13 14 5 0 1 0.000 17.093 0.541
797 1003 14 15 5 0 1 0.000 17.764 0.541
797 1003 15 16 5 0 1 0.000 17.681 0.541
797 1003 16 17 5 0 1 0.000 17.642 0.540
797 1003 17 18 5 0 1 0.000 16.680 0.540
797 1003 18 19 5 0 1 0.000 17.514 0.540
797 1003 19 20 5 0 1 0.000 18.254 0.543
797 1003 20 21 5 0 1 0.000 17.045 0.537
797 1003 21 22 5 0 1 0.000 17.166 0.542
797 1003 22 23 5 0 1 0.000 17.145 0.544
797 1003 23 24 5 0 1 0.000 17.628 0.541
797 1003 24 25 5 0 1 0.000 16.448 0.542
797 1003 25 26 5 0 1 0.000 17.073 0.538
797 1003 26 27 5 0 1 0.000 17.506 0.542
797 1003 27 28 5 0 1 0.000 16.766 0.534
797 1003 28 29 5 0 1 0.000 17.742 0.536
797 1003 29 30 5 0 1 0.000 17.584 0.531
797 1003 30 31 5 0 1 0.000 18.916 0.542
797 1003 31 32 5 0 1 0.000 17.020 0.535
797 1003 32 33 5 0 1 0.000 22.106 0.535
797 1003 33 34 5 0 1 0.000 22.313 0.527
797 1003 34 35 5 0 1 0.000 28.171 0.532
797 1003 35 36 5 0 1 0.400 50.000 0.990
797 1003 36 37 5 0 1 0.000 29.487 0.528
797 1003 37 38 5 0 1 0.085 50.000 0.418
797 1003 38 39 5 0 1 0.245 7.923 0.285
797 1003 39 40 5 0 1 0.083 50.000 0.453
797 1003 40 41 5 0 1 0.013 50.000 0.455
797 1003 41 42 5 0 1 0.400 50.000 0.990
797 1003 42 43 5 0 1 0.237 50.000 0.334
797 1003 43 44 5 0 1 0.240 50.000 0.251
797 1003 44 100 5 0 1 0.400 1.001 0.002
1003 1262 1 2 5 0 1 0.000 50.000 0.529
1003 1262 2 3 5 0 1 0.001 19.529 0.570
1003 1262 3 4 5 0 1 0.000 25.323 0.555
1003 1262 4 5 5 0 1 0.000 21.377 0.569
1003 1262 5 6 5 0 1 0.000 19.001 0.561
1003 1262 6 7 5 0 1 0.000 18.698 0.553
1003 1262 7 8 5 0 1 0.000 19.519 0.558
1003 1262 8 9 5 0 1 0.000 21.813 0.563
1003 1262 9 10 5 0 1 0.000 20.774 0.560
1003 1262 10 11 5 0 1 0.000 20.639 0.562
1003 1262 11 12 5 0 1 0.000 19.874 0.567
1003 1262 12 13 5 0 1 0.000 21.304 0.564
1003 1262 13 14 5 0 1 0.000 19.450 0.566
1003 1262 14 15 5 0 1 0.000 20.230 0.564
1003 1262 15 16 5 0 1 0.000 20.455 0.565
1003 1262 16 17 5 0 1 0.000 20.062 0.564
1003 1262 17 18 5 0 1 0.000 20.882 0.565
1003 1262 18 19 5 0 1 0.000 19.184 0.560
1003 1262 19 20 5 0 1 0.000 20.391 0.564
1003 1262 20 21 5 0 1 0.000 18.896 0.563
1003 1262 21 22 5 0 1 0.000 20.865 0.566
1003 1262 22 23 5 0 1 0.000 21.066 0.563
1003 1262 23 24 5 0 1 0.000 19.106 0.563
1003 1262 24 25 5 0 1 0.000 20.596 0.561
1003 1262 25 26 5 0 1 0.000 21.940 0.567
1003 1262 26 27 5 0 1 0.000 21.247 0.564
1003 1262 27 28 5 0 1 0.000 20.325 0.558
1003 1262 28 29 5 0 1 0.000 22.723 0.556
1003 1262 29 30 5 0 1 0.000 21.015 0.557
1003 1262 30 31 5 0 1 0.390 1.000 0.004
1003 1262 31 32 5 0 1 0.000 21.597 0.550
1003 1262 32 33 5 0 1 0.000 27.702 0.562
1003 1262 33 34 5 0 1 0.400 1.000 0.002
1003 1262 34 35 5 0 1 0.000 41.223 0.563
1003 1262 35 36 5 0 1 0.000 28.107 0.498
1003 1262 36 37 5 0 1 0.073 50.000 0.468
1003 1262 37 38 5 0 1 0.110 50.000 0.487
1003 1262 38 39 5 0 1 0.355 5.581 0.140
1003 1262 39 40 5 0 1 0.129 50.000 0.350
1003 1262 40 41 5 0 1 0.103 40.295 0.433
1003 1262 41 42 5 0 1 0.400 50.000 0.990
1003 1262 42 43 5 0 1 0.400 29.114 0.002
1003 1262 43 44 5 0 1 0.400 50.000 0.990
1003 1262 44 100 5 0 1 0.316 50.000 0.199
1262 1589 1 2 5 0 1 0.182 50.000 0.319
1262 1589 2 3 5 0 1 0.400 50.000 0.990
1262 1589 3 4 5 0 1 0.000 36.733 0.575
1262 1589 4 5 5 0 1 0.000 31.706 0.589
1262 1589 5 6 5 0 1 0.000 23.959 0.589
1262 1589 6 7 5 0 1 0.000 21.612 0.586
1262 1589 7 8 5 0 1 0.000 24.900 0.583
1262 1589 8 9 5 0 1 0.000 23.563 0.585
1262 1589 9 10 5 0 1 0.000 24.467 0.587
1262 1589 10 11 5 0 1 0.000 24.388 0.585
1262 1589 11 12 5 0 1 0.000 24.331 0.585
1262 1589 12 13 5 0 1 0.000 22.549 0.583
1262 1589 13 14 5 0 1 0.000 22.786 0.587
1262 1589 14 15 5 0 1 0.000 23.990 0.588
1262 1589 15 16 5 0 1 0.000 22.638 0.582
1262 1589 16 17 5 0 1 0.000 23.957 0.595
1262 1589 17 18 5 0 1 0.000 22.570 0.589
1262 1589 18 19 5 0 1 0.000 22.751 0.585
1262 1589 19 20 5 0 1 0.000 21.932 0.584
1262 1589 20 21 5 0 1 0.000 23.890 0.595
1262 1589 21 22 5 0 1 0.000 23.406 0.581
1262 1589 22 23 5 0 1 0.000 24.447 0.583
1262 1589 23 24 5 0 1 0.000 24.105 0.595
1262 1589 24 25 5 0 1 0.000 26.410 0.596
1262 1589 25 26 5 0 1 0.000 28.765 0.593
1262 1589 26 27 5 0 1 0.000 29.738 0.584
1262 1589 27 28 5 0 1 0.000 24.891 0.574
1262 1589 28 29 5 0 1 0.000 30.227 0.580
1262 1589 29 30 5 0 1 0.000 30.151 0.571
1262 1589 30 31 5 0 1 0.000 29.385 0.575
1262 1589 31 32 5 0 1 0.000 45.017 0.553
1262 1589 32 33 5 0 1 0.175 50.000 0.414
1262 1589 33 34 5 0 1 0.400 1.000 0.001
1262 1589 34 35 5 0 1 0.293 46.430 0.237
1262 1589 35 36 5 0 1 0.400 9.296 0.127
1262 1589 36 37 5 0 1 0.377 17.305 0.238
1262 1589 37 38 5 0 1 0.343 9.685 0.116
1262 1589 38 39 5 0 1 0.400 50.000 0.168
1262 1589 39 40 5 0 1 0.400 50.000 0.990
1262 1589 40 41 5 0 1 0.400 50.000 0.990
1262 1589 41 42 5 0 1 0.400 50.000 0.141
1262 1589 42 43 5 0 1 0.400 50.000 0.001
1262 1589 43 100 5 0 1 0.400 50.000 0.990
1589 2000 1 2 5 0 1 0.400 50.000 0.990
1589 2000 3 4 5 0 1 0.159 50.000 0.428
1589 2000 4 5 5 0 1 0.202 14.501 0.411
1589 2000 5 6 5 0 1 0.055 50.000 0.519
1589 2000 6 7 5 0 1 0.000 39.943 0.602
1589 2000 7 8 5 0 1 0.000 37.640 0.596
1589 2000 8 9 5 0 1 0.000 29.637 0.611
1589 2000 9 10 5 0 1 0.000 24.271 0.623
1589 2000 10 11 5 0 1 0.400 17.321 0.001
1589 2000 11 12 5 0 1 0.000 36.333 0.604
1589 2000 12 13 5 0 1 0.000 25.285 0.598
1589 2000 13 14 5 0 1 0.000 28.800 0.602
1589 2000 14 15 5 0 1 0.126 19.641 0.495
1589 2000 15 16 5 0 1 0.000 26.612 0.607
1589 2000 16 17 5 0 1 0.072 24.149 0.536
1589 2000 17 18 5 0 1 0.000 29.295 0.614
1589 2000 18 19 5 0 1 0.000 30.599 0.604
1589 2000 19 20 5 0 1 0.000 33.972 0.616
1589 2000 20 21 5 0 1 0.000 40.162 0.620
1589 2000 21 22 5 0 1 0.000 32.200 0.605
1589 2000 22 23 5 0 1 0.000 35.829 0.630
1589 2000 23 24 5 0 1 0.000 47.892 0.613
1589 2000 24 25 5 0 1 0.400 10.885 0.223
1589 2000 25 26 5 0 1 0.383 11.526 0.222
1589 2000 26 27 5 0 1 0.000 45.948 0.595
1589 2000 27 28 5 0 1 0.300 50.000 0.324
1589 2000 28 29 5 0 1 0.107 50.000 0.507
1589 2000 29 30 5 0 1 0.289 50.000 0.315
1589 2000 30 31 5 0 1 0.400 50.000 0.990
1589 2000 31 32 5 0 1 0.094 50.000 0.455
1589 2000 32 33 5 0 1 0.400 1.000 0.002
1589 2000 33 34 5 0 1 0.328 50.000 0.176
1589 2000 34 35 5 0 1 0.400 50.000 0.990
1589 2000 35 36 5 0 1 0.400 50.000 0.990
1589 2000 37 38 5 0 1 0.400 50.000 0.990
1589 2000 38 39 5 0 1 0.400 50.000 0.990
1589 2000 40 41 5 0 1 0.400 50.000 0.990
1589 2000 41 42 5 0 1 0.393 17.010 0.001
1589 2000 43 100 5 0 1 0.400 50.000 0.001
2000 4000 2 3 5 0 1 0.400 50.000 0.990
2000 4000 3 4 5 0 1 0.400 50.000 0.990
2000 4000 4 5 5 0 1 0.400 50.000 0.238
2000 4000 5 6 5 0 1 0.400 50.000 0.990
2000 4000 6 7 5 0 1 0.400 50.000 0.263
2000 4000 7 8 5 0 1 0.236 50.000 0.395
2000 4000 8 9 5 0 1 0.194 50.000 0.440
2000 4000 9 10 5 0 1 0.040 50.000 0.555
2000 4000 10 11 5 0 1 0.223 50.000 0.388
2000 4000 11 12 5 0 1 0.400 16.472 0.247
2000 4000 12 13 5 0 1 0.098 50.000 0.532
2000 4000 13 14 5 0 1 0.146 50.000 0.455
2000 4000 14 15 5 0 1 0.366 50.000 0.273
2000 4000 15 16 5 0 1 0.400 50.000 0.990
2000 4000 16 17 5 0 1 0.209 34.571 0.375
2000 4000 17 18 5 0 1 0.285 50.000 0.307
2000 4000 18 19 5 0 1 0.161 50.000 0.452
2000 4000 19 20 5 0 1 0.386 50.000 0.234
2000 4000 20 21 5 0 1 0.400 23.180 0.202
2000 4000 21 22 5 0 1 0.400 38.783 0.207
2000 4000 22 23 5 0 1 0.326 50.000 0.301
2000 4000 24 25 5 0 1 0.400 50.000 0.990
2000 4000 25 26 5 0 1 0.400 50.000 0.990
2000 4000 26 27 5 0 1 0.400 50.000 0.990
2000 4000 27 28 5 0 1 0.382 50.000 0.190
2000 4000 28 29 5 0 1 0.400 50.000 0.990
2000 4000 29 30 5 0 1 0.400 50.000 0.990
2000 4000 31 32 5 0 1 0.400 50.000 0.990
2000 4000 37 100 5 0 1 0.391 19.471 0.003
[gluon]
{2 JetPt Rho 1 x ((x-[0])<0)?0:TMath::Exp(-1.*(x-[0])*[1]/[2])*TMath::Power((x-[0]),[1]-1)*TMath::Power([2]/[1],-1.*[1])/TMath::Gamma([1]) Correction QGL_ptD_QC_gluon}
20 26 0 1 5 0 1 0.400 50.000 0.990
20 26 1 2 5 0 1 0.254 3.045 0.146
20 26 2 3 5 0 1 0.253 3.201 0.143
20 26 3 4 5 0 1 0.239 3.613 0.152
20 26 4 5 5 0 1 0.234 3.748 0.157
20 26 5 6 5 0 1 0.234 3.622 0.153
20 26 6 7 5 0 1 0.233 3.531 0.151
20 26 7 8 5 0 1 0.235 3.391 0.144
20 26 8 9 5 0 1 0.232 3.432 0.146
20 26 9 10 5 0 1 0.232 3.257 0.142
20 26 10 11 5 0 1 0.231 3.217 0.140
20 26 11 12 5 0 1 0.222 3.625 0.145
20 26 12 13 5 0 1 0.222 3.544 0.142
20 26 13 14 5 0 1 0.217 3.670 0.143
20 26 14 15 5 0 1 0.218 3.546 0.139
20 26 15 16 5 0 1 0.215 3.550 0.141
20 26 16 17 5 0 1 0.217 3.384 0.135
20 26 17 18 5 0 1 0.214 3.429 0.135
20 26 18 19 5 0 1 0.215 3.139 0.132
20 26 19 20 5 0 1 0.213 3.190 0.131
20 26 20 21 5 0 1 0.214 3.063 0.126
20 26 21 22 5 0 1 0.205 3.556 0.133
20 26 22 23 5 0 1 0.215 2.840 0.122
20 26 23 24 5 0 1 0.201 3.551 0.131
20 26 24 25 5 0 1 0.197 3.616 0.133
20 26 25 26 5 0 1 0.200 3.499 0.126
20 26 26 27 5 0 1 0.198 3.700 0.126
20 26 27 28 5 0 1 0.201 3.258 0.119
20 26 28 29 5 0 1 0.200 3.036 0.120
20 26 29 30 5 0 1 0.200 2.855 0.117
20 26 30 31 5 0 1 0.196 2.913 0.118
20 26 31 32 5 0 1 0.183 3.958 0.130
20 26 32 33 5 0 1 0.207 2.111 0.104
20 26 33 34 5 0 1 0.194 3.268 0.108
20 26 34 35 5 0 1 0.204 2.410 0.097
20 26 35 36 5 0 1 0.183 3.648 0.110
20 26 36 37 5 0 1 0.175 3.996 0.114
20 26 37 38 5 0 1 0.182 3.622 0.108
20 26 38 39 5 0 1 0.185 4.542 0.087
20 26 39 40 5 0 1 0.184 4.918 0.088
20 26 40 41 5 0 1 0.151 16.021 0.114
20 26 41 42 5 0 1 0.073 32.238 0.203
20 26 42 43 5 0 1 0.400 49.641 0.007
20 26 43 44 5 0 1 0.160 7.112 0.088
20 26 44 100 5 0 1 0.119 37.480 0.141
26 32 0 1 5 0 1 0.028 50.000 0.335
26 32 1 2 5 0 1 0.219 4.088 0.160
26 32 2 3 5 0 1 0.235 3.148 0.143
26 32 3 4 5 0 1 0.232 3.389 0.145
26 32 4 5 5 0 1 0.230 3.380 0.142
26 32 5 6 5 0 1 0.233 3.170 0.139
26 32 6 7 5 0 1 0.230 3.209 0.138
26 32 7 8 5 0 1 0.222 3.420 0.143
26 32 8 9 5 0 1 0.219 3.547 0.145
26 32 9 10 5 0 1 0.218 3.513 0.141
26 32 10 11 5 0 1 0.218 3.491 0.140
26 32 11 12 5 0 1 0.216 3.444 0.140
26 32 12 13 5 0 1 0.216 3.383 0.138
26 32 13 14 5 0 1 0.215 3.376 0.135
26 32 14 15 5 0 1 0.213 3.406 0.135
26 32 15 16 5 0 1 0.214 3.214 0.132
26 32 16 17 5 0 1 0.212 3.307 0.132
26 32 17 18 5 0 1 0.212 3.249 0.130
26 32 18 19 5 0 1 0.214 3.042 0.126
26 32 19 20 5 0 1 0.213 3.020 0.126
26 32 20 21 5 0 1 0.202 3.582 0.133
26 32 21 22 5 0 1 0.200 3.493 0.132
26 32 22 23 5 0 1 0.197 3.545 0.132
26 32 23 24 5 0 1 0.200 3.353 0.129
26 32 24 25 5 0 1 0.201 3.125 0.125
26 32 25 26 5 0 1 0.199 3.161 0.125
26 32 26 27 5 0 1 0.195 3.234 0.127
26 32 27 28 5 0 1 0.199 3.082 0.121
26 32 28 29 5 0 1 0.197 2.990 0.123
26 32 29 30 5 0 1 0.199 2.879 0.116
26 32 30 31 5 0 1 0.201 2.730 0.113
26 32 31 32 5 0 1 0.194 3.032 0.120
26 32 32 33 5 0 1 0.183 3.476 0.124
26 32 33 34 5 0 1 0.182 3.824 0.127
26 32 34 35 5 0 1 0.200 2.536 0.104
26 32 35 36 5 0 1 0.197 2.934 0.107
26 32 36 37 5 0 1 0.200 2.639 0.098
26 32 37 38 5 0 1 0.180 4.106 0.118
26 32 38 39 5 0 1 0.200 1.964 0.096
26 32 39 40 5 0 1 0.174 4.242 0.111
26 32 40 41 5 0 1 0.153 6.770 0.131
26 32 41 42 5 0 1 0.094 25.386 0.173
26 32 42 43 5 0 1 0.160 5.632 0.124
26 32 43 44 5 0 1 0.087 21.301 0.195
26 32 44 100 5 0 1 0.129 15.241 0.131
32 40 0 1 5 0 1 0.170 19.882 0.158
32 40 1 2 5 0 1 0.235 3.098 0.133
32 40 2 3 5 0 1 0.221 3.363 0.143
32 40 3 4 5 0 1 0.222 3.240 0.141
32 40 4 5 5 0 1 0.217 3.413 0.144
32 40 5 6 5 0 1 0.215 3.656 0.142
32 40 6 7 5 0 1 0.216 3.450 0.140
32 40 7 8 5 0 1 0.214 3.498 0.139
32 40 8 9 5 0 1 0.214 3.432 0.137
32 40 9 10 5 0 1 0.215 3.264 0.134
32 40 10 11 5 0 1 0.213 3.380 0.135
32 40 11 12 5 0 1 0.214 3.206 0.132
32 40 12 13 5 0 1 0.212 3.254 0.132
32 40 13 14 5 0 1 0.212 3.186 0.130
32 40 14 15 5 0 1 0.212 3.239 0.129
32 40 15 16 5 0 1 0.214 2.885 0.125
32 40 16 17 5 0 1 0.202 3.612 0.133
32 40 17 18 5 0 1 0.213 2.842 0.123
32 40 18 19 5 0 1 0.198 3.570 0.134
32 40 19 20 5 0 1 0.198 3.510 0.133
32 40 20 21 5 0 1 0.197 3.483 0.132
32 40 21 22 5 0 1 0.197 3.573 0.129
32 40 22 23 5 0 1 0.197 3.420 0.130
32 40 23 24 5 0 1 0.195 3.567 0.129
32 40 24 25 5 0 1 0.193 3.495 0.128
32 40 25 26 5 0 1 0.198 3.107 0.124
32 40 26 27 5 0 1 0.195 3.224 0.126
32 40 27 28 5 0 1 0.184 3.816 0.135
32 40 28 29 5 0 1 0.198 2.844 0.120
32 40 29 30 5 0 1 0.195 2.908 0.120
32 40 30 31 5 0 1 0.182 3.693 0.131
32 40 31 32 5 0 1 0.198 2.768 0.116
32 40 32 33 5 0 1 0.197 2.833 0.114
32 40 33 34 5 0 1 0.181 3.506 0.127
32 40 34 35 5 0 1 0.180 4.003 0.127
32 40 35 36 5 0 1 0.179 3.844 0.129
32 40 36 37 5 0 1 0.201 2.405 0.101
32 40 37 38 5 0 1 0.203 2.272 0.100
32 40 38 39 5 0 1 0.187 2.601 0.110
32 40 39 40 5 0 1 0.175 4.343 0.115
32 40 40 41 5 0 1 0.159 5.071 0.132
32 40 41 42 5 0 1 0.179 3.598 0.104
32 40 42 43 5 0 1 0.189 3.330 0.094
32 40 43 44 5 0 1 0.139 11.980 0.122
32 40 44 100 5 0 1 0.186 2.595 0.091
40 51 0 1 5 0 1 0.007 50.000 0.305
40 51 1 2 5 0 1 0.211 3.689 0.146
40 51 2 3 5 0 1 0.214 3.375 0.139
40 51 3 4 5 0 1 0.214 3.246 0.137
40 51 4 5 5 0 1 0.213 3.342 0.136
40 51 5 6 5 0 1 0.211 3.331 0.136
40 51 6 7 5 0 1 0.203 3.706 0.141
40 51 7 8 5 0 1 0.212 3.202 0.132
40 51 8 9 5 0 1 0.203 3.515 0.138
40 51 9 10 5 0 1 0.200 3.720 0.139
40 51 10 11 5 0 1 0.202 3.596 0.135
40 51 11 12 5 0 1 0.201 3.520 0.136
40 51 12 13 5 0 1 0.199 3.575 0.135
40 51 13 14 5 0 1 0.199 3.544 0.134
40 51 14 15 5 0 1 0.196 3.624 0.136
40 51 15 16 5 0 1 0.197 3.538 0.132
40 51 16 17 5 0 1 0.195 3.623 0.134
40 51 17 18 5 0 1 0.196 3.436 0.131
40 51 18 19 5 0 1 0.197 3.393 0.130
40 51 19 20 5 0 1 0.195 3.424 0.130
40 51 20 21 5 0 1 0.193 3.584 0.130
40 51 21 22 5 0 1 0.194 3.348 0.129
40 51 22 23 5 0 1 0.195 3.162 0.127
40 51 23 24 5 0 1 0.193 3.299 0.127
40 51 24 25 5 0 1 0.191 3.411 0.128
40 51 25 26 5 0 1 0.191 3.285 0.127
40 51 26 27 5 0 1 0.194 3.093 0.122
40 51 27 28 5 0 1 0.196 3.000 0.119
40 51 28 29 5 0 1 0.196 2.849 0.119
40 51 29 30 5 0 1 0.178 3.959 0.132
40 51 30 31 5 0 1 0.201 2.429 0.111
40 51 31 32 5 0 1 0.181 3.670 0.128
40 51 32 33 5 0 1 0.178 3.922 0.129
40 51 33 34 5 0 1 0.200 2.548 0.108
40 51 34 35 5 0 1 0.182 3.335 0.127
40 51 35 36 5 0 1 0.201 2.411 0.106
40 51 36 37 5 0 1 0.175 3.631 0.126
40 51 37 38 5 0 1 0.172 3.749 0.130
40 51 38 39 5 0 1 0.184 2.959 0.120
40 51 39 40 5 0 1 0.181 3.212 0.122
40 51 40 41 5 0 1 0.186 2.728 0.115
40 51 41 42 5 0 1 0.165 4.523 0.122
40 51 42 43 5 0 1 0.163 5.095 0.136
40 51 43 44 5 0 1 0.148 7.825 0.140
40 51 44 100 5 0 1 0.140 8.898 0.143
51 64 0 1 5 0 1 0.185 8.842 0.126
51 64 1 2 5 0 1 0.216 3.113 0.128
51 64 2 3 5 0 1 0.213 3.065 0.132
51 64 3 4 5 0 1 0.197 3.684 0.142
51 64 4 5 5 0 1 0.195 3.684 0.146
51 64 5 6 5 0 1 0.198 3.449 0.140
51 64 6 7 5 0 1 0.195 3.662 0.140
51 64 7 8 5 0 1 0.196 3.564 0.139
51 64 8 9 5 0 1 0.196 3.573 0.138
51 64 9 10 5 0 1 0.195 3.549 0.137
51 64 10 11 5 0 1 0.191 3.727 0.139
51 64 11 12 5 0 1 0.195 3.412 0.133
51 64 12 13 5 0 1 0.191 3.652 0.137
51 64 13 14 5 0 1 0.192 3.512 0.135
51 64 14 15 5 0 1 0.193 3.432 0.133
51 64 15 16 5 0 1 0.195 3.341 0.130
51 64 16 17 5 0 1 0.195 3.195 0.130
51 64 17 18 5 0 1 0.191 3.488 0.131
51 64 18 19 5 0 1 0.193 3.300 0.129
51 64 19 20 5 0 1 0.191 3.348 0.130
51 64 20 21 5 0 1 0.193 3.251 0.126
51 64 21 22 5 0 1 0.191 3.272 0.127
51 64 22 23 5 0 1 0.197 2.869 0.121
51 64 23 24 5 0 1 0.192 3.102 0.124
51 64 24 25 5 0 1 0.193 3.012 0.123
51 64 25 26 5 0 1 0.180 3.725 0.133
51 64 26 27 5 0 1 0.182 3.625 0.129
51 64 27 28 5 0 1 0.177 3.810 0.135
51 64 28 29 5 0 1 0.182 3.382 0.129
51 64 29 30 5 0 1 0.175 3.871 0.134
51 64 30 31 5 0 1 0.177 3.700 0.134
51 64 31 32 5 0 1 0.177 3.764 0.129
51 64 32 33 5 0 1 0.175 3.565 0.133
51 64 33 34 5 0 1 0.179 3.220 0.126
51 64 34 35 5 0 1 0.175 3.527 0.129
51 64 35 36 5 0 1 0.176 3.377 0.128
51 64 36 37 5 0 1 0.166 4.046 0.136
51 64 37 38 5 0 1 0.175 3.252 0.124
51 64 38 39 5 0 1 0.176 3.292 0.119
51 64 39 40 5 0 1 0.171 3.687 0.124
51 64 40 41 5 0 1 0.175 3.982 0.128
51 64 41 42 5 0 1 0.150 6.490 0.149
51 64 42 43 5 0 1 0.157 6.282 0.120
51 64 43 44 5 0 1 0.147 7.541 0.143
51 64 44 100 5 0 1 0.143 9.355 0.138
64 80 0 1 5 0 1 0.175 11.596 0.132
64 80 1 2 5 0 1 0.201 3.007 0.137
64 80 2 3 5 0 1 0.199 3.067 0.138
64 80 3 4 5 0 1 0.195 3.392 0.140
64 80 4 5 5 0 1 0.191 3.620 0.141
64 80 5 6 5 0 1 0.193 3.333 0.140
64 80 6 7 5 0 1 0.191 3.485 0.139
64 80 7 8 5 0 1 0.188 3.653 0.142
64 80 8 9 5 0 1 0.190 3.507 0.138
64 80 9 10 5 0 1 0.189 3.530 0.137
64 80 10 11 5 0 1 0.190 3.396 0.136
64 80 11 12 5 0 1 0.187 3.561 0.138
64 80 12 13 5 0 1 0.190 3.363 0.135
64 80 13 14 5 0 1 0.191 3.229 0.134
64 80 14 15 5 0 1 0.185 3.605 0.137
64 80 15 16 5 0 1 0.187 3.427 0.134
64 80 16 17 5 0 1 0.183 3.546 0.137
64 80 17 18 5 0 1 0.180 3.779 0.139
64 80 18 19 5 0 1 0.182 3.613 0.137
64 80 19 20 5 0 1 0.182 3.613 0.135
64 80 20 21 5 0 1 0.178 3.737 0.138
64 80 21 22 5 0 1 0.179 3.741 0.136
64 80 22 23 5 0 1 0.179 3.607 0.136
64 80 23 24 5 0 1 0.177 3.735 0.138
64 80 24 25 5 0 1 0.177 3.687 0.138
64 80 25 26 5 0 1 0.178 3.522 0.135
64 80 26 27 5 0 1 0.176 3.599 0.135
64 80 27 28 5 0 1 0.177 3.471 0.134
64 80 28 29 5 0 1 0.177 3.461 0.131
64 80 29 30 5 0 1 0.173 3.760 0.135
64 80 30 31 5 0 1 0.175 3.613 0.134
64 80 31 32 5 0 1 0.172 3.913 0.132
64 80 32 33 5 0 1 0.170 3.748 0.135
64 80 33 34 5 0 1 0.179 3.043 0.125
64 80 34 35 5 0 1 0.176 3.248 0.130
64 80 35 36 5 0 1 0.178 3.140 0.124
64 80 36 37 5 0 1 0.181 2.797 0.126
64 80 37 38 5 0 1 0.172 3.526 0.131
64 80 38 39 5 0 1 0.179 2.907 0.123
64 80 39 40 5 0 1 0.153 5.233 0.142
64 80 40 41 5 0 1 0.145 4.939 0.156
64 80 41 42 5 0 1 0.145 4.805 0.149
64 80 42 43 5 0 1 0.164 4.252 0.120
64 80 43 44 5 0 1 0.142 5.560 0.160
64 80 44 100 5 0 1 0.182 2.982 0.104
80 101 0 1 5 0 1 0.209 3.251 0.082
80 101 1 2 5 0 1 0.162 4.952 0.166
80 101 2 3 5 0 1 0.176 3.919 0.153
80 101 3 4 5 0 1 0.172 4.152 0.157
80 101 4 5 5 0 1 0.179 3.732 0.148
80 101 5 6 5 0 1 0.179 3.774 0.149
80 101 6 7 5 0 1 0.182 3.646 0.146
80 101 7 8 5 0 1 0.179 3.760 0.147
80 101 8 9 5 0 1 0.180 3.642 0.144
80 101 9 10 5 0 1 0.179 3.715 0.145
80 101 10 11 5 0 1 0.177 3.735 0.145
80 101 11 12 5 0 1 0.179 3.619 0.143
80 101 12 13 5 0 1 0.176 3.766 0.145
80 101 13 14 5 0 1 0.178 3.632 0.143
80 101 14 15 5 0 1 0.177 3.661 0.142
80 101 15 16 5 0 1 0.175 3.796 0.144
80 101 16 17 5 0 1 0.177 3.621 0.141
80 101 17 18 5 0 1 0.173 3.822 0.144
80 101 18 19 5 0 1 0.176 3.638 0.140
80 101 19 20 5 0 1 0.175 3.652 0.140
80 101 20 21 5 0 1 0.175 3.575 0.141
80 101 21 22 5 0 1 0.172 3.839 0.143
80 101 22 23 5 0 1 0.174 3.644 0.139
80 101 23 24 5 0 1 0.175 3.495 0.138
80 101 24 25 5 0 1 0.173 3.638 0.140
80 101 25 26 5 0 1 0.175 3.472 0.137
80 101 26 27 5 0 1 0.171 3.649 0.140
80 101 27 28 5 0 1 0.174 3.413 0.138
80 101 28 29 5 0 1 0.172 3.504 0.137
80 101 29 30 5 0 1 0.175 3.433 0.135
80 101 30 31 5 0 1 0.175 3.335 0.135
80 101 31 32 5 0 1 0.175 3.301 0.131
80 101 32 33 5 0 1 0.171 3.643 0.135
80 101 33 34 5 0 1 0.165 3.963 0.141
80 101 34 35 5 0 1 0.160 4.123 0.145
80 101 35 36 5 0 1 0.180 2.891 0.126
80 101 36 37 5 0 1 0.160 4.032 0.142
80 101 37 38 5 0 1 0.181 2.775 0.119
80 101 38 39 5 0 1 0.178 2.840 0.125
80 101 39 40 5 0 1 0.178 3.119 0.127
80 101 40 41 5 0 1 0.171 3.852 0.124
80 101 41 42 5 0 1 0.173 3.789 0.123
80 101 42 43 5 0 1 0.143 5.230 0.151
80 101 43 44 5 0 1 0.163 4.815 0.135
80 101 44 100 5 0 1 0.167 3.461 0.124
101 127 0 1 5 0 1 0.000 50.000 0.319
101 127 1 2 5 0 1 0.162 4.395 0.171
101 127 2 3 5 0 1 0.170 3.938 0.162
101 127 3 4 5 0 1 0.175 3.701 0.154
101 127 4 5 5 0 1 0.173 3.837 0.154
101 127 5 6 5 0 1 0.171 3.932 0.154
101 127 6 7 5 0 1 0.172 3.794 0.152
101 127 7 8 5 0 1 0.173 3.754 0.151
101 127 8 9 5 0 1 0.171 3.847 0.152
101 127 9 10 5 0 1 0.173 3.672 0.150
101 127 10 11 5 0 1 0.172 3.778 0.150
101 127 11 12 5 0 1 0.169 3.922 0.151
101 127 12 13 5 0 1 0.172 3.677 0.149
101 127 13 14 5 0 1 0.171 3.668 0.148
101 127 14 15 5 0 1 0.170 3.781 0.149
101 127 15 16 5 0 1 0.172 3.548 0.147
101 127 16 17 5 0 1 0.171 3.673 0.147
101 127 17 18 5 0 1 0.170 3.767 0.147
101 127 18 19 5 0 1 0.168 3.738 0.149
101 127 19 20 5 0 1 0.169 3.668 0.148
101 127 20 21 5 0 1 0.170 3.625 0.145
101 127 21 22 5 0 1 0.168 3.682 0.147
101 127 22 23 5 0 1 0.169 3.602 0.145
101 127 23 24 5 0 1 0.174 3.201 0.141
101 127 24 25 5 0 1 0.164 3.984 0.148
101 127 25 26 5 0 1 0.166 3.759 0.148
101 127 26 27 5 0 1 0.163 3.908 0.149
101 127 27 28 5 0 1 0.172 3.319 0.140
101 127 28 29 5 0 1 0.165 3.707 0.146
101 127 29 30 5 0 1 0.173 3.211 0.139
101 127 30 31 5 0 1 0.172 3.454 0.139
101 127 31 32 5 0 1 0.164 3.783 0.146
101 127 32 33 5 0 1 0.160 3.862 0.148
101 127 33 34 5 0 1 0.165 3.447 0.143
101 127 34 35 5 0 1 0.158 3.845 0.150
101 127 35 36 5 0 1 0.174 3.056 0.131
101 127 36 37 5 0 1 0.154 4.092 0.154
101 127 37 38 5 0 1 0.164 3.629 0.139
101 127 38 39 5 0 1 0.146 4.086 0.159
101 127 39 40 5 0 1 0.151 4.602 0.153
101 127 40 41 5 0 1 0.179 2.721 0.125
101 127 41 42 5 0 1 0.163 4.322 0.139
101 127 42 43 5 0 1 0.100 10.728 0.202
101 127 43 44 5 0 1 0.142 5.222 0.155
101 127 44 100 5 0 1 0.114 9.325 0.183
127 159 0 1 5 0 1 0.189 3.300 0.093
127 159 1 2 5 0 1 0.154 4.620 0.170
127 159 2 3 5 0 1 0.158 4.486 0.169
127 159 3 4 5 0 1 0.154 4.531 0.172
127 159 4 5 5 0 1 0.161 4.047 0.165
127 159 5 6 5 0 1 0.164 3.872 0.162
127 159 6 7 5 0 1 0.164 3.923 0.162
127 159 7 8 5 0 1 0.166 3.801 0.158
127 159 8 9 5 0 1 0.165 3.837 0.160
127 159 9 10 5 0 1 0.166 3.715 0.158
127 159 10 11 5 0 1 0.164 3.864 0.159
127 159 11 12 5 0 1 0.162 3.966 0.161
127 159 12 13 5 0 1 0.163 3.848 0.158
127 159 13 14 5 0 1 0.161 3.995 0.161
127 159 14 15 5 0 1 0.164 3.769 0.156
127 159 15 16 5 0 1 0.161 4.001 0.159
127 159 16 17 5 0 1 0.161 4.003 0.158
127 159 17 18 5 0 1 0.162 3.813 0.158
127 159 18 19 5 0 1 0.158 4.087 0.160
127 159 19 20 5 0 1 0.160 4.001 0.158
127 159 20 21 5 0 1 0.160 3.910 0.157
127 159 21 22 5 0 1 0.162 3.779 0.156
127 159 22 23 5 0 1 0.160 3.776 0.157
127 159 23 24 5 0 1 0.159 3.915 0.157
127 159 24 25 5 0 1 0.160 3.821 0.156
127 159 25 26 5 0 1 0.155 4.151 0.159
127 159 26 27 5 0 1 0.159 3.761 0.156
127 159 27 28 5 0 1 0.158 3.856 0.156
127 159 28 29 5 0 1 0.152 4.289 0.159
127 159 29 30 5 0 1 0.158 3.883 0.155
127 159 30 31 5 0 1 0.159 3.749 0.154
127 159 31 32 5 0 1 0.151 4.126 0.162
127 159 32 33 5 0 1 0.154 4.168 0.160
127 159 33 34 5 0 1 0.157 3.669 0.157
127 159 34 35 5 0 1 0.163 3.290 0.149
127 159 35 36 5 0 1 0.159 3.680 0.152
127 159 36 37 5 0 1 0.159 3.573 0.151
127 159 37 38 5 0 1 0.157 3.704 0.153
127 159 38 39 5 0 1 0.155 4.191 0.151
127 159 39 40 5 0 1 0.149 4.251 0.162
127 159 40 41 5 0 1 0.156 4.022 0.151
127 159 41 42 5 0 1 0.140 5.393 0.163
127 159 42 43 5 0 1 0.127 6.222 0.171
127 159 43 44 5 0 1 0.141 4.767 0.163
127 159 44 100 5 0 1 0.064 15.962 0.234
159 201 0 1 5 0 1 0.055 50.000 0.211
159 201 1 2 5 0 1 0.135 5.902 0.195
159 201 2 3 5 0 1 0.158 4.231 0.172
159 201 3 4 5 0 1 0.154 4.261 0.176
159 201 4 5 5 0 1 0.153 4.210 0.179
159 201 5 6 5 0 1 0.148 4.471 0.181
159 201 6 7 5 0 1 0.153 4.199 0.176
159 201 7 8 5 0 1 0.155 4.209 0.172
159 201 8 9 5 0 1 0.156 4.044 0.172
159 201 9 10 5 0 1 0.154 4.183 0.173
159 201 10 11 5 0 1 0.154 4.115 0.172
159 201 11 12 5 0 1 0.155 4.070 0.173
159 201 12 13 5 0 1 0.154 4.143 0.172
159 201 13 14 5 0 1 0.156 3.990 0.170
159 201 14 15 5 0 1 0.153 4.132 0.172
159 201 15 16 5 0 1 0.153 4.043 0.171
159 201 16 17 5 0 1 0.153 4.172 0.171
159 201 17 18 5 0 1 0.154 4.016 0.170
159 201 18 19 5 0 1 0.154 4.020 0.169
159 201 19 20 5 0 1 0.154 4.013 0.168
159 201 20 21 5 0 1 0.152 4.152 0.170
159 201 21 22 5 0 1 0.150 4.252 0.172
159 201 22 23 5 0 1 0.151 4.132 0.171
159 201 23 24 5 0 1 0.149 4.297 0.172
159 201 24 25 5 0 1 0.151 4.109 0.171
159 201 25 26 5 0 1 0.148 4.187 0.172
159 201 26 27 5 0 1 0.151 4.063 0.170
159 201 27 28 5 0 1 0.151 4.077 0.169
159 201 28 29 5 0 1 0.151 4.031 0.172
159 201 29 30 5 0 1 0.150 4.152 0.170
159 201 30 31 5 0 1 0.150 4.024 0.168
159 201 31 32 5 0 1 0.150 4.123 0.165
159 201 32 33 5 0 1 0.158 3.611 0.161
159 201 33 34 5 0 1 0.154 3.794 0.164
159 201 34 35 5 0 1 0.153 3.870 0.165
159 201 35 36 5 0 1 0.149 4.114 0.164
159 201 36 37 5 0 1 0.137 5.037 0.180
159 201 37 38 5 0 1 0.176 2.891 0.142
159 201 38 39 5 0 1 0.143 4.749 0.165
159 201 39 40 5 0 1 0.149 3.947 0.164
159 201 40 41 5 0 1 0.144 4.296 0.173
159 201 41 42 5 0 1 0.152 4.104 0.157
159 201 42 43 5 0 1 0.135 5.517 0.157
159 201 43 44 5 0 1 0.094 11.700 0.197
159 201 44 100 5 0 1 0.163 4.498 0.132
201 252 0 1 5 0 1 0.046 50.000 0.253
201 252 1 2 5 0 1 0.055 13.228 0.271
201 252 2 3 5 0 1 0.146 4.714 0.187
201 252 3 4 5 0 1 0.150 4.257 0.182
201 252 4 5 5 0 1 0.144 4.527 0.191
201 252 5 6 5 0 1 0.152 4.105 0.183
201 252 6 7 5 0 1 0.147 4.248 0.187
201 252 7 8 5 0 1 0.145 4.445 0.190
201 252 8 9 5 0 1 0.145 4.373 0.188
201 252 9 10 5 0 1 0.143 4.463 0.191
201 252 10 11 5 0 1 0.146 4.341 0.188
201 252 11 12 5 0 1 0.144 4.402 0.190
201 252 12 13 5 0 1 0.143 4.465 0.190
201 252 13 14 5 0 1 0.145 4.371 0.189
201 252 14 15 5 0 1 0.145 4.375 0.187
201 252 15 16 5 0 1 0.143 4.443 0.188
201 252 16 17 5 0 1 0.144 4.375 0.188
201 252 17 18 5 0 1 0.144 4.261 0.188
201 252 18 19 5 0 1 0.142 4.398 0.188
201 252 19 20 5 0 1 0.139 4.621 0.191
201 252 20 21 5 0 1 0.141 4.457 0.188
201 252 21 22 5 0 1 0.145 4.270 0.185
201 252 22 23 5 0 1 0.146 4.153 0.183
201 252 23 24 5 0 1 0.140 4.600 0.188
201 252 24 25 5 0 1 0.144 4.290 0.185
201 252 25 26 5 0 1 0.147 4.045 0.180
201 252 26 27 5 0 1 0.139 4.802 0.188
201 252 27 28 5 0 1 0.146 4.217 0.181
201 252 28 29 5 0 1 0.143 4.218 0.185
201 252 29 30 5 0 1 0.141 4.463 0.182
201 252 30 31 5 0 1 0.141 4.503 0.184
201 252 31 32 5 0 1 0.136 4.578 0.192
201 252 32 33 5 0 1 0.144 4.330 0.181
201 252 33 34 5 0 1 0.131 5.185 0.195
201 252 34 35 5 0 1 0.148 4.204 0.180
201 252 35 36 5 0 1 0.150 3.971 0.173
201 252 36 37 5 0 1 0.143 4.106 0.182
201 252 37 38 5 0 1 0.151 3.563 0.171
201 252 38 39 5 0 1 0.136 5.465 0.180
201 252 39 40 5 0 1 0.138 4.837 0.189
201 252 40 41 5 0 1 0.113 6.990 0.199
201 252 41 42 5 0 1 0.167 3.452 0.137
201 252 42 43 5 0 1 0.142 4.800 0.177
201 252 43 44 5 0 1 0.074 14.057 0.226
201 252 44 100 5 0 1 0.127 6.097 0.171
252 317 0 1 5 0 1 0.400 50.000 0.990
252 317 1 2 5 0 1 0.141 5.023 0.191
252 317 2 3 5 0 1 0.157 3.701 0.192
252 317 3 4 5 0 1 0.143 4.559 0.203
252 317 4 5 5 0 1 0.127 5.203 0.217
252 317 5 6 5 0 1 0.121 5.486 0.221
252 317 6 7 5 0 1 0.138 4.597 0.206
252 317 7 8 5 0 1 0.128 5.164 0.215
252 317 8 9 5 0 1 0.126 5.242 0.217
252 317 9 10 5 0 1 0.134 4.728 0.210
252 317 10 11 5 0 1 0.136 4.633 0.206
252 317 11 12 5 0 1 0.129 4.990 0.213
252 317 12 13 5 0 1 0.136 4.604 0.207
252 317 13 14 5 0 1 0.128 5.065 0.215
252 317 14 15 5 0 1 0.129 5.010 0.213
252 317 15 16 5 0 1 0.136 4.630 0.206
252 317 16 17 5 0 1 0.130 4.914 0.212
252 317 17 18 5 0 1 0.134 4.674 0.208
252 317 18 19 5 0 1 0.139 4.470 0.203
252 317 19 20 5 0 1 0.133 4.810 0.208
252 317 20 21 5 0 1 0.135 4.633 0.204
252 317 21 22 5 0 1 0.130 4.894 0.210
252 317 22 23 5 0 1 0.140 4.436 0.199
252 317 23 24 5 0 1 0.133 4.806 0.208
252 317 24 25 5 0 1 0.127 4.927 0.211
252 317 25 26 5 0 1 0.126 5.052 0.213
252 317 26 27 5 0 1 0.136 4.514 0.203
252 317 27 28 5 0 1 0.144 4.161 0.196
252 317 28 29 5 0 1 0.139 4.468 0.198
252 317 29 30 5 0 1 0.141 4.443 0.201
252 317 30 31 5 0 1 0.131 4.864 0.208
252 317 31 32 5 0 1 0.133 4.681 0.205
252 317 32 33 5 0 1 0.137 4.671 0.200
252 317 33 34 5 0 1 0.129 5.196 0.207
252 317 34 35 5 0 1 0.114 5.884 0.218
252 317 35 36 5 0 1 0.143 4.047 0.191
252 317 36 37 5 0 1 0.114 5.704 0.221
252 317 37 38 5 0 1 0.089 7.915 0.242
252 317 38 39 5 0 1 0.125 5.389 0.207
252 317 39 40 5 0 1 0.148 5.228 0.186
252 317 40 41 5 0 1 0.131 5.294 0.195
252 317 41 42 5 0 1 0.122 6.530 0.210
252 317 42 43 5 0 1 0.117 6.393 0.211
252 317 43 44 5 0 1 0.119 6.976 0.187
252 317 44 100 5 0 1 0.110 10.757 0.211
317 400 0 1 5 0 1 0.223 31.632 0.099
317 400 1 2 5 0 1 0.115 6.316 0.239
317 400 2 3 5 0 1 0.107 6.758 0.244
317 400 3 4 5 0 1 0.121 5.152 0.235
317 400 4 5 5 0 1 0.110 5.954 0.247
317 400 5 6 5 0 1 0.122 5.330 0.235
317 400 6 7 5 0 1 0.118 5.580 0.238
317 400 7 8 5 0 1 0.107 6.079 0.249
317 400 8 9 5 0 1 0.107 6.193 0.248
317 400 9 10 5 0 1 0.107 6.112 0.247
317 400 10 11 5 0 1 0.111 5.903 0.244
317 400 11 12 5 0 1 0.115 5.638 0.240
317 400 12 13 5 0 1 0.108 6.071 0.247
317 400 13 14 5 0 1 0.108 5.976 0.248
317 400 14 15 5 0 1 0.113 5.765 0.240
317 400 15 16 5 0 1 0.111 5.768 0.244
317 400 16 17 5 0 1 0.114 5.621 0.240
317 400 17 18 5 0 1 0.111 5.854 0.243
317 400 18 19 5 0 1 0.115 5.582 0.239
317 400 19 20 5 0 1 0.115 5.668 0.240
317 400 20 21 5 0 1 0.114 5.633 0.240
317 400 21 22 5 0 1 0.115 5.601 0.237
317 400 22 23 5 0 1 0.114 5.634 0.239
317 400 23 24 5 0 1 0.113 5.822 0.238
317 400 24 25 5 0 1 0.118 5.491 0.235
317 400 25 26 5 0 1 0.110 5.869 0.243
317 400 26 27 5 0 1 0.101 6.478 0.251
317 400 27 28 5 0 1 0.108 5.827 0.242
317 400 28 29 5 0 1 0.123 5.239 0.230
317 400 29 30 5 0 1 0.108 5.904 0.243
317 400 30 31 5 0 1 0.121 5.161 0.233
317 400 31 32 5 0 1 0.120 5.426 0.230
317 400 32 33 5 0 1 0.111 5.916 0.243
317 400 33 34 5 0 1 0.119 5.613 0.230
317 400 34 35 5 0 1 0.103 6.141 0.245
317 400 35 36 5 0 1 0.114 6.292 0.233
317 400 36 37 5 0 1 0.124 5.454 0.222
317 400 37 38 5 0 1 0.120 5.576 0.228
317 400 38 39 5 0 1 0.118 5.867 0.230
317 400 39 40 5 0 1 0.100 8.205 0.240
317 400 40 41 5 0 1 0.114 7.146 0.223
317 400 41 42 5 0 1 0.084 10.326 0.245
317 400 42 43 5 0 1 0.141 5.998 0.200
317 400 43 44 5 0 1 0.400 50.000 0.990
317 400 44 100 5 0 1 0.091 9.494 0.244
400 503 0 1 5 0 1 0.150 1.004 0.990
400 503 1 2 5 0 1 0.000 19.159 0.381
400 503 2 3 5 0 1 0.011 13.819 0.357
400 503 3 4 5 0 1 0.073 8.568 0.297
400 503 4 5 5 0 1 0.091 6.943 0.278
400 503 5 6 5 0 1 0.085 7.554 0.286
400 503 6 7 5 0 1 0.068 8.598 0.306
400 503 7 8 5 0 1 0.076 7.915 0.294
400 503 8 9 5 0 1 0.090 7.155 0.280
400 503 9 10 5 0 1 0.082 7.395 0.289
400 503 10 11 5 0 1 0.063 8.782 0.308
400 503 11 12 5 0 1 0.075 7.938 0.296
400 503 12 13 5 0 1 0.066 8.319 0.305
400 503 13 14 5 0 1 0.096 6.613 0.275
400 503 14 15 5 0 1 0.080 7.447 0.290
400 503 15 16 5 0 1 0.064 8.590 0.307
400 503 16 17 5 0 1 0.086 7.116 0.282
400 503 17 18 5 0 1 0.092 6.726 0.277
400 503 18 19 5 0 1 0.093 6.734 0.276
400 503 19 20 5 0 1 0.073 8.111 0.295
400 503 20 21 5 0 1 0.078 7.691 0.291
400 503 21 22 5 0 1 0.081 7.468 0.287
400 503 22 23 5 0 1 0.089 7.020 0.279
400 503 23 24 5 0 1 0.099 6.593 0.267
400 503 24 25 5 0 1 0.078 7.838 0.291
400 503 25 26 5 0 1 0.109 6.001 0.257
400 503 26 27 5 0 1 0.065 8.449 0.301
400 503 27 28 5 0 1 0.102 6.703 0.268
400 503 28 29 5 0 1 0.091 7.143 0.280
400 503 29 30 5 0 1 0.110 5.870 0.257
400 503 30 31 5 0 1 0.099 6.535 0.266
400 503 31 32 5 0 1 0.104 6.175 0.265
400 503 32 33 5 0 1 0.053 9.849 0.314
400 503 33 34 5 0 1 0.083 7.575 0.285
400 503 34 35 5 0 1 0.095 7.051 0.267
400 503 35 36 5 0 1 0.075 8.793 0.289
400 503 36 37 5 0 1 0.084 8.109 0.289
400 503 37 38 5 0 1 0.000 17.305 0.361
400 503 38 39 5 0 1 0.121 5.610 0.230
400 503 39 40 5 0 1 0.059 11.347 0.300
400 503 40 41 5 0 1 0.000 26.697 0.357
400 503 41 42 5 0 1 0.199 4.405 0.170
400 503 42 43 5 0 1 0.061 14.346 0.299
400 503 43 44 5 0 1 0.124 7.816 0.225
400 503 44 100 5 0 1 0.400 50.000 0.990
503 633 0 1 5 0 1 0.312 8.007 0.009
503 633 1 2 5 0 1 0.000 24.177 0.382
503 633 2 3 5 0 1 0.107 7.504 0.277
503 633 3 4 5 0 1 0.000 13.515 0.391
503 633 4 5 5 0 1 0.010 12.504 0.381
503 633 5 6 5 0 1 0.052 9.601 0.337
503 633 6 7 5 0 1 0.029 11.034 0.359
503 633 7 8 5 0 1 0.063 8.551 0.325
503 633 8 9 5 0 1 0.024 11.411 0.365
503 633 9 10 5 0 1 0.018 11.794 0.371
503 633 10 11 5 0 1 0.030 10.405 0.358
503 633 11 12 5 0 1 0.020 11.499 0.369
503 633 12 13 5 0 1 0.032 10.560 0.357
503 633 13 14 5 0 1 0.006 11.938 0.383
503 633 14 15 5 0 1 0.036 10.106 0.355
503 633 15 16 5 0 1 0.034 10.406 0.354
503 633 16 17 5 0 1 0.043 9.589 0.347
503 633 17 18 5 0 1 0.046 9.728 0.342
503 633 18 19 5 0 1 0.015 11.281 0.372
503 633 19 20 5 0 1 0.043 10.162 0.343
503 633 20 21 5 0 1 0.037 10.050 0.352
503 633 21 22 5 0 1 0.013 11.781 0.376
503 633 22 23 5 0 1 0.032 10.002 0.359
503 633 23 24 5 0 1 0.058 8.810 0.330
503 633 24 25 5 0 1 0.016 11.748 0.369
503 633 25 26 5 0 1 0.062 8.893 0.325
503 633 26 27 5 0 1 0.044 10.102 0.344
503 633 27 28 5 0 1 0.059 8.986 0.323
503 633 28 29 5 0 1 0.064 8.556 0.322
503 633 29 30 5 0 1 0.022 11.783 0.365
503 633 30 31 5 0 1 0.033 10.823 0.352
503 633 31 32 5 0 1 0.085 7.734 0.299
503 633 32 33 5 0 1 0.008 12.751 0.380
503 633 33 34 5 0 1 0.083 8.989 0.309
503 633 34 35 5 0 1 0.179 3.500 0.203
503 633 35 36 5 0 1 0.070 9.158 0.312
503 633 36 37 5 0 1 0.003 14.320 0.360
503 633 37 38 5 0 1 0.121 5.754 0.247
503 633 38 39 5 0 1 0.000 18.439 0.382
503 633 39 40 5 0 1 0.000 23.289 0.340
503 633 40 41 5 0 1 0.000 20.472 0.397
503 633 41 42 5 0 1 0.000 25.642 0.364
503 633 42 43 5 0 1 0.011 20.248 0.358
503 633 43 44 5 0 1 0.190 1.000 0.004
503 633 44 100 5 0 1 0.290 1.000 0.004
633 797 0 1 5 0 1 0.382 2.986 0.003
633 797 1 2 5 0 1 0.172 6.038 0.138
633 797 2 3 5 0 1 0.000 14.282 0.417
633 797 3 4 5 0 1 0.000 16.748 0.400
633 797 4 5 5 0 1 0.000 15.190 0.407
633 797 5 6 5 0 1 0.000 13.527 0.409
633 797 6 7 5 0 1 0.000 13.797 0.410
633 797 7 8 5 0 1 0.000 13.861 0.411
633 797 8 9 5 0 1 0.000 13.665 0.409
633 797 9 10 5 0 1 0.000 12.879 0.409
633 797 10 11 5 0 1 0.000 13.185 0.411
633 797 11 12 5 0 1 0.000 12.746 0.408
633 797 12 13 5 0 1 0.000 13.081 0.411
633 797 13 14 5 0 1 0.000 12.981 0.410
633 797 14 15 5 0 1 0.000 13.308 0.413
633 797 15 16 5 0 1 0.000 13.014 0.407
633 797 16 17 5 0 1 0.000 12.819 0.410
633 797 17 18 5 0 1 0.000 12.942 0.411
633 797 18 19 5 0 1 0.000 13.571 0.408
633 797 19 20 5 0 1 0.000 12.930 0.411
633 797 20 21 5 0 1 0.000 12.967 0.407
633 797 21 22 5 0 1 0.000 13.137 0.412
633 797 22 23 5 0 1 0.000 13.044 0.407
633 797 23 24 5 0 1 0.000 13.443 0.410
633 797 24 25 5 0 1 0.016 11.748 0.390
633 797 25 26 5 0 1 0.000 12.980 0.409
633 797 26 27 5 0 1 0.000 13.281 0.410
633 797 27 28 5 0 1 0.000 13.598 0.411
633 797 28 29 5 0 1 0.000 14.010 0.404
633 797 29 30 5 0 1 0.000 14.704 0.411
633 797 30 31 5 0 1 0.000 14.027 0.408
633 797 31 32 5 0 1 0.000 14.039 0.404
633 797 32 33 5 0 1 0.000 15.905 0.389
633 797 33 34 5 0 1 0.052 11.063 0.363
633 797 34 35 5 0 1 0.000 17.805 0.399
633 797 35 36 5 0 1 0.165 4.696 0.236
633 797 36 37 5 0 1 0.000 16.714 0.401
633 797 37 38 5 0 1 0.000 19.658 0.380
633 797 38 39 5 0 1 0.038 14.790 0.340
633 797 39 40 5 0 1 0.051 12.034 0.323
633 797 40 41 5 0 1 0.001 50.000 0.385
633 797 41 42 5 0 1 0.092 15.794 0.271
633 797 42 43 5 0 1 0.159 50.000 0.253
633 797 43 44 5 0 1 0.270 1.000 0.055
633 797 44 100 5 0 1 0.344 6.129 0.062
797 1003 0 1 5 0 1 0.400 50.000 0.001
797 1003 1 2 5 0 1 0.279 8.652 0.163
797 1003 2 3 5 0 1 0.000 22.129 0.428
797 1003 3 4 5 0 1 0.000 15.219 0.416
797 1003 4 5 5 0 1 0.000 14.755 0.427
797 1003 5 6 5 0 1 0.000 15.140 0.435
797 1003 6 7 5 0 1 0.000 14.579 0.432
797 1003 7 8 5 0 1 0.000 14.150 0.433
797 1003 8 9 5 0 1 0.000 13.938 0.432
797 1003 9 10 5 0 1 0.000 14.076 0.436
797 1003 10 11 5 0 1 0.000 14.428 0.435
797 1003 11 12 5 0 1 0.000 14.018 0.435
797 1003 12 13 5 0 1 0.000 14.649 0.436
797 1003 13 14 5 0 1 0.000 13.858 0.438
797 1003 14 15 5 0 1 0.000 13.563 0.436
797 1003 15 16 5 0 1 0.000 13.722 0.435
797 1003 16 17 5 0 1 0.000 14.615 0.437
797 1003 17 18 5 0 1 0.000 13.649 0.437
797 1003 18 19 5 0 1 0.000 14.094 0.435
797 1003 19 20 5 0 1 0.000 15.120 0.442
797 1003 20 21 5 0 1 0.000 13.411 0.433
797 1003 21 22 5 0 1 0.000 14.687 0.433
797 1003 22 23 5 0 1 0.000 14.293 0.430
797 1003 23 24 5 0 1 0.000 13.947 0.433
797 1003 24 25 5 0 1 0.000 14.136 0.433
797 1003 25 26 5 0 1 0.000 14.588 0.431
797 1003 26 27 5 0 1 0.000 13.903 0.442
797 1003 27 28 5 0 1 0.000 14.825 0.432
797 1003 28 29 5 0 1 0.000 16.480 0.430
797 1003 29 30 5 0 1 0.000 15.680 0.427
797 1003 30 31 5 0 1 0.022 15.478 0.414
797 1003 31 32 5 0 1 0.000 15.597 0.428
797 1003 32 33 5 0 1 0.000 28.427 0.402
797 1003 33 34 5 0 1 0.012 19.414 0.392
797 1003 34 35 5 0 1 0.000 19.366 0.422
797 1003 35 36 5 0 1 0.000 41.969 0.416
797 1003 36 37 5 0 1 0.016 50.000 0.442
797 1003 37 38 5 0 1 0.164 7.867 0.226
797 1003 38 39 5 0 1 0.033 50.000 0.371
797 1003 39 40 5 0 1 0.395 36.412 0.002
797 1003 40 41 5 0 1 0.335 22.790 0.140
797 1003 41 42 5 0 1 0.400 50.000 0.990
797 1003 42 43 5 0 1 0.400 50.000 0.990
797 1003 43 44 5 0 1 0.190 49.991 0.001
797 1003 44 100 5 0 1 0.400 50.000 0.990
1003 1262 1 2 5 0 1 0.210 1.000 0.990
1003 1262 2 3 5 0 1 0.192 10.497 0.216
1003 1262 3 4 5 0 1 0.000 31.455 0.438
1003 1262 4 5 5 0 1 0.000 22.913 0.442
1003 1262 5 6 5 0 1 0.000 18.997 0.463
1003 1262 6 7 5 0 1 0.000 17.909 0.451
1003 1262 7 8 5 0 1 0.000 17.690 0.463
1003 1262 8 9 5 0 1 0.000 17.072 0.462
1003 1262 9 10 5 0 1 0.000 15.854 0.457
1003 1262 10 11 5 0 1 0.000 15.613 0.456
1003 1262 11 12 5 0 1 0.000 14.673 0.455
1003 1262 12 13 5 0 1 0.000 16.019 0.463
1003 1262 13 14 5 0 1 0.000 15.655 0.469
1003 1262 14 15 5 0 1 0.000 15.274 0.459
1003 1262 15 16 5 0 1 0.000 16.463 0.465
1003 1262 16 17 5 0 1 0.000 14.609 0.458
1003 1262 17 18 5 0 1 0.000 16.806 0.457
1003 1262 18 19 5 0 1 0.000 15.265 0.453
1003 1262 19 20 5 0 1 0.000 16.059 0.465
1003 1262 20 21 5 0 1 0.000 15.176 0.455
1003 1262 21 22 5 0 1 0.000 18.248 0.457
1003 1262 22 23 5 0 1 0.000 19.032 0.445
1003 1262 23 24 5 0 1 0.000 16.949 0.458
1003 1262 24 25 5 0 1 0.000 17.752 0.461
1003 1262 25 26 5 0 1 0.000 21.867 0.469
1003 1262 26 27 5 0 1 0.000 18.268 0.461
1003 1262 27 28 5 0 1 0.000 32.251 0.462
1003 1262 28 29 5 0 1 0.000 19.994 0.444
1003 1262 29 30 5 0 1 0.000 26.164 0.452
1003 1262 30 31 5 0 1 0.000 32.983 0.438
1003 1262 31 32 5 0 1 0.294 5.069 0.168
1003 1262 32 33 5 0 1 0.000 34.048 0.459
1003 1262 33 34 5 0 1 0.400 1.000 0.002
1003 1262 34 35 5 0 1 0.000 38.291 0.420
1003 1262 35 36 5 0 1 0.137 50.000 0.353
1003 1262 36 37 5 0 1 0.400 50.000 0.990
1003 1262 37 38 5 0 1 0.121 50.000 0.290
1003 1262 38 39 5 0 1 0.400 50.000 0.990
1003 1262 39 40 5 0 1 0.400 7.892 0.067
1003 1262 40 41 5 0 1 0.400 8.275 0.060
1003 1262 41 42 5 0 1 0.400 50.000 0.990
1003 1262 42 43 5 0 1 0.310 43.507 0.002
1003 1262 43 44 5 0 1 0.400 50.000 0.990
1003 1262 44 100 5 0 1 0.395 6.924 0.001
1262 1589 1 2 5 0 1 0.361 2.468 0.003
1262 1589 2 3 5 0 1 0.400 50.000 0.990
1262 1589 3 4 5 0 1 0.400 50.000 0.990
1262 1589 4 5 5 0 1 0.090 50.000 0.388
1262 1589 5 6 5 0 1 0.004 37.611 0.494
1262 1589 6 7 5 0 1 0.198 13.597 0.310
1262 1589 7 8 5 0 1 0.000 31.365 0.503
1262 1589 8 9 5 0 1 0.000 20.034 0.465
1262 1589 9 10 5 0 1 0.000 24.104 0.479
1262 1589 10 11 5 0 1 0.000 29.478 0.503
1262 1589 11 12 5 0 1 0.000 26.316 0.484
1262 1589 12 13 5 0 1 0.000 17.515 0.470
1262 1589 13 14 5 0 1 0.000 27.657 0.490
1262 1589 14 15 5 0 1 0.000 24.071 0.487
1262 1589 15 16 5 0 1 0.000 19.742 0.483
1262 1589 16 17 5 0 1 0.000 20.954 0.491
1262 1589 17 18 5 0 1 0.000 19.848 0.473
1262 1589 18 19 5 0 1 0.000 21.748 0.476
1262 1589 19 20 5 0 1 0.000 29.272 0.486
1262 1589 20 21 5 0 1 0.400 50.000 0.990
1262 1589 21 22 5 0 1 0.000 26.369 0.471
1262 1589 22 23 5 0 1 0.008 50.000 0.497
1262 1589 23 24 5 0 1 0.400 1.012 0.002
1262 1589 24 25 5 0 1 0.071 50.000 0.428
1262 1589 25 26 5 0 1 0.000 44.636 0.481
1262 1589 26 27 5 0 1 0.115 50.000 0.370
1262 1589 27 28 5 0 1 0.151 50.000 0.344
1262 1589 28 29 5 0 1 0.400 50.000 0.990
1262 1589 29 30 5 0 1 0.112 50.000 0.275
1262 1589 30 31 5 0 1 0.400 50.000 0.990
1262 1589 31 32 5 0 1 0.167 50.000 0.318
1262 1589 32 33 5 0 1 0.400 50.000 0.990
1262 1589 33 34 5 0 1 0.270 1.000 0.990
1262 1589 34 35 5 0 1 0.390 1.000 0.005
1262 1589 35 36 5 0 1 0.387 5.336 0.001
1262 1589 36 37 5 0 1 0.398 35.020 0.001
1262 1589 37 38 5 0 1 0.400 50.000 0.990
1262 1589 38 39 5 0 1 0.400 50.000 0.990
1262 1589 39 40 5 0 1 0.400 50.000 0.990
1262 1589 40 41 5 0 1 0.350 1.756 0.008
1262 1589 41 42 5 0 1 0.400 50.000 0.990
1262 1589 42 43 5 0 1 0.310 50.000 0.001
1262 1589 43 100 5 0 1 0.400 50.000 0.001
1589 2000 1 2 5 0 1 0.400 50.000 0.001
1589 2000 3 4 5 0 1 0.400 50.000 0.990
1589 2000 4 5 5 0 1 0.350 1.618 0.008
1589 2000 5 6 5 0 1 0.400 50.000 0.990
1589 2000 6 7 5 0 1 0.308 50.000 0.202
1589 2000 7 8 5 0 1 0.327 50.000 0.176
1589 2000 8 9 5 0 1 0.260 50.000 0.280
1589 2000 9 10 5 0 1 0.105 50.000 0.336
1589 2000 10 11 5 0 1 0.132 30.509 0.304
1589 2000 11 12 5 0 1 0.390 1.000 0.005
1589 2000 12 13 5 0 1 0.175 50.000 0.338
1589 2000 13 14 5 0 1 0.274 16.471 0.176
1589 2000 14 15 5 0 1 0.227 50.000 0.287
1589 2000 15 16 5 0 1 0.314 10.679 0.205
1589 2000 16 17 5 0 1 0.379 40.818 0.007
1589 2000 17 18 5 0 1 0.390 1.512 0.006
1589 2000 18 19 5 0 1 0.229 50.000 0.321
1589 2000 19 20 5 0 1 0.317 50.000 0.206
1589 2000 20 21 5 0 1 0.329 50.000 0.241
1589 2000 21 22 5 0 1 0.400 11.678 0.111
1589 2000 22 23 5 0 1 0.310 1.114 0.990
1589 2000 23 24 5 0 1 0.400 50.000 0.990
1589 2000 24 25 5 0 1 0.400 29.920 0.145
1589 2000 25 26 5 0 1 0.283 14.264 0.002
1589 2000 26 27 5 0 1 0.400 50.000 0.990
1589 2000 27 28 5 0 1 0.376 9.532 0.001
1589 2000 28 29 5 0 1 0.400 50.000 0.990
1589 2000 29 30 5 0 1 0.400 50.000 0.990
1589 2000 30 31 5 0 1 0.285 22.807 0.003
1589 2000 31 32 5 0 1 0.400 50.000 0.990
1589 2000 32 33 5 0 1 0.400 50.000 0.990
1589 2000 33 34 5 0 1 0.370 50.000 0.001
1589 2000 34 35 5 0 1 0.400 5.764 0.001
1589 2000 35 36 5 0 1 0.333 41.760 0.001
1589 2000 37 38 5 0 1 0.400 5.010 0.001
1589 2000 38 39 5 0 1 0.400 50.000 0.990
1589 2000 40 41 5 0 1 0.310 50.000 0.001
1589 2000 41 42 5 0 1 0.400 50.000 0.001
1589 2000 43 100 5 0 1 0.400 50.000 0.001
2000 4000 2 3 5 0 1 0.370 50.000 0.001
2000 4000 3 4 5 0 1 0.400 50.000 0.001
2000 4000 4 5 5 0 1 0.400 50.000 0.001
2000 4000 5 6 5 0 1 0.400 50.000 0.001
2000 4000 6 7 5 0 1 0.400 50.000 0.990
2000 4000 7 8 5 0 1 0.397 38.473 0.004
2000 4000 8 9 5 0 1 0.400 50.000 0.990
2000 4000 9 10 5 0 1 0.400 50.000 0.001
2000 4000 10 11 5 0 1 0.400 6.373 0.001
2000 4000 11 12 5 0 1 0.400 50.000 0.990
2000 4000 12 13 5 0 1 0.400 50.000 0.990
2000 4000 13 14 5 0 1 0.400 50.000 0.990
2000 4000 14 15 5 0 1 0.395 1.829 0.001
2000 4000 15 16 5 0 1 0.400 50.000 0.990
2000 4000 16 17 5 0 1 0.400 50.000 0.990
2000 4000 17 18 5 0 1 0.400 50.000 0.990
2000 4000 18 19 5 0 1 0.400 50.000 0.990
2000 4000 19 20 5 0 1 0.400 50.000 0.990
2000 4000 20 21 5 0 1 0.153 9.344 0.001
2000 4000 21 22 5 0 1 0.400 50.000 0.001
2000 4000 22 23 5 0 1 0.400 50.000 0.990
2000 4000 24 25 5 0 1 0.391 1.533 0.001
2000 4000 25 26 5 0 1 0.400 50.000 0.001
2000 4000 26 27 5 0 1 0.400 50.000 0.001
2000 4000 27 28 5 0 1 0.400 50.000 0.001
2000 4000 28 29 5 0 1 0.400 50.000 0.001
2000 4000 29 30 5 0 1 0.400 50.000 0.001
2000 4000 31 32 5 0 1 0.400 50.000 0.001
2000 4000 37 100 5 0 1 0.400 50.000 0.001
