QGLHisto 30 50 0 15 0.0 2.00 .968 0.024 1.050 0.098 0.000 1.000 
QGLHisto 30 50 15 40 0.0 2.00 .988 0.008 1.032 0.122 0.000 1.000 
QGLHisto 50 80 0 15 0.0 2.00 .960 -0.014 1.034 0.122 0.000 1.000 
QGLHisto 50 80 15 40 0.0 2.00 .964 0.004 1.040 0.140 0.000 1.000 
QGLHisto 80 120 0 15 0.0 2.00 .968 -0.058 0.920 -0.048 0.000 1.000 
QGLHisto 80 120 15 40 0.0 2.00 .982 -0.082 0.902 -0.034 0.000 1.000 
QGLHisto 120 250 0 15 0.0 2.00 .976 -0.136 0.996 0.206 0.000 1.000 
QGLHisto 120 250 15 40 0.0 2.00 .986 -0.124 0.892 0.024 0.000 1.000 
QGLHisto 30 50 0 15 3.0 4.70 .974 0.034 0.994 -0.014 0.000 1.000 
QGLHisto 30 50 15 40 3.0 4.7 1.042 -0.260 1.006 0.082 0.000 1.000 
QGLHisto 50 80 0 15 3.0 4.70 .952 0.014 0.934 -0.240 0.000 1.000 
QGLHisto 50 80 15 40 3.0 4.70 .988 -0.180 0.882 -0.156 0.000 1.000 
QGLHisto 80 120 0 15 3.0 4.70 .996 -0.340 0.998 0.464 0.000 1.000 
QGLHisto 80 120 15 40 3.0 4.70 .994 0.018 1.014 -0.054 0.000 1.000 
QGLHisto 120 250 0 15 3.0 4.70 .760 -0.022 0.974 -0.056 0.000 1.000 
QGLHisto 120 250 15 40 3.0 4.70 .960 -0.148 0.966 0.116 0.000 1.000 
QGLMLP 30 50 0 15 0.0 2.00 .982 0.012 1.000 -0.106 0.085 0.866 
QGLMLP 30 50 15 40 0.0 2.00 .972 0.008 1.046 -0.132 0.085 0.866 
QGLMLP 50 80 0 15 0.0 2.00 .888 -0.018 0.824 0.134 0.075 0.876 
QGLMLP 50 80 15 40 0.0 2.00 .968 0.046 1.046 -0.110 0.076 0.876 
QGLMLP 80 120 0 15 0.0 2.00 .956 0.086 1.046 -0.098 0.065 0.900 
QGLMLP 80 120 15 40 0.0 2.00 .926 0.074 1.016 0.028 0.066 0.901 
QGLMLP 120 250 0 15 0.0 2.00 .928 0.068 1.056 -0.078 0.060 0.917 
QGLMLP 120 250 15 40 0.0 2.00 .966 0.040 1.026 -0.008 0.060 0.916 
QGLMLP 30 50 0 15 3.0 4.7 1.178 -0.116 1.140 -0.268 0.157 0.814 
QGLMLP 30 50 15 40 3.0 4.7 1.176 -0.070 1.060 -0.168 0.170 0.831 
QGLMLP 50 80 0 15 3.0 4.70 .980 -0.036 0.980 0.124 0.187 0.804 
QGLMLP 50 80 15 40 3.0 4.70 .976 0.016 0.890 0.110 0.188 0.864 
QGLMLP 80 120 0 15 3.0 4.70 .774 0.076 1.026 0.130 0.177 0.739 
QGLMLP 80 120 15 40 3.0 4.70 .920 -0.042 0.960 0.236 0.177 0.817 
QGLMLP 120 250 0 15 3.0 4.70 .758 0.218 1.020 0.230 0.180 0.707 
QGLMLP 120 250 15 40 3.0 4.70 .880 -0.080 0.700 0.170 0.189 0.667 
