QGLHisto 30 40 0 100 0.0 2.0 1.000 -0.030 1.030 0.070 0.000 1.000 
QGLHisto 40 50 0 100 0.0 2.0 0.960 -0.000 1.120 0.230 0.000 1.000 
QGLHisto 50 65 0 100 0.0 2.0 0.960 0.020 1.000 -0.020 0.000 1.000 
QGLHisto 65 85 0 100 0.0 2.0 0.960 -0.020 1.020 0.060 0.000 1.000 
QGLHisto 85 110 0 100 0.0 2.0 0.970 -0.060 0.990 0.050 0.000 1.000 
QGLHisto 110 140 0 100 0.0 2.0 0.990 -0.190 1.040 0.180 0.000 1.000 
QGLHisto 140 180 0 100 0.0 2.0 1.000 -0.160 1.010 0.320 0.000 1.000 
QGLHisto 180 230 0 100 0.0 2.0 1.000 -0.200 0.750 -0.260 0.000 1.000 
QGLHisto 230 300 0 100 0.0 2.0 1.070 -0.160 0.980 0.470 0.000 1.000 
QGLHisto 300 4000 0 100 0.0 2.0 0.950 -0.040 1.200 0.350 0.000 1.000 
QGLHisto 30 40 0 100 3.0 4.7 0.950 -0.030 1.070 0.160 0.000 1.000 
QGLHisto 40 50 0 100 3.0 4.7 1.000 0.000 0.960 0.000 0.000 1.000 
QGLHisto 50 65 0 100 3.0 4.7 1.190 -0.240 0.920 0.220 0.000 1.000 
QGLHisto 65 85 0 100 3.0 4.7 0.860 -0.120 0.940 0.020 0.000 1.000 
QGLHisto 85 110 0 100 3.0 4.7 0.920 -0.120 1.040 0.350 0.000 1.000 
QGLHisto 110 140 0 100 3.0 4.7 0.750 -0.070 0.760 -0.720 0.000 1.000 
QGLHisto 140 180 0 100 3.0 4.7 1.080 -0.430 1.000 0.130 0.000 1.000 
QGLHisto 180 230 0 100 3.0 4.7 0.720 -0.190 0.780 0.200 0.000 1.000 
QGLHisto 230 300 0 100 3.0 4.7 0.700 0.000 0.700 0.000 0.000 1.000 
QGLHisto 300 4000 0 100 3.0 4.7 0.700 0.000 0.700 0.000 0.000 1.000 
QGLMLP 30 40 0 100 0.0 2.0 0.980 0.010 1.020 -0.030 0.092 0.863 
QGLMLP 40 50 0 100 0.0 2.0 0.940 -0.030 0.960 -0.030 0.086 0.866 
QGLMLP 50 65 0 100 0.0 2.0 0.910 -0.090 0.810 0.120 0.079 0.870 
QGLMLP 65 85 0 100 0.0 2.0 0.970 0.030 0.940 -0.030 0.073 0.876 
QGLMLP 85 110 0 100 0.0 2.0 0.940 0.010 0.900 -0.030 0.069 0.898 
QGLMLP 110 140 0 100 0.0 2.0 0.840 -0.040 0.790 0.140 0.063 0.907 
QGLMLP 140 180 0 100 0.0 2.0 0.990 0.040 0.900 -0.240 0.060 0.909 
QGLMLP 180 230 0 100 0.0 2.0 0.970 0.030 0.750 -0.070 0.060 0.916 
QGLMLP 230 300 0 100 0.0 2.0 0.910 -0.100 0.950 -0.300 0.062 0.911 
QGLMLP 300 4000 0 100 0.0 2.0 1.000 0.000 1.020 -0.290 -999.000 0.924 
QGLMLP 30 40 0 100 3.0 4.7 0.820 -0.580 0.970 -0.170 0.154 0.810 
QGLMLP 40 50 0 100 3.0 4.7 1.290 -0.030 0.960 -0.150 0.179 0.833 
QGLMLP 50 65 0 100 3.0 4.7 1.000 -0.010 1.220 -0.170 0.191 0.860 
QGLMLP 65 85 0 100 3.0 4.7 0.930 0.120 1.080 -0.210 0.182 0.881 
QGLMLP 85 110 0 100 3.0 4.7 0.910 0.080 0.730 -0.080 0.177 0.804 
QGLMLP 110 140 0 100 3.0 4.7 0.800 0.030 0.870 0.510 0.181 0.789 
QGLMLP 140 180 0 100 3.0 4.7 0.760 -0.300 0.900 0.310 0.177 0.685 
QGLMLP 180 230 0 100 3.0 4.7 1.160 -0.410 0.780 -0.160 0.333 0.697 
QGLMLP 230 300 0 100 3.0 4.7 0.700 0.000 0.700 0.000 1.000 0.000 
QGLMLP 300 4000 0 100 3.0 4.7 0.700 0.000 0.700 0.000 1.000 0.000 
