
QGLHisto 20 30 0 100 0.0 2.5 0.890 0.060 1.060 0.030 0.000 1.000 
QGLHisto 30 40 0 100 0.0 2.5 1.015 -0.190 1.130 0.330 0.000 1.000 
QGLHisto 40 50 0 100 0.0 2.5 0.950 0.020 1.100 0.120 0.000 1.000 
QGLHisto 50 65 0 100 0.0 2.5 0.975 -0.100 1.180 0.370 0.000 1.000 
QGLHisto 65 85 0 100 0.0 2.5 0.925 0.050 0.970 -0.110 0.000 1.000 
QGLHisto 85 110 0 100 0.0 2.5 1.010 -0.120 1.050 0.240 0.000 1.000 
QGLHisto 110 140 0 100 0.0 2.5 1.040 -0.160 1.030 0.310 0.000 1.000 
QGLHisto 140 180 0 100 0.0 2.5 0.970 -0.030 0.940 0.020 0.000 1.000 
QGLHisto 180 230 0 100 0.0 2.5 1.015 -0.210 0.840 -0.020 0.000 1.000 
QGLHisto 230 300 0 100 0.0 2.5 0.840 0.340 0.890 -0.230 0.000 1.000 
QGLHisto 300 4000 0 100 0.0 2.5 0.950 -0.520 1.020 0.530 0.000 1.000 
QGLHisto 20 30 0 100 2.5 4.7 1.040 -0.760 1.060 0.130 0.000 1.000 
QGLHisto 30 40 0 100 2.5 4.7 1.020 -0.090 1.080 0.230 0.000 1.000 
QGLHisto 40 50 0 100 2.5 4.7 0.905 -0.070 1.045 0.180 0.000 1.000 
QGLHisto 50 65 0 100 2.5 4.7 1.095 -0.170 0.960 0.240 0.000 1.000 
QGLHisto 65 85 0 100 2.5 4.7 0.895 -0.080 0.960 0.390 0.000 1.000 
QGLHisto 85 110 0 100 2.5 4.7 0.950 0.030 0.650 0.110 0.000 1.000 
QGLHisto 110 140 0 100 2.5 4.7 0.980 -0.610 1.150 -0.100 0.000 1.000 
QGLHisto 140 180 0 100 2.5 4.7 1.280 -0.720 1.000 0.630 0.000 1.000 
QGLHisto 180 230 0 100 2.5 4.7 0.740 0.030 0.320 -0.460 0.000 1.000 
QGLHisto 230 300 0 100 2.5 4.7 0.700 0.450 0.700 0.450 0.000 1.000 
QGLHisto 300 4000 0 100 2.5 4.7 0.700 0.000 0.700 0.000 0.000 1.000 
