QGLHisto 30 40 0 100 0.0 2.0 0.400 0.700 1.020 0.090 0.000 1.000
QGLHisto 40 50 0 100 0.0 2.0 0.390 0.630 1.030 0.120 0.000 1.000
QGLHisto 50 65 0 100 0.0 2.0 0.300 0.650 1.040 0.100 0.000 1.000
QGLHisto 65 85 0 100 0.0 2.0 0.780 -0.460 1.010 0.110 0.000 1.000
QGLHisto 85 110 0 100 0.0 2.0 0.690 -0.610 1.000 0.020 0.000 1.000
QGLHisto 110 140 0 100 0.0 2.0 0.580 0.220 1.060 -0.030 0.000 1.000
QGLHisto 140 180 0 100 0.0 2.0 0.700 0.030 0.880 -0.130 0.000 1.000
QGLHisto 180 230 0 100 0.0 2.0 0.950 0.570 1.350 0.180 0.000 1.000
QGLHisto 230 300 0 100 0.0 2.0 0.300 -0.060 0.900 0.850 0.000 1.000
QGLHisto 300 4000 0 100 0.0 2.0 0.700 0.000 0.700 0.000 0.000 1.000
QGLHisto 30 40 0 100 3.0 4.7 0.430 0.460 1.030 0.110 0.000 1.000
QGLHisto 40 50 0 100 3.0 4.7 1.040 -0.560 0.960 0.100 0.000 1.000
QGLHisto 50 65 0 100 3.0 4.7 0.110 0.310 1.010 0.150 0.000 1.000
QGLHisto 65 85 0 100 3.0 4.7 1.060 -0.430 0.900 0.130 0.000 1.000
QGLHisto 85 110 0 100 3.0 4.7 1.360 -0.350 0.960 -0.060 0.000 1.000
QGLHisto 110 140 0 100 3.0 4.7 0.450 -0.020 0.980 -0.030 0.000 1.000
QGLHisto 140 180 0 100 3.0 4.7 1.390 0.100 0.490 -1.000 0.000 1.000
QGLHisto 180 230 0 100 3.0 4.7 0.700 0.000 0.700 0.000 0.000 1.000
QGLHisto 230 300 0 100 3.0 4.7 0.700 0.000 0.700 0.000 0.000 1.000
QGLHisto 300 4000 0 100 3.0 4.7 0.700 0.000 0.700 0.000 0.000 1.000
QGLMLP 30 40 0 100 0.0 2.0 0.520 -0.440 1.000 -0.050 0.091 0.882
QGLMLP 40 50 0 100 0.0 2.0 1.100 -0.800 0.970 -0.060 0.086 0.866
QGLMLP 50 65 0 100 0.0 2.0 1.300 -0.900 0.940 -0.050 0.079 0.871
QGLMLP 65 85 0 100 0.0 2.0 1.320 -0.240 0.960 -0.070 0.073 0.876
QGLMLP 85 110 0 100 0.0 2.0 1.260 0.700 0.970 -0.110 0.069 0.897
QGLMLP 110 140 0 100 0.0 2.0 0.810 0.280 0.940 -0.220 0.065 0.907
QGLMLP 140 180 0 100 0.0 2.0 0.840 0.480 0.820 0.020 0.060 0.908
QGLMLP 180 230 0 100 0.0 2.0 0.880 -0.860 0.890 -0.320 0.083 0.915
QGLMLP 230 300 0 100 0.0 2.0 0.500 -0.100 1.340 0.670 0.341 0.908
QGLMLP 300 4000 0 100 0.0 2.0 0.700 0.000 0.700 0.000 1.000 0.000
QGLMLP 30 40 0 100 3.0 4.7 0.420 -1.070 1.000 -0.180 0.150 0.814
QGLMLP 40 50 0 100 3.0 4.7 0.940 0.030 1.110 -0.210 0.178 0.833
QGLMLP 50 65 0 100 3.0 4.7 0.750 -0.370 0.980 -0.150 0.176 0.861
QGLMLP 65 85 0 100 3.0 4.7 0.200 -0.370 0.910 -0.070 0.182 0.867
QGLMLP 85 110 0 100 3.0 4.7 0.960 0.400 0.910 0.100 0.178 0.831
QGLMLP 110 140 0 100 3.0 4.7 0.200 -0.010 0.750 0.240 0.178 0.710
QGLMLP 140 180 0 100 3.0 4.7 0.230 -0.250 1.290 0.910 0.186 0.692
QGLMLP 180 230 0 100 3.0 4.7 0.700 0.000 0.700 0.000 1.000 0.000
QGLMLP 230 300 0 100 3.0 4.7 0.700 0.000 0.700 0.000 1.000 0.000
QGLMLP 300 4000 0 100 3.0 4.7 0.700 0.000 0.700 0.000 1.000 0.000
