QGLHisto 65 85 0 100 0.0 2.0 0.910 0.020 1.070 0.230 0.000 1.000 
QGLHisto 85 110 0 100 0.0 2.0 0.920 0.070 1.050 0.180 0.000 1.000 
QGLHisto 110 140 0 100 0.0 2.0 1.060 -0.230 1.060 0.200 0.000 1.000 
QGLHisto 140 180 0 100 0.0 2.0 1.010 0.100 0.940 -0.040 0.000 1.000 
QGLHisto 180 230 0 100 0.0 2.0 1.000 0.160 0.880 -0.200 0.000 1.000 
QGLHisto 230 300 0 100 0.0 2.0 1.050 0.200 0.730 -0.490 0.000 1.000 
QGLHisto 65 85 0 100 3.0 4.7 0.940 0.010 1.020 0.200 0.000 1.000 
QGLHisto 85 110 0 100 3.0 4.7 0.880 -0.070 1.080 0.290 0.000 1.000 
QGLHisto 110 140 0 100 3.0 4.7 0.980 0.070 0.870 0.620 0.000 1.000 
QGLHisto 140 180 0 100 3.0 4.7 0.700 0.000 0.700 0.000 0.000 1.000 
QGLHisto 180 230 0 100 3.0 4.7 1.040 -0.210 1.000 0.090 0.000 1.000 
QGLHisto 230 300 0 100 3.0 4.7 0.920 0.760 0.600 0.590 0.000 1.000 
QGLMLP 65 85 0 100 0.0 2.0 0.950 -0.000 0.950 -0.120 0.072 0.876 
QGLMLP 85 110 0 100 0.0 2.0 0.940 0.010 0.960 -0.120 0.069 0.900 
QGLMLP 110 140 0 100 0.0 2.0 0.700 -0.280 0.760 0.020 0.063 0.908 
QGLMLP 140 180 0 100 0.0 2.0 0.970 0.010 0.940 -0.100 0.059 0.910 
QGLMLP 180 230 0 100 0.0 2.0 0.930 0.050 1.000 -0.120 0.060 0.917 
QGLMLP 230 300 0 100 0.0 2.0 1.040 -0.100 0.930 0.070 0.062 0.912 
QGLMLP 65 85 0 100 3.0 4.7 0.980 0.010 0.850 -0.060 0.181 0.880 
QGLMLP 85 110 0 100 3.0 4.7 0.910 0.010 0.780 0.030 0.175 0.879 
QGLMLP 110 140 0 100 3.0 4.7 1.000 0.010 0.610 0.020 0.177 0.882 
QGLMLP 140 180 0 100 3.0 4.7 0.700 0.000 0.700 0.000 0.173 0.865 
QGLMLP 180 230 0 100 3.0 4.7 1.180 0.120 0.500 0.390 0.140 0.804 
QGLMLP 230 300 0 100 3.0 4.7 0.650 -0.480 0.940 -0.570 0.088 0.796 
