QGLHisto 20 30 0 100 0.0 2.0 0.930 0.060 1.030 0.030 0.000 1.000 
QGLHisto 30 40 0 100 0.0 2.0 0.975 0.010 1.040 0.070 0.000 1.000 
QGLHisto 40 50 0 100 0.0 2.0 0.960 -0.000 1.115 0.180 0.000 1.000 
QGLHisto 50 65 0 100 0.0 2.0 0.930 0.080 1.000 -0.060 0.000 1.000 
QGLHisto 65 85 0 100 0.0 2.0 0.970 -0.030 0.960 -0.020 0.000 1.000 
QGLHisto 85 110 0 100 0.0 2.0 0.970 -0.050 0.935 -0.110 0.000 1.000 
QGLHisto 110 140 0 100 0.0 2.0 0.985 -0.080 1.000 0.090 0.000 1.000 
QGLHisto 140 180 0 100 0.0 2.0 0.970 -0.040 0.920 -0.020 0.000 1.000 
QGLHisto 180 230 0 100 0.0 2.0 1.010 -0.210 0.840 -0.020 0.000 1.000 
QGLHisto 230 300 0 100 0.0 2.0 0.990 -0.100 1.080 0.280 0.000 1.000 
QGLHisto 300 4000 0 100 0.0 2.0 0.750 0.120 1.120 -0.200 0.000 1.000 
QGLHisto 20 30 0 100 3.0 4.7 1.040 -0.760 1.060 0.130 0.000 1.000 
QGLHisto 30 40 0 100 3.0 4.7 0.920 -0.410 1.170 0.410 0.000 1.000 
QGLHisto 40 50 0 100 3.0 4.7 0.940 -0.080 1.020 0.120 0.000 1.000 
QGLHisto 50 65 0 100 3.0 4.7 0.810 0.160 1.330 0.250 0.000 1.000 
QGLHisto 65 85 0 100 3.0 4.7 0.860 -0.090 0.960 0.390 0.000 1.000 
QGLHisto 85 110 0 100 3.0 4.7 0.970 0.020 0.770 -0.070 0.000 1.000 
QGLHisto 110 140 0 100 3.0 4.7 0.570 0.110 0.600 -0.750 0.000 1.000 
QGLHisto 140 180 0 100 3.0 4.7 1.000 -0.620 0.400 -0.410 0.000 1.000 
QGLHisto 180 230 0 100 3.0 4.7 0.250 -0.520 -0.050 0.450 0.000 1.000 
QGLHisto 230 300 0 100 3.0 4.7 0.700 -0.365 0.700 -0.365 0.000 1.000 
QGLHisto 300 4000 0 100 3.0 4.7 0.700 0.000 0.700 0.000 0.000 1.000 
QGLMLP 20 30 0 100 0.0 2.0 0.970 0.010 1.000 -0.010 0.096 0.844 
QGLMLP 30 40 0 100 0.0 2.0 0.935 -0.050 1.000 0.010 0.092 0.863 
QGLMLP 40 50 0 100 0.0 2.0 0.960 -0.030 0.970 -0.025 0.086 0.866 
QGLMLP 50 65 0 100 0.0 2.0 0.910 -0.090 0.820 0.100 0.079 0.871 
QGLMLP 65 85 0 100 0.0 2.0 0.905 -0.040 0.860 0.130 0.073 0.876 
QGLMLP 85 110 0 100 0.0 2.0 0.980 0.010 0.900 -0.030 0.069 0.898 
QGLMLP 110 140 0 100 0.0 2.0 0.860 -0.010 0.860 -0.040 0.063 0.907 
QGLMLP 140 180 0 100 0.0 2.0 0.985 0.070 0.930 -0.150 0.060 0.909 
QGLMLP 180 230 0 100 0.0 2.0 1.010 0.100 0.745 -0.240 0.060 0.916 
QGLMLP 230 300 0 100 0.0 2.0 0.910 -0.100 0.880 -0.210 0.062 0.911 
QGLMLP 300 4000 0 100 0.0 2.0 0.780 0.270 0.930 -0.650 -999.000 0.924 
QGLMLP 20 30 0 100 3.0 4.7 1.180 -0.050 1.160 -0.310 0.157 0.783 
QGLMLP 30 40 0 100 3.0 4.7 0.720 -0.810 1.030 -0.330 0.154 0.811 
QGLMLP 40 50 0 100 3.0 4.7 1.250 -0.020 1.160 -0.290 0.179 0.833 
QGLMLP 50 65 0 100 3.0 4.7 0.990 0.020 1.220 -0.170 0.191 0.860 
QGLMLP 65 85 0 100 3.0 4.7 0.970 -0.030 0.960 -0.040 0.182 0.881 
QGLMLP 85 110 0 100 3.0 4.7 1.250 0.110 0.450 -0.120 0.177 0.804 
QGLMLP 110 140 0 100 3.0 4.7 1.260 0.380 1.170 -0.400 0.181 0.789 
QGLMLP 140 180 0 100 3.0 4.7 0.620 0.280 1.220 0.390 0.177 0.685 
QGLMLP 180 230 0 100 3.0 4.7 0.920 -0.870 0.980 -0.400 0.333 0.697 
QGLMLP 230 300 0 100 3.0 4.7 0.700 0.120 0.700 0.120 1.000 0.000 
QGLMLP 300 4000 0 100 3.0 4.7 0.700 0.000 0.700 0.000 1.000 0.000 
