QGLHisto 30 40 0 100 0.0 2.0 1.060 0.100 1.030 -0.100 0. 1.
QGLHisto 40 50 0 100 0.0 2.0 1.020 -0.000 1.019 -0.140 0. 1.
QGLHisto 50 65 0 100 0.0 2.0 1.060 0.200 0.941 -0.220 0. 1.
QGLHisto 65 80 0 100 0.0 2.0 1.080 0.200 0.980 -0.200 0. 1.
QGLHisto 80 4000 0 100 0.0 2.0 1.100 0.300 0.869 -0.320 0. 1.
QGLHisto 30 40 0 100 3.0 4.7 1.020 -0.000 0.940 -0.000 0. 1.
QGLHisto 40 50 0 100 3.0 4.7 0.920 -0.000 1.000 -0.100 0. 1.
QGLHisto 50 65 0 100 3.0 4.7 1.000 0.300 0.860 -0.300 0. 1.
QGLHisto 65 2000 0 100 3.0 4.7 0.920 -0.000 0.880 -0.420 0. 1.

#QGLHisto 30 4000 0 100 0.0 2.5 1.020 -0.000 0.990 -0.100 0. 1.
#QGLHisto 30 4000 0 100 0.0 2.0 1.020 -0.000 1.019 -0.140 0. 1.
#
#
##QGLHisto 20 4000 0 100 2.5 4.7 0.920 -0.060 1.050 0.180 0.000 1.000 
#
#
#QGLHisto 30 40 0 100 2.5 4.7 1.000 -0.000 1.030 0.200 0. 1.
##QGLHisto 40 4000 0 100 2.5 4.7 0.980 -0.000 1.010 0.100 0. 1.
#QGLHisto 40 4000 0 100 3.0 4.7 0.940 -0.000 1.000 -0.000 0. 1.
##QGLHisto 40 4000 0 100 2.5 4.7 0.940 -0.000 1.030 0.000 0. 1.

