QGLHisto 30 40 0 100 0.0 2.0 0.700 0.000 0.700 0.000 0.000 1.000 
QGLHisto 40 50 0 100 0.0 2.0 0.780 0.180 1.080 0.260 0.000 1.000 
QGLHisto 50 65 0 100 0.0 2.0 0.810 0.180 1.050 0.200 0.000 1.000 
QGLHisto 300 4000 0 100 0.0 2.0 0.700 0.000 0.700 0.000 0.000 1.000 
QGLHisto 30 40 0 100 3.0 4.7 0.700 0.000 0.700 0.000 0.000 1.000 
QGLHisto 40 50 0 100 3.0 4.7 1.010 -0.090 0.930 -0.120 0.000 1.000 
QGLHisto 50 65 0 100 3.0 4.7 0.970 -0.060 0.990 0.060 0.000 1.000 
QGLHisto 300 4000 0 100 3.0 4.7 0.700 0.000 0.700 0.000 0.000 1.000 
QGLMLP 30 40 0 100 0.0 2.0 0.700 0.000 0.700 0.000 0.092 0.879 
QGLMLP 40 50 0 100 0.0 2.0 0.950 -0.030 0.940 -0.140 0.085 0.866 
QGLMLP 50 65 0 100 0.0 2.0 0.870 -0.150 0.870 -0.090 0.079 0.871 
QGLMLP 300 4000 0 100 0.0 2.0 0.700 0.000 0.700 0.000 -999.000 0.935 
QGLMLP 30 40 0 100 3.0 4.7 0.700 0.000 0.700 0.000 0.157 0.813 
QGLMLP 40 50 0 100 3.0 4.7 1.010 0.030 1.050 0.090 0.178 0.831 
QGLMLP 50 65 0 100 3.0 4.7 1.030 0.010 1.090 -0.080 0.187 0.864 
QGLMLP 300 4000 0 100 3.0 4.7 0.700 0.000 0.700 0.000 -999.000 0.829 
