QGLHisto 20 30 0 100 0.0 2.0 0.980 0.020 1.020 0.040 0.000 1.000
QGLHisto 30 40 0 100 0.0 2.0 0.970 0.010 1.040 0.070 0.000 1.000 
QGLHisto 40 50 0 100 0.0 2.0 0.970 -0.010 1.070 0.130 0.000 1.000 
QGLHisto 50 65 0 100 0.0 2.0 0.980 0.000 1.070 0.160 0.000 1.000 
QGLHisto 65 85 0 100 0.0 2.0 0.930 0.030 1.010 -0.050 0.000 1.000 
QGLHisto 85 110 0 100 0.0 2.0 1.000 -0.110 0.970 0.060 0.000 1.000 
QGLHisto 110 140 0 100 0.0 2.0 0.990 -0.100 1.000 0.090 0.000 1.000 
QGLHisto 140 180 0 100 0.0 2.0 0.950 -0.050 0.900 -0.030 0.000 1.000 
QGLHisto 180 230 0 100 0.0 2.0 1.010 -0.210 0.840 -0.020 0.000 1.000 
QGLHisto 230 300 0 100 0.0 2.0 0.990 -0.100 1.080 0.280 0.000 1.000 
QGLHisto 300 4000 0 100 0.0 2.0 0.950 -0.520 1.020 0.530 0.000 1.000 
QGLHisto 20 30 0 100 3.0 4.7 1.040 -0.680 1.060 0.130 0.000 1.000 
QGLHisto 30 40 0 100 3.0 4.7 1.020 -0.090 1.080 0.230 0.000 1.000 
QGLHisto 40 50 0 100 3.0 4.7 0.920 -0.060 1.050 0.180 0.000 1.000 
QGLHisto 50 65 0 100 3.0 4.7 1.130 -0.160 0.950 0.270 0.000 1.000 
QGLHisto 65 85 0 100 3.0 4.7 0.750 0.380 0.870 -0.000 0.000 1.000 
QGLHisto 85 110 0 100 3.0 4.7 0.970 0.020 0.770 -0.070 0.000 1.000 
QGLHisto 110 140 0 100 3.0 4.7 0.690 0.160 0.770 -0.500 0.000 1.000 
QGLHisto 140 180 0 100 3.0 4.7 0.630 0.500 0.590 -0.140 0.000 1.000 
QGLHisto 180 230 0 100 3.0 4.7 0.600 -0.110 0.960 0.130 0.000 1.000 
QGLHisto 230 300 0 100 3.0 4.7 0.700 0.000 0.700 0.000 0.000 1.000 
QGLHisto 300 4000 0 100 3.0 4.7 0.700 0.000 0.700 0.000 0.000 1.000 
QGLMLP 20 30 0 100 0.0 2.0 0.980 -0.020 0.980 0.000 0.096 0.844 
QGLMLP 30 40 0 100 0.0 2.0 0.980 0.010 1.020 -0.050 0.092 0.863 
QGLMLP 40 50 0 100 0.0 2.0 0.950 -0.030 0.980 -0.020 0.086 0.866 
QGLMLP 50 65 0 100 0.0 2.0 0.910 -0.090 0.820 0.100 0.079 0.871 
QGLMLP 65 85 0 100 0.0 2.0 0.970 0.030 0.930 -0.050 0.073 0.876 
QGLMLP 85 110 0 100 0.0 2.0 0.980 0.010 0.900 -0.030 0.069 0.898 
QGLMLP 110 140 0 100 0.0 2.0 0.850 -0.040 0.730 0.140 0.063 0.907 
QGLMLP 140 180 0 100 0.0 2.0 1.000 0.020 0.770 -0.090 0.060 0.909 
QGLMLP 180 230 0 100 0.0 2.0 0.960 0.050 0.780 -0.250 0.060 0.916 
QGLMLP 230 300 0 100 0.0 2.0 0.920 0.020 1.060 -0.500 0.062 0.911 
QGLMLP 300 4000 0 100 0.0 2.0 0.940 -0.540 0.720 0.010 -999.000 0.924 
QGLMLP 20 30 0 100 3.0 4.7 1.180 -0.050 1.160 -0.310 0.157 0.783
QGLMLP 30 40 0 100 3.0 4.7 0.910 -0.510 0.950 -0.200 0.154 0.811 
QGLMLP 40 50 0 100 3.0 4.7 1.220 -0.040 1.090 -0.280 0.179 0.833 
QGLMLP 50 65 0 100 3.0 4.7 1.000 -0.030 1.190 -0.160 0.191 0.860 
QGLMLP 65 85 0 100 3.0 4.7 0.950 -0.020 1.000 0.000 0.182 0.881 
QGLMLP 85 110 0 100 3.0 4.7 1.000 -0.040 0.580 0.140 0.177 0.804 
QGLMLP 110 140 0 100 3.0 4.7 0.960 0.330 0.810 -0.220 0.181 0.789 
QGLMLP 140 180 0 100 3.0 4.7 0.820 -0.300 0.840 0.270 0.177 0.685 
QGLMLP 180 230 0 100 3.0 4.7 0.820 -0.130 0.620 -0.180 0.333 0.697 
QGLMLP 230 300 0 100 3.0 4.7 0.700 0.000 0.700 0.000 1.000 0.000 
QGLMLP 300 4000 0 100 3.0 4.7 0.700 0.000 0.700 0.000 1.000 0.000 
