
QGLHisto 20 30 0 100 0.0 2.0 0.970 -0.090 1.050 0.090 0.000 1.000 
QGLHisto 30 40 0 100 0.0 2.0 0.970 0.010 1.040 0.070 0.000 1.000 
QGLHisto 40 50 0 100 0.0 2.0 0.960 0.000 1.110 0.180 0.000 1.000 
QGLHisto 50 65 0 100 0.0 2.0 0.980 0.000 1.070 0.160 0.000 1.000 
QGLHisto 65 85 0 100 0.0 2.0 0.930 0.030 1.010 -0.050 0.000 1.000 
QGLHisto 85 110 0 100 0.0 2.0 1.030 -0.120 1.010 0.240 0.000 1.000 
QGLHisto 110 140 0 100 0.0 2.0 0.990 -0.100 1.000 0.090 0.000 1.000 
QGLHisto 140 180 0 100 0.0 2.0 0.960 -0.070 0.940 0.040 0.000 1.000 
QGLHisto 180 230 0 100 0.0 2.0 1.110 -0.380 0.880 0.360 0.000 1.000 
QGLHisto 230 300 0 100 0.0 2.0 0.990 -0.100 0.980 0.200 0.000 1.000 
QGLHisto 300 4000 0 100 0.0 2.0 0.850 0.110 1.170 0.210 0.000 1.000 
QGLHisto 20 30 0 100 3.0 4.7 0.850 -0.790 1.080 0.160 0.000 1.000 
QGLHisto 30 40 0 100 3.0 4.7 0.930 -0.090 1.120 0.250 0.000 1.000 
QGLHisto 40 50 0 100 3.0 4.7 0.920 -0.060 1.050 0.180 0.000 1.000 
QGLHisto 50 65 0 100 3.0 4.7 1.140 -0.160 0.870 0.230 0.000 1.000 
QGLHisto 65 85 0 100 3.0 4.7 0.760 0.390 0.710 -0.310 0.000 1.000 
QGLHisto 85 110 0 100 3.0 4.7 1.290 -0.110 0.640 0.120 0.000 1.000 
QGLHisto 110 140 0 100 3.0 4.7 1.100 -0.450 0.800 -0.510 0.000 1.000 
QGLHisto 140 180 0 100 3.0 4.7 0.470 0.820 0.590 -0.140 0.000 1.000 
QGLHisto 180 230 0 100 3.0 4.7 0.940 -0.090 0.250 -0.570 0.000 1.000 
QGLHisto 230 300 0 100 3.0 4.7 0.700 0.000 0.700 0.000 0.000 1.000 
QGLHisto 300 4000 0 100 3.0 4.7 0.700 0.000 0.700 0.000 0.000 1.000 
QGLMLP 20 30 0 100 0.0 2.0 0.930 -0.020 1.030 0.000 0.096 0.844 
QGLMLP 30 40 0 100 0.0 2.0 0.940 0.060 1.300 -0.160 0.092 0.863 
QGLMLP 40 50 0 100 0.0 2.0 0.930 0.010 1.300 -0.190 0.086 0.866 
QGLMLP 50 65 0 100 0.0 2.0 0.850 -0.120 0.770 0.300 0.079 0.871 
QGLMLP 65 85 0 100 0.0 2.0 0.880 -0.050 0.980 0.200 0.073 0.876 
QGLMLP 85 110 0 100 0.0 2.0 0.920 -0.010 0.800 0.250 0.069 0.898 
QGLMLP 110 140 0 100 0.0 2.0 0.840 -0.040 0.710 0.280 0.063 0.907 
QGLMLP 140 180 0 100 0.0 2.0 0.910 -0.020 0.950 0.190 0.060 0.909 
QGLMLP 180 230 0 100 0.0 2.0 0.850 -0.050 0.780 0.340 0.060 0.916 
QGLMLP 230 300 0 100 0.0 2.0 0.910 -0.100 0.950 -0.160 0.062 0.911 
QGLMLP 300 4000 0 100 0.0 2.0 0.660 0.670 0.820 -0.160 -999.000 0.924 
QGLMLP 20 30 0 100 3.0 4.7 1.180 -0.050 1.160 -0.310 0.157 0.783 
QGLMLP 30 40 0 100 3.0 4.7 1.130 -0.040 1.330 -0.530 0.154 0.811 
QGLMLP 40 50 0 100 3.0 4.7 1.080 0.040 1.420 -0.370 0.179 0.833 
QGLMLP 50 65 0 100 3.0 4.7 1.030 0.080 1.620 -0.550 0.191 0.860 
QGLMLP 65 85 0 100 3.0 4.7 0.790 0.090 1.190 -0.130 0.182 0.881 
QGLMLP 85 110 0 100 3.0 4.7 1.000 -0.040 0.550 0.190 0.177 0.804 
QGLMLP 110 140 0 100 3.0 4.7 0.600 -0.030 0.400 0.380 0.181 0.789 
QGLMLP 140 180 0 100 3.0 4.7 0.620 0.180 0.840 0.270 0.177 0.685 
QGLMLP 180 230 0 100 3.0 4.7 0.920 -0.870 0.300 -0.770 0.333 0.697 
QGLMLP 230 300 0 100 3.0 4.7 0.700 0.000 0.700 0.000 1.000 0.000 
QGLMLP 300 4000 0 100 3.0 4.7 0.700 0.000 0.700 0.000 1.000 0.000 
