QGLHisto 20 30 0 100 0.0 2.0 1.100 -0.230 0.940 0.090 0.000 1.000 
QGLHisto 30 40 0 100 0.0 2.0 0.820 0.130 1.010 0.130 0.000 1.000 
QGLHisto 40 50 0 100 0.0 2.0 0.910 -0.100 1.070 0.250 0.000 1.000 
QGLHisto 50 65 0 100 0.0 2.0 0.890 0.100 1.050 0.200 0.000 1.000 
QGLHisto 65 85 0 100 0.0 2.0 0.980 -0.120 1.060 0.230 0.000 1.000 
QGLHisto 85 110 0 100 0.0 2.0 0.960 0.010 1.050 0.170 0.000 1.000 
QGLHisto 110 140 0 100 0.0 2.0 1.060 -0.230 1.060 0.200 0.000 1.000 
QGLHisto 140 180 0 100 0.0 2.0 1.010 0.100 0.940 -0.040 0.000 1.000 
QGLHisto 180 230 0 100 0.0 2.0 1.000 0.160 0.880 -0.200 0.000 1.000 
QGLHisto 230 300 0 100 0.0 2.0 1.050 0.200 0.730 -0.490 0.000 1.000 
QGLHisto 20 30 0 100 3.0 4.7 1.160 -0.100 0.870 -0.190 0.000 1.000 
QGLHisto 30 40 0 100 3.0 4.7 1.000 0.000 0.970 -0.100 0.000 1.000 
QGLHisto 40 50 0 100 3.0 4.7 1.010 -0.020 0.990 -0.000 0.000 1.000 
QGLHisto 50 65 0 100 3.0 4.7 0.950 -0.030 1.000 0.070 0.000 1.000 
QGLHisto 65 85 0 100 3.0 4.7 1.020 0.010 1.060 0.040 0.000 1.000 
QGLHisto 85 110 0 100 3.0 4.7 1.100 -0.260 0.310 0.670 0.000 1.000 
QGLHisto 110 140 0 100 3.0 4.7 0.980 0.070 0.870 0.620 0.000 1.000 
QGLHisto 140 180 0 100 3.0 4.7 0.700 0.000 0.700 0.000 0.000 1.000 
QGLHisto 180 230 0 100 3.0 4.7 1.040 -0.210 1.000 0.090 0.000 1.000 
QGLHisto 230 300 0 100 3.0 4.7 0.920 0.760 0.600 0.590 0.000 1.000 
QGLHisto 300 4000 0 100 0.0 2.0 0.700 0.000 0.700 0.000 0.000 1.000 
QGLMLP 30 40 0 100 0.0 2.0 0.960 0.030 0.950 -0.040 0.092 0.879 
QGLMLP 40 50 0 100 0.0 2.0 0.970 -0.030 0.910 -0.060 0.085 0.866 
QGLMLP 50 65 0 100 0.0 2.0 0.870 -0.210 0.830 -0.040 0.079 0.871 
QGLMLP 65 85 0 100 0.0 2.0 0.900 0.050 0.970 -0.130 0.072 0.876 
QGLMLP 85 110 0 100 0.0 2.0 0.930 -0.080 0.900 -0.070 0.069 0.900 
QGLMLP 110 140 0 100 0.0 2.0 0.690 -0.430 0.770 0.030 0.063 0.908 
QGLMLP 140 180 0 100 0.0 2.0 0.970 0.160 1.060 -0.220 0.059 0.910 
QGLMLP 180 230 0 100 0.0 2.0 1.010 -0.010 0.790 0.050 0.060 0.917 
QGLMLP 230 300 0 100 0.0 2.0 0.860 -0.440 0.490 0.220 0.062 0.912 
QGLMLP 300 4000 0 100 0.0 2.0 1.000 0.000 1.000 -0.370 -999.000 0.935 
QGLMLP 30 40 0 100 3.0 4.7 1.160 0.030 1.140 -0.080 0.157 0.813 
QGLMLP 40 50 0 100 3.0 4.7 1.140 0.060 1.250 -0.180 0.178 0.831 
QGLMLP 50 65 0 100 3.0 4.7 1.050 0.010 0.950 -0.070 0.187 0.864 
QGLMLP 65 85 0 100 3.0 4.7 0.980 0.020 1.060 -0.010 0.181 0.880 
QGLMLP 85 110 0 100 3.0 4.7 0.770 0.170 0.310 -0.400 0.175 0.879 
QGLMLP 110 140 0 100 3.0 4.7 1.050 0.200 1.670 -0.320 0.177 0.882 
QGLMLP 140 180 0 100 3.0 4.7 0.720 0.370 0.200 -0.580 0.173 0.865 
QGLMLP 180 230 0 100 3.0 4.7 0.320 -1.290 0.420 -1.290 0.140 0.804 
QGLMLP 230 300 0 100 3.0 4.7 0.700 0.000 0.700 0.000 0.088 0.796 
QGLMLP 300 4000 0 100 3.0 4.7 0.700 0.000 0.700 0.000 -999.000 0.829 
