0
0
0
0
0
0
0
0
0
0
0
0
0
0
0
0
0
0
0
0
0
0
0
0
0
0
0
0
0
0
0
0
0
0
0
0
0
0
0
0
0
0
0
0
0
0
0
0
0
0
0
0
0
0
0
0
0
0
0
0
0
0
0
0
0
0
0
0
0
0
0
0
0
0
0
0.0654811
0.127768
0.186978
0.243224
0.296615
0.347257
0.395252
0.4407
0.483696
0.524332
0.562698
0.598881
0.632965
0.66503
0.695154
0.723413
0.74988
0.774626
0.797719
0.819225
0.839207
0.857727
0.874845
0.890617
0.9051
0.918346
0.930408
0.941336
0.951177
0.959978
0.967784
0.974638
0.980582
0.985656
0.9899
0.99335
0.996044
0.998015
0.999297
0.999923
0.999924
0.999331
0.998171
0.996474
0.994266
0.991573
0.988419
0.98483
0.980828
0.976435
0.971673
0.966563
0.961124
0.955375
0.949335
0.943021
0.936451
0.92964
0.922604
0.915359
0.907918
0.900296
0.892505
0.884559
0.87647
0.868249
0.859908
0.851457
0.842907
0.834267
0.825547
0.816757
0.807904
0.798998
0.790045
0.781053
0.772031
0.762983
0.753918
0.744841
0.735759
0.726676
0.717599
0.708533
0.699481
0.69045
0.681443
0.672465
0.66352
0.654611
0.645741
0.636915
0.628136
0.619406
0.610728
0.602105
0.593539
0.585033
0.576588
0.568208
0.559894
0.551647
0.543469
0.535362
0.527327
0.519366
0.511479
0.503668
0.495934
0.488278
0.4807
0.473201
0.465782
0.458443
0.451186
0.44401
0.436915
0.429902
0.422972
0.416123
0.409358
0.402675
0.396074
0.389556
0.38312
0.376766
0.370494
0.364304
0.358196
0.352169
0.346223
0.340357
0.334572
0.328866
0.32324
0.317692
0.312223
0.306832
0.301518
0.29628
0.291119
0.286033
0.281022
0.276086
0.271223
0.266433
0.261715
0.257069
0.252494
0.247989
0.243554
0.239187
0.234889
0.230658
0.226494
0.222396
0.218362
0.214394
0.210489
0.206647
0.202867
0.199148
0.195491
0.191893
0.188354
0.184874
0.181452
0.178086
0.174777
0.171524
0.168325
0.16518
0.162088
0.159049
0.156062
0.153126
0.15024
0.147404
0.144617
0.141878
0.139186
0.136542
0.133944
0.131391
0.128883
0.12642
0.124
0.121622
0.119287
0.116994
0.114741
0.112529
0.110356
0.108222
0.106127
0.10407
0.10205
0.100066
0.0981187
0.0962067
0.0943296
0.0924869
0.0906779
0.0889021
0.0871591
0.0854481
0.0837688
0.0821206
0.0805029
0.0789153
0.0773573
0.0758283
0.0743279
0.0728555
0.0714108
0.0699932
0.0686023
0.0672376
0.0658986
0.064585
0.0632962
0.0620319
0.0607916
0.0595749
0.0583814
0.0572107
0.0560624
0.054936
0.0538313
0.0527477
0.051685
0.0506427
0.0496206
0.0486181
0.0476351
0.0466711
0.0457257
0.0447988
0.0438898
0.0429985
0.0421246
0.0412678
0.0404277
0.039604
0.0387965
0.0380047
0.0372286
0.0364676
0.0357217
0.0349904
0.0342736
0.0335709
0.0328821
0.032207
0.0315452
0.0308965
0.0302607
0.0296376
0.0290268
0.0284282
0.0278415
0.0272666
0.0267031
0.0261509
0.0256098
0.0250794
0.0245598
0.0240505
0.0235515
0.0230625
0.0225834
0.0221139
0.0216539
0.0212031
0.0207615
0.0203288
0.0199049
0.0194895
0.0190826
0.0186839
0.0182933
0.0179107
0.0175358
0.0171686
0.0168088
0.0164564
0.0161112
0.015773
0.0154418
0.0151173
0.0147995
0.0144881
0.0141832
0.0138845
0.013592
0.0133054
0.0130248
0.0127499
0.0124807
0.012217
0.0119588
0.0117059
0.0114582
0.0112156
0.0109781
0.0107455
0.0105176
0.0102946
0.0100761
0.00986215
0.00965266
0.00944752
0.00924665
0.00904996
0.00885735
0.00866877
0.00848411
0.0083033
0.00812626
0.00795292
0.00778321
0.00761704
0.00745434
0.00729506
0.0071391
0.00698642
0.00683693
0.00669059
0.00654731
0.00640704
0.00626972
0.00613529
0.00600369
0.00587485
0.00574873
0.00562527
0.0055044
0.00538609
0.00527028
0.00515691
0.00504593
0.0049373
0.00483097
0.00472689
0.00462501
0.00452529
0.00442768
0.00433215
0.00423863
0.00414711
0.00405752
0.00396984
0.00388402
0.00380003
0.00371783
0.00363737
0.00355863
0.00348156
0.00340613
0.00333232
0.00326008
0.00318938
0.00312019
0.00305248
0.00298621
0.00292136
0.0028579
0.00279579
0.00273502
0.00267555
0.00261735
0.0025604
0.00250467
0.00245013
0.00239677
0.00234455
0.00229345
0.00224345
0.00219452
0.00214665
0.00209981
0.00205397
0.00200912
0.00196524
0.0019223
0.00188029
0.00183918
0.00179897
0.00175961
0.00172111
0.00168344
0.00164658
0.00161052
0.00157524
0.00154072
0.00150695
0.00147391
0.00144159
0.00140996
0.00137902
0.00134875
0.00131914
0.00129017
0.00126183
0.0012341
0.00120697
0.00118044
0.00115448
0.00112908
0.00110424
0.00107993
0.00105616
0.0010329
0.00101015
0.000987892
0.000966121
0.000944824
0.000923991
0.000903612
0.000883678
0.000864179
0.000845105
0.000826447
0.000808197
0.000790346
