-0.0338921
-0.0389295
-0.0437961
-0.0482905
-0.0532518
-0.0595142
-0.067437
-0.0773555
-0.0891662
-0.102658
-0.117829
-0.134499
-0.151194
-0.16523
-0.172989
-0.169595
-0.148782
-0.103005
-0.0226678
0.105375
0.298999
0.580109
0.974685
1.51365
2.23222
3.16902
4.3649
5.86251
7.70589
9.93921
12.6055
15.7453
19.3934
23.5783
28.3225
33.6452
39.5595
46.0703
53.1763
60.8721
69.1474
77.9851
87.3645
97.2667
107.679
118.588
129.975
141.815
154.076
166.722
179.71
192.995
206.532
220.275
234.164
248.145
262.172
276.197
290.169
304.041
317.794
331.406
344.829
357.994
370.832
383.269
395.226
406.628
417.426
427.606
437.177
446.136
454.469
462.158
469.184
475.529
481.179
486.14
490.425
494.034
496.982
499.306
501.046
502.228
502.89
503.109
502.956
502.45
501.579
500.32
498.643
496.513
493.904
490.807
487.259
483.307
478.985
474.312
469.296
463.942
458.256
452.239
445.912
439.297
432.407
425.262
417.907
410.382
402.718
394.952
387.146
379.358
371.605
363.882
356.176
348.469
340.739
332.973
325.166
317.338
309.522
301.734
293.983
286.27
278.595
270.956
263.349
255.781
248.26
240.787
233.373
226.038
218.803
211.682
204.69
197.857
191.21
184.754
178.48
172.379
166.437
160.642
154.982
149.452
144.054
138.798
133.682
128.703
123.855
119.131
114.526
110.034
105.652
101.379
97.212
93.1518
89.2034
85.3723
81.6613
78.0739
74.6181
71.3022
68.1257
65.0836
62.1691
59.3746
56.6924
54.1164
51.641
49.2641
46.9851
44.8005
42.7051
40.6935
38.7613
36.9039
35.1164
33.3954
31.739
30.1455
28.6143
27.1457
25.7397
24.3952
23.1111
21.8887
20.73
19.6342
18.5989
17.621
16.6972
15.8238
14.9973
14.2148
13.4739
12.7731
12.1103
11.4839
10.8915
10.3307
9.7991
9.29463
8.81617
8.36224
7.9304
7.5186
7.12584
6.75156
6.3953
6.05627
5.73442
5.43036
5.14437
4.87707
4.62898
4.39988
4.1885
3.99355
3.81346
3.64649
3.49134
3.34676
3.21162
3.08607
2.97033
2.8635
2.76438
2.67195
2.58591
2.50588
2.43098
2.36017
2.29236
2.22672
2.163
2.10174
2.04323
1.98681
1.93159
1.87737
1.82436
1.77346
1.72559
1.68105
1.63965
1.60063
1.56398
1.53047
1.50006
1.47206
1.44582
1.42089
1.39731
1.37472
1.35281
1.33128
1.30956
1.28747
1.26552
1.24435
1.22447
1.20621
1.18976
1.17506
1.16158
1.14861
1.13546
1.12128
1.10494
1.08533
1.06215
1.03582
1.00688
0.977007
0.947929
0.920282
0.894183
0.869613
0.846668
0.825425
0.805969
0.788148
0.771707
0.756277
0.741938
0.729444
0.719576
0.712019
0.705833
0.69966
0.692154
0.682715
0.671413
0.658564
0.64441
0.629208
0.613741
0.598852
0.584811
0.571029
0.556956
0.542214
0.526659
0.510171
0.493032
0.475352
0.457314
0.439089
0.420993
0.402828
0.384285
0.365185
0.345825
0.326902
0.309095
0.29301
0.278853
0.266443
0.255404
0.245129
0.235443
0.226313
0.217437
0.209228
0.202407
0.196614
0.191009
0.184935
0.178066
0.170247
0.161175
0.150769
0.13905
0.125964
0.111837
0.097508
0.0841238
0.0727207
0.0640291
0.0585481
0.0564112
0.0572622
0.0603088
0.0651641
0.0720305
0.0803489
0.0898373
0.100779
0.112976
0.125851
0.138182
0.148413
0.155258
0.157951
0.155979
0.148828
0.136713
0.120548
0.102053
0.0831656
0.0655661
0.0506902
0.0392996
0.0313339
0.0264142
0.0242011
0.0244802
0.0266055
0.0293827
0.0313252
0.0314162
0.0287235
0.0226269
0.0134206
0.00192124
-0.0109732
-0.0242205
-0.0369843
-0.0482826
-0.0573221
-0.0633562
-0.066362
-0.0664893
-0.0645043
-0.0615469
-0.0583234
-0.0552395
-0.0524977
-0.0503252
-0.0487036
-0.0478094
-0.047941
-0.0490725
-0.0508252
-0.0524731
-0.0534076
-0.0528429
-0.0501563
-0.0456056
-0.0399655
-0.0337204
-0.0273011
-0.0208202
-0.0146184
-0.00947877
-0.0061487
-0.00570985
-0.00868247
-0.0142051
-0.0212816
-0.0290413
-0.0364866
-0.0424426
-0.0454932
-0.0445278
-0.0393609
-0.0307865
-0.0199434
-0.0086012
0.00144156
0.00969535
0.0158582
0.0193415
0.0203736
0.019786
0.0183896
0.0169839
0.0162309
0.016785
0.0190268
0.0228999
0.0280129
0.0341993
0.0411127
0.0481182
0.0545725
0.0595092
0.0620549
0.0616582
0.0581975
0.0521398
0.0443919
0.0361615
0.0285349
0.0226565
0.0191292
0.0180633
0.0190575
0.0213319
0.0233356
0.023069
0.0194305
0.0131585
0.00560403
-0.00187703
-0.00849134
-0.0142824
-0.0194098
-0.0236776
-0.027021
-0.0297873
-0.0325045
-0.0361594
-0.0410898
-0.0470548
-0.0535669
-0.0600123
-0.065548
-0.069887
-0.0734148
-0.0765003
-0.0794434
-0.0819178
-0.0825857
-0.0800957
-0.0738902
-0.0638905
-0.0509237
-0.0358254
-0.0195217
-0.00326741
0.0115359
0.0238299
0.0328964
0.0383015
0.0400251
0.0383371
0.0342869
0.0293686
0.0247079
0.020787
0.017867
0.0157194
0.0135901
0.0111568
0.00876426
0.00730474
0.00740907
0.0088985
0.0109845
0.0133567
0.0159513
0.0188356
0.0218908
0.0247126
0.0268768
0.0279391
0.0280944
0.0284478
0.0301416
0.0338018
0.0398836
0.0483208
0.0592849
0.0729843
0.0889404
0.104986
0.118984
0.129639
0.135417
0.135414
0.129264
0.117924
0.103852
0.089414
0.0759885
0.0644212
0.0552668
0.0486993
0.0436837
0.0392581
0.0355167
0.0326884
0.0302907
0.0279238
0.025928
0.024178
0.022792
0.0221146
0.0222432
0.0228744
0.0235248
0.0240064
0.0246218
0.0260982
0.029476
0.0358309
0.0456199
0.0579765
0.0713824
0.0836999
0.0929324
0.0984351
0.100101
0.0984346
0.0940747
0.0875304
0.0794673
0.0706387
0.061477
0.0523462
0.0439216
0.0364772
0.029768
0.0240749
0.0200544
0.0173187
0.0154593
0.0146253
0.0145134
0.0145857
0.0146345
0.0151399
0.0166981
0.0196076
0.0236426
0.0287225
0.0344007
0.0399978
0.0447187
0.0480994
0.0502623
0.0517004
0.0523923
0.0523373
0.0515808
0.0499593
0.0477658
0.0453163
0.0429797
0.0411423
0.0400581
0.0400179
0.0415903
0.0454115
0.0512701
0.0586639
0.0668571
0.0748479
0.0818539
0.0875711
0.0917147
0.0939275
0.0944931
0.0941208
0.0926946
0.0895263
0.0846653
0.0787871
0.0722856
0.0653776
0.0584401
0.052308
0.047682
0.0453561
0.0459778
0.0494963
0.0553699
0.0620209
0.0675394
0.0710403
0.0719289
0.0699354
0.0652198
0.0581197
0.0493644
0.0400722
0.0313225
0.0239819
0.0185677
0.0158294
0.0161381
0.0192444
0.0243832
0.0306313
0.0372634
0.0435424
0.0494061
0.0550466
0.060622
0.0658253
0.0698003
0.0719461
0.072145
0.0706859
0.0680573
0.06484
0.0614949
0.0581486
0.0546137
0.051016
0.0474535
0.0445399
0.0428397
0.0428917
0.0448759
0.0483025
0.0519878
0.0545605
0.0546413
0.0516385
0.045756
0.0372214
0.0262814
0.0133756
-0.00022211
-0.0128534
-0.0230064
-0.0301559
-0.03454
-0.0367811
-0.0371598
-0.0355484
-0.0317368
-0.0256749
-0.0177231
-0.00796849
0.00300005
0.0139658
0.0231377
0.0292439
0.0322999
0.0329131
0.0315841
0.0290624
0.0262739
0.0241338
0.023211
0.0238496
0.0262231
0.02994
0.0339131
0.0369514
0.0384391
0.0386836
0.03799
0.0369407
0.0359193
0.0351141
0.0348536
0.0355753
0.0374175
0.0406619
0.045234
0.0506166
0.056024
0.0603613
0.0632694
0.0650354
0.0653464
0.0639826
0.0614164
0.0579848
0.0542641
0.0506133
0.0467902
0.0423574
0.0376632
0.0331171
0.0287922
0.0247434
0.0206266
0.0167129
0.0137209
0.012097
0.0112881
0.0108472
0.0107461
0.0105434
0.00980966
0.00875441
0.00795124
0.00786356
0.00869472
0.0103694
0.0128797
0.0157309
0.0187998
0.0220282
0.0254988
0.0293853
0.033378
0.0371498
0.0406923
0.0437046
0.045942
0.0475584
0.0484199
0.0479426
0.0455847
0.0411612
0.0345023
0.0260843
0.017233
0.00928163
0.00270041
-0.00258072
-0.00610559
-0.00745645
-0.00705769
-0.00552722
-0.00286914
0.000341671
0.00378035
0.00751378
0.0119884
0.0176948
0.0243671
0.0313561
0.0375185
0.0418672
0.0440378
0.0444766
0.0442484
0.0434999
0.0417268
0.0394205
0.037122
0.0347356
0.0318724
0.0283935
0.0249597
0.0219247
0.0190024
0.0160949
0.0130373
0.00914301
0.00405145
-0.00232694
-0.0103094
-0.0201148
-0.0316233
-0.0442035
-0.0563455
-0.0668519
-0.0746271
-0.0786597
-0.0793628
-0.0779409
-0.0749405
-0.0701969
-0.0638452
-0.0562108
-0.0472331
-0.0368028
-0.0256784
-0.0152708
-0.00665465
0.000220312
0.00538838
0.0089803
0.0119879
0.0153473
0.0194364
0.0242956
0.0300447
0.0367522
0.044158
0.0514785
0.057756
0.0619752
0.0635162
0.0629844
0.0618938
0.0609196
0.0599967
0.0592129
0.0588026
0.0589677
0.0593254
0.0597813
0.0606457
0.0621158
0.0637127
0.0654757
0.0677226
0.0700319
0.0725255
0.0758663
0.080653
0.0866157
0.0923875
0.0970793
0.100751
0.103678
0.106099
0.107803
0.108126
0.106275
0.102294
0.0965165
0.0885722
0.0783103
0.065947
0.0523477
0.0388103
0.0262105
0.0153167
0.00675752
0.000775078
-0.00253283
-0.00283918
-0.000453612
0.00366092
0.00875239
0.014302
0.0196681
0.0238112
0.0254673
0.0237965
0.0186582
0.0107199
0.00171708
-0.00616092
-0.0116828
-0.0149278
-0.0165166
-0.0173108
-0.0187682
-0.0220612
-0.0270231
-0.0324766
-0.0373831
-0.040952
-0.0420645
-0.0399424
-0.0349892
-0.0275008
-0.0177289
-0.0063884
0.00561313
0.0167438
0.025732
0.0323748
0.0368829
0.0396216
0.0415672
0.0433882
0.0455282
0.0484048
0.0522358
0.0568545
0.0619996
0.0678241
0.0743939
0.0809534
0.0864956
0.0903917
0.0926532
0.0930363
0.0910144
0.0864472
0.0791773
0.0692546
0.0570999
0.0441775
0.0323131
0.0226364
0.0143228
0.00598789
-0.00269815
-0.0114152
-0.0196302
-0.0262905
-0.0306333
-0.0331181
-0.0338556
-0.0324232
-0.028875
-0.0238977
-0.0183425
-0.0125747
-0.00652975
-9.72132e-05
0.00710872
0.0156408
0.0248589
0.0336109
0.0408836
0.0464634
0.0507523
0.0539398
0.0564538
0.0590586
0.0624027
0.0668171
0.0724492
0.0784648
0.0831218
0.0851609
0.0839845
0.079287
0.0712567
0.0611678
0.0506038
0.0403847
0.0306391
0.0217043
0.0141951
0.00798432
0.0025594
-0.00204842
-0.0061071
-0.0101765
-0.014152
-0.0175626
-0.0199052
-0.0208409
-0.0207113
-0.0201051
-0.0199013
-0.0207721
-0.0223653
-0.0242127
-0.0262519
-0.0279245
-0.0282595
-0.0268708
-0.0241731
-0.0208666
-0.0178731
-0.0157587
-0.0150752
-0.0159968
-0.0182027
-0.0210247
-0.0240339
-0.0265528
-0.0275247
-0.0260434
-0.022039
-0.0163674
-0.00976444
-0.00255543
0.00486731
0.0120766
0.0184944
0.0232937
0.0258566
0.026491
0.0260387
0.0249604
0.0236948
0.0228014
0.02311
0.0249975
0.0282024
0.0326363
0.0379741
0.0432086
0.0472253
0.0496073
0.0503413
0.0498542
0.0483023
0.0454779
0.0409657
0.0344557
0.0258046
0.0157056
0.00514366
-0.00521522
-0.0137562
-0.0184053
-0.0185521
-0.0150412
-0.00880561
-0.000757401
0.0080972
0.0166137
0.023891
0.0297444
0.0344095
0.0378725
0.0403443
0.0422698
0.0434525
0.0442708
0.0459312
0.0491221
0.0533459
0.057135
0.059323
0.0596979
0.058539
0.056374
0.0533802
0.0493641
0.0439951
0.0375371
0.0301852
0.0217843
0.0126118
0.0037334
-0.00372509
-0.00923973
-0.0129301
-0.0148818
-0.0148708
-0.0130048
-0.00971981
-0.00538587
-0.000981139
0.00228413
0.00364644
0.00331678
0.00183405
-0.00066774
-0.00449086
-0.00959497
-0.0158496
-0.0225469
-0.0283999
-0.0324765
-0.0346059
-0.0350574
-0.0336484
-0.0303627
-0.025777
-0.020924
-0.0168005
-0.0139886
-0.0128884
-0.0133622
-0.0143578
-0.0151262
-0.0160804
-0.0173872
-0.0185166
-0.0188088
-0.0180087
-0.0164787
-0.0145189
-0.0118922
-0.00823353
-0.00313302
0.00345614
0.0103687
0.0160059
0.0195539
0.0210007
0.0199915
0.0161952
0.00990181
0.00201641
-0.0063917
-0.0143965
-0.0211829
-0.0264218
-0.0299176
-0.0315085
-0.0311557
-0.029274
-0.0261854
-0.0220712
-0.0170775
-0.0116408
-0.0061834
-0.00162466
0.00155859
0.00328126
0.00388082
0.00383904
0.00400245
0.00470899
0.0057316
0.00696184
0.0083863
0.00978774
0.0107344
0.0105651
0.00901407
0.00615863
0.00154458
-0.00503412
-0.0130085
-0.0219475
-0.0310301
-0.0394548
-0.0464461
-0.051067
-0.0533182
-0.0531957
-0.0499491
-0.0431669
-0.0330435
-0.0201585
-0.0059649
0.00764795
0.0195333
0.0290868
0.0358212
0.0396544
0.041152
0.0414839
0.041723
0.0419777
0.0421125
0.0419097
0.040565
0.0377239
0.0339836
0.0298451
0.0259946
0.0233027
0.0223855
0.0232906
0.0251961
0.0268873
0.0274103
0.0261736
0.0233295
0.0196213
0.015715
0.0119829
0.0083411
0.00479415
0.0014579
-0.00180486
-0.00556926
-0.0102678
-0.0158771
-0.0221681
-0.0287003
-0.0347389
-0.0392337
-0.0416071
-0.0416644
-0.0398239
-0.0366136
-0.0319679
-0.0260257
-0.0188329
-0.0105371
-0.00195095
0.00599309
0.0127737
0.0180094
0.0215584
0.023414
0.0239474
0.0234789
0.0222783
0.0207517
0.0191028
0.0175366
0.0159988
0.0144328
0.012792
0.0107526
0.00776081
0.00418178
0.000886929
-0.00135741
-0.00187048
-0.000153439
0.0033488
0.00737692
0.0100274
0.00997005
0.00672552
0.000367075
-0.00847326
-0.0184254
-0.0283002
-0.0379553
-0.0469845
-0.0548921
-0.0612137
-0.0659835
-0.0697416
-0.0724786
-0.0744127
-0.0758897
-0.0766706
-0.0765477
-0.0758149
-0.0748823
-0.0739841
-0.0728215
-0.0712887
-0.0700493
-0.0695127
-0.0696969
-0.0705353
-0.0715994
-0.0720741
-0.0717624
-0.0703945
-0.0672775
-0.0618759
-0.0545157
-0.0458906
-0.036698
-0.0278286
-0.0201382
-0.0143242
-0.0103481
-0.00774595
-0.00611662
-0.00552099
-0.00598221
-0.00741367
-0.00941015
-0.0120325
-0.0153028
-0.0189636
-0.0230215
-0.0272379
-0.0312381
-0.0352434
-0.0394085
-0.0435939
-0.0478267
-0.0522312
-0.0569882
-0.0615655
-0.0651488
-0.0671146
-0.0675141
-0.0668355
-0.0656417
-0.0646002
-0.0640541
-0.0639995
-0.0640998
-0.064395
-0.0650053
-0.0659942
-0.0670544
-0.067778
-0.0678538
-0.0669261
-0.0649485
-0.0621728
-0.0586345
-0.0544944
-0.0503087
-0.046589
-0.043368
-0.0399502
-0.0357484
-0.0308401
-0.0254723
-0.0200666
-0.0155541
-0.0125888
-0.010948
-0.0106655
-0.0122273
-0.0157675
-0.0211557
-0.0279098
-0.0348478
-0.0411796
-0.0462903
-0.0499924
-0.0526107
-0.0553509
-0.0589833
-0.0632238
-0.0670357
-0.0692754
-0.0685733
-0.0643179
-0.0571056
-0.0471964
-0.0345244
-0.019488
-0.00284711
0.014647
0.0316878
0.046165
0.0566594
0.0626728
0.064233
0.0615049
0.0545802
0.0438422
0.0304394
0.0153123
-0.000798
-0.0168697
-0.0317306
-0.044543
-0.0547532
-0.0621661
-0.067081
-0.0698187
-0.0705446
-0.0695907
-0.0677104
-0.0662225
-0.0662447
-0.0679182
-0.0707635
-0.0740365
-0.0769584
-0.0792574
-0.0809749
-0.081813
-0.08139
-0.0794555
-0.0754428
-0.0689238
-0.0599726
-0.049873
-0.0404488
-0.0335414
-0.0304078
-0.0317248
-0.0375074
-0.0470077
-0.0588782
-0.0715822
-0.0841107
-0.0957817
-0.105889
-0.114263
-0.121257
-0.127294
-0.13274
-0.137714
-0.142066
-0.14545
-0.147205
-0.146281
-0.14164
-0.133001
-0.120849
-0.106569
-0.0921395
-0.0790193
-0.0682523
-0.0603882
-0.0550359
-0.051535
-0.0496825
-0.0496474
-0.0512707
-0.0538132
-0.0567739
-0.0600512
-0.063368
-0.0668232
-0.0706268
-0.0743333
-0.0768086
-0.0773465
-0.0755409
-0.0714307
-0.0657553
-0.0595551
-0.0533111
-0.0471138
-0.041343
-0.0371052
-0.0352399
-0.0358727
-0.0384666
-0.0418921
-0.0446784
-0.0458898
-0.0447224
-0.0405383
-0.034236
-0.027183
-0.019993
-0.013077
-0.00692255
-0.00229554
2.47507e-05
-0.000358919
-0.00355517
-0.00902201
-0.0155039
-0.0217798
-0.0267518
-0.0296893
-0.030455
-0.0295085
-0.0278837
-0.0262169
-0.0243252
-0.0222964
-0.0207351
-0.0200112
-0.0199769
-0.0201116
-0.0201632
-0.0200515
-0.0201971
-0.0210611
-0.022605
-0.0248612
-0.0278901
-0.0320665
-0.0375896
-0.0446516
-0.0526725
-0.0604217
-0.067556
-0.0739135
-0.07887
-0.0819275
-0.0825384
-0.080764
-0.0772987
-0.0730871
-0.0691159
-0.0665076
-0.0659014
-0.0671005
-0.0689999
-0.0706094
-0.0715692
-0.0715643
-0.0703926
-0.067848
-0.0639304
-0.0593131
-0.0552362
-0.0532327
-0.0534739
-0.0552586
-0.0575765
-0.0591355
-0.0592169
-0.0580167
-0.0560448
-0.0535888
-0.0511163
-0.0490746
-0.0479309
-0.0478455
-0.0484842
-0.0492751
-0.0499794
-0.0507662
-0.0519771
-0.0533929
-0.0548575
-0.0564205
-0.0581685
-0.0602153
-0.0627427
-0.0657399
-0.0685123
-0.0706843
-0.0722302
-0.0730944
-0.0733152
-0.0732544
-0.0735725
-0.0746765
-0.0763557
-0.078232
-0.0801545
-0.0824428
-0.0851203
-0.0877316
-0.089597
-0.0899655
-0.0881388
-0.0845402
-0.0807338
-0.0772625
-0.0736921
-0.0695946
-0.0646685
-0.0590184
-0.0529429
-0.0472588
-0.0422817
-0.0378758
-0.0338124
-0.0296172
-0.0249261
-0.0202059
-0.0160229
-0.0131671
-0.0120216
-0.0121611
-0.0132692
-0.0151017
-0.0168615
-0.0176063
-0.016823
-0.0145598
-0.0107902
-0.00594079
-0.00101641
0.00364453
0.00792729
0.0114053
0.0136679
0.0143857
0.0135641
0.0114877
0.0083839
0.0043518
-0.000469246
-0.00543918
-0.00970531
-0.0127466
-0.0146084
-0.0158893
-0.0169951
-0.0185891
-0.0213241
-0.0251783
-0.0298413
-0.035239
-0.0409077
-0.0461513
-0.0500854
-0.0518591
-0.0509747
-0.0469534
-0.039873
-0.030654
-0.0203605
-0.010453
-0.00205934
0.00455519
0.00958766
0.0134931
0.0164142
0.0180138
0.0179324
0.0161786
0.012848
0.00823398
0.00321807
-0.00146847
-0.00532411
-0.00733809
-0.00660105
-0.00353438
