6.94068e-05
-5.03304e-05
-2.13404e-05
6.017e-05
2.01697e-05
0.000114845
2.13998e-05
2.74476e-05
5.2824e-05
8.754e-05
2.95346e-06
-7.58699e-05
-2.72224e-05
3.10997e-06
-3.97771e-05
-1.06916e-05
-0.000113865
6.05044e-05
-5.81202e-05
-6.58974e-06
5.37494e-05
-0.000123729
7.50938e-06
-1.35628e-05
8.33725e-05
3.19299e-05
-3.09232e-05
-7.0086e-05
1.78937e-06
-2.20365e-05
7.68054e-05
-2.5368e-05
5.67291e-06
5.87096e-05
-2.62771e-06
4.31832e-05
8.33616e-06
7.27813e-05
7.6159e-05
-1.60446e-05
-4.12127e-06
-5.93381e-05
1.61444e-05
-5.49559e-05
5.55254e-05
3.32251e-05
-3.15897e-05
7.86588e-05
-2.9704e-05
5.66838e-05
2.85281e-05
-3.02436e-05
-4.16265e-05
-1.63191e-05
6.61193e-05
9.23766e-05
6.68903e-05
-3.20994e-05
0.00011082
-4.07997e-05
-8.29046e-06
-7.42197e-05
-1.64386e-05
1.02508e-05
7.10995e-06
-5.87486e-05
-0.000101201
1.62003e-05
-2.53093e-05
2.65239e-05
-2.68722e-05
-4.02001e-05
5.0674e-05
-1.75884e-05
4.7902e-05
-1.01079e-05
1.08427e-05
-0.000112906
3.33076e-05
0.000181201
0.000426875
0.00114222
0.00237804
0.00541858
0.0089021
0.0149157
0.0231397
0.0344671
0.0471013
0.0625517
0.0857351
0.108561
0.133481
0.163557
0.200243
0.225919
0.269213
0.302929
0.342722
0.378522
0.436563
0.467581
0.510133
0.550063
0.583509
0.619187
0.653245
0.686101
0.721178
0.745129
0.774163
0.799011
0.822177
0.838315
0.858847
0.875559
0.891294
0.90537
0.919617
0.930632
0.936216
0.947739
0.955306
0.961876
0.968124
0.97327
0.977513
0.984885
0.986497
0.990039
0.994798
0.994884
0.99795
0.99834
0.999607
1
0.999047
0.998745
0.999219
0.99814
0.995082
0.992449
0.990418
0.985032
0.982308
0.978696
0.975656
0.971027
0.964811
0.959428
0.95096
0.947428
0.9419
0.933223
0.926482
0.922172
0.912777
0.907388
0.897289
0.891889
0.882056
0.873382
0.865442
0.860032
0.85202
0.841013
0.833802
0.825259
0.815013
0.807465
0.799428
0.792165
0.783088
0.773392
0.764982
0.752174
0.746487
0.737678
0.727396
0.718692
0.712737
0.702738
0.69559
0.684389
0.677989
0.667643
0.659009
0.650217
0.644479
0.636017
0.625257
0.618507
0.609798
0.600097
0.592788
0.584895
0.578228
0.569299
0.560576
0.552404
0.541405
0.536271
0.528734
0.519813
0.512264
0.507001
0.49828
0.492416
0.483181
0.477907
0.469623
0.462528
0.455099
0.45055
0.443576
0.435364
0.429789
0.422724
0.415621
0.409469
0.40401
0.398121
0.391079
0.384414
0.378214
0.369851
0.365966
0.359865
0.353505
0.347899
0.343829
0.337585
0.333089
0.326289
0.322249
0.316079
0.31061
0.305426
0.301885
0.296753
0.290931
0.286877
0.281831
0.276633
0.272283
0.268069
0.26399
0.258457
0.253549
0.249493
0.248061
0.244342
0.240679
0.237071
0.233517
0.230016
0.226568
0.223171
0.219825
0.21653
0.213283
0.210086
0.206936
0.203834
0.200778
0.197768
0.194803
0.191883
0.189006
0.186173
0.183382
0.180632
0.177924
0.175257
0.17263
0.170041
0.167492
0.164981
0.162508
0.160072
0.157672
0.155308
0.15298
0.150686
0.148427
0.146202
0.14401
0.141851
0.139725
0.13763
0.135567
0.133534
0.131532
0.12956
0.127618
0.125705
0.12382
0.121964
0.120136
0.118334
0.11656
0.114813
0.113092
0.111396
0.109726
0.108081
0.106461
0.104865
0.103293
0.101744
0.100219
0.0987165
0.0972365
0.0957788
0.0943429
0.0929285
0.0915353
0.0901631
0.0888114
0.0874799
0.0861684
0.0848766
0.0836042
0.0823508
0.0811162
0.0799001
0.0787023
0.0775224
0.0763602
0.0752154
0.0740878
0.0729771
0.071883
0.0708054
0.0697439
0.0686983
0.0676684
0.0666539
0.0656547
0.0646704
0.0637009
0.0627459
0.0618052
0.0608786
0.0599659
0.0590669
0.0581814
0.0573092
0.05645
0.0556037
0.0547701
0.053949
0.0531402
0.0523436
0.0515588
0.0507859
0.0500245
0.0492746
0.0485358
0.0478082
0.0470915
0.0463855
0.0456901
0.0450051
0.0443304
0.0436658
0.0430112
0.0423664
0.0417312
0.0411056
0.0404894
0.0398823
0.0392844
0.0386955
0.0381154
0.037544
0.0369811
0.0364267
0.0358806
0.0353427
0.0348128
0.0342909
0.0337768
0.0332705
0.0327717
0.0322804
0.0317964
0.0313197
0.0308502
0.0303877
0.0299321
0.0294834
0.0290414
0.028606
0.0281772
0.0277547
0.0273386
0.0269288
0.0265251
0.0261274
0.0257357
0.0253499
0.0249699
0.0245955
0.0242268
0.0238636
0.0235058
0.0231534
0.0228063
0.0224644
0.0221276
0.0217959
0.0214691
0.0211473
0.0208302
0.020518
0.0202104
0.0199074
0.0196089
0.0193149
0.0190254
0.0187402
0.0184592
0.0181825
0.0179099
0.0176414
0.0173769
0.0171164
0.0168598
0.016607
0.0163581
0.0161128
0.0158713
0.0156333
0.015399
0.0151681
0.0149407
0.0147167
0.0144961
0.0142788
0.0140647
0.0138538
0.0136461
0.0134416
0.0132401
0.0130416
0.012846
0.0126535
0.0124638
0.0122769
0.0120929
0.0119116
0.011733
0.0115571
0.0113838
0.0112132
0.0110451
0.0108795
0.0107164
0.0105557
0.0103975
0.0102416
0.010088
0.00993681
0.00978784
0.0096411
0.00949657
0.00935419
0.00921396
0.00907582
0.00893976
0.00880574
0.00867373
0.00854369
0.00841561
0.00828944
0.00816517
0.00804276
0.00792218
0.00780341
0.00768643
0.00757119
0.00745769
0.00734588
0.00723576
0.00712728
0.00702043
0.00691518
0.00681151
0.00670939
0.00660881
0.00650973
0.00641214
0.00631601
0.00622132
0.00612805
0.00603618
0.00594569
0.00585655
0.00576875
