9.09091e-05
9.96016e-05
8.08219e-05
0.000119685
9.56522e-05
0.000143969
0.000101639
0.000115789
8.31461e-05
0.000117091
0.000141224
5.38745e-05
0.000158079
0.000104906
7.91946e-05
8e-05
0.000119703
9.96516e-05
8.82591e-05
0.000146988
0.000120588
9.89474e-05
0.000116788
0.000151292
0.000108434
0.000108651
8.5259e-05
0.000146575
8.66142e-05
0.000103679
0.000153307
7.80328e-05
8.42105e-05
0.000114607
6.90909e-05
9.22449e-05
8.92989e-05
0.000105677
9.58491e-05
0.000107383
8.85714e-05
0.000119703
0.000141463
0.000122267
6.0241e-05
0.000120588
0.000115789
0.000121168
8.04428e-05
9.39759e-05
3.391e-05
-7.72908e-05
5.61644e-05
0.000181102
-3.67893e-05
6.45914e-05
2.68852e-05
-1.57895e-05
-2.47191e-05
-5.30909e-05
-1.06122e-05
-3.69004e-06
5.85153e-05
-3.54717e-05
-9.39597e-06
5e-05
-3.19703e-05
3.69338e-05
-0.000169231
-4.09639e-05
-1.61765e-05
-8.21053e-05
6.86131e-05
-6.12546e-05
-6.50602e-05
2.56055e-05
-3.90438e-05
-5.89041e-05
0.000195276
-7.29097e-05
1.32296e-05
3.27869e-06
-6.31579e-05
-3.37079e-05
5.16364e-05
-4.97959e-05
8.92989e-05
0.000561572
0.00171698
0.0035906
0.00742143
0.01249
0.020922
0.030336
0.043588
0.0593529
0.0764947
0.0958978
0.11567
0.137087
0.160643
0.188973
0.218062
0.240682
0.265773
0.293327
0.320832
0.348689
0.374411
0.403575
0.431147
0.458644
0.488217
0.515254
0.53902
0.566819
0.589752
0.615587
0.63808
0.664137
0.687959
0.707379
0.726826
0.747043
0.762952
0.781342
0.799515
0.818559
0.832301
0.846658
0.860791
0.874009
0.886242
0.896982
0.908713
0.9189
0.9283
0.938453
0.945995
0.95186
0.958876
0.963283
0.968989
0.972846
0.977824
0.981341
0.982743
0.984082
0.986609
0.985925
0.984707
0.981384
0.980941
0.980132
0.978176
0.975987
0.973396
0.970395
0.967422
0.96346
0.959622
0.955396
0.950846
0.945995
0.940835
0.935373
0.929544
0.923836
0.91787
0.910812
0.903924
0.897669
0.89127
0.884613
0.878051
0.867734
0.856756
0.848477
0.842189
0.833787
0.825903
0.817931
0.8102
0.802771
0.79388
0.785348
0.777295
0.767854
0.759619
0.752358
0.743394
0.736674
0.726982
0.719321
0.708937
0.700003
0.693202
0.685961
0.676889
0.670513
0.658788
0.648343
0.639381
0.632761
0.623614
0.616164
0.607884
0.601437
0.593944
0.585817
0.577248
0.570328
0.56147
0.553509
0.548765
0.539964
0.53343
0.525787
0.519868
0.510817
0.503274
0.498478
0.493058
0.484176
0.479896
0.469998
0.462893
0.45576
0.450375
0.442683
0.437887
0.430736
0.427216
0.420775
0.41485
0.407769
0.403546
0.397028
0.389534
0.388569
0.380296
0.375312
0.369457
0.365884
0.358889
0.353344
0.350364
0.347136
0.33872
0.336706
0.332536
0.327985
0.323497
0.31907
0.314703
0.310396
0.306149
0.301959
0.297827
0.293751
0.289731
0.285766
0.281855
0.277998
0.274194
0.270441
0.26674
0.26309
0.25949
0.255939
0.252436
0.248981
0.245574
0.242213
0.238899
0.235629
0.232405
0.229224
0.226087
0.222993
0.219942
0.216932
0.213963
0.211035
0.208147
0.205299
0.202489
0.199718
0.196985
0.194289
0.19163
0.189008
0.186421
0.18387
0.181354
0.178872
0.176424
0.17401
0.171628
0.16928
0.166963
0.164678
0.162425
0.160202
0.158009
0.155847
0.153714
0.151611
0.149536
0.14749
0.145471
0.14348
0.141517
0.13958
0.13767
0.135786
0.133928
0.132095
0.130287
0.128504
0.126746
0.125011
0.1233
0.121613
0.119949
0.118307
0.116688
0.115091
0.113516
0.111963
0.110431
0.108919
0.107429
0.105959
0.104509
0.103078
0.101668
0.100276
0.0989042
0.0975507
0.0962157
0.094899
0.0936003
0.0923194
0.091056
0.0898099
0.0885809
0.0873686
0.086173
0.0849937
0.0838306
0.0826834
0.0815518
0.0804358
0.079335
0.0782493
0.0771785
0.0761223
0.0750806
0.0740531
0.0730397
0.0720401
0.0710543
0.0700819
0.0691228
0.0681769
0.0672439
0.0663236
0.065416
0.0645208
0.0636378
0.0627669
0.061908
0.0610608
0.0602251
0.059401
0.0585881
0.0577863
0.0569955
0.0562155
0.0554462
0.0546874
0.053939
0.0532008
0.0524728
0.0517547
0.0510464
0.0503479
0.0496589
0.0489793
0.048309
0.0476479
0.0469958
0.0463527
0.0457184
0.0450927
0.0444756
0.043867
0.0432666
0.0426745
0.0420905
0.0415145
0.0409464
0.040386
0.0398334
0.0392882
0.0387506
0.0382203
0.0376972
0.0371813
0.0366725
0.0361707
0.0356757
0.0351874
0.0347059
0.034231
0.0337625
0.0333005
0.0328447
0.0323953
0.0319519
0.0315147
0.0310834
0.030658
0.0302385
0.0298247
0.0294165
0.0290139
0.0286169
0.0282253
0.027839
0.027458
0.0270823
0.0267116
0.0263461
0.0259855
0.0256299
0.0252792
0.0249332
0.024592
0.0242555
0.0239235
0.0235962
0.0232732
0.0229547
0.0226406
0.0223308
0.0220252
0.0217238
0.0214265
0.0211333
0.020844
0.0205588
0.0202774
0.02
0.0197263
0.0194563
0.01919
0.0189274
0.0186684
0.0184129
0.0181609
0.0179124
0.0176673
0.0174255
0.017187
0.0169518
0.0167198
0.016491
0.0162654
0.0160428
0.0158232
0.0156067
0.0153931
0.0151824
0.0149747
0.0147697
0.0145676
0.0143683
0.0141716
0.0139777
0.0137864
0.0135977
0.0134117
0.0132281
0.0130471
0.0128685
0.0126924
0.0125187
0.0123474
0.0121784
0.0120118
0.0118474
0.0116853
0.0115254
0.0113676
0.0112121
0.0110586
0.0109073
0.010758
