 9 0 -1  7 -2 -3 18 10  -2.82630  -41.4283
 9 0 -1  7 -2 -3 15 14  -7.88101  -41.4751
 9 0 -1  7 -2 -3 14 15  -8.94715  -41.0073
 9 1  1  8  4  2 14 12 -45.91660   17.2826
 9 1  1  8  4  2 14 12 -45.91830   17.2802
 9 1  1  8  4  2 14 12 -45.91980   17.2803
 9 1  1  8  4  2 14 12 -45.92130   17.2797
 9 1  1  8  4  2 14 12 -45.92080   17.2781
 9 0 -1  7 -2 -3 13 17 -11.49320  -40.8132
 9 0 -1  7 -2 -3 13 17 -11.49330  -40.8133
 9 0 -1  7 -2 -3 13 17 -11.49330  -40.8133
 9 0 -1  7 -2 -3 13 17 -11.49020  -40.8120
 9 0 -1  7 -2 -3 13 17 -11.48810  -40.8101
 9 0 -1  7 -2 -3 14 17 -10.48540  -40.0787
 9 0 -1  7 -2 -3 14 17 -10.46860  -40.0764
 9 0 -1  7 -3 -3 15 23 -30.68430  -37.5497
 9 0 -1  7 -3 -3 18 21 -27.16580  -37.0963
 9 0 -1  7 -3 -3 16 23 -30.06270  -37.4479
 9 0 -1  7 -3 -3 15 23 -31.01850  -37.6065
 9 0 -1  7 -3 -3 15 22 -30.55220  -37.8669
 9 0 -1  7 -3 -3 15 23 -30.62400  -37.2295
 9 0 -1  7 -3 -3 15 23 -30.84000  -37.4558
 9 0 -1  7 -3 -3 15 23 -30.83890  -37.5251
 9 0 -1  7 -2 -3 18 13  -5.39073  -40.1640
 9 0 -1  7 -2 -3 12  4  -3.21009  -46.3097
 8 0 -1  1 -3  1 17  7 -54.75940    8.47755
 8 0 -1  1 -2  1 23 19 -33.70580   15.9673
 9 0 -1  7 -2 -3  6 12 -12.55430  -45.4392
 9 0 -1  7 -3 -3 20 21 -25.72910  -36.5047
 9 0 -1  7 -3 -3 20 20 -25.34010  -36.6699
 9 0  1  7 -1 -3 23 21  -1.98542  -38.2605
 8 0 -1  1  0  2  8 17 -22.90420   23.5756
 9 0  1  7 -1 -3  9 18  -3.53120  -48.4667
 9 0  1  7 -1 -3  8 18  -3.73103  -49.3767
 9 0  1  7 -1 -3  8 18  -3.44238  -49.3138
 9 0  1  7 -1 -3  8 18  -3.43613  -49.3036
 9 0  1  7 -1 -3  8 18  -3.44332  -49.3155
 9 0  1  7 -1 -3  8 18  -3.44330  -49.3149
 9 0  1  7 -1 -3  8 18  -3.44332  -49.3144
 9 0  1  7 -1 -3  8 18  -3.44328  -49.3138
 9 0  1  7 -1 -3  8 18  -3.44322  -49.3133
 9 0  1  7 -1 -3  8 18  -3.44331  -49.3128
 9 0  1  7 -1 -3  8 18  -3.44342  -49.3124
 9 0  1  7 -1 -3  8 18  -3.44390  -49.3115
 9 0  1  7 -1 -3  8 18  -3.44498  -49.3109
 9 0  1  7 -1 -3  8 18  -3.44596  -49.3113
 9 0  1  7 -1 -3  9 19  -3.25315  -48.4585
 9 0  1  7 -1 -3 10 19  -2.86669  -47.7499
 9 0  1  7 -1 -3 10 18  -3.29090  -47.4825
 9 0  1  7 -1 -3  9 19  -3.30821  -48.4775
 9 0  1  7 -1 -3  9 18  -3.50751  -48.4844
 9 0  1  7 -1 -3  9 20  -2.30163  -48.8344
 9 0  1  7 -1 -3  9 18  -3.79999  -48.3264
 9 0  1  7 -1 -3  9 18  -3.54796  -48.4642
 9 0  1  7 -1 -3  9 18  -3.39965  -48.4406
 9 0  1  7 -1 -3  9 18  -3.33426  -48.4005
