8 0  1  1 -1 -2  3  4
8 0 -1  8  1  2  3  4
8 0 -1  4  2  1  7  6
8 0 -1 11  2  1 17 11
8 0 -1  2  1 -1  5  5
8 0 -1  5 -1 -2 23 14
8 0 -1  9 -1 -2 23 14
8 0 -1 14 -1 -2  1  3
8 0 -1 17 -2 -1 23 14
8 0 -1 19 -2 -1 21 13
8 0  1 18  1  2  7  6
8 0  1 11 -1  1  5  5
8 0  1 18 -1  1 19 12
8 0 -1 16 -2 -1  5  5
8 0  1 18  2  1  9  7
8 0  1 21  2  1 15 10
8 0  1 22  2  1  7  6
8 0 -1 13  1 -1 23 14
8 0 -1 22  1  2 15 10
8 0  1 16 -2 -1  7  6
9 2  1 19 -1   2 7 31
9 2 -1 19 -1   2 7 31
9 1 -1 14 -3  -2 7 31
9 1 -1 15 -3  -4 7 15
9 2 -1 20  1 -24 7 31
9 1  1  9 -3  -1 7 31
9 1 -1 15 -3  -4 7 31
9 1 -1 11  2 -12 7 31
9 1 -1 11  2 -12 7 31
9 2 -1 19 -1   2 7 31
9 2 -1 19 -3  -4 7 31
9 1  1 14 -3   0 7 15
9 2 -1 21  3   0 7 15
9 2  1 19  3   0 7 15
9 1 -1  9 -3  -3 7 31
9 2 -1 18  1   4 7 15
9 1  1 10  0   3 7 31 
9 2 -1 20 -3  -2 7 15
9 1  1 12 -3   0 7 15
9 1  1 10 -2   1 7 31
