 8 0 -1  7  -2   0 11  8
 8 0  1 18   1  -1  8  8
 8 0  1 19   1  -1  8  8
 8 0  1 20   1  -1  8  8
 8 0 -1 10   2   1 13  9
 8 0 -1 11   2   1 13  9
 8 0 -1 23   2   1 11  8
 8 0  1 23  -1   1 12 17
 8 0 -1 25  -2   0 19  8
 8 0 -1 19  -1  -2  3  0
 8 0  1 17  -1   1 15 14
 8 0 -1 20  -2  -1 11 14
 8 0 -1 25  -2  -1 11 14
 8 0 -1 21   1  -1 10  6
 8 0 -1 22   1  -1 10  6
 8 0 -1 23   1  -1 10  6
 8 0 -1 24   1  -1 10  6
 8 0 -1 21   1  -1  5 12
 8 0 -1 22   1  -1  5 12
 8 0 -1 11   1  -1 10  6
 9 0  1  5  -2   0 15 14
 9 0  1  3   0  -2  9  1
 9 1 -1 18   4   2 13 14
 9 0 -1  5  -2  -2 19 21
 9 2  1 18   3   4 14 14
 9 2  1 18   3   4  9  9
 9 0  1  3  -2   0 17 14
 9 1  1 13   1  -3 13 10
 9 2  1 21   2   3  2  4
 9 0  1  4   0   2 14 12
 9 1  1 14   4   2  7 11
 9 1  1  8   2   4  6 12
 9 1 -1 14  -2  -3 10  4
 9 2  1 21   1   3  3  6
 9 1 -1 12  -1  -3  9  2
 9 1 -1 13  -1  -4  8 10
 9 1 -1 14   4   2  3  9
 9 0 -1  3   0   2 14  2
 9 2 -1 21   1   3  6 12
 9 0  1  3  -2   0  7 14
10 1 -1  8  29 239  0  0
10 1 -1  8  29 242  0  0
10 1 -1  8  30 239  0  0
10 2  1 14  27 289  0  0
10 2 -1 14  41 241  0  0
10 1 -1 21   1 289  1  0
10 1 -1 16  12 289  0  0
10 1 -1 13  14 289  0  0
10 1 -1 13  18 289  0  0
10 1  1 19  17 289  1  0
10 1  1  9  30  72  0  0
10 1 -1 12  37 146  1  0
10 1 -1  9  31 119  0  0
10 1 -1  9  32 119  0  0
10 1 -1 10  34 215  0  0
