 8 -1  2 -1175.28  708.214
 8 -1  3 -1182.60  712.819
 8 -1  4 -1186.13  715.039
 8 -1  5 -1193.45  719.651
 8 -1  6 -1196.97  721.875
 8 -1  7 -1204.30  726.493
 8 -1  8 -1207.83  728.717
 8 -1  9 -1215.15  733.331
 8 -1 10 -1218.68  735.552
 8 -1 11 -1226.01  740.160
 8 -1 12 -1229.53  742.378
 8 -1 13 -1236.86  746.984
 8 -1 13 -1236.87  746.992
 8 -1 14 -1240.39  749.202
 8 -1 15 -1247.72  753.808
 8 -1 16 -1251.25  756.027
 8 -1 17 -1258.58  760.635
 8 -1 18 -1262.11  762.855
 8 -1 19 -1270.60  768.192
 8 -1 20 -1274.13  770.416
 8 -1 21 -1282.62  775.761
 8 -1 26 -1310.19  793.162
 9 -1  1 -1334.52  808.525
 9 -1  1 -1334.59  808.570
 9 -1  6 -1446.67  879.798
 9 -1  7 -1469.17  894.140
 9 -1  7 -1458.66  890.055
 9 -1  7 -1459.14  889.771
 9 -1  7 -1459.21  889.749
 9 -1  7 -1460.76  889.659
 9 -1  7 -1459.21  889.749
 9 -1  7 -1459.22  889.883
 9 -1  7 -1459.14  889.771
 9 -1  1 -1334.59  808.570
 8 -1 26 -1310.48  793.123
 8 -1 13 -1236.87  746.992
 8 -1 12 -1229.93  742.518
 8 -1  4 -1186.23  715.026
 8 -1  4 -1186.90  714.703
 8  1  8 -1205.47 -662.049
 8  1  9 -1213.14 -666.067
 8  1 10 -1216.83 -668.002
 8  1 11 -1224.49 -672.014
 8  1 12 -1228.18 -673.946
 8  1 12 -1228.28 -673.999
 8  1 13 -1235.83 -677.954
 8  1 14 -1239.52 -679.886
 8  1 15 -1247.19 -683.901
 8  1 16 -1250.87 -685.837
 8  1 17 -1258.53 -689.855
 8  1 18 -1262.22 -691.791
 8  1 19 -1271.07 -696.442
 8  1 20 -1274.75 -698.38 
 8  1 21 -1283.60 -703.034
 8  1 21 -1283.70 -703.085
 8  1 22 -1287.29 -704.969
 8  1 22 -1287.35 -705.001
 8  1 23 -1296.14 -709.609
 9  1  2 -1361.13 -743.671
 9  1  3 -1384.51 -755.904
 9  1  6 -1454.74 -792.532
 9  1  7 -1478.16 -804.749
 8  1 22 -1287.35 -705.001
 8  1 21 -1283.70 -703.085
 8  1 12 -1228.28 -673.999
 9 -1 14  33.2108 -1093.2 
 9 -1 14  33.2112 -1093.27
 9 -1 16  33.4348 -1133.09
 9 -1 17  33.5140 -1153.05
 9 -1 14  33.2112 -1093.27
 9  1 14  98.7616  1124.54
 9  1 14  98.7629  1124.55
 9  1 15  101.371  1144.10
 9  1 15  96.4507  1145.02
 9  1 14  98.7629  1124.55
 9 -1  2  14.8454  363.463
 9 -1 14  1026.32 -540.278
 9  1 12 -80.7750  1352.66
 9 -1 13 -447.599 -403.299
 9  1 12 -421.341  417.327
 9 -1 19  310.531  941.800
 9 -1 21  321.524  972.356
 9 -1 19  298.649  969.828
 9 -1 19  303.647  941.640
 9 -1 19  311.391  931.573
 9 -1 19  311.323  931.597
 9 -1 19  311.323  931.597
 9 -1 19  307.156  932.154
 9 -1 19  314.793  944.347
 9 -1 19  316.067  936.839
 9 -1 19  317.461  944.150
 9 -1 19  304.860  938.849
 9 -1 19  305.191  928.153
 9 -1 19  349.342  917.094
 9 -1 19  311.385  960.165
 9  1 18  249.233 -928.017
 9  1 20  256.724 -960.088
 9  1 20  265.773 -926.841
 8 -1 22  239.962  218.910
 8 -1 23  241.584  220.336
 8 -1 24  242.276  220.946
 8 -1 25  243.893  222.371
 8 -1 26  244.582  222.979
 9 -1  6  270.777  245.729
 9 -1  6  270.779  245.731
 9 -1 20  398.571  315.216
 9 -1 20  380.507  388.151
 9 -1  6  270.779  245.731
 8  1 23  237.705 -235.3 1
 8  1 24  238.363 -235.972
 8  1 25  239.904 -237.547
 8  1 26  240.561 -238.221
 8  1 26  240.444 -237.840
 8 -1  2 -1412.56  83.9903
 8 -1 10 -1466.73  88.2607
 8 -1 10 -1466.75  88.2622
 8 -1 12 -1480.26  89.3576
 8 -1 15 -1502.92  91.2171
 8 -1 16 -1507.32  91.5784
 8 -1 19 -1531.40  93.5547
 8 -1 21 -1546.33  94.7875
 8 -1 23 -1561.27  96.0289
 8 -1 24 -1565.66  96.3958
 8 -1 25 -1576.21  97.2778
 8 -1 26 -1580.61  97.6467
 9 -1  6 -1750.04  112.157
 9 -1  6 -1748.30  112.759
 9 -1  4 -1682 99. 4477.00
 8 -1 23 -1559.60  96.0836
 8 -1 23 -1559.62  95.9633
 8 -1 23 -1559.69  95.9167
 8 -1 23 -1559.69  95.9167
 8 -1 10 -1466.75  88.2622
 8 -1 10 -1466.77  88.2640
 8 -1 10 -1466.78  88.2589
 8 -1 10 -1466.78  88.2589
 9 -1 13  1226.12 -366.575
 9  1 12  1190.56  291.177
 9 -1  3  1466.30  19.6738
 9 -1  3  1463.47  17.4351
 9 -1  3  1448.82  29.8522
 9  1  3  1515.80 -88.9905
 9  1  4  1540.37 -90.9503
 8  1 25  1507.09 -60.6305
 8 -1 26 -452.965  1384.16
 8  1 22 -511.814 -1362.32
 8  1 24 -516.883 -1375.10
 8  1 26 -521.963 -1387.89
 8  1 26 -521.982 -1387.93
 9  1  2 -541.68 -1437.6 2
 9  1  2 -538.768 -1437.01
 8  1 26 -521.982 -1387.93
 9 -1 14 -197.972 -1112.89
 9 -1 16 -206.105 -1153.53
 9  1 14 -144.413  1157.89
 9  1 15 -139.327  1159.40
 9  1 16 -183.954  1153.62
 9  1 14 -136.046  1156.74
 9  1 14 -140.770  1152.87
 9  1 14 -140.713  1152.96
 9  1 14 -140.713  1152.96
 9  1 14 -142.817  1155.39
 9  1 14 -120.511  1152.58
 9  1 14 -138.937  1150.99
 8 -1  3 -175.006  266.390
 8 -1  4 -175.540  267.237
 8 -1  5 -176.618  268.954
 8 -1  6 -177.152  269.804
 8 -1  7 -178.233  271.522
 8 -1  8 -178.767  272.374
 8 -1  9 -179.852  274.091
 8 -1 10 -180.392  274.94 
 8 -1 11 -181.477  276.653
 8 -1 12 -182.013  277.501
 8 -1 13 -183.097  279.216
 8 -1 14 -183.635  280.065
 8 -1 15 -184.724  281.779
 8 -1 16 -185.265  282.625
 8 -1 17 -186.360  284.336
 8 -1 18 -186.904  285.183
 8 -1 19 -188.181  287.171
 8 -1 20 -188.723  288.020
 8 -1 21 -189.994  290.006
 8 -1 22 -190.535  290.852
 8 -1 23 -191.803  292.834
 8 -1 24 -192.344  293.679
 8 -1 25 -193.610  295.659
 8 -1 26 -194.150  296.504
 9 -1  1 -197.787  302.209
 9 -1  3 -204.495  312.759
 9 -1  5 -211.206  323.394
 9 -1  7 -217.892  334.109
 9 -1 11 -231.307  355.515
 9 -1 21 -274.537  425.875
 9 -1  7 -218.766  334.352
 9 -1 10 -254.833  390.515
 8 -1 26 -194.180  296.523
 8 -1 26 -194.136  296.510
 8 -1 22 -190.142  290.618
 8 -1 10 -179.828  274.174
 8 -1  9 -180.515  272.718
 8  1  1 -187.176 -264.426
 8  1  2 -187.771 -265.237
 8  1  3 -188.974 -266.877
 8  1  4 -189.568 -267.688
 8  1  5 -190.766 -269.330
 8  1  6 -191.359 -270.144
 8  1  7 -192.554 -271.789
 8  1  8 -193.147 -272.604
 8  1  9 -194.344 -274.250
 8  1 10 -194.937 -275.065
 8  1 11 -196.133 -276.713
 8  1 12 -196.724 -277.528
 8  1 13 -197.920 -279.174
 8  1 14 -198.513 -279.988
 8  1 15 -199.716 -281.624
 8  1 16 -200.314 -282.431
 8  1 17 -201.526 -284.060
 8  1 18 -202.124 -284.865
 8  1 19 -203.524 -286.750
 8  1 20 -204.122 -287.555
 8  1 21 -205.522 -289.442
 8  1 22 -206.117 -290.248
 8  1 23 -207.516 -292.129
 8  1 24 -208.112 -292.931
 8  1 25 -209.513 -294.812
 8  1 26 -210.112 -295.614
 9  1  1 -214.159 -301.040
 9  1  3 -221.609 -311.057
 9  1  5 -229.080 -321.056
 9  1  7 -236.540 -331.012
 9  1 10 -247.787 -345.883
 9  1 11 -251.559 -350.834
 8  1 25 -208.838 -289.837
 8  1 25 -206.669 -291.145
 8  1  9 -191.248 -275.786
 8  1 10 -196.513 -302.543
