 8 -1  2 -1175.28  708.215
 8 -1  3 -1182.60  712.820
 8 -1  4 -1186.13  715.040
 8 -1  5 -1193.47  719.645
 8 -1  6 -1197.00  721.863
 8 -1  7 -1204.32  726.465
 8 -1  8 -1207.85  728.683
 8 -1  9 -1215.17  733.284
 8 -1 10 -1218.70  735.500
 8 -1 11 -1226.02  740.097
 8 -1 12 -1229.54  742.312
 8 -1 13 -1236.86  746.916
 8 -1 14 -1240.39  749.135
 8 -1 15 -1247.70  753.738
 8 -1 16 -1251.23  755.954
 8 -1 16 -1251.33  756.020 
 8 -1 17 -1258.54  760.552
 8 -1 18 -1262.06  762.769
 8 -1 19 -1270.53  768.103
 8 -1 20 -1274.05  770.326
 8 -1 20 -1274.08  770.343
 8 -1 26 -1310.03  793.039
 9 -1  1 -1334.28  808.384
 9 -1  1 -1334.36  808.437
 9 -1  6 -1445.74  879.291
 9 -1  7 -1468.03  893.559
 9 -1  1 -1334.36  808.437
 8 -1 26 -1290.02  804.295
 8 -1 26 -1290.01  804.299
 8 -1 26 -1290.01  804.299
 8 -1 20 -1274.08  770.343
 8 -1 16 -1251.33  756.02 
 8 -1 16 -1251.34  756.023
 8 -1  5 -1193.48  719.631
 8 -1  3 -1182.42  712.797
 8 -1  3 -1182.31  712.359
 8  1  7 -1201.81 -660.520
 8  1  8 -1205.50 -662.455
 8  1  9 -1213.17 -666.467
 8  1 10 -1216.86 -668.400
 8  1 11 -1224.54 -672.413
 8  1 12 -1228.24 -674.346
 8  1 13 -1235.91 -678.357
 8  1 14 -1239.61 -680.287
 8  1 15 -1247.28 -684.285
 8  1 16 -1250.98 -686.210
 8  1 17 -1258.65 -690.203
 8  1 18 -1262.35 -692.127
 8  1 19 -1271.24 -696.752
 8  1 20 -1274.94 -698.678
 8  1 21 -1283.84 -703.299
 8  1 22 -1287.54 -705.221
 8  1 23 -1296.44 -709.845
 9  1  2 -1361.73 -743.728
 9  1  3 -1385.21 -755.884
 9  1  6 -1455.66 -792.226
 9  1  7 -1479.13 -804.308
 8  1 11 -1224.61 -671.397
 8  1 11 -1224.33 -671.544
 8  1 11 -1224.49 -671.955
 9 -1 14  33.3250 -1095.82
 9 -1 16  33.3934 -1136.25
 9 -1 17  33.3615 -1156.49
 9  1 14  93.8488  1127.33
 9  1 15  96.1177  1147.30
 9 -1 13  83.2029  580.838
 9 -1 10  9.94596  569.594
 9 -1 13 -449.634 -400.403
 9 -1 17 -438.416 -408.664
 9  1 12 -421.885  416.828
 9 -1 19  310.275  944.239
 9  1 18  249.622 -924.342
 9  1 20  257.115 -955.745
 9  1 20  268.012 -964.203
 9  1 18  252.604 -923.027
 8 -1 21  239.867  218.576
 8 -1 22  240.566  219.192
 8 -1 23  242.199  220.636
 8 -1 24  242.894  221.253
 8 -1 25  244.523  222.698
 8 -1 26  245.220  223.315
 9 -1  6  271.364  246.655
 8 -1 23  242.197  220.629
 8 -1 18  254.650  195.164
 8  1 21  235.516 -233.858
 8  1 22  236.170 -234.526
 8  1 23  237.701 -236.083
 8  1 24  238.356 -236.746
 8  1 25  239.892 -238.301
 8  1 26  240.549 -238.966
 8  1 17  234.494 -233.576
 8 -1  2 -1412.37  83.7683
 8 -1 10 -1466.59  88.0484
 8 -1 12 -1480.16  89.1330
 8 -1 15 -1502.88  90.9402
 8 -1 19 -1531.49  93.2154
 8 -1 21 -1546.52  94.4208
 8 -1 23 -1561.56  95.6199
 8 -1 24 -1565.98  95.9727
 8 -1 25 -1576.61  96.8238
 8 -1 26 -1581.04  97.1797
 9 -1  6 -1752.12  111.219
 8 -1 19 -1516.28  106.364
 8 -1 19 -1520.84  111.021
 8 -1 19 -1518.86  113.508
 8 -1 19 -1520.34  111.938
 8 -1 16 -1505.68  94.6363
 8 -1 16 -1505.86  94.6646
 8 -1 16 -1505.43  94.4576
 8 -1 16 -1505.91  94.3575
 8 -1 12 -1480.07  88.4484
 8 -1 12 -1480.27  88.3639
 8 -1 12 -1480.27  88.3639
 9 -1 13  1225.59 -363.340
 9  1 12  1192.28  290.160
 9 -1  3  1465.16  19.9007
 9  1  3  1514.96 -90.6605
 9  1  4  1539.53 -92.6858
 9  1  3  1508.85 -85.6031
 9  1  3  1508.83 -85.6032
 8 -1 26 -452.525  1382.95
 8  1 21 -510.675 -1359.67
 8  1 22 -512.194 -1363.43
 8  1 22 -512.203 -1363.45
 8  1 24 -517.364 -1376.21
 8  1 26 -522.550 -1388.99
 9  1  2 -542.785 -1438.71
 9  1  5 -572.097 -1510.20
 8  1 22 -512.203 -1363.45
 8  1 22 -508.210 -1358.68
 8  1 21 -510.590 -1360.01
 9 -1 14 -199.441 -1112.03
 9 -1 16 -207.823 -1152.73
 9 -1 16 -207.827 -1152.74
 9 -1 16 -207.827 -1152.74
 9 -1 14 -195.151 -1101.09
 9  1 14 -146.437  1159.02
 8 -1  2 -173.440  265.097
 8 -1  3 -174.521  266.818
 8 -1  4 -175.056  267.670
 8 -1  5 -176.137  269.394
 8 -1  6 -176.674  270.249
 8 -1  7 -177.755  271.976
 8 -1  8 -178.288  272.830
 8 -1  9 -179.359  274.551
 8 -1 10 -179.889  275.400
 8 -1 11 -180.960  277.115
 8 -1 12 -181.491  277.961
 8 -1 13 -182.562  279.672
 8 -1 14 -183.089  280.519
 8 -1 15 -184.158  282.230
 8 -1 16 -184.687  283.079
 8 -1 17 -185.758  284.795
 8 -1 18 -186.289  285.643
 8 -1 19 -187.535  287.629
 8 -1 20 -188.066  288.475
 8 -1 21 -189.314  290.458
 8 -1 22 -189.848  291.306
 8 -1 23 -191.096  293.296
 8 -1 24 -191.632  294.145
 8 -1 25 -192.890  296.135
 8 -1 26 -193.428  296.985
 9 -1  1 -197.068  302.731
 9 -1  3 -203.812  313.349
 9 -1  5 -210.555  324.041
 9 -1  7 -217.319  334.756
 9 -1 11 -231.036  356.349
 9 -1 21 -275.255  426.839
 8 -1 23 -192.163  292.388
 8 -1 24 -195.103  292.116
 8 -1 24 -195.077  291.965
 8 -1 25 -205.719  294.938
 8 -1 25 -206.537  298.543
 8 -1 19 -192.361  290.093
 8 -1 15 -182.908  281.228
 8 -1 11 -181.163  277.233
 8 -1  3 -176.476  270.046
 8 -1 12 -187.673  292.959
 8  1  1 -187.362 -264.667
 8  1  2 -187.958 -265.477
 8  1  3 -189.163 -267.110
 8  1  3 -189.167 -267.114
 8  1  4 -189.759 -267.918
 8  1  5 -190.962 -269.554
 8  1  6 -191.556 -270.364
 8  1  7 -192.754 -272.002
 8  1  8 -193.347 -272.814
 8  1  9 -194.551 -274.452
 8  1 10 -195.147 -275.262
 8  1 11 -196.355 -276.898
 8  1 12 -196.954 -277.706
 8  1 13 -198.164 -279.337
 8  1 14 -198.763 -280.144
 8  1 15 -199.973 -281.778
 8  1 16 -200.572 -282.587
 8  1 17 -201.783 -284.224
 8  1 18 -202.384 -285.035
 8  1 19 -203.797 -286.929
 8  1 20 -204.400 -287.737
 8  1 21 -205.811 -289.631
 8  1 22 -206.413 -290.441
 8  1 23 -207.820 -292.340
 8  1 24 -208.421 -293.153
 8  1 25 -209.827 -295.058
 8  1 26 -210.426 -295.871
 9  1  1 -214.471 -301.375
 9  1  3 -221.993 -311.484
 9  1  5 -229.522 -321.594
 9  1  7 -237.010 -331.713
 9  1 10 -248.250 -346.808
 9  1 11 -251.993 -351.826
 9  1 11 -251.995 -351.829
 9  1 20 -295.663 -410.675
 9  1 11 -251.995 -351.829
 8  1 26 -210.104 -295.426
 8  1 26 -209.675 -296.091
 8  1 26 -204.229 -292.277
 8  1 24 -207.686 -294.033
 8  1  6 -191.554 -270.368
 8  1  3 -189.167 -267.114
