 8 -1  2 -1175.28  708.214
 8 -1  4 -1186.13  715.039
 8 -1  6 -1196.97  721.875
 8 -1  8 -1207.83  728.717
 8 -1 10 -1218.68  735.552
 8 -1 12 -1229.53  742.378
 8 -1 14 -1240.39  749.202
 8 -1 16 -1251.25  756.027
 8 -1 18 -1262.11  762.855
 8 -1 20 -1274.13  770.416
 8 -1 26 -1310.19  793.162
 9 -1  6 -1446.67  879.798
 8 -1 26 -1310.48  793.123
 8 -1 12 -1229.93  742.518
 8 -1  4 -1186.23  715.026
 8 -1  4 -1186.90  714.703
 8  1  8 -1205.47 -662.049
 8  1 10 -1216.83 -668.002
 8  1 12 -1228.18 -673.946
 8  1 12 -1228.28 -673.999
 8  1 14 -1239.52 -679.886
 8  1 16 -1250.87 -685.837
 8  1 18 -1262.22 -691.791
 8  1 20 -1274.75 -698.38 
 8  1 22 -1287.29 -704.969
 8  1 22 -1287.35 -705.001
 9  1  2 -1361.13 -743.671
 9  1  6 -1454.74 -792.532
 8  1 22 -1287.35 -705.001
 8  1 12 -1228.28 -673.999
 9 -1  2  14.8454  363.463
 8 -1 22  239.962  218.910
 8 -1 24  242.276  220.946
 8 -1 26  244.582  222.979
 9 -1  6  270.777  245.729
 9 -1  6  270.779  245.731
 9 -1  6  270.779  245.731
 8  1 24  238.363 -235.972
 8  1 26  240.561 -238.221
 8  1 26  240.444 -237.840
 8 -1  2 -1412.56  83.9903
 8 -1 10 -1466.73  88.2607
 8 -1 10 -1466.75  88.2622
 8 -1 12 -1480.26  89.3576
 8 -1 16 -1507.32  91.5784
 8 -1 24 -1565.66  96.3958
 8 -1 26 -1580.61  97.6467
 9 -1  6 -1750.04  112.157
 9 -1  6 -1748.30  112.759
 9 -1  4 -1682 99. 4477.00
 8 -1 10 -1466.75  88.2622
 8 -1 10 -1466.77  88.2640
 8 -1 10 -1466.78  88.2589
 8 -1 10 -1466.78  88.2589
 9  1  4  1540.37 -90.9503
 8 -1 26 -452.965  1384.16
 8  1 22 -511.814 -1362.32
 8  1 24 -516.883 -1375.10
 8  1 26 -521.963 -1387.89
 8  1 26 -521.982 -1387.93
 9  1  2 -541.68 -1437.6 2
 9  1  2 -538.768 -1437.01
 8  1 26 -521.982 -1387.93
 8 -1  4 -175.540  267.237
 8 -1  6 -177.152  269.804
 8 -1  8 -178.767  272.374
 8 -1 10 -180.392  274.94 
 8 -1 12 -182.013  277.501
 8 -1 14 -183.635  280.065
 8 -1 16 -185.265  282.625
 8 -1 18 -186.904  285.183
 8 -1 20 -188.723  288.020
 8 -1 22 -190.535  290.852
 8 -1 24 -192.344  293.679
 8 -1 26 -194.150  296.504
 8 -1 26 -194.136  296.510
 8 -1 22 -190.142  290.618
 8 -1 10 -179.828  274.174
 8  1  2 -187.771 -265.237
 8  1  4 -189.568 -267.688
 8  1  6 -191.359 -270.144
 8  1  8 -193.147 -272.604
 8  1 10 -194.937 -275.065
 8  1 12 -196.724 -277.528
 8  1 14 -198.513 -279.988
 8  1 16 -200.314 -282.431
 8  1 18 -202.124 -284.865
 8  1 20 -204.122 -287.555
 8  1 22 -206.117 -290.248
 8  1 24 -208.112 -292.931
 8  1 26 -210.112 -295.614
 8  1 10 -196.513 -302.543
