305139716 BPix_BmI_SEC4_LYR3_LDR11F_MOD4 "-26.69,0 -20.21,0 -20.21,1 -26.69,1"
305139720 BPix_BmI_SEC4_LYR3_LDR11F_MOD3 "-19.99,0 -13.51,0 -13.51,1 -19.99,1"
305139724 BPix_BmI_SEC4_LYR3_LDR11F_MOD2 "-13.29,0 -6.81,0 -6.81,1 -13.29,1"
305139728 BPix_BmI_SEC4_LYR3_LDR11F_MOD1 "-6.59,0 -0.11,0 -0.11,1 -6.59,1"
305139732 BPix_BpI_SEC4_LYR3_LDR11F_MOD1 "0.11,0 6.59,0 6.59,1 0.11,1"
305139736 BPix_BpI_SEC4_LYR3_LDR11F_MOD2 "6.81,0 13.29,0 13.29,1 6.81,1"
305139740 BPix_BpI_SEC4_LYR3_LDR11F_MOD3 "13.51,0 19.99,0 19.99,1 13.51,1"
305139744 BPix_BpI_SEC4_LYR3_LDR11F_MOD4 "20.21,0 26.69,0 26.69,1 20.21,1"
305143812 BPix_BmI_SEC4_LYR3_LDR10F_MOD4 "-26.69,1 -20.21,1 -20.21,2 -26.69,2"
305143816 BPix_BmI_SEC4_LYR3_LDR10F_MOD3 "-19.99,1 -13.51,1 -13.51,2 -19.99,2"
305143820 BPix_BmI_SEC4_LYR3_LDR10F_MOD2 "-13.29,1 -6.81,1 -6.81,2 -13.29,2"
305143824 BPix_BmI_SEC4_LYR3_LDR10F_MOD1 "-6.59,1 -0.11,1 -0.11,2 -6.59,2"
305143828 BPix_BpI_SEC4_LYR3_LDR10F_MOD1 "0.11,1 6.59,1 6.59,2 0.11,2"
305143832 BPix_BpI_SEC4_LYR3_LDR10F_MOD2 "6.81,1 13.29,1 13.29,2 6.81,2"
305143836 BPix_BpI_SEC4_LYR3_LDR10F_MOD3 "13.51,1 19.99,1 19.99,2 13.51,2"
305143840 BPix_BpI_SEC4_LYR3_LDR10F_MOD4 "20.21,1 26.69,1 26.69,2 20.21,2"
305147908 BPix_BmI_SEC4_LYR3_LDR9F_MOD4 "-26.69,2 -20.21,2 -20.21,3 -26.69,3"
305147912 BPix_BmI_SEC4_LYR3_LDR9F_MOD3 "-19.99,2 -13.51,2 -13.51,3 -19.99,3"
305147916 BPix_BmI_SEC4_LYR3_LDR9F_MOD2 "-13.29,2 -6.81,2 -6.81,3 -13.29,3"
305147920 BPix_BmI_SEC4_LYR3_LDR9F_MOD1 "-6.59,2 -0.11,2 -0.11,3 -6.59,3"
305147924 BPix_BpI_SEC4_LYR3_LDR9F_MOD1 "0.11,2 6.59,2 6.59,3 0.11,3"
305147928 BPix_BpI_SEC4_LYR3_LDR9F_MOD2 "6.81,2 13.29,2 13.29,3 6.81,3"
305147932 BPix_BpI_SEC4_LYR3_LDR9F_MOD3 "13.51,2 19.99,2 19.99,3 13.51,3"
305147936 BPix_BpI_SEC4_LYR3_LDR9F_MOD4 "20.21,2 26.69,2 26.69,3 20.21,3"
305152004 BPix_BmI_SEC3_LYR3_LDR8F_MOD4 "-26.69,3 -20.21,3 -20.21,4 -26.69,4"
305152008 BPix_BmI_SEC3_LYR3_LDR8F_MOD3 "-19.99,3 -13.51,3 -13.51,4 -19.99,4"
305152012 BPix_BmI_SEC3_LYR3_LDR8F_MOD2 "-13.29,3 -6.81,3 -6.81,4 -13.29,4"
305152016 BPix_BmI_SEC3_LYR3_LDR8F_MOD1 "-6.59,3 -0.11,3 -0.11,4 -6.59,4"
305152020 BPix_BpI_SEC3_LYR3_LDR8F_MOD1 "0.11,3 6.59,3 6.59,4 0.11,4"
305152024 BPix_BpI_SEC3_LYR3_LDR8F_MOD2 "6.81,3 13.29,3 13.29,4 6.81,4"
305152028 BPix_BpI_SEC3_LYR3_LDR8F_MOD3 "13.51,3 19.99,3 19.99,4 13.51,4"
305152032 BPix_BpI_SEC3_LYR3_LDR8F_MOD4 "20.21,3 26.69,3 26.69,4 20.21,4"
305156100 BPix_BmI_SEC3_LYR3_LDR7F_MOD4 "-26.69,4 -20.21,4 -20.21,5 -26.69,5"
305156104 BPix_BmI_SEC3_LYR3_LDR7F_MOD3 "-19.99,4 -13.51,4 -13.51,5 -19.99,5"
305156108 BPix_BmI_SEC3_LYR3_LDR7F_MOD2 "-13.29,4 -6.81,4 -6.81,5 -13.29,5"
305156112 BPix_BmI_SEC3_LYR3_LDR7F_MOD1 "-6.59,4 -0.11,4 -0.11,5 -6.59,5"
305156116 BPix_BpI_SEC3_LYR3_LDR7F_MOD1 "0.11,4 6.59,4 6.59,5 0.11,5"
305156120 BPix_BpI_SEC3_LYR3_LDR7F_MOD2 "6.81,4 13.29,4 13.29,5 6.81,5"
305156124 BPix_BpI_SEC3_LYR3_LDR7F_MOD3 "13.51,4 19.99,4 19.99,5 13.51,5"
305156128 BPix_BpI_SEC3_LYR3_LDR7F_MOD4 "20.21,4 26.69,4 26.69,5 20.21,5"
305160196 BPix_BmI_SEC3_LYR3_LDR6F_MOD4 "-26.69,5 -20.21,5 -20.21,6 -26.69,6"
305160200 BPix_BmI_SEC3_LYR3_LDR6F_MOD3 "-19.99,5 -13.51,5 -13.51,6 -19.99,6"
305160204 BPix_BmI_SEC3_LYR3_LDR6F_MOD2 "-13.29,5 -6.81,5 -6.81,6 -13.29,6"
305160208 BPix_BmI_SEC3_LYR3_LDR6F_MOD1 "-6.59,5 -0.11,5 -0.11,6 -6.59,6"
305160212 BPix_BpI_SEC3_LYR3_LDR6F_MOD1 "0.11,5 6.59,5 6.59,6 0.11,6"
305160216 BPix_BpI_SEC3_LYR3_LDR6F_MOD2 "6.81,5 13.29,5 13.29,6 6.81,6"
305160220 BPix_BpI_SEC3_LYR3_LDR6F_MOD3 "13.51,5 19.99,5 19.99,6 13.51,6"
305160224 BPix_BpI_SEC3_LYR3_LDR6F_MOD4 "20.21,5 26.69,5 26.69,6 20.21,6"
305164292 BPix_BmI_SEC2_LYR3_LDR5F_MOD4 "-26.69,6 -20.21,6 -20.21,7 -26.69,7"
305164296 BPix_BmI_SEC2_LYR3_LDR5F_MOD3 "-19.99,6 -13.51,6 -13.51,7 -19.99,7"
305164300 BPix_BmI_SEC2_LYR3_LDR5F_MOD2 "-13.29,6 -6.81,6 -6.81,7 -13.29,7"
305164304 BPix_BmI_SEC2_LYR3_LDR5F_MOD1 "-6.59,6 -0.11,6 -0.11,7 -6.59,7"
305164308 BPix_BpI_SEC2_LYR3_LDR5F_MOD1 "0.11,6 6.59,6 6.59,7 0.11,7"
305164312 BPix_BpI_SEC2_LYR3_LDR5F_MOD2 "6.81,6 13.29,6 13.29,7 6.81,7"
305164316 BPix_BpI_SEC2_LYR3_LDR5F_MOD3 "13.51,6 19.99,6 19.99,7 13.51,7"
305164320 BPix_BpI_SEC2_LYR3_LDR5F_MOD4 "20.21,6 26.69,6 26.69,7 20.21,7"
305168388 BPix_BmI_SEC2_LYR3_LDR4F_MOD4 "-26.69,7 -20.21,7 -20.21,8 -26.69,8"
305168392 BPix_BmI_SEC2_LYR3_LDR4F_MOD3 "-19.99,7 -13.51,7 -13.51,8 -19.99,8"
305168396 BPix_BmI_SEC2_LYR3_LDR4F_MOD2 "-13.29,7 -6.81,7 -6.81,8 -13.29,8"
305168400 BPix_BmI_SEC2_LYR3_LDR4F_MOD1 "-6.59,7 -0.11,7 -0.11,8 -6.59,8"
305168404 BPix_BpI_SEC2_LYR3_LDR4F_MOD1 "0.11,7 6.59,7 6.59,8 0.11,8"
305168408 BPix_BpI_SEC2_LYR3_LDR4F_MOD2 "6.81,7 13.29,7 13.29,8 6.81,8"
305168412 BPix_BpI_SEC2_LYR3_LDR4F_MOD3 "13.51,7 19.99,7 19.99,8 13.51,8"
305168416 BPix_BpI_SEC2_LYR3_LDR4F_MOD4 "20.21,7 26.69,7 26.69,8 20.21,8"
305172484 BPix_BmI_SEC2_LYR3_LDR3F_MOD4 "-26.69,8 -20.21,8 -20.21,9 -26.69,9"
305172488 BPix_BmI_SEC2_LYR3_LDR3F_MOD3 "-19.99,8 -13.51,8 -13.51,9 -19.99,9"
305172492 BPix_BmI_SEC2_LYR3_LDR3F_MOD2 "-13.29,8 -6.81,8 -6.81,9 -13.29,9"
305172496 BPix_BmI_SEC2_LYR3_LDR3F_MOD1 "-6.59,8 -0.11,8 -0.11,9 -6.59,9"
305172500 BPix_BpI_SEC2_LYR3_LDR3F_MOD1 "0.11,8 6.59,8 6.59,9 0.11,9"
305172504 BPix_BpI_SEC2_LYR3_LDR3F_MOD2 "6.81,8 13.29,8 13.29,9 6.81,9"
305172508 BPix_BpI_SEC2_LYR3_LDR3F_MOD3 "13.51,8 19.99,8 19.99,9 13.51,9"
305172512 BPix_BpI_SEC2_LYR3_LDR3F_MOD4 "20.21,8 26.69,8 26.69,9 20.21,9"
305176580 BPix_BmI_SEC1_LYR3_LDR2F_MOD4 "-26.69,9 -20.21,9 -20.21,10 -26.69,10"
305176584 BPix_BmI_SEC1_LYR3_LDR2F_MOD3 "-19.99,9 -13.51,9 -13.51,10 -19.99,10"
305176588 BPix_BmI_SEC1_LYR3_LDR2F_MOD2 "-13.29,9 -6.81,9 -6.81,10 -13.29,10"
305176592 BPix_BmI_SEC1_LYR3_LDR2F_MOD1 "-6.59,9 -0.11,9 -0.11,10 -6.59,10"
305176596 BPix_BpI_SEC1_LYR3_LDR2F_MOD1 "0.11,9 6.59,9 6.59,10 0.11,10"
305176600 BPix_BpI_SEC1_LYR3_LDR2F_MOD2 "6.81,9 13.29,9 13.29,10 6.81,10"
305176604 BPix_BpI_SEC1_LYR3_LDR2F_MOD3 "13.51,9 19.99,9 19.99,10 13.51,10"
305176608 BPix_BpI_SEC1_LYR3_LDR2F_MOD4 "20.21,9 26.69,9 26.69,10 20.21,10"
305180676 BPix_BmI_SEC1_LYR3_LDR1F_MOD4 "-26.69,10 -20.21,10 -20.21,11 -26.69,11"
305180680 BPix_BmI_SEC1_LYR3_LDR1F_MOD3 "-19.99,10 -13.51,10 -13.51,11 -19.99,11"
305180684 BPix_BmI_SEC1_LYR3_LDR1F_MOD2 "-13.29,10 -6.81,10 -6.81,11 -13.29,11"
305180688 BPix_BmI_SEC1_LYR3_LDR1F_MOD1 "-6.59,10 -0.11,10 -0.11,11 -6.59,11"
305180692 BPix_BpI_SEC1_LYR3_LDR1F_MOD1 "0.11,10 6.59,10 6.59,11 0.11,11"
305180696 BPix_BpI_SEC1_LYR3_LDR1F_MOD2 "6.81,10 13.29,10 13.29,11 6.81,11"
305180700 BPix_BpI_SEC1_LYR3_LDR1F_MOD3 "13.51,10 19.99,10 19.99,11 13.51,11"
305180704 BPix_BpI_SEC1_LYR3_LDR1F_MOD4 "20.21,10 26.69,10 26.69,11 20.21,11"
305184772 BPix_BmO_SEC1_LYR3_LDR1F_MOD4 "-26.69,11 -20.21,11 -20.21,12 -26.69,12"
305184776 BPix_BmO_SEC1_LYR3_LDR1F_MOD3 "-19.99,11 -13.51,11 -13.51,12 -19.99,12"
305184780 BPix_BmO_SEC1_LYR3_LDR1F_MOD2 "-13.29,11 -6.81,11 -6.81,12 -13.29,12"
305184784 BPix_BmO_SEC1_LYR3_LDR1F_MOD1 "-6.59,11 -0.11,11 -0.11,12 -6.59,12"
305184788 BPix_BpO_SEC1_LYR3_LDR1F_MOD1 "0.11,11 6.59,11 6.59,12 0.11,12"
305184792 BPix_BpO_SEC1_LYR3_LDR1F_MOD2 "6.81,11 13.29,11 13.29,12 6.81,12"
305184796 BPix_BpO_SEC1_LYR3_LDR1F_MOD3 "13.51,11 19.99,11 19.99,12 13.51,12"
305184800 BPix_BpO_SEC1_LYR3_LDR1F_MOD4 "20.21,11 26.69,11 26.69,12 20.21,12"
305188868 BPix_BmO_SEC1_LYR3_LDR2F_MOD4 "-26.69,12 -20.21,12 -20.21,13 -26.69,13"
305188872 BPix_BmO_SEC1_LYR3_LDR2F_MOD3 "-19.99,12 -13.51,12 -13.51,13 -19.99,13"
305188876 BPix_BmO_SEC1_LYR3_LDR2F_MOD2 "-13.29,12 -6.81,12 -6.81,13 -13.29,13"
305188880 BPix_BmO_SEC1_LYR3_LDR2F_MOD1 "-6.59,12 -0.11,12 -0.11,13 -6.59,13"
305188884 BPix_BpO_SEC1_LYR3_LDR2F_MOD1 "0.11,12 6.59,12 6.59,13 0.11,13"
305188888 BPix_BpO_SEC1_LYR3_LDR2F_MOD2 "6.81,12 13.29,12 13.29,13 6.81,13"
305188892 BPix_BpO_SEC1_LYR3_LDR2F_MOD3 "13.51,12 19.99,12 19.99,13 13.51,13"
305188896 BPix_BpO_SEC1_LYR3_LDR2F_MOD4 "20.21,12 26.69,12 26.69,13 20.21,13"
305192964 BPix_BmO_SEC2_LYR3_LDR3F_MOD4 "-26.69,13 -20.21,13 -20.21,14 -26.69,14"
305192968 BPix_BmO_SEC2_LYR3_LDR3F_MOD3 "-19.99,13 -13.51,13 -13.51,14 -19.99,14"
305192972 BPix_BmO_SEC2_LYR3_LDR3F_MOD2 "-13.29,13 -6.81,13 -6.81,14 -13.29,14"
305192976 BPix_BmO_SEC2_LYR3_LDR3F_MOD1 "-6.59,13 -0.11,13 -0.11,14 -6.59,14"
305192980 BPix_BpO_SEC2_LYR3_LDR3F_MOD1 "0.11,13 6.59,13 6.59,14 0.11,14"
305192984 BPix_BpO_SEC2_LYR3_LDR3F_MOD2 "6.81,13 13.29,13 13.29,14 6.81,14"
305192988 BPix_BpO_SEC2_LYR3_LDR3F_MOD3 "13.51,13 19.99,13 19.99,14 13.51,14"
305192992 BPix_BpO_SEC2_LYR3_LDR3F_MOD4 "20.21,13 26.69,13 26.69,14 20.21,14"
305197060 BPix_BmO_SEC2_LYR3_LDR4F_MOD4 "-26.69,14 -20.21,14 -20.21,15 -26.69,15"
305197064 BPix_BmO_SEC2_LYR3_LDR4F_MOD3 "-19.99,14 -13.51,14 -13.51,15 -19.99,15"
305197068 BPix_BmO_SEC2_LYR3_LDR4F_MOD2 "-13.29,14 -6.81,14 -6.81,15 -13.29,15"
305197072 BPix_BmO_SEC2_LYR3_LDR4F_MOD1 "-6.59,14 -0.11,14 -0.11,15 -6.59,15"
305197076 BPix_BpO_SEC2_LYR3_LDR4F_MOD1 "0.11,14 6.59,14 6.59,15 0.11,15"
305197080 BPix_BpO_SEC2_LYR3_LDR4F_MOD2 "6.81,14 13.29,14 13.29,15 6.81,15"
305197084 BPix_BpO_SEC2_LYR3_LDR4F_MOD3 "13.51,14 19.99,14 19.99,15 13.51,15"
305197088 BPix_BpO_SEC2_LYR3_LDR4F_MOD4 "20.21,14 26.69,14 26.69,15 20.21,15"
305201156 BPix_BmO_SEC2_LYR3_LDR5F_MOD4 "-26.69,15 -20.21,15 -20.21,16 -26.69,16"
305201160 BPix_BmO_SEC2_LYR3_LDR5F_MOD3 "-19.99,15 -13.51,15 -13.51,16 -19.99,16"
305201164 BPix_BmO_SEC2_LYR3_LDR5F_MOD2 "-13.29,15 -6.81,15 -6.81,16 -13.29,16"
305201168 BPix_BmO_SEC2_LYR3_LDR5F_MOD1 "-6.59,15 -0.11,15 -0.11,16 -6.59,16"
305201172 BPix_BpO_SEC2_LYR3_LDR5F_MOD1 "0.11,15 6.59,15 6.59,16 0.11,16"
305201176 BPix_BpO_SEC2_LYR3_LDR5F_MOD2 "6.81,15 13.29,15 13.29,16 6.81,16"
305201180 BPix_BpO_SEC2_LYR3_LDR5F_MOD3 "13.51,15 19.99,15 19.99,16 13.51,16"
305201184 BPix_BpO_SEC2_LYR3_LDR5F_MOD4 "20.21,15 26.69,15 26.69,16 20.21,16"
305205252 BPix_BmO_SEC3_LYR3_LDR6F_MOD4 "-26.69,16 -20.21,16 -20.21,17 -26.69,17"
305205256 BPix_BmO_SEC3_LYR3_LDR6F_MOD3 "-19.99,16 -13.51,16 -13.51,17 -19.99,17"
305205260 BPix_BmO_SEC3_LYR3_LDR6F_MOD2 "-13.29,16 -6.81,16 -6.81,17 -13.29,17"
305205264 BPix_BmO_SEC3_LYR3_LDR6F_MOD1 "-6.59,16 -0.11,16 -0.11,17 -6.59,17"
305205268 BPix_BpO_SEC3_LYR3_LDR6F_MOD1 "0.11,16 6.59,16 6.59,17 0.11,17"
305205272 BPix_BpO_SEC3_LYR3_LDR6F_MOD2 "6.81,16 13.29,16 13.29,17 6.81,17"
305205276 BPix_BpO_SEC3_LYR3_LDR6F_MOD3 "13.51,16 19.99,16 19.99,17 13.51,17"
305205280 BPix_BpO_SEC3_LYR3_LDR6F_MOD4 "20.21,16 26.69,16 26.69,17 20.21,17"
305209348 BPix_BmO_SEC3_LYR3_LDR7F_MOD4 "-26.69,17 -20.21,17 -20.21,18 -26.69,18"
305209352 BPix_BmO_SEC3_LYR3_LDR7F_MOD3 "-19.99,17 -13.51,17 -13.51,18 -19.99,18"
305209356 BPix_BmO_SEC3_LYR3_LDR7F_MOD2 "-13.29,17 -6.81,17 -6.81,18 -13.29,18"
305209360 BPix_BmO_SEC3_LYR3_LDR7F_MOD1 "-6.59,17 -0.11,17 -0.11,18 -6.59,18"
305209364 BPix_BpO_SEC3_LYR3_LDR7F_MOD1 "0.11,17 6.59,17 6.59,18 0.11,18"
305209368 BPix_BpO_SEC3_LYR3_LDR7F_MOD2 "6.81,17 13.29,17 13.29,18 6.81,18"
305209372 BPix_BpO_SEC3_LYR3_LDR7F_MOD3 "13.51,17 19.99,17 19.99,18 13.51,18"
305209376 BPix_BpO_SEC3_LYR3_LDR7F_MOD4 "20.21,17 26.69,17 26.69,18 20.21,18"
305213444 BPix_BmO_SEC3_LYR3_LDR8F_MOD4 "-26.69,18 -20.21,18 -20.21,19 -26.69,19"
305213448 BPix_BmO_SEC3_LYR3_LDR8F_MOD3 "-19.99,18 -13.51,18 -13.51,19 -19.99,19"
305213452 BPix_BmO_SEC3_LYR3_LDR8F_MOD2 "-13.29,18 -6.81,18 -6.81,19 -13.29,19"
305213456 BPix_BmO_SEC3_LYR3_LDR8F_MOD1 "-6.59,18 -0.11,18 -0.11,19 -6.59,19"
305213460 BPix_BpO_SEC3_LYR3_LDR8F_MOD1 "0.11,18 6.59,18 6.59,19 0.11,19"
305213464 BPix_BpO_SEC3_LYR3_LDR8F_MOD2 "6.81,18 13.29,18 13.29,19 6.81,19"
305213468 BPix_BpO_SEC3_LYR3_LDR8F_MOD3 "13.51,18 19.99,18 19.99,19 13.51,19"
305213472 BPix_BpO_SEC3_LYR3_LDR8F_MOD4 "20.21,18 26.69,18 26.69,19 20.21,19"
305217540 BPix_BmO_SEC4_LYR3_LDR9F_MOD4 "-26.69,19 -20.21,19 -20.21,20 -26.69,20"
305217544 BPix_BmO_SEC4_LYR3_LDR9F_MOD3 "-19.99,19 -13.51,19 -13.51,20 -19.99,20"
305217548 BPix_BmO_SEC4_LYR3_LDR9F_MOD2 "-13.29,19 -6.81,19 -6.81,20 -13.29,20"
305217552 BPix_BmO_SEC4_LYR3_LDR9F_MOD1 "-6.59,19 -0.11,19 -0.11,20 -6.59,20"
305217556 BPix_BpO_SEC4_LYR3_LDR9F_MOD1 "0.11,19 6.59,19 6.59,20 0.11,20"
305217560 BPix_BpO_SEC4_LYR3_LDR9F_MOD2 "6.81,19 13.29,19 13.29,20 6.81,20"
305217564 BPix_BpO_SEC4_LYR3_LDR9F_MOD3 "13.51,19 19.99,19 19.99,20 13.51,20"
305217568 BPix_BpO_SEC4_LYR3_LDR9F_MOD4 "20.21,19 26.69,19 26.69,20 20.21,20"
305221636 BPix_BmO_SEC4_LYR3_LDR10F_MOD4 "-26.69,20 -20.21,20 -20.21,21 -26.69,21"
305221640 BPix_BmO_SEC4_LYR3_LDR10F_MOD3 "-19.99,20 -13.51,20 -13.51,21 -19.99,21"
305221644 BPix_BmO_SEC4_LYR3_LDR10F_MOD2 "-13.29,20 -6.81,20 -6.81,21 -13.29,21"
305221648 BPix_BmO_SEC4_LYR3_LDR10F_MOD1 "-6.59,20 -0.11,20 -0.11,21 -6.59,21"
305221652 BPix_BpO_SEC4_LYR3_LDR10F_MOD1 "0.11,20 6.59,20 6.59,21 0.11,21"
305221656 BPix_BpO_SEC4_LYR3_LDR10F_MOD2 "6.81,20 13.29,20 13.29,21 6.81,21"
305221660 BPix_BpO_SEC4_LYR3_LDR10F_MOD3 "13.51,20 19.99,20 19.99,21 13.51,21"
305221664 BPix_BpO_SEC4_LYR3_LDR10F_MOD4 "20.21,20 26.69,20 26.69,21 20.21,21"
305225732 BPix_BmO_SEC4_LYR3_LDR11F_MOD4 "-26.69,21 -20.21,21 -20.21,22 -26.69,22"
305225736 BPix_BmO_SEC4_LYR3_LDR11F_MOD3 "-19.99,21 -13.51,21 -13.51,22 -19.99,22"
305225740 BPix_BmO_SEC4_LYR3_LDR11F_MOD2 "-13.29,21 -6.81,21 -6.81,22 -13.29,22"
305225744 BPix_BmO_SEC4_LYR3_LDR11F_MOD1 "-6.59,21 -0.11,21 -0.11,22 -6.59,22"
305225748 BPix_BpO_SEC4_LYR3_LDR11F_MOD1 "0.11,21 6.59,21 6.59,22 0.11,22"
305225752 BPix_BpO_SEC4_LYR3_LDR11F_MOD2 "6.81,21 13.29,21 13.29,22 6.81,22"
305225756 BPix_BpO_SEC4_LYR3_LDR11F_MOD3 "13.51,21 19.99,21 19.99,22 13.51,22"
305225760 BPix_BpO_SEC4_LYR3_LDR11F_MOD4 "20.21,21 26.69,21 26.69,22 20.21,22"
305229828 BPix_BmO_SEC5_LYR3_LDR12F_MOD4 "-26.69,22 -20.21,22 -20.21,23 -26.69,23"
305229832 BPix_BmO_SEC5_LYR3_LDR12F_MOD3 "-19.99,22 -13.51,22 -13.51,23 -19.99,23"
305229836 BPix_BmO_SEC5_LYR3_LDR12F_MOD2 "-13.29,22 -6.81,22 -6.81,23 -13.29,23"
305229840 BPix_BmO_SEC5_LYR3_LDR12F_MOD1 "-6.59,22 -0.11,22 -0.11,23 -6.59,23"
305229844 BPix_BpO_SEC5_LYR3_LDR12F_MOD1 "0.11,22 6.59,22 6.59,23 0.11,23"
305229848 BPix_BpO_SEC5_LYR3_LDR12F_MOD2 "6.81,22 13.29,22 13.29,23 6.81,23"
305229852 BPix_BpO_SEC5_LYR3_LDR12F_MOD3 "13.51,22 19.99,22 19.99,23 13.51,23"
305229856 BPix_BpO_SEC5_LYR3_LDR12F_MOD4 "20.21,22 26.69,22 26.69,23 20.21,23"
305233924 BPix_BmO_SEC5_LYR3_LDR13F_MOD4 "-26.69,23 -20.21,23 -20.21,24 -26.69,24"
305233928 BPix_BmO_SEC5_LYR3_LDR13F_MOD3 "-19.99,23 -13.51,23 -13.51,24 -19.99,24"
305233932 BPix_BmO_SEC5_LYR3_LDR13F_MOD2 "-13.29,23 -6.81,23 -6.81,24 -13.29,24"
305233936 BPix_BmO_SEC5_LYR3_LDR13F_MOD1 "-6.59,23 -0.11,23 -0.11,24 -6.59,24"
305233940 BPix_BpO_SEC5_LYR3_LDR13F_MOD1 "0.11,23 6.59,23 6.59,24 0.11,24"
305233944 BPix_BpO_SEC5_LYR3_LDR13F_MOD2 "6.81,23 13.29,23 13.29,24 6.81,24"
305233948 BPix_BpO_SEC5_LYR3_LDR13F_MOD3 "13.51,23 19.99,23 19.99,24 13.51,24"
305233952 BPix_BpO_SEC5_LYR3_LDR13F_MOD4 "20.21,23 26.69,23 26.69,24 20.21,24"
305238020 BPix_BmO_SEC5_LYR3_LDR14F_MOD4 "-26.69,24 -20.21,24 -20.21,25 -26.69,25"
305238024 BPix_BmO_SEC5_LYR3_LDR14F_MOD3 "-19.99,24 -13.51,24 -13.51,25 -19.99,25"
305238028 BPix_BmO_SEC5_LYR3_LDR14F_MOD2 "-13.29,24 -6.81,24 -6.81,25 -13.29,25"
305238032 BPix_BmO_SEC5_LYR3_LDR14F_MOD1 "-6.59,24 -0.11,24 -0.11,25 -6.59,25"
305238036 BPix_BpO_SEC5_LYR3_LDR14F_MOD1 "0.11,24 6.59,24 6.59,25 0.11,25"
305238040 BPix_BpO_SEC5_LYR3_LDR14F_MOD2 "6.81,24 13.29,24 13.29,25 6.81,25"
305238044 BPix_BpO_SEC5_LYR3_LDR14F_MOD3 "13.51,24 19.99,24 19.99,25 13.51,25"
305238048 BPix_BpO_SEC5_LYR3_LDR14F_MOD4 "20.21,24 26.69,24 26.69,25 20.21,25"
305242116 BPix_BmO_SEC6_LYR3_LDR15F_MOD4 "-26.69,25 -20.21,25 -20.21,26 -26.69,26"
305242120 BPix_BmO_SEC6_LYR3_LDR15F_MOD3 "-19.99,25 -13.51,25 -13.51,26 -19.99,26"
305242124 BPix_BmO_SEC6_LYR3_LDR15F_MOD2 "-13.29,25 -6.81,25 -6.81,26 -13.29,26"
305242128 BPix_BmO_SEC6_LYR3_LDR15F_MOD1 "-6.59,25 -0.11,25 -0.11,26 -6.59,26"
305242132 BPix_BpO_SEC6_LYR3_LDR15F_MOD1 "0.11,25 6.59,25 6.59,26 0.11,26"
305242136 BPix_BpO_SEC6_LYR3_LDR15F_MOD2 "6.81,25 13.29,25 13.29,26 6.81,26"
305242140 BPix_BpO_SEC6_LYR3_LDR15F_MOD3 "13.51,25 19.99,25 19.99,26 13.51,26"
305242144 BPix_BpO_SEC6_LYR3_LDR15F_MOD4 "20.21,25 26.69,25 26.69,26 20.21,26"
305246212 BPix_BmO_SEC6_LYR3_LDR16F_MOD4 "-26.69,26 -20.21,26 -20.21,27 -26.69,27"
305246216 BPix_BmO_SEC6_LYR3_LDR16F_MOD3 "-19.99,26 -13.51,26 -13.51,27 -19.99,27"
305246220 BPix_BmO_SEC6_LYR3_LDR16F_MOD2 "-13.29,26 -6.81,26 -6.81,27 -13.29,27"
305246224 BPix_BmO_SEC6_LYR3_LDR16F_MOD1 "-6.59,26 -0.11,26 -0.11,27 -6.59,27"
305246228 BPix_BpO_SEC6_LYR3_LDR16F_MOD1 "0.11,26 6.59,26 6.59,27 0.11,27"
305246232 BPix_BpO_SEC6_LYR3_LDR16F_MOD2 "6.81,26 13.29,26 13.29,27 6.81,27"
305246236 BPix_BpO_SEC6_LYR3_LDR16F_MOD3 "13.51,26 19.99,26 19.99,27 13.51,27"
305246240 BPix_BpO_SEC6_LYR3_LDR16F_MOD4 "20.21,26 26.69,26 26.69,27 20.21,27"
305250308 BPix_BmO_SEC6_LYR3_LDR17F_MOD4 "-26.69,27 -20.21,27 -20.21,28 -26.69,28"
305250312 BPix_BmO_SEC6_LYR3_LDR17F_MOD3 "-19.99,27 -13.51,27 -13.51,28 -19.99,28"
305250316 BPix_BmO_SEC6_LYR3_LDR17F_MOD2 "-13.29,27 -6.81,27 -6.81,28 -13.29,28"
305250320 BPix_BmO_SEC6_LYR3_LDR17F_MOD1 "-6.59,27 -0.11,27 -0.11,28 -6.59,28"
305250324 BPix_BpO_SEC6_LYR3_LDR17F_MOD1 "0.11,27 6.59,27 6.59,28 0.11,28"
305250328 BPix_BpO_SEC6_LYR3_LDR17F_MOD2 "6.81,27 13.29,27 13.29,28 6.81,28"
305250332 BPix_BpO_SEC6_LYR3_LDR17F_MOD3 "13.51,27 19.99,27 19.99,28 13.51,28"
305250336 BPix_BpO_SEC6_LYR3_LDR17F_MOD4 "20.21,27 26.69,27 26.69,28 20.21,28"
305254404 BPix_BmO_SEC7_LYR3_LDR18F_MOD4 "-26.69,28 -20.21,28 -20.21,29 -26.69,29"
305254408 BPix_BmO_SEC7_LYR3_LDR18F_MOD3 "-19.99,28 -13.51,28 -13.51,29 -19.99,29"
305254412 BPix_BmO_SEC7_LYR3_LDR18F_MOD2 "-13.29,28 -6.81,28 -6.81,29 -13.29,29"
305254416 BPix_BmO_SEC7_LYR3_LDR18F_MOD1 "-6.59,28 -0.11,28 -0.11,29 -6.59,29"
305254420 BPix_BpO_SEC7_LYR3_LDR18F_MOD1 "0.11,28 6.59,28 6.59,29 0.11,29"
305254424 BPix_BpO_SEC7_LYR3_LDR18F_MOD2 "6.81,28 13.29,28 13.29,29 6.81,29"
305254428 BPix_BpO_SEC7_LYR3_LDR18F_MOD3 "13.51,28 19.99,28 19.99,29 13.51,29"
305254432 BPix_BpO_SEC7_LYR3_LDR18F_MOD4 "20.21,28 26.69,28 26.69,29 20.21,29"
305258500 BPix_BmO_SEC7_LYR3_LDR19F_MOD4 "-26.69,29 -20.21,29 -20.21,30 -26.69,30"
305258504 BPix_BmO_SEC7_LYR3_LDR19F_MOD3 "-19.99,29 -13.51,29 -13.51,30 -19.99,30"
305258508 BPix_BmO_SEC7_LYR3_LDR19F_MOD2 "-13.29,29 -6.81,29 -6.81,30 -13.29,30"
305258512 BPix_BmO_SEC7_LYR3_LDR19F_MOD1 "-6.59,29 -0.11,29 -0.11,30 -6.59,30"
305258516 BPix_BpO_SEC7_LYR3_LDR19F_MOD1 "0.11,29 6.59,29 6.59,30 0.11,30"
305258520 BPix_BpO_SEC7_LYR3_LDR19F_MOD2 "6.81,29 13.29,29 13.29,30 6.81,30"
305258524 BPix_BpO_SEC7_LYR3_LDR19F_MOD3 "13.51,29 19.99,29 19.99,30 13.51,30"
305258528 BPix_BpO_SEC7_LYR3_LDR19F_MOD4 "20.21,29 26.69,29 26.69,30 20.21,30"
305262596 BPix_BmO_SEC7_LYR3_LDR20F_MOD4 "-26.69,30 -20.21,30 -20.21,31 -26.69,31"
305262600 BPix_BmO_SEC7_LYR3_LDR20F_MOD3 "-19.99,30 -13.51,30 -13.51,31 -19.99,31"
305262604 BPix_BmO_SEC7_LYR3_LDR20F_MOD2 "-13.29,30 -6.81,30 -6.81,31 -13.29,31"
305262608 BPix_BmO_SEC7_LYR3_LDR20F_MOD1 "-6.59,30 -0.11,30 -0.11,31 -6.59,31"
305262612 BPix_BpO_SEC7_LYR3_LDR20F_MOD1 "0.11,30 6.59,30 6.59,31 0.11,31"
305262616 BPix_BpO_SEC7_LYR3_LDR20F_MOD2 "6.81,30 13.29,30 13.29,31 6.81,31"
305262620 BPix_BpO_SEC7_LYR3_LDR20F_MOD3 "13.51,30 19.99,30 19.99,31 13.51,31"
305262624 BPix_BpO_SEC7_LYR3_LDR20F_MOD4 "20.21,30 26.69,30 26.69,31 20.21,31"
305266692 BPix_BmO_SEC8_LYR3_LDR21F_MOD4 "-26.69,31 -20.21,31 -20.21,32 -26.69,32"
305266696 BPix_BmO_SEC8_LYR3_LDR21F_MOD3 "-19.99,31 -13.51,31 -13.51,32 -19.99,32"
305266700 BPix_BmO_SEC8_LYR3_LDR21F_MOD2 "-13.29,31 -6.81,31 -6.81,32 -13.29,32"
305266704 BPix_BmO_SEC8_LYR3_LDR21F_MOD1 "-6.59,31 -0.11,31 -0.11,32 -6.59,32"
305266708 BPix_BpO_SEC8_LYR3_LDR21F_MOD1 "0.11,31 6.59,31 6.59,32 0.11,32"
305266712 BPix_BpO_SEC8_LYR3_LDR21F_MOD2 "6.81,31 13.29,31 13.29,32 6.81,32"
305266716 BPix_BpO_SEC8_LYR3_LDR21F_MOD3 "13.51,31 19.99,31 19.99,32 13.51,32"
305266720 BPix_BpO_SEC8_LYR3_LDR21F_MOD4 "20.21,31 26.69,31 26.69,32 20.21,32"
305270788 BPix_BmO_SEC8_LYR3_LDR22F_MOD4 "-26.69,32 -20.21,32 -20.21,33 -26.69,33"
305270792 BPix_BmO_SEC8_LYR3_LDR22F_MOD3 "-19.99,32 -13.51,32 -13.51,33 -19.99,33"
305270796 BPix_BmO_SEC8_LYR3_LDR22F_MOD2 "-13.29,32 -6.81,32 -6.81,33 -13.29,33"
305270800 BPix_BmO_SEC8_LYR3_LDR22F_MOD1 "-6.59,32 -0.11,32 -0.11,33 -6.59,33"
305270804 BPix_BpO_SEC8_LYR3_LDR22F_MOD1 "0.11,32 6.59,32 6.59,33 0.11,33"
305270808 BPix_BpO_SEC8_LYR3_LDR22F_MOD2 "6.81,32 13.29,32 13.29,33 6.81,33"
305270812 BPix_BpO_SEC8_LYR3_LDR22F_MOD3 "13.51,32 19.99,32 19.99,33 13.51,33"
305270816 BPix_BpO_SEC8_LYR3_LDR22F_MOD4 "20.21,32 26.69,32 26.69,33 20.21,33"
305274884 BPix_BmI_SEC8_LYR3_LDR22F_MOD4 "-26.69,33 -20.21,33 -20.21,34 -26.69,34"
305274888 BPix_BmI_SEC8_LYR3_LDR22F_MOD3 "-19.99,33 -13.51,33 -13.51,34 -19.99,34"
305274892 BPix_BmI_SEC8_LYR3_LDR22F_MOD2 "-13.29,33 -6.81,33 -6.81,34 -13.29,34"
305274896 BPix_BmI_SEC8_LYR3_LDR22F_MOD1 "-6.59,33 -0.11,33 -0.11,34 -6.59,34"
305274900 BPix_BpI_SEC8_LYR3_LDR22F_MOD1 "0.11,33 6.59,33 6.59,34 0.11,34"
305274904 BPix_BpI_SEC8_LYR3_LDR22F_MOD2 "6.81,33 13.29,33 13.29,34 6.81,34"
305274908 BPix_BpI_SEC8_LYR3_LDR22F_MOD3 "13.51,33 19.99,33 19.99,34 13.51,34"
305274912 BPix_BpI_SEC8_LYR3_LDR22F_MOD4 "20.21,33 26.69,33 26.69,34 20.21,34"
305278980 BPix_BmI_SEC8_LYR3_LDR21F_MOD4 "-26.69,34 -20.21,34 -20.21,35 -26.69,35"
305278984 BPix_BmI_SEC8_LYR3_LDR21F_MOD3 "-19.99,34 -13.51,34 -13.51,35 -19.99,35"
305278988 BPix_BmI_SEC8_LYR3_LDR21F_MOD2 "-13.29,34 -6.81,34 -6.81,35 -13.29,35"
305278992 BPix_BmI_SEC8_LYR3_LDR21F_MOD1 "-6.59,34 -0.11,34 -0.11,35 -6.59,35"
305278996 BPix_BpI_SEC8_LYR3_LDR21F_MOD1 "0.11,34 6.59,34 6.59,35 0.11,35"
305279000 BPix_BpI_SEC8_LYR3_LDR21F_MOD2 "6.81,34 13.29,34 13.29,35 6.81,35"
305279004 BPix_BpI_SEC8_LYR3_LDR21F_MOD3 "13.51,34 19.99,34 19.99,35 13.51,35"
305279008 BPix_BpI_SEC8_LYR3_LDR21F_MOD4 "20.21,34 26.69,34 26.69,35 20.21,35"
305283076 BPix_BmI_SEC7_LYR3_LDR20F_MOD4 "-26.69,35 -20.21,35 -20.21,36 -26.69,36"
305283080 BPix_BmI_SEC7_LYR3_LDR20F_MOD3 "-19.99,35 -13.51,35 -13.51,36 -19.99,36"
305283084 BPix_BmI_SEC7_LYR3_LDR20F_MOD2 "-13.29,35 -6.81,35 -6.81,36 -13.29,36"
305283088 BPix_BmI_SEC7_LYR3_LDR20F_MOD1 "-6.59,35 -0.11,35 -0.11,36 -6.59,36"
305283092 BPix_BpI_SEC7_LYR3_LDR20F_MOD1 "0.11,35 6.59,35 6.59,36 0.11,36"
305283096 BPix_BpI_SEC7_LYR3_LDR20F_MOD2 "6.81,35 13.29,35 13.29,36 6.81,36"
305283100 BPix_BpI_SEC7_LYR3_LDR20F_MOD3 "13.51,35 19.99,35 19.99,36 13.51,36"
305283104 BPix_BpI_SEC7_LYR3_LDR20F_MOD4 "20.21,35 26.69,35 26.69,36 20.21,36"
305287172 BPix_BmI_SEC7_LYR3_LDR19F_MOD4 "-26.69,36 -20.21,36 -20.21,37 -26.69,37"
305287176 BPix_BmI_SEC7_LYR3_LDR19F_MOD3 "-19.99,36 -13.51,36 -13.51,37 -19.99,37"
305287180 BPix_BmI_SEC7_LYR3_LDR19F_MOD2 "-13.29,36 -6.81,36 -6.81,37 -13.29,37"
305287184 BPix_BmI_SEC7_LYR3_LDR19F_MOD1 "-6.59,36 -0.11,36 -0.11,37 -6.59,37"
305287188 BPix_BpI_SEC7_LYR3_LDR19F_MOD1 "0.11,36 6.59,36 6.59,37 0.11,37"
305287192 BPix_BpI_SEC7_LYR3_LDR19F_MOD2 "6.81,36 13.29,36 13.29,37 6.81,37"
305287196 BPix_BpI_SEC7_LYR3_LDR19F_MOD3 "13.51,36 19.99,36 19.99,37 13.51,37"
305287200 BPix_BpI_SEC7_LYR3_LDR19F_MOD4 "20.21,36 26.69,36 26.69,37 20.21,37"
305291268 BPix_BmI_SEC7_LYR3_LDR18F_MOD4 "-26.69,37 -20.21,37 -20.21,38 -26.69,38"
305291272 BPix_BmI_SEC7_LYR3_LDR18F_MOD3 "-19.99,37 -13.51,37 -13.51,38 -19.99,38"
305291276 BPix_BmI_SEC7_LYR3_LDR18F_MOD2 "-13.29,37 -6.81,37 -6.81,38 -13.29,38"
305291280 BPix_BmI_SEC7_LYR3_LDR18F_MOD1 "-6.59,37 -0.11,37 -0.11,38 -6.59,38"
305291284 BPix_BpI_SEC7_LYR3_LDR18F_MOD1 "0.11,37 6.59,37 6.59,38 0.11,38"
305291288 BPix_BpI_SEC7_LYR3_LDR18F_MOD2 "6.81,37 13.29,37 13.29,38 6.81,38"
305291292 BPix_BpI_SEC7_LYR3_LDR18F_MOD3 "13.51,37 19.99,37 19.99,38 13.51,38"
305291296 BPix_BpI_SEC7_LYR3_LDR18F_MOD4 "20.21,37 26.69,37 26.69,38 20.21,38"
305295364 BPix_BmI_SEC6_LYR3_LDR17F_MOD4 "-26.69,38 -20.21,38 -20.21,39 -26.69,39"
305295368 BPix_BmI_SEC6_LYR3_LDR17F_MOD3 "-19.99,38 -13.51,38 -13.51,39 -19.99,39"
305295372 BPix_BmI_SEC6_LYR3_LDR17F_MOD2 "-13.29,38 -6.81,38 -6.81,39 -13.29,39"
305295376 BPix_BmI_SEC6_LYR3_LDR17F_MOD1 "-6.59,38 -0.11,38 -0.11,39 -6.59,39"
305295380 BPix_BpI_SEC6_LYR3_LDR17F_MOD1 "0.11,38 6.59,38 6.59,39 0.11,39"
305295384 BPix_BpI_SEC6_LYR3_LDR17F_MOD2 "6.81,38 13.29,38 13.29,39 6.81,39"
305295388 BPix_BpI_SEC6_LYR3_LDR17F_MOD3 "13.51,38 19.99,38 19.99,39 13.51,39"
305295392 BPix_BpI_SEC6_LYR3_LDR17F_MOD4 "20.21,38 26.69,38 26.69,39 20.21,39"
305299460 BPix_BmI_SEC6_LYR3_LDR16F_MOD4 "-26.69,39 -20.21,39 -20.21,40 -26.69,40"
305299464 BPix_BmI_SEC6_LYR3_LDR16F_MOD3 "-19.99,39 -13.51,39 -13.51,40 -19.99,40"
305299468 BPix_BmI_SEC6_LYR3_LDR16F_MOD2 "-13.29,39 -6.81,39 -6.81,40 -13.29,40"
305299472 BPix_BmI_SEC6_LYR3_LDR16F_MOD1 "-6.59,39 -0.11,39 -0.11,40 -6.59,40"
305299476 BPix_BpI_SEC6_LYR3_LDR16F_MOD1 "0.11,39 6.59,39 6.59,40 0.11,40"
305299480 BPix_BpI_SEC6_LYR3_LDR16F_MOD2 "6.81,39 13.29,39 13.29,40 6.81,40"
305299484 BPix_BpI_SEC6_LYR3_LDR16F_MOD3 "13.51,39 19.99,39 19.99,40 13.51,40"
305299488 BPix_BpI_SEC6_LYR3_LDR16F_MOD4 "20.21,39 26.69,39 26.69,40 20.21,40"
305303556 BPix_BmI_SEC6_LYR3_LDR15F_MOD4 "-26.69,40 -20.21,40 -20.21,41 -26.69,41"
305303560 BPix_BmI_SEC6_LYR3_LDR15F_MOD3 "-19.99,40 -13.51,40 -13.51,41 -19.99,41"
305303564 BPix_BmI_SEC6_LYR3_LDR15F_MOD2 "-13.29,40 -6.81,40 -6.81,41 -13.29,41"
305303568 BPix_BmI_SEC6_LYR3_LDR15F_MOD1 "-6.59,40 -0.11,40 -0.11,41 -6.59,41"
305303572 BPix_BpI_SEC6_LYR3_LDR15F_MOD1 "0.11,40 6.59,40 6.59,41 0.11,41"
305303576 BPix_BpI_SEC6_LYR3_LDR15F_MOD2 "6.81,40 13.29,40 13.29,41 6.81,41"
305303580 BPix_BpI_SEC6_LYR3_LDR15F_MOD3 "13.51,40 19.99,40 19.99,41 13.51,41"
305303584 BPix_BpI_SEC6_LYR3_LDR15F_MOD4 "20.21,40 26.69,40 26.69,41 20.21,41"
305307652 BPix_BmI_SEC5_LYR3_LDR14F_MOD4 "-26.69,41 -20.21,41 -20.21,42 -26.69,42"
305307656 BPix_BmI_SEC5_LYR3_LDR14F_MOD3 "-19.99,41 -13.51,41 -13.51,42 -19.99,42"
305307660 BPix_BmI_SEC5_LYR3_LDR14F_MOD2 "-13.29,41 -6.81,41 -6.81,42 -13.29,42"
305307664 BPix_BmI_SEC5_LYR3_LDR14F_MOD1 "-6.59,41 -0.11,41 -0.11,42 -6.59,42"
305307668 BPix_BpI_SEC5_LYR3_LDR14F_MOD1 "0.11,41 6.59,41 6.59,42 0.11,42"
305307672 BPix_BpI_SEC5_LYR3_LDR14F_MOD2 "6.81,41 13.29,41 13.29,42 6.81,42"
305307676 BPix_BpI_SEC5_LYR3_LDR14F_MOD3 "13.51,41 19.99,41 19.99,42 13.51,42"
305307680 BPix_BpI_SEC5_LYR3_LDR14F_MOD4 "20.21,41 26.69,41 26.69,42 20.21,42"
305311748 BPix_BmI_SEC5_LYR3_LDR13F_MOD4 "-26.69,42 -20.21,42 -20.21,43 -26.69,43"
305311752 BPix_BmI_SEC5_LYR3_LDR13F_MOD3 "-19.99,42 -13.51,42 -13.51,43 -19.99,43"
305311756 BPix_BmI_SEC5_LYR3_LDR13F_MOD2 "-13.29,42 -6.81,42 -6.81,43 -13.29,43"
305311760 BPix_BmI_SEC5_LYR3_LDR13F_MOD1 "-6.59,42 -0.11,42 -0.11,43 -6.59,43"
305311764 BPix_BpI_SEC5_LYR3_LDR13F_MOD1 "0.11,42 6.59,42 6.59,43 0.11,43"
305311768 BPix_BpI_SEC5_LYR3_LDR13F_MOD2 "6.81,42 13.29,42 13.29,43 6.81,43"
305311772 BPix_BpI_SEC5_LYR3_LDR13F_MOD3 "13.51,42 19.99,42 19.99,43 13.51,43"
305311776 BPix_BpI_SEC5_LYR3_LDR13F_MOD4 "20.21,42 26.69,42 26.69,43 20.21,43"
305315844 BPix_BmI_SEC5_LYR3_LDR12F_MOD4 "-26.69,43 -20.21,43 -20.21,44 -26.69,44"
305315848 BPix_BmI_SEC5_LYR3_LDR12F_MOD3 "-19.99,43 -13.51,43 -13.51,44 -19.99,44"
305315852 BPix_BmI_SEC5_LYR3_LDR12F_MOD2 "-13.29,43 -6.81,43 -6.81,44 -13.29,44"
305315856 BPix_BmI_SEC5_LYR3_LDR12F_MOD1 "-6.59,43 -0.11,43 -0.11,44 -6.59,44"
305315860 BPix_BpI_SEC5_LYR3_LDR12F_MOD1 "0.11,43 6.59,43 6.59,44 0.11,44"
305315864 BPix_BpI_SEC5_LYR3_LDR12F_MOD2 "6.81,43 13.29,43 13.29,44 6.81,44"
305315868 BPix_BpI_SEC5_LYR3_LDR12F_MOD3 "13.51,43 19.99,43 19.99,44 13.51,44"
305315872 BPix_BpI_SEC5_LYR3_LDR12F_MOD4 "20.21,43 26.69,43 26.69,44 20.21,44"
