-1    1    1    CASTOR_EM       3.8227       3.8227       3.8227       3.8227       1442840577 
-1    1    2    CASTOR_EM       4.1039       4.1039       4.1039       4.1039       1442840578 
-1    1    3   CASTOR_HAD       1.7311       1.7311       1.7311       1.7311       1442840579 
-1    1    4   CASTOR_HAD       2.4584       2.4584       2.4584       2.4584       1442840580 
-1    1    5   CASTOR_HAD       3.4009       3.4009       3.4009       3.4009       1442840581 
-1    1    6   CASTOR_HAD       0.1822       0.1822       0.1822       0.1822       1442840582 
-1    1    7   CASTOR_HAD       9.5105       9.5105       9.5105       9.5105       1442840583 
-1    1    8   CASTOR_HAD       0.3338       0.3338       0.3338       0.3338       1442840584 
-1    1    9   CASTOR_HAD       0.2508       0.2508       0.2508       0.2508       1442840585 
-1    1   10   CASTOR_HAD       3.0924       3.0924       3.0924       3.0924       1442840586 
-1    1   11   CASTOR_HAD       2.0803       2.0803       2.0803       2.0803       1442840587 
-1    1   12   CASTOR_HAD       1.4831       1.4831       1.4831       1.4831       1442840588 
-1    1   13   CASTOR_HAD       2.0538       2.0538       2.0538       2.0538       1442840589 
-1    1   14   CASTOR_HAD       1.6304       1.6304       1.6304       1.6304       1442840590 
-1    2    1    CASTOR_EM       3.4711       3.4711       3.4711       3.4711       1442840593 
-1    2    2    CASTOR_EM       4.3947       4.3947       4.3947       4.3947       1442840594 
-1    2    3   CASTOR_HAD       2.0311       2.0311       2.0311       2.0311       1442840595 
-1    2    4   CASTOR_HAD       2.1587       2.1587       2.1587       2.1587       1442840596 
-1    2    5   CASTOR_HAD       2.8596       2.8596       2.8596       2.8596       1442840597 
-1    2    6   CASTOR_HAD       0.2931       0.2931       0.2931       0.2931       1442840598 
-1    2    7   CASTOR_HAD       4.3579       4.3579       4.3579       4.3579       1442840599 
-1    2    8   CASTOR_HAD       2.1767       2.1767       2.1767       2.1767       1442840600 
-1    2    9   CASTOR_HAD       0.2467       0.2467       0.2467       0.2467       1442840601 
-1    2   10   CASTOR_HAD       2.5562       2.5562       2.5562       2.5562       1442840602 
-1    2   11   CASTOR_HAD       2.3971       2.3971       2.3971       2.3971       1442840603 
-1    2   12   CASTOR_HAD       1.6512       1.6512       1.6512       1.6512       1442840604 
-1    2   13   CASTOR_HAD       2.1203       2.1203       2.1203       2.1203       1442840605 
-1    2   14   CASTOR_HAD       2.0936       2.0936       2.0936       2.0936       1442840606 
-1    3    1    CASTOR_EM       2.8159       2.8159       2.8159       2.8159       1442840609 
-1    3    2    CASTOR_EM       3.5199       3.5199       3.5199       3.5199       1442840610 
-1    3    3   CASTOR_HAD       1.9580       1.9580       1.9580       1.9580       1442840611 
-1    3    4   CASTOR_HAD       3.9954       3.9954       3.9954       3.9954       1442840612 
-1    3    5   CASTOR_HAD       1.6372       1.6372       1.6372       1.6372       1442840613 
-1    3    6   CASTOR_HAD       0.3091       0.3091       0.3091       0.3091       1442840614 
-1    3    7   CASTOR_HAD       0.0000       0.0000       0.0000       0.0000       1442840615 
-1    3    8   CASTOR_HAD       0.0000       0.0000       0.0000       0.0000       1442840616 
-1    3    9   CASTOR_HAD       0.8048       0.8048       0.8048       0.8048       1442840617 
-1    3   10   CASTOR_HAD       2.4714       2.4714       2.4714       2.4714       1442840618 
-1    3   11   CASTOR_HAD       3.4043       3.4043       3.4043       3.4043       1442840619 
-1    3   12   CASTOR_HAD       3.8015       3.8015       3.8015       3.8015       1442840620 
-1    3   13   CASTOR_HAD       2.3146       2.3146       2.3146       2.3146       1442840621 
-1    3   14   CASTOR_HAD       3.2883       3.2883       3.2883       3.2883       1442840622 
-1    4    1    CASTOR_EM       2.6081       2.6081       2.6081       2.6081       1442840625 
-1    4    2    CASTOR_EM       2.7408       2.7408       2.7408       2.7408       1442840626 
-1    4    3   CASTOR_HAD       2.1315       2.1315       2.1315       2.1315       1442840627 
-1    4    4   CASTOR_HAD       2.3167       2.3167       2.3167       2.3167       1442840628 
-1    4    5   CASTOR_HAD       2.3394       2.3394       2.3394       2.3394       1442840629 
-1    4    6   CASTOR_HAD       0.4550       0.4550       0.4550       0.4550       1442840630 
-1    4    7   CASTOR_HAD      14.3080      14.3080      14.3080      14.3080       1442840631 
-1    4    8   CASTOR_HAD       0.0000       0.0000       0.0000       0.0000       1442840632 
-1    4    9   CASTOR_HAD       0.0000       0.0000       0.0000       0.0000       1442840633 
-1    4   10   CASTOR_HAD       4.5592       4.5592       4.5592       4.5592       1442840634 
-1    4   11   CASTOR_HAD       2.4369       2.4369       2.4369       2.4369       1442840635 
-1    4   12   CASTOR_HAD       2.2035       2.2035       2.2035       2.2035       1442840636 
-1    4   13   CASTOR_HAD       1.0724       1.0724       1.0724       1.0724       1442840637 
-1    4   14   CASTOR_HAD       3.0568       3.0568       3.0568       3.0568       1442840638 
-1    5    1    CASTOR_EM       3.1395       3.1395       3.1395       3.1395       1442840641 
-1    5    2    CASTOR_EM       3.7489       3.7489       3.7489       3.7489       1442840642 
-1    5    3   CASTOR_HAD       2.6524       2.6524       2.6524       2.6524       1442840643 
-1    5    4   CASTOR_HAD       3.0290       3.0290       3.0290       3.0290       1442840644 
-1    5    5   CASTOR_HAD       1.8409       1.8409       1.8409       1.8409       1442840645 
-1    5    6   CASTOR_HAD       0.4892       0.4892       0.4892       0.4892       1442840646 
-1    5    7   CASTOR_HAD      10.2661      10.2661      10.2661      10.2661       1442840647 
-1    5    8   CASTOR_HAD       0.0000       0.0000       0.0000       0.0000       1442840648 
-1    5    9   CASTOR_HAD       0.0000       0.0000       0.0000       0.0000       1442840649 
-1    5   10   CASTOR_HAD      19.2999      19.2999      19.2999      19.2999       1442840650 
-1    5   11   CASTOR_HAD       2.3880       2.3880       2.3880       2.3880       1442840651 
-1    5   12   CASTOR_HAD       5.3708       5.3708       5.3708       5.3708       1442840652 
-1    5   13   CASTOR_HAD       2.4774       2.4774       2.4774       2.4774       1442840653 
-1    5   14   CASTOR_HAD       4.9543       4.9543       4.9543       4.9543       1442840654 
-1    6    1    CASTOR_EM       2.1772       2.1772       2.1772       2.1772       1442840657 
-1    6    2    CASTOR_EM       2.7180       2.7180       2.7180       2.7180       1442840658 
-1    6    3   CASTOR_HAD       2.3153       2.3153       2.3153       2.3153       1442840659 
-1    6    4   CASTOR_HAD       4.1417       4.1417       4.1417       4.1417       1442840660 
-1    6    5   CASTOR_HAD       1.2656       1.2656       1.2656       1.2656       1442840661 
-1    6    6   CASTOR_HAD       0.4460       0.4460       0.4460       0.4460       1442840662 
-1    6    7   CASTOR_HAD       0.0000       0.0000       0.0000       0.0000       1442840663 
-1    6    8   CASTOR_HAD       0.0000       0.0000       0.0000       0.0000       1442840664 
-1    6    9   CASTOR_HAD       0.7640       0.7640       0.7640       0.7640       1442840665 
-1    6   10   CASTOR_HAD       2.4341       2.4341       2.4341       2.4341       1442840666 
-1    6   11   CASTOR_HAD       1.7711       1.7711       1.7711       1.7711       1442840667 
-1    6   12   CASTOR_HAD       5.9859       5.9859       5.9859       5.9859       1442840668 
-1    6   13   CASTOR_HAD       3.7666       3.7666       3.7666       3.7666       1442840669 
-1    6   14   CASTOR_HAD       5.9623       5.9623       5.9623       5.9623       1442840670 
-1    7    1    CASTOR_EM       2.5444       2.5444       2.5444       2.5444       1442840673 
-1    7    2    CASTOR_EM       3.5178       3.5178       3.5178       3.5178       1442840674 
-1    7    3   CASTOR_HAD       3.0043       3.0043       3.0043       3.0043       1442840675 
-1    7    4   CASTOR_HAD       2.3434       2.3434       2.3434       2.3434       1442840676 
-1    7    5   CASTOR_HAD       3.8153       3.8153       3.8153       3.8153       1442840677 
-1    7    6   CASTOR_HAD       1.7632       1.7632       1.7632       1.7632       1442840678 
-1    7    7   CASTOR_HAD       0.0000       0.0000       0.0000       0.0000       1442840679 
-1    7    8   CASTOR_HAD       0.4358       0.4358       0.4358       0.4358       1442840680 
-1    7    9   CASTOR_HAD       0.6194       0.6194       0.6194       0.6194       1442840681 
-1    7   10   CASTOR_HAD       2.8449       2.8449       2.8449       2.8449       1442840682 
-1    7   11   CASTOR_HAD       4.5542       4.5542       4.5542       4.5542       1442840683 
-1    7   12   CASTOR_HAD       0.0000       0.0000       0.0000       0.0000       1442840684 
-1    7   13   CASTOR_HAD       4.0222       4.0222       4.0222       4.0222       1442840685 
-1    7   14   CASTOR_HAD       4.9343       4.9343       4.9343       4.9343       1442840686 
-1    8    1    CASTOR_EM       3.7443       3.7443       3.7443       3.7443       1442840689 
-1    8    2    CASTOR_EM       3.5604       3.5604       3.5604       3.5604       1442840690 
-1    8    3   CASTOR_HAD       3.2699       3.2699       3.2699       3.2699       1442840691 
-1    8    4   CASTOR_HAD       3.5318       3.5318       3.5318       3.5318       1442840692 
-1    8    5   CASTOR_HAD       3.2449       3.2449       3.2449       3.2449       1442840693 
-1    8    6   CASTOR_HAD       0.2532       0.2532       0.2532       0.2532       1442840694 
-1    8    7   CASTOR_HAD       0.0000       0.0000       0.0000       0.0000       1442840695 
-1    8    8   CASTOR_HAD       0.3334       0.3334       0.3334       0.3334       1442840696 
-1    8    9   CASTOR_HAD       0.5975       0.5975       0.5975       0.5975       1442840697 
-1    8   10   CASTOR_HAD       3.8819       3.8819       3.8819       3.8819       1442840698 
-1    8   11   CASTOR_HAD       4.7029       4.7029       4.7029       4.7029       1442840699 
-1    8   12   CASTOR_HAD       2.3092       2.3092       2.3092       2.3092       1442840700 
-1    8   13   CASTOR_HAD       3.8528       3.8528       3.8528       3.8528       1442840701 
-1    8   14   CASTOR_HAD       2.4945       2.4945       2.4945       2.4945       1442840702 
-1    9    1    CASTOR_EM       2.9630       2.9630       2.9630       2.9630       1442840705 
-1    9    2    CASTOR_EM       3.6201       3.6201       3.6201       3.6201       1442840706 
-1    9    3   CASTOR_HAD       2.7302       2.7302       2.7302       2.7302       1442840707 
-1    9    4   CASTOR_HAD       2.9300       2.9300       2.9300       2.9300       1442840708 
-1    9    5   CASTOR_HAD       2.2096       2.2096       2.2096       2.2096       1442840709 
-1    9    6   CASTOR_HAD       1.1472       1.1472       1.1472       1.1472       1442840710 
-1    9    7   CASTOR_HAD       0.0000       0.0000       0.0000       0.0000       1442840711 
-1    9    8   CASTOR_HAD       0.2230       0.2230       0.2230       0.2230       1442840712 
-1    9    9   CASTOR_HAD       0.4961       0.4961       0.4961       0.4961       1442840713 
-1    9   10   CASTOR_HAD       2.2092       2.2092       2.2092       2.2092       1442840714 
-1    9   11   CASTOR_HAD       1.7617       1.7617       1.7617       1.7617       1442840715 
-1    9   12   CASTOR_HAD       2.1721       2.1721       2.1721       2.1721       1442840716 
-1    9   13   CASTOR_HAD       1.6362       1.6362       1.6362       1.6362       1442840717 
-1    9   14   CASTOR_HAD       2.6050       2.6050       2.6050       2.6050       1442840718 
-1   10    1    CASTOR_EM       2.3972       2.3972       2.3972       2.3972       1442840721 
-1   10    2    CASTOR_EM       3.4471       3.4471       3.4471       3.4471       1442840722 
-1   10    3   CASTOR_HAD       4.7088       4.7088       4.7088       4.7088       1442840723 
-1   10    4   CASTOR_HAD       3.8633       3.8633       3.8633       3.8633       1442840724 
-1   10    5   CASTOR_HAD       2.2055       2.2055       2.2055       2.2055       1442840725 
-1   10    6   CASTOR_HAD       1.2117       1.2117       1.2117       1.2117       1442840726 
-1   10    7   CASTOR_HAD       0.0000       0.0000       0.0000       0.0000       1442840727 
-1   10    8   CASTOR_HAD       0.2268       0.2268       0.2268       0.2268       1442840728 
-1   10    9   CASTOR_HAD       0.5040       0.5040       0.5040       0.5040       1442840729 
-1   10   10   CASTOR_HAD       3.4182       3.4182       3.4182       3.4182       1442840730 
-1   10   11   CASTOR_HAD       1.6312       1.6312       1.6312       1.6312       1442840731 
-1   10   12   CASTOR_HAD       3.2304       3.2304       3.2304       3.2304       1442840732 
-1   10   13   CASTOR_HAD       2.5855       2.5855       2.5855       2.5855       1442840733 
-1   10   14   CASTOR_HAD       1.9867       1.9867       1.9867       1.9867       1442840734 
-1   11    1    CASTOR_EM       4.0883       4.0883       4.0883       4.0883       1442840737 
-1   11    2    CASTOR_EM       6.5952       6.5952       6.5952       6.5952       1442840738 
-1   11    3   CASTOR_HAD       4.2264       4.2264       4.2264       4.2264       1442840739 
-1   11    4   CASTOR_HAD       2.8034       2.8034       2.8034       2.8034       1442840740 
-1   11    5   CASTOR_HAD       1.9562       1.9562       1.9562       1.9562       1442840741 
-1   11    6   CASTOR_HAD       1.0556       1.0556       1.0556       1.0556       1442840742 
-1   11    7   CASTOR_HAD       0.0000       0.0000       0.0000       0.0000       1442840743 
-1   11    8   CASTOR_HAD       0.0000       0.0000       0.0000       0.0000       1442840744 
-1   11    9   CASTOR_HAD       0.4969       0.4969       0.4969       0.4969       1442840745 
-1   11   10   CASTOR_HAD       2.9175       2.9175       2.9175       2.9175       1442840746 
-1   11   11   CASTOR_HAD      83.2916      83.2916      83.2916      83.2916       1442840747 
-1   11   12   CASTOR_HAD       3.3618       3.3618       3.3618       3.3618       1442840748 
-1   11   13   CASTOR_HAD       3.7818       3.7818       3.7818       3.7818       1442840749 
-1   11   14   CASTOR_HAD       2.9512       2.9512       2.9512       2.9512       1442840750 
-1   12    1    CASTOR_EM       3.8046       3.8046       3.8046       3.8046       1442840753 
-1   12    2    CASTOR_EM       3.0060       3.0060       3.0060       3.0060       1442840754 
-1   12    3   CASTOR_HAD       3.0122       3.0122       3.0122       3.0122       1442840755 
-1   12    4   CASTOR_HAD       3.7017       3.7017       3.7017       3.7017       1442840756 
-1   12    5   CASTOR_HAD       4.8316       4.8316       4.8316       4.8316       1442840757 
-1   12    6   CASTOR_HAD       1.4847       1.4847       1.4847       1.4847       1442840758 
-1   12    7   CASTOR_HAD       0.0000       0.0000       0.0000       0.0000       1442840759 
-1   12    8   CASTOR_HAD       0.0000       0.0000       0.0000       0.0000       1442840760 
-1   12    9   CASTOR_HAD       1.0317       1.0317       1.0317       1.0317       1442840761 
-1   12   10   CASTOR_HAD       3.3649       3.3649       3.3649       3.3649       1442840762 
-1   12   11   CASTOR_HAD      97.5289      97.5289      97.5289      97.5289       1442840763 
-1   12   12   CASTOR_HAD       3.2192       3.2192       3.2192       3.2192       1442840764 
-1   12   13   CASTOR_HAD       1.2100       1.2100       1.2100       1.2100       1442840765 
-1   12   14   CASTOR_HAD       1.8137       1.8137       1.8137       1.8137       1442840766 
-1   13    1    CASTOR_EM       1.1275       1.1275       1.1275       1.1275       1442840769 
-1   13    2    CASTOR_EM       3.2465       3.2465       3.2465       3.2465       1442840770 
-1   13    3   CASTOR_HAD       2.3152       2.3152       2.3152       2.3152       1442840771 
-1   13    4   CASTOR_HAD       1.6805       1.6805       1.6805       1.6805       1442840772 
-1   13    5   CASTOR_HAD       1.4203       1.4203       1.4203       1.4203       1442840773 
-1   13    6   CASTOR_HAD       2.4494       2.4494       2.4494       2.4494       1442840774 
-1   13    7   CASTOR_HAD       0.0000       0.0000       0.0000       0.0000       1442840775 
-1   13    8   CASTOR_HAD       0.0000       0.0000       0.0000       0.0000       1442840776 
-1   13    9   CASTOR_HAD       0.0000       0.0000       0.0000       0.0000       1442840777 
-1   13   10   CASTOR_HAD       4.1965       4.1965       4.1965       4.1965       1442840778 
-1   13   11   CASTOR_HAD     150.6735     150.6735     150.6735     150.6735       1442840779 
-1   13   12   CASTOR_HAD       3.2300       3.2300       3.2300       3.2300       1442840780 
-1   13   13   CASTOR_HAD       0.0000       0.0000       0.0000       0.0000       1442840781 
-1   13   14   CASTOR_HAD       4.0630       4.0630       4.0630       4.0630       1442840782 
-1   14    1    CASTOR_EM       1.5745       1.5745       1.5745       1.5745       1442840785 
-1   14    2    CASTOR_EM       3.8242       3.8242       3.8242       3.8242       1442840786 
-1   14    3   CASTOR_HAD       2.1603       2.1603       2.1603       2.1603       1442840787 
-1   14    4   CASTOR_HAD       3.0734       3.0734       3.0734       3.0734       1442840788 
-1   14    5   CASTOR_HAD       2.0153       2.0153       2.0153       2.0153       1442840789 
-1   14    6   CASTOR_HAD       0.4913       0.4913       0.4913       0.4913       1442840790 
-1   14    7   CASTOR_HAD       0.0000       0.0000       0.0000       0.0000       1442840791 
-1   14    8   CASTOR_HAD       0.0000       0.0000       0.0000       0.0000       1442840792 
-1   14    9   CASTOR_HAD       0.5274       0.5274       0.5274       0.5274       1442840793 
-1   14   10   CASTOR_HAD       2.0194       2.0194       2.0194       2.0194       1442840794 
-1   14   11   CASTOR_HAD      63.1852      63.1852      63.1852      63.1852       1442840795 
-1   14   12   CASTOR_HAD       2.8669       2.8669       2.8669       2.8669       1442840796 
-1   14   13   CASTOR_HAD       2.9507       2.9507       2.9507       2.9507       1442840797 
-1   14   14   CASTOR_HAD       2.6806       2.6806       2.6806       2.6806       1442840798 
-1   15    1    CASTOR_EM       1.3705       1.3705       1.3705       1.3705       1442840801 
-1   15    2    CASTOR_EM       3.9839       3.9839       3.9839       3.9839       1442840802 
-1   15    3   CASTOR_HAD       2.5260       2.5260       2.5260       2.5260       1442840803 
-1   15    4   CASTOR_HAD       2.0287       2.0287       2.0287       2.0287       1442840804 
-1   15    5   CASTOR_HAD       2.6060       2.6060       2.6060       2.6060       1442840805 
-1   15    6   CASTOR_HAD       0.2572       0.2572       0.2572       0.2572       1442840806 
-1   15    7   CASTOR_HAD       0.0000       0.0000       0.0000       0.0000       1442840807 
-1   15    8   CASTOR_HAD       0.0000       0.0000       0.0000       0.0000       1442840808 
-1   15    9   CASTOR_HAD       0.2576       0.2576       0.2576       0.2576       1442840809 
-1   15   10   CASTOR_HAD       1.8913       1.8913       1.8913       1.8913       1442840810 
-1   15   11   CASTOR_HAD       1.8423       1.8423       1.8423       1.8423       1442840811 
-1   15   12   CASTOR_HAD       2.6823       2.6823       2.6823       2.6823       1442840812 
-1   15   13   CASTOR_HAD       2.3018       2.3018       2.3018       2.3018       1442840813 
-1   15   14   CASTOR_HAD       4.0683       4.0683       4.0683       4.0683       1442840814 
-1   16    1    CASTOR_EM       1.6968       1.6968       1.6968       1.6968       1442840817 
-1   16    2    CASTOR_EM       3.1317       3.1317       3.1317       3.1317       1442840818 
-1   16    3   CASTOR_HAD       3.3642       3.3642       3.3642       3.3642       1442840819 
-1   16    4   CASTOR_HAD       2.1258       2.1258       2.1258       2.1258       1442840820 
-1   16    5   CASTOR_HAD       1.4517       1.4517       1.4517       1.4517       1442840821 
-1   16    6   CASTOR_HAD       2.0732       2.0732       2.0732       2.0732       1442840822 
-1   16    7   CASTOR_HAD       0.0000       0.0000       0.0000       0.0000       1442840823 
-1   16    8   CASTOR_HAD       0.0000       0.0000       0.0000       0.0000       1442840824 
-1   16    9   CASTOR_HAD       0.1939       0.1939       0.1939       0.1939       1442840825 
-1   16   10   CASTOR_HAD       3.2084       3.2084       3.2084       3.2084       1442840826 
-1   16   11   CASTOR_HAD       1.6549       1.6549       1.6549       1.6549       1442840827 
-1   16   12   CASTOR_HAD       1.4392       1.4392       1.4392       1.4392       1442840828 
-1   16   13   CASTOR_HAD       2.2467       2.2467       2.2467       2.2467       1442840829 
-1   16   14   CASTOR_HAD       2.2323       2.2323       2.2323       2.2323       1442840830 
