-1    1    1    CASTOR_EM       0.0344       0.0344       0.0344       0.0344        1442840577 
-1    1    2    CASTOR_EM       0.0355       0.0355       0.0355       0.0355        1442840578 
-1    1    3   CASTOR_HAD       0.0185       0.0185       0.0185       0.0185        1442840579 
-1    1    4   CASTOR_HAD       0.0244       0.0244       0.0244       0.0244        1442840580 
-1    1    5   CASTOR_HAD       0.0122       0.0122       0.0122       0.0122        1442840581 
-1    1    6   CASTOR_HAD       0.0076       0.0076       0.0076       0.0076        1442840582 
-1    1    7   CASTOR_HAD       0.3939       0.3939       0.3939       0.3939        1442840583 
-1    1    8   CASTOR_HAD       0.0157       0.0157       0.0157       0.0157        1442840584 
-1    1    9   CASTOR_HAD       0.0087       0.0087       0.0087       0.0087        1442840585 
-1    1   10   CASTOR_HAD       0.0141       0.0141       0.0141       0.0141        1442840586 
-1    1   11   CASTOR_HAD       0.0096       0.0096       0.0096       0.0096        1442840587 
-1    1   12   CASTOR_HAD       0.0078       0.0078       0.0078       0.0078        1442840588 
-1    1   13   CASTOR_HAD       0.0205       0.0205       0.0205       0.0205        1442840589 
-1    1   14   CASTOR_HAD       0.0151       0.0151       0.0151       0.0151        1442840590 
-1    2    1    CASTOR_EM       0.0300       0.0300       0.0300       0.0300        1442840593 
-1    2    2    CASTOR_EM       0.0282       0.0282       0.0282       0.0282        1442840594 
-1    2    3   CASTOR_HAD       0.0168       0.0168       0.0168       0.0168        1442840595 
-1    2    4   CASTOR_HAD       0.0255       0.0255       0.0255       0.0255        1442840596 
-1    2    5   CASTOR_HAD       0.0095       0.0095       0.0095       0.0095        1442840597 
-1    2    6   CASTOR_HAD       0.0079       0.0079       0.0079       0.0079        1442840598 
-1    2    7   CASTOR_HAD       0.3316       0.3316       0.3316       0.3316        1442840599 
-1    2    8   CASTOR_HAD       0.0909       0.0909       0.0909       0.0909        1442840600 
-1    2    9   CASTOR_HAD       0.0088       0.0088       0.0088       0.0088        1442840601 
-1    2   10   CASTOR_HAD       0.0086       0.0086       0.0086       0.0086        1442840602 
-1    2   11   CASTOR_HAD       0.0092       0.0092       0.0092       0.0092        1442840603 
-1    2   12   CASTOR_HAD       0.0071       0.0071       0.0071       0.0071        1442840604 
-1    2   13   CASTOR_HAD       0.0272       0.0272       0.0272       0.0272        1442840605 
-1    2   14   CASTOR_HAD       0.0160       0.0160       0.0160       0.0160        1442840606 
-1    3    1    CASTOR_EM       0.0491       0.0491       0.0491       0.0491        1442840609 
-1    3    2    CASTOR_EM       0.0443       0.0443       0.0443       0.0443        1442840610 
-1    3    3   CASTOR_HAD       0.0315       0.0315       0.0315       0.0315        1442840611 
-1    3    4   CASTOR_HAD       0.0454       0.0454       0.0454       0.0454        1442840612 
-1    3    5   CASTOR_HAD       0.0074       0.0074       0.0074       0.0074        1442840613 
-1    3    6   CASTOR_HAD       0.0167       0.0167       0.0167       0.0167        1442840614 
-1    3    7   CASTOR_HAD       0.9936       0.9936       0.9936       0.9936        1442840615 
-1    3    8   CASTOR_HAD       0.0000       0.0000       0.0000       0.0000        1442840616 
-1    3    9   CASTOR_HAD       0.0409       0.0409       0.0409       0.0409        1442840617 
-1    3   10   CASTOR_HAD       0.0081       0.0081       0.0081       0.0081        1442840618 
-1    3   11   CASTOR_HAD       0.0099       0.0099       0.0099       0.0099        1442840619 
-1    3   12   CASTOR_HAD       0.0145       0.0145       0.0145       0.0145        1442840620 
-1    3   13   CASTOR_HAD       0.0244       0.0244       0.0244       0.0244        1442840621 
-1    3   14   CASTOR_HAD       0.0175       0.0175       0.0175       0.0175        1442840622 
-1    4    1    CASTOR_EM       0.0458       0.0458       0.0458       0.0458        1442840625 
-1    4    2    CASTOR_EM       0.0271       0.0271       0.0271       0.0271        1442840626 
-1    4    3   CASTOR_HAD       0.0388       0.0388       0.0388       0.0388        1442840627 
-1    4    4   CASTOR_HAD       0.0301       0.0301       0.0301       0.0301        1442840628 
-1    4    5   CASTOR_HAD       0.0095       0.0095       0.0095       0.0095        1442840629 
-1    4    6   CASTOR_HAD       0.0203       0.0203       0.0203       0.0203        1442840630 
-1    4    7   CASTOR_HAD       0.8683       0.8683       0.8683       0.8683        1442840631 
-1    4    8   CASTOR_HAD       0.0000       0.0000       0.0000       0.0000        1442840632 
-1    4    9   CASTOR_HAD       0.0000       0.0000       0.0000       0.0000        1442840633 
-1    4   10   CASTOR_HAD       0.0259       0.0259       0.0259       0.0259        1442840634 
-1    4   11   CASTOR_HAD       0.0125       0.0125       0.0125       0.0125        1442840635 
-1    4   12   CASTOR_HAD       0.0127       0.0127       0.0127       0.0127        1442840636 
-1    4   13   CASTOR_HAD       0.0105       0.0105       0.0105       0.0105        1442840637 
-1    4   14   CASTOR_HAD       0.0180       0.0180       0.0180       0.0180        1442840638 
-1    5    1    CASTOR_EM       0.1277       0.1277       0.1277       0.1277        1442840641 
-1    5    2    CASTOR_EM       0.0802       0.0802       0.0802       0.0802        1442840642 
-1    5    3   CASTOR_HAD       0.0469       0.0469       0.0469       0.0469        1442840643 
-1    5    4   CASTOR_HAD       0.0518       0.0518       0.0518       0.0518        1442840644 
-1    5    5   CASTOR_HAD       0.0194       0.0194       0.0194       0.0194        1442840645 
-1    5    6   CASTOR_HAD       0.0248       0.0248       0.0248       0.0248        1442840646 
-1    5    7   CASTOR_HAD       0.2547       0.2547       0.2547       0.2547        1442840647 
-1    5    8   CASTOR_HAD       0.0000       0.0000       0.0000       0.0000        1442840648 
-1    5    9   CASTOR_HAD       0.0000       0.0000       0.0000       0.0000        1442840649 
-1    5   10   CASTOR_HAD       0.5799       0.5799       0.5799       0.5799        1442840650 
-1    5   11   CASTOR_HAD       0.0140       0.0140       0.0140       0.0140        1442840651 
-1    5   12   CASTOR_HAD       0.0415       0.0415       0.0415       0.0415        1442840652 
-1    5   13   CASTOR_HAD       0.0413       0.0413       0.0413       0.0413        1442840653 
-1    5   14   CASTOR_HAD       0.0374       0.0374       0.0374       0.0374        1442840654 
-1    6    1    CASTOR_EM       0.0351       0.0351       0.0351       0.0351        1442840657 
-1    6    2    CASTOR_EM       0.0483       0.0483       0.0483       0.0483        1442840658 
-1    6    3   CASTOR_HAD       0.0462       0.0462       0.0462       0.0462        1442840659 
-1    6    4   CASTOR_HAD       0.0664       0.0664       0.0664       0.0664        1442840660 
-1    6    5   CASTOR_HAD       0.0135       0.0135       0.0135       0.0135        1442840661 
-1    6    6   CASTOR_HAD       0.0373       0.0373       0.0373       0.0373        1442840662 
-1    6    7   CASTOR_HAD       4.6131       4.6131       4.6131       4.6131        1442840663 
-1    6    8   CASTOR_HAD       0.0000       0.0000       0.0000       0.0000        1442840664 
-1    6    9   CASTOR_HAD       0.0645       0.0645       0.0645       0.0645        1442840665 
-1    6   10   CASTOR_HAD       0.0301       0.0301       0.0301       0.0301        1442840666 
-1    6   11   CASTOR_HAD       0.0230       0.0230       0.0230       0.0230        1442840667 
-1    6   12   CASTOR_HAD       0.0400       0.0400       0.0400       0.0400        1442840668 
-1    6   13   CASTOR_HAD       0.0528       0.0528       0.0528       0.0528        1442840669 
-1    6   14   CASTOR_HAD       0.0269       0.0269       0.0269       0.0269        1442840670 
-1    7    1    CASTOR_EM       0.0796       0.0796       0.0796       0.0796        1442840673 
-1    7    2    CASTOR_EM       0.0813       0.0813       0.0813       0.0813        1442840674 
-1    7    3   CASTOR_HAD       0.0534       0.0534       0.0534       0.0534        1442840675 
-1    7    4   CASTOR_HAD       0.0504       0.0504       0.0504       0.0504        1442840676 
-1    7    5   CASTOR_HAD       0.0394       0.0394       0.0394       0.0394        1442840677 
-1    7    6   CASTOR_HAD       0.1113       0.1113       0.1113       0.1113        1442840678 
-1    7    7   CASTOR_HAD       0.0000       0.0000       0.0000       0.0000        1442840679 
-1    7    8   CASTOR_HAD       0.0351       0.0351       0.0351       0.0351        1442840680 
-1    7    9   CASTOR_HAD       0.0440       0.0440       0.0440       0.0440        1442840681 
-1    7   10   CASTOR_HAD       0.0476       0.0476       0.0476       0.0476        1442840682 
-1    7   11   CASTOR_HAD       0.0438       0.0438       0.0438       0.0438        1442840683 
-1    7   12   CASTOR_HAD       0.0000       0.0000       0.0000       0.0000        1442840684 
-1    7   13   CASTOR_HAD       0.0750       0.0750       0.0750       0.0750        1442840685 
-1    7   14   CASTOR_HAD       0.0408       0.0408       0.0408       0.0408        1442840686 
-1    8    1    CASTOR_EM       0.0844       0.0844       0.0844       0.0844        1442840689 
-1    8    2    CASTOR_EM       0.1037       0.1037       0.1037       0.1037        1442840690 
-1    8    3   CASTOR_HAD       0.1165       0.1165       0.1165       0.1165        1442840691 
-1    8    4   CASTOR_HAD       0.1016       0.1016       0.1016       0.1016        1442840692 
-1    8    5   CASTOR_HAD       0.0397       0.0397       0.0397       0.0397        1442840693 
-1    8    6   CASTOR_HAD       0.0329       0.0329       0.0329       0.0329        1442840694 
-1    8    7   CASTOR_HAD       3.9839       3.9839       3.9839       3.9839        1442840695 
-1    8    8   CASTOR_HAD       0.0400       0.0400       0.0400       0.0400        1442840696 
-1    8    9   CASTOR_HAD       0.0502       0.0502       0.0502       0.0502        1442840697 
-1    8   10   CASTOR_HAD       0.0442       0.0442       0.0442       0.0442        1442840698 
-1    8   11   CASTOR_HAD       0.0456       0.0456       0.0456       0.0456        1442840699 
-1    8   12   CASTOR_HAD       0.0259       0.0259       0.0259       0.0259        1442840700 
-1    8   13   CASTOR_HAD       0.0778       0.0778       0.0778       0.0778        1442840701 
-1    8   14   CASTOR_HAD       0.0181       0.0181       0.0181       0.0181        1442840702 
-1    9    1    CASTOR_EM       0.0531       0.0531       0.0531       0.0531        1442840705 
-1    9    2    CASTOR_EM       0.0914       0.0914       0.0914       0.0914        1442840706 
-1    9    3   CASTOR_HAD       0.0546       0.0546       0.0546       0.0546        1442840707 
-1    9    4   CASTOR_HAD       0.0520       0.0520       0.0520       0.0520        1442840708 
-1    9    5   CASTOR_HAD       0.0123       0.0123       0.0123       0.0123        1442840709 
-1    9    6   CASTOR_HAD       0.1249       0.1249       0.1249       0.1249        1442840710 
-1    9    7   CASTOR_HAD       1.3548       1.3548       1.3548       1.3548        1442840711 
-1    9    8   CASTOR_HAD       0.0120       0.0120       0.0120       0.0120        1442840712 
-1    9    9   CASTOR_HAD       0.0403       0.0403       0.0403       0.0403        1442840713 
-1    9   10   CASTOR_HAD       0.0220       0.0220       0.0220       0.0220        1442840714 
-1    9   11   CASTOR_HAD       0.0196       0.0196       0.0196       0.0196        1442840715 
-1    9   12   CASTOR_HAD       0.0207       0.0207       0.0207       0.0207        1442840716 
-1    9   13   CASTOR_HAD       0.0334       0.0334       0.0334       0.0334        1442840717 
-1    9   14   CASTOR_HAD       0.0532       0.0532       0.0532       0.0532        1442840718 
-1   10    1    CASTOR_EM       0.0339       0.0339       0.0339       0.0339        1442840721 
-1   10    2    CASTOR_EM       0.0241       0.0241       0.0241       0.0241        1442840722 
-1   10    3   CASTOR_HAD       0.0304       0.0304       0.0304       0.0304        1442840723 
-1   10    4   CASTOR_HAD       0.0372       0.0372       0.0372       0.0372        1442840724 
-1   10    5   CASTOR_HAD       0.0060       0.0060       0.0060       0.0060        1442840725 
-1   10    6   CASTOR_HAD       0.0443       0.0443       0.0443       0.0443        1442840726 
-1   10    7   CASTOR_HAD       8.1988       8.1988       8.1988       8.1988        1442840727 
-1   10    8   CASTOR_HAD       0.0107       0.0107       0.0107       0.0107        1442840728 
-1   10    9   CASTOR_HAD       0.0119       0.0119       0.0119       0.0119        1442840729 
-1   10   10   CASTOR_HAD       0.0166       0.0166       0.0166       0.0166        1442840730 
-1   10   11   CASTOR_HAD       0.0111       0.0111       0.0111       0.0111        1442840731 
-1   10   12   CASTOR_HAD       0.0117       0.0117       0.0117       0.0117        1442840732 
-1   10   13   CASTOR_HAD       0.0162       0.0162       0.0162       0.0162        1442840733 
-1   10   14   CASTOR_HAD       0.0414       0.0414       0.0414       0.0414        1442840734 
-1   11    1    CASTOR_EM       0.0572       0.0572       0.0572       0.0572        1442840737 
-1   11    2    CASTOR_EM       0.0644       0.0644       0.0644       0.0644        1442840738 
-1   11    3   CASTOR_HAD       0.0455       0.0455       0.0455       0.0455        1442840739 
-1   11    4   CASTOR_HAD       0.0316       0.0316       0.0316       0.0316        1442840740 
-1   11    5   CASTOR_HAD       0.0124       0.0124       0.0124       0.0124        1442840741 
-1   11    6   CASTOR_HAD       0.0587       0.0587       0.0587       0.0587        1442840742 
-1   11    7   CASTOR_HAD       1.4413       1.4413       1.4413       1.4413        1442840743 
-1   11    8   CASTOR_HAD       8.2536       8.2536       8.2536       8.2536        1442840744 
-1   11    9   CASTOR_HAD       0.0230       0.0230       0.0230       0.0230        1442840745 
-1   11   10   CASTOR_HAD       0.0177       0.0177       0.0177       0.0177        1442840746 
-1   11   11   CASTOR_HAD       1.2962       1.2962       1.2962       1.2962        1442840747 
-1   11   12   CASTOR_HAD       0.0154       0.0154       0.0154       0.0154        1442840748 
-1   11   13   CASTOR_HAD       0.0332       0.0332       0.0332       0.0332        1442840749 
-1   11   14   CASTOR_HAD       0.0179       0.0179       0.0179       0.0179        1442840750 
-1   12    1    CASTOR_EM       0.0588       0.0588       0.0588       0.0588        1442840753 
-1   12    2    CASTOR_EM       0.0386       0.0386       0.0386       0.0386        1442840754 
-1   12    3   CASTOR_HAD       0.0273       0.0273       0.0273       0.0273        1442840755 
-1   12    4   CASTOR_HAD       0.0343       0.0343       0.0343       0.0343        1442840756 
-1   12    5   CASTOR_HAD       0.0128       0.0128       0.0128       0.0128        1442840757 
-1   12    6   CASTOR_HAD       0.0522       0.0522       0.0522       0.0522        1442840758 
-1   12    7   CASTOR_HAD       0.0000       0.0000       0.0000       0.0000        1442840759 
-1   12    8   CASTOR_HAD       0.0000       0.0000       0.0000       0.0000        1442840760 
-1   12    9   CASTOR_HAD       0.0425       0.0425       0.0425       0.0425        1442840761 
-1   12   10   CASTOR_HAD       0.0213       0.0213       0.0213       0.0213        1442840762 
-1   12   11   CASTOR_HAD       1.5422       1.5422       1.5422       1.5422        1442840763 
-1   12   12   CASTOR_HAD       0.0322       0.0322       0.0322       0.0322        1442840764 
-1   12   13   CASTOR_HAD       0.0085       0.0085       0.0085       0.0085        1442840765 
-1   12   14   CASTOR_HAD       0.0523       0.0523       0.0523       0.0523        1442840766 
-1   13    1    CASTOR_EM       0.0235       0.0235       0.0235       0.0235        1442840769 
-1   13    2    CASTOR_EM       0.0436       0.0436       0.0436       0.0436        1442840770 
-1   13    3   CASTOR_HAD       0.0318       0.0318       0.0318       0.0318        1442840771 
-1   13    4   CASTOR_HAD       0.0208       0.0208       0.0208       0.0208        1442840772 
-1   13    5   CASTOR_HAD       0.0065       0.0065       0.0065       0.0065        1442840773 
-1   13    6   CASTOR_HAD       0.1005       0.1005       0.1005       0.1005        1442840774 
-1   13    7   CASTOR_HAD       0.0000       0.0000       0.0000       0.0000        1442840775 
-1   13    8   CASTOR_HAD       0.0000       0.0000       0.0000       0.0000        1442840776 
-1   13    9   CASTOR_HAD       0.0000       0.0000       0.0000       0.0000        1442840777 
-1   13   10   CASTOR_HAD       0.0203       0.0203       0.0203       0.0203        1442840778 
-1   13   11   CASTOR_HAD       3.2427       3.2427       3.2427       3.2427        1442840779 
-1   13   12   CASTOR_HAD       0.0224       0.0224       0.0224       0.0224        1442840780 
-1   13   13   CASTOR_HAD       0.0000       0.0000       0.0000       0.0000        1442840781 
-1   13   14   CASTOR_HAD       0.0348       0.0348       0.0348       0.0348        1442840782 
-1   14    1    CASTOR_EM       0.0154       0.0154       0.0154       0.0154        1442840785 
-1   14    2    CASTOR_EM       0.0330       0.0330       0.0330       0.0330        1442840786 
-1   14    3   CASTOR_HAD       0.0154       0.0154       0.0154       0.0154        1442840787 
-1   14    4   CASTOR_HAD       0.0202       0.0202       0.0202       0.0202        1442840788 
-1   14    5   CASTOR_HAD       0.0059       0.0059       0.0059       0.0059        1442840789 
-1   14    6   CASTOR_HAD       0.0253       0.0253       0.0253       0.0253        1442840790 
-1   14    7   CASTOR_HAD       0.0000       0.0000       0.0000       0.0000        1442840791 
-1   14    8   CASTOR_HAD       0.0000       0.0000       0.0000       0.0000        1442840792 
-1   14    9   CASTOR_HAD       0.0203       0.0203       0.0203       0.0203        1442840793 
-1   14   10   CASTOR_HAD       0.0107       0.0107       0.0107       0.0107        1442840794 
-1   14   11   CASTOR_HAD       1.1057       1.1057       1.1057       1.1057        1442840795 
-1   14   12   CASTOR_HAD       0.0122       0.0122       0.0122       0.0122        1442840796 
-1   14   13   CASTOR_HAD       0.0140       0.0140       0.0140       0.0140        1442840797 
-1   14   14   CASTOR_HAD       0.0113       0.0113       0.0113       0.0113        1442840798 
-1   15    1    CASTOR_EM       0.0326       0.0326       0.0326       0.0326        1442840801 
-1   15    2    CASTOR_EM       0.0258       0.0258       0.0258       0.0258        1442840802 
-1   15    3   CASTOR_HAD       0.0209       0.0209       0.0209       0.0209        1442840803 
-1   15    4   CASTOR_HAD       0.0277       0.0277       0.0277       0.0277        1442840804 
-1   15    5   CASTOR_HAD       0.0070       0.0070       0.0070       0.0070        1442840805 
-1   15    6   CASTOR_HAD       0.0069       0.0069       0.0069       0.0069        1442840806 
-1   15    7   CASTOR_HAD       0.0000       0.0000       0.0000       0.0000        1442840807 
-1   15    8   CASTOR_HAD       0.0000       0.0000       0.0000       0.0000        1442840808 
-1   15    9   CASTOR_HAD       0.0060       0.0060       0.0060       0.0060        1442840809 
-1   15   10   CASTOR_HAD       0.0061       0.0061       0.0061       0.0061        1442840810 
-1   15   11   CASTOR_HAD       0.0053       0.0053       0.0053       0.0053        1442840811 
-1   15   12   CASTOR_HAD       0.0212       0.0212       0.0212       0.0212        1442840812 
-1   15   13   CASTOR_HAD       0.0217       0.0217       0.0217       0.0217        1442840813 
-1   15   14   CASTOR_HAD       0.0253       0.0253       0.0253       0.0253        1442840814 
-1   16    1    CASTOR_EM       0.0545       0.0545       0.0545       0.0545        1442840817 
-1   16    2    CASTOR_EM       0.0257       0.0257       0.0257       0.0257        1442840818 
-1   16    3   CASTOR_HAD       0.0314       0.0314       0.0314       0.0314        1442840819 
-1   16    4   CASTOR_HAD       0.0216       0.0216       0.0216       0.0216        1442840820 
-1   16    5   CASTOR_HAD       0.0076       0.0076       0.0076       0.0076        1442840821 
-1   16    6   CASTOR_HAD       0.1928       0.1928       0.1928       0.1928        1442840822 
-1   16    7   CASTOR_HAD       4.7739       4.7739       4.7739       4.7739        1442840823 
-1   16    8   CASTOR_HAD       0.0000       0.0000       0.0000       0.0000        1442840824 
-1   16    9   CASTOR_HAD       0.0077       0.0077       0.0077       0.0077        1442840825 
-1   16   10   CASTOR_HAD       0.0149       0.0149       0.0149       0.0149        1442840826 
-1   16   11   CASTOR_HAD       0.0076       0.0076       0.0076       0.0076        1442840827 
-1   16   12   CASTOR_HAD       0.0061       0.0061       0.0061       0.0061        1442840828 
-1   16   13   CASTOR_HAD       0.0166       0.0166       0.0166       0.0166        1442840829 
-1   16   14   CASTOR_HAD       0.0136       0.0136       0.0136       0.0136        1442840830 
