#U fC  << this is the unit 
#             eta             phi             dep             det  cov_0_0  cov_0_1  cov_0_2  cov_0_3  cov_1_0  cov_1_1  cov_1_2  cov_1_3  cov_2_0  cov_2_1  cov_2_2  cov_2_3  cov_3_0  cov_3_1  cov_3_2  cov_3_3      DetId
               -1               1               1       CASTOR_EM 12.07366  4.72965  1.30981  0.32584  0.56064 11.72655  4.44065  1.33240  2.14604  0.57110 11.62536  4.53904  4.46483  1.29586  0.22147 11.84514   56000001
               -1               1               2       CASTOR_EM  8.40712  2.56113  0.60279 -0.09494 -0.13726  8.29439  2.68325  0.81572  0.41321  0.09444  8.21596  2.73855  2.35590  0.70506  0.04559  8.34258   56000002
               -1               1               3      CASTOR_HAD 11.25183  3.79841  0.63577 -0.35354 -0.25938 10.99410  3.56837  0.69034  0.41919 -0.65995 10.86400  3.58406  3.89462  0.80537 -0.30770 11.00070   56000003
               -1               1               4      CASTOR_HAD 18.41589 10.82015  5.23127  0.18300  0.39025 18.49446 10.62610  5.37085  5.44783  0.07114 18.35480 10.82334 10.95055  5.30501  0.13985 18.23076   56000004
               -1               1               5      CASTOR_HAD 11.74487  6.09187  2.92762  0.06032  0.04727 11.72714  6.13650  2.95509  3.17674  0.50418 11.59766  6.11693  6.03561  2.81977  0.12987 11.71533   56000005
               -1               1               6      CASTOR_HAD  8.26988  2.69815  0.80637  0.02722  0.11157  8.01743  2.42538  0.55864  0.98353  0.17970  8.11765  2.52401  2.90388  0.83906  0.00146  8.11858   56000006
               -1               1               7      CASTOR_HAD  9.94959  3.24001  1.09861 -0.05324 -0.47212  9.75097  3.27177  1.22856  1.08727 -0.09027  9.85525  3.57059  3.15160  1.03113 -0.50593  9.79044   56000007
               -1               1               8      CASTOR_HAD 10.66072  4.29331  1.90852 -0.04139  0.10929 10.70804  4.40827  1.86767  1.70816 -0.28732 10.87319  4.34769  4.23943  1.84294  0.08381 10.83615   56000008
               -1               1               9      CASTOR_HAD 10.41581  3.39720  1.04659 -0.37934 -0.12210 10.30466  3.55222  1.16138  0.63336 -0.73890 10.35209  3.42344  3.41706  0.99542 -0.30990 10.32137   56000009
               -1               1              10      CASTOR_HAD  6.64740  1.97471  0.85550  0.22481  0.03866  6.54599  1.87362  0.73531  0.72478  0.14774  6.71834  1.97918  1.72346  0.48076 -0.12892  6.64180   5600000A
               -1               1              11      CASTOR_HAD  7.44333  1.90199  0.40153  0.23903  0.27869  7.31274  1.91260  0.63993  0.64395  0.26410  7.36000  2.11758  1.92857  0.32206  0.01569  7.34570   5600000B
               -1               1              12      CASTOR_HAD  7.15531  1.59311  0.48568  0.02979 -0.15638  7.09778  1.63893  0.39945  0.30269  0.52146  7.06810  1.50547  1.82497  0.79797  0.49271  6.99870   5600000C
               -1               1              13      CASTOR_HAD  8.49452  2.11984  0.02528  0.06229 -0.19982  8.66574  1.98931 -0.17037  0.16294  0.37266  8.44889  1.99504  2.15258  0.10517  0.15023  8.59235   5600000D
               -1               1              14      CASTOR_HAD  7.22019  2.07138  0.54184  0.30937 -0.08463  8.10877  2.08433  0.70217 -0.21776 -0.43531  7.09540  2.09708  2.08638  0.45919  0.07378  7.19209   5600000E
               -1               2               1       CASTOR_EM  8.60278  2.54184  0.98510  0.12353  0.43025  8.72258  2.26868  0.48254  0.75560  0.03429  8.54619  2.08652  2.64543  0.92526  0.26429  8.52227   56000011
               -1               2               2       CASTOR_EM  8.69133  1.37286 -0.01589  0.22715  0.54406  8.77675  1.17714 -0.30441  0.06135  0.63406  8.49011  1.41466  1.90800  0.06153  0.34399  8.53687   56000012
               -1               2               3      CASTOR_HAD  7.67353  2.02827  0.44155  0.14572  0.07126  7.47889  1.92707  0.64965  0.25329 -0.62399  7.79712  2.12692  1.98641  0.37243 -0.36804  7.55719   56000013
               -1               2               4      CASTOR_HAD  7.08423  1.76425  0.25981 -0.02996 -0.06728  7.15754  1.82954  0.37697 -0.37757 -0.57694  7.06767  1.82235  1.60509  0.27956  0.10372  7.07130   56000014
               -1               2               5      CASTOR_HAD  6.67528  1.89447  0.73245  0.24117  0.47514  6.54170  1.64510  0.52624  0.46286 -0.18830  6.57937  1.57006  1.82280  0.42271  0.15725  6.56744   56000015
               -1               2               6      CASTOR_HAD  7.39304  1.74736 -0.25373  0.00772  0.58171  7.08630  1.50172 -0.29846  0.61809  0.10085  7.19107  1.67010  1.78828 -0.23341 -0.07550  7.12660   56000016
               -1               2               7      CASTOR_HAD  8.50541  1.46475  0.30549  0.00884 -0.30470  8.38503  1.78899  0.54574  0.19891  0.05618  8.36414  1.83574  1.62023  0.61321  0.08719  8.43512   56000017
               -1               2               8      CASTOR_HAD  7.18668  1.73579  0.25776 -0.36886 -0.35838  7.23336  1.88582  0.22092 -0.16975 -0.41517  7.09090  1.46184  1.82497  0.62708  0.15930  7.12071   56000018
               -1               2               9      CASTOR_HAD  7.43331  1.66989  0.50597  0.11894 -0.20863  7.19968  1.51866  0.42520  0.32249  0.40939  7.30134  1.51431  1.81580  0.43029  0.27036  7.27910   56000019
               -1               2              10      CASTOR_HAD  7.46386  1.99570  0.72010  0.22997  0.24250  7.38181  1.97476  0.72994  0.68588  0.02030  7.27004  1.89183  2.20483  0.75444  0.29293  7.39127   5600001A
               -1               2              11      CASTOR_HAD  6.90316  1.70165  0.47862  0.10712  0.20766  6.77593  1.69471  0.68147  0.55978 -0.00233  6.77448  1.86536  1.70874  0.42541 -0.01136  6.87397   5600001B
               -1               2              12      CASTOR_HAD  7.33028  2.14973  0.84853  0.40788  0.45326  7.27459  2.01394  0.62800  0.60425 -0.11045  7.12084  2.02522  2.19507  0.66604  0.25741  7.19333   5600001C
               -1               2              13      CASTOR_HAD  7.61285  1.65637  0.41801 -0.27172 -0.39725  7.38821  1.79662  0.42310  0.28915  0.20823  7.29913  1.63786  1.74817  0.55911  0.13786  7.25004   5600001D
               -1               2              14      CASTOR_HAD  7.44367  1.80511  0.53462  0.29520  0.10009  7.32980  1.85020  0.48264  0.47952  0.12102  7.17203  1.86238  2.02947  0.49212  0.23868  7.16143   5600001E
               -1               3               1       CASTOR_EM  8.53082  1.31254 -0.01018 -0.32918  0.01584  8.06091  1.72868  0.24171  0.09619  0.00439  8.35324  1.69086  1.32221  0.24175 -0.05142  8.03703   56000021
               -1               3               2       CASTOR_EM  8.94662  0.57119  0.46222  0.37837  0.16389  8.75067  0.67142  0.48145  0.23379  0.14593  8.69211  0.52924  0.61814  0.26618  0.08463  8.49911   56000022
               -1               3               3      CASTOR_HAD  9.78238  2.10607  0.19785  1.01276  0.73171  9.71187  2.17272  0.37519  0.65174  0.91124  9.64590  1.95446  1.99194  0.33328  0.88251  9.62901   56000023
               -1               3               4      CASTOR_HAD  7.43330  2.68773  1.54496  0.95841  1.02004  7.40286  2.56561  1.38748  1.27492  0.64986  7.35763  2.57167  2.77109  1.39373  0.86643  7.33801   56000024
               -1               3               5      CASTOR_HAD  7.82290  2.65827  1.03621  0.78987  1.11118  7.72928  2.64930  1.00744  1.60848  1.12149  7.69279  2.57609  2.51621  0.93032  0.73102  7.83949   56000025
               -1               3               6      CASTOR_HAD 10.15199  4.11754  1.88892  0.39520  0.11832  9.94603  3.99163  1.94366  1.14104  0.02864  9.90557  4.10598  4.07576  1.84208  0.44881 10.17859   56000026
               -1               3               7      CASTOR_HAD  7.42052  1.77260  0.37962 -0.27419 -0.29622  7.30180  1.94605  0.45682 -0.07088 -0.13617  7.36293  1.79799  1.80077  0.70318  0.05862  7.39719   56000027
               -1               3               8      CASTOR_HAD 102.27990 31.05846 -2.62299  0.24067 -1.73619 101.79292 33.34255 -5.44197 -7.99204 -3.06739 101.40211 33.11919 30.03988 -4.58305 -0.29423 101.83068   56000028
               -1               3               9      CASTOR_HAD  7.16699  1.46933  0.36946  0.08556 -0.14660  7.17225  1.53328  0.36952  0.35208  0.15488  7.02880  1.53921  1.60726  0.42826  0.10899  7.01736   56000029
               -1               3              10      CASTOR_HAD  6.62428  1.66078  0.79204  0.31958  0.49722  6.59199  1.65561  0.79663  0.51346 -0.26573  6.56327  1.77179  1.77594  0.54724  0.11281  6.58717   5600002A
               -1               3              11      CASTOR_HAD  7.31798  2.08704  0.56329  0.11437  0.45042  7.24432  1.89090  0.44267  0.63548 -0.11133  7.31110  1.92346  2.08767  0.38016 -0.14287  7.41495   5600002B
               -1               3              12      CASTOR_HAD  7.07856  1.90958  0.64735  0.27031  0.35856  6.83647  1.64072  0.54005  0.50281 -0.12298  6.81506  1.63518  1.70902  0.46181 -0.00930  6.73724   5600002C
               -1               3              13      CASTOR_HAD  6.36914  1.54852  0.42863  0.11438  0.14971  6.34176  1.69911  0.57704  0.23608 -0.25996  6.36939  1.77819  1.40570  0.41356 -0.03193  6.28166   5600002D
               -1               3              14      CASTOR_HAD  6.78223  1.55954  0.56844  0.26060  0.28743  6.14501  1.72483  0.65296  0.28135 -0.06012  6.29609  1.62826  1.57553  0.47604  0.10788  6.63378   5600002E
               -1               4               1       CASTOR_EM  8.60920  2.72646  0.96344 -0.13548  0.37934  8.72577  2.78627  1.02353  1.50926  0.21754  8.66262  2.83375  2.72506  0.99081  0.00084  8.64347   56000031
               -1               4               2       CASTOR_EM  9.83138  3.64562  1.57284  0.07162 -0.07407  9.44925  3.55783  1.69731  1.42727  0.21652  9.75346  3.69317  3.63447  1.49748  0.09348  9.68639   56000032
               -1               4               3      CASTOR_HAD 11.85616  4.17480  1.09125 -0.10906 -0.35336 11.54424  4.24852  1.05987  0.86370 -0.41959 11.44881  3.91982  4.22598  0.91075 -0.16074 11.67112   56000033
               -1               4               4      CASTOR_HAD  7.96759  1.87721  0.44531  0.35808  0.44551  8.01145  2.00205  0.44466  0.52013  0.54005  7.73291  1.95953  1.61104  0.43064  0.35789  8.02552   56000034
               -1               4               5      CASTOR_HAD  7.49577  2.68310  1.08481  0.09981  0.36032  7.57718  2.67214  0.89889  1.23684  0.13402  7.62782  2.64116  2.82585  1.28318  0.41032  7.50782   56000035
               -1               4               6      CASTOR_HAD  7.02455  1.91235  0.46920 -0.05574 -0.41527  6.92980  2.04686  0.49052  0.09544 -0.06233  6.97243  1.94689  1.85240  0.45916 -0.02674  6.95278   56000036
               -1               4               7      CASTOR_HAD  7.69293  2.19254  0.97991  0.49535  0.13696  7.51996  2.06511  0.94378  1.04186  0.47233  7.59706  2.18282  2.31654  0.92366  0.22065  7.56982   56000037
               -1               4               8      CASTOR_HAD  8.83142  2.08126 -0.19142 -0.60084 -0.48925  8.69117  2.34246  0.10373  0.13610 -0.30851  8.81717  2.31516  2.04467 -0.08839 -0.78705  8.67562   56000038
               -1               4               9      CASTOR_HAD  7.09928  1.89203  0.65339  0.00350  0.16423  6.84617  1.84811  0.44175  0.56961  0.01533  6.92703  1.69110  1.98068  0.48302  0.19639  7.00642   56000039
               -1               4              10      CASTOR_HAD  7.72698  2.12985  0.50051 -0.22870  0.12011  7.42683  2.17553  0.62168  1.00225  0.23451  7.51826  2.11208  2.12594  0.56178 -0.09908  7.61615   5600003A
               -1               4              11      CASTOR_HAD  6.62076  1.94635  0.75792 -0.00570  0.43633  6.40253  1.78754  0.29572  0.84701  0.06325  6.36910  1.45343  2.10025  0.82493  0.37910  6.76385   5600003B
               -1               4              12      CASTOR_HAD  6.96924  1.66997  0.17929  0.01334 -0.40635  7.03427  1.93381  0.64997 -0.10924  0.16253  6.92537  2.02717  1.57725  0.34636  0.00070  7.00816   5600003C
               -1               4              13      CASTOR_HAD  6.84621  1.98278  0.80511  0.30335  0.42257  6.74907  1.75798  0.60211  1.03181  0.42698  6.67203  1.75050  2.11940  0.73453  0.28055  6.68500   5600003D
               -1               4              14      CASTOR_HAD  6.78600  2.00206  0.64813  0.17738  0.62374  6.62301  1.91516  0.72370  1.46819  0.44531  6.48955  1.98149  1.98876  0.86597  0.37668  6.80183   5600003E
               -1               5               1       CASTOR_EM  9.09931  3.50518  1.39809  0.12498  0.44735  8.80593  3.34663  1.02872  1.27196 -0.09496  9.03667  3.29352  3.68721  1.48620  0.32226  8.97784   56000041
               -1               5               2       CASTOR_EM  8.65206  2.63681  0.63155  0.08267  0.15360  8.54300  2.51069  0.37013  0.54022  0.48136  8.37960  2.24591  2.82109  0.74622  0.49462  8.41454   56000042
               -1               5               3      CASTOR_HAD  8.47432  1.85640 -0.67140 -0.00399 -0.54188  8.43459  1.76617 -0.57223 -1.02283  0.17314  8.31414  1.93515  1.61395 -0.54848  0.23962  8.43825   56000043
               -1               5               4      CASTOR_HAD  7.36676  2.25888  0.74692  0.39355  0.24608  7.38104  2.09851  0.74906  0.56485 -0.11540  7.19187  2.34957  1.99122  0.50844  0.02591  7.16842   56000044
               -1               5               5      CASTOR_HAD  8.46675  2.13428  0.38194  0.23131  0.00126  8.53716  2.25932  0.53306 -0.09267 -0.01643  8.33636  2.12856  1.89654  0.31032 -0.03960  8.53855   56000045
               -1               5               6      CASTOR_HAD  9.50155  2.12001 -0.56590 -0.26539 -0.14194  9.45226  1.98787 -0.37918 -0.09278 -0.03772  9.41421  2.05796  1.97319 -0.37620 -0.13151  9.27676   56000046
               -1               5               7      CASTOR_HAD  7.71848  1.91850  0.16091  0.06160  0.48844  7.69828  1.99587  0.08482  0.15700 -0.05313  7.66806  1.90964  1.89035  0.05704  0.18508  7.70994   56000047
               -1               5               8      CASTOR_HAD  7.96971  1.69311 -0.52961 -0.26329 -0.39678  7.83541  1.89011 -0.14512 -0.41351  0.12621  7.99927  2.07515  1.39544 -0.54778 -0.22001  7.99012   56000048
               -1               5               9      CASTOR_HAD  7.64277  1.98000  0.57223  0.14457  0.00870  7.48658  1.94423  0.53973  0.28986 -0.01542  7.50651  1.94230  2.16298  0.66966  0.32756  7.54611   56000049
               -1               5              10      CASTOR_HAD  7.42973  2.11762  0.45316  0.19892 -0.03081  7.58405  2.16198  0.51721  0.71186  0.52388  7.35928  2.10156  2.17118  0.60930  0.12102  7.43450   5600004A
               -1               5              11      CASTOR_HAD  8.25797  2.60228  0.96917  0.03271 -0.08415  8.06972  2.42626  0.82816  0.79227 -0.00930  8.05553  2.63018  2.48987  0.66400 -0.02587  7.95345   5600004B
               -1               5              12      CASTOR_HAD  7.81055  1.91974  0.07819  0.02202 -1.00404  7.84942  2.04618  0.44525 -0.48300  0.27546  7.68986  2.30189  1.81132  0.04625 -0.25109  8.06952   5600004C
               -1               5              13      CASTOR_HAD  7.59420  1.89731  0.43295 -0.04097  0.09962  7.55423  1.83008  0.05836  0.26224  0.28214  7.37673  1.55143  2.07289  0.45055  0.37381  7.64864   5600004D
               -1               5              14      CASTOR_HAD  9.31800  3.42174  1.69360  0.39558  0.56804  9.31461  3.16528  1.34668  1.37839 -0.64101  9.42788  3.18603  3.44034  1.49470  0.11296  9.66185   5600004E
               -1               6               1       CASTOR_EM  7.75463  1.28410  0.69374  0.64399  0.39409  7.84714  1.32603  0.58445  0.24047 -0.08653  7.81986  1.12301  1.25860  0.45923  0.19907  7.96803   56000051
               -1               6               2       CASTOR_EM 10.75794  2.91875 -0.78670  0.19338  0.25150 10.56034  2.97785 -0.72389 -0.77173 -0.18163 10.86542  2.98459  3.11896 -0.76399 -0.10156 10.49949   56000052
               -1               6               3      CASTOR_HAD  9.77349  3.85307  1.51537  0.87117  0.45510  9.76792  3.56987  1.46338  0.94154  0.39022  9.54127  3.77894  3.69827  1.23960  0.44087  9.64325   56000053
               -1               6               4      CASTOR_HAD  6.60348  1.57030  0.23903 -0.51599 -0.30784  6.46588  1.74844  0.17724  0.29590  0.40241  6.53812  1.32028  1.70964  0.66257  0.21334  6.52487   56000054
               -1               6               5      CASTOR_HAD  8.88522  2.47280  0.20748  0.28722  0.19605  8.91033  2.47912  0.09529  0.46143  0.65058  8.71601  2.42164  2.19930 -0.10045  0.08982  8.77918   56000055
               -1               6               6      CASTOR_HAD  8.94149  1.97092 -0.25663 -0.02911  0.01000  8.76037  2.12082 -0.05875 -0.16862  0.15890  9.12414  2.23972  1.87083  0.13156  0.34031  8.63043   56000056
               -1               6               7      CASTOR_HAD  8.32834  1.76280 -0.02151  0.31277  0.37186  8.36847  1.69348 -0.33028 -0.12738  0.03314  8.28412  1.49498  1.99298  0.11100  0.54687  8.25201   56000057
               -1               6               8      CASTOR_HAD  7.78163  2.08463  0.18512 -0.36499 -0.41752  7.62809  2.13684  0.39050 -0.02852 -0.56109  7.63916  2.22166  1.90162  0.08720 -0.49754  7.61901   56000058
               -1               6               9      CASTOR_HAD  7.09445  1.89271  0.44455  0.16305 -0.36367  6.99669  1.98544  0.63021  0.46302  0.39718  7.06992  2.11811  1.87521  0.42269 -0.07690  7.08043   56000059
               -1               6              10      CASTOR_HAD  7.63483  2.18852  0.08921  0.17407  0.15171  7.54025  1.90605  0.01129  0.02648 -0.36154  7.67518  2.19258  2.25998 -0.02942 -0.23508  7.72879   5600005A
               -1               6              11      CASTOR_HAD  6.64475  1.60211  0.24438 -0.18094 -0.24294  6.66844  1.68601  0.15907 -0.11602 -0.15538  6.61123  1.50843  1.39319  0.11498 -0.11369  6.62933   5600005B
               -1               6              12      CASTOR_HAD  7.98169  1.20380  0.01310  0.02012  0.06714  7.63866  1.60377  0.29357 -0.31012 -0.18353  7.64693  1.57464  0.96451  0.10536 -0.04329  7.74944   5600005C
               -1               6              13      CASTOR_HAD  7.06446  2.21282  0.94204  0.29061  0.28126  7.04663  2.03837  0.55706  0.73484  0.10616  6.89772  1.85776  2.26213  0.74152  0.19957  6.94865   5600005D
               -1               6              14      CASTOR_HAD  7.78567  1.68113 -0.31182 -0.24021  0.21454  7.89465  1.88056 -0.13142 -0.22781 -0.46779  7.80188  1.91920  1.53483 -0.30457 -0.24637  7.98635   5600005E
               -1               7               1       CASTOR_EM  7.55081  1.93741  0.15320 -0.03400  0.22324  7.38919  1.98612  0.09449  0.66692  0.46290  7.39790  1.89768  2.11583  0.25492  0.27314  7.63379   56000061
               -1               7               2       CASTOR_EM 18.15855  7.38651  2.19904 -1.55041 -1.69999 17.94778  7.54926  1.80752  2.11081 -0.73423 17.92276  7.24349  7.44461  2.61059 -0.81663 17.73763   56000062
               -1               7               3      CASTOR_HAD  8.17531  2.09323  1.01269  0.25286  0.83299  8.04561  2.07246  1.01044  1.53100  0.15268  8.30679  2.15684  2.08251  0.97206  0.40537  7.98973   56000063
               -1               7               4      CASTOR_HAD  8.18085  1.96270  0.90996 -0.17316 -0.24357  8.03144  2.10101  0.90578  0.72429 -0.13060  8.05186  1.97971  1.78509  0.90528  0.01680  8.25448   56000064
               -1               7               5      CASTOR_HAD  7.28953  1.90742  0.00064  0.02127 -0.26535  7.06518  1.84663  0.06511 -0.25386  0.01916  7.05375  1.87247  2.03551  0.16881  0.06020  7.28954   56000065
               -1               7               6      CASTOR_HAD  6.68715  1.62690  0.29846  0.15166  0.22683  6.59005  1.78638  0.58709  0.57007  0.25263  6.55975  1.94026  1.61941  0.35550 -0.01627  6.54698   56000066
               -1               7               7      CASTOR_HAD  7.98342  1.95077  0.43898  0.31918  0.25577  7.75337  1.92564  0.37358  0.71296  0.09209  7.61265  1.76370  1.97374  0.45852  0.14210  7.75330   56000067
               -1               7               8      CASTOR_HAD  6.49434  1.64035  0.48067  0.11514  0.03493  6.50875  1.73455  0.61512  0.45265  0.08459  6.34628  1.82693  1.54681  0.43367  0.01291  6.43590   56000068
               -1               7               9      CASTOR_HAD  7.31945  1.69422  0.22959 -0.01319 -0.10513  7.17853  1.62596  0.23077  0.04326  0.07398  7.30560  1.62597  1.64390  0.17083 -0.01351  7.22768   56000069
               -1               7              10      CASTOR_HAD  7.60402  2.14929  0.76099  0.15578  0.17119  7.57452  1.97822  0.68642  0.73239 -0.04078  7.47471  2.07615  2.12311  0.71031  0.11198  7.43207   5600006A
               -1               7              11      CASTOR_HAD  6.97425  1.95305  0.47448  0.11143  0.49972  6.91314  1.90985  0.55365  0.75175 -0.00057  6.88769  1.89848  2.00842  0.52133  0.13799  6.93285   5600006B
               -1               7              12      CASTOR_HAD  6.69250  1.63019  0.54201 -1.10247 -0.96202  6.67330  1.62100  0.29801  0.70938 -1.04645  6.77163  1.51613  1.65829  0.35839 -1.08425  6.71864   5600006C
               -1               7              13      CASTOR_HAD 16.26776  5.51123 -0.90146 -3.33921 -3.12442 16.09570  5.86154 -0.59314 -0.06921 -3.02258 16.32919  5.85954  5.90695 -0.79911 -3.30293 16.11405   5600006D
               -1               7              14      CASTOR_HAD  9.69220  2.61164  0.03003 -0.52756 -0.02754  9.34308  2.36057 -0.35576 -0.29051 -0.54734  9.38515  2.17576  2.44765 -0.08519 -0.36755  9.26367   5600006E
               -1               8               1       CASTOR_EM  8.62016  3.04960  0.81858  0.10795  0.10554  8.50223  2.94156  0.46845  0.71603  0.05182  8.59739  2.73494  3.06386  0.80734  0.30640  8.50860   56000071
               -1               8               2       CASTOR_EM  7.37417  1.70748  0.05101  0.05742  0.29459  7.27985  1.73558  0.19570 -0.06529 -0.14578  7.34382  1.98256  1.52529 -0.08588 -0.02635  7.25700   56000072
               -1               8               3      CASTOR_HAD  8.87859  1.03422  0.18396  0.56090  0.54556  8.88698  0.66536 -0.25090 -0.45005  0.34081  8.89136  0.72691  1.27393  0.29043  0.74061  8.78158   56000073
               -1               8               4      CASTOR_HAD  7.97412  1.73622  0.58427  0.06525  0.23908  7.99759  1.74608  0.46854  0.34970 -0.34319  7.78623  1.53285  1.90643  0.66116  0.12341  7.96910   56000074
               -1               8               5      CASTOR_HAD  7.57658  2.22248  0.55091  0.18506  0.35955  7.56939  2.04790  0.31075  0.88702  0.22355  7.58816  2.06314  2.41466  0.51889  0.34011  7.75879   56000075
               -1               8               6      CASTOR_HAD  7.66349  1.95794 -0.29932 -0.56314 -0.50795  7.42103  2.13470 -0.22462 -0.44807 -0.30405  7.44644  2.00202  1.99733 -0.10285 -0.16228  7.40285   56000076
               -1               8               7      CASTOR_HAD  7.31536  1.73791  0.43413 -0.03279  0.26367  7.33063  1.84194  0.54313  0.44873 -0.10705  7.36916  1.86129  1.56674  0.28517 -0.09298  7.25869   56000077
               -1               8               8      CASTOR_HAD  6.54983  1.34089  0.43954 -0.18580 -0.11801  6.58574  1.51683  0.29914  0.20779  0.13184  6.53845  1.33131  1.37909  0.44233  0.02475  6.56394   56000078
               -1               8               9      CASTOR_HAD  8.05619  1.80550  0.26181  0.08788  0.59493  8.00322  1.72399  0.23002  0.22560 -0.53698  7.95103  1.78005  1.75767  0.13443  0.01767  8.09952   56000079
               -1               8              10      CASTOR_HAD  7.35520  1.83792  0.35771 -0.12411  0.10032  7.30803  1.89264  0.44855  0.01621 -0.75436  7.38045  1.92396  1.85777  0.48242 -0.04267  7.40049   5600007A
               -1               8              11      CASTOR_HAD  7.29932  1.60517  0.57687  0.03883 -0.30683  7.23455  1.64514  0.60086  0.40133  0.31283  7.04038  1.73126  1.83647  0.66773  0.14041  7.23438   5600007B
               -1               8              12      CASTOR_HAD  8.07485  2.64359  0.95151  0.24856 -0.26544  7.80795  2.48026  0.98893  0.97000  0.20727  7.91416  2.73550  2.70453  0.75873 -0.10471  8.04491   5600007C
               -1               8              13      CASTOR_HAD  7.07533  1.91925  0.44243  0.00619 -0.16493  7.16284  1.94196  0.57440  0.32967 -0.04488  6.90884  1.97028  2.00543  0.47421 -0.06326  7.05852   5600007D
               -1               8              14      CASTOR_HAD  7.24412  1.85849  0.39968  0.22821  0.29311  7.35744  1.63517  0.28565  0.36128  0.04850  7.26664  1.73585  1.87022  0.43276  0.15636  7.15910   5600007E
               -1               9               1       CASTOR_EM  7.00819  1.88935  0.34722 -0.15718 -0.21927  7.16763  2.08884  0.48050  0.50726  0.38954  6.86179  2.07334  1.83920  0.69692  0.15646  7.13315   56000081
               -1               9               2       CASTOR_EM  6.89284  1.53820  0.05340  0.12835  0.08627  6.95150  1.67207  0.11601  0.01563  0.04752  6.68233  1.65800  1.60115  0.08691  0.28421  6.87664   56000082
               -1               9               3      CASTOR_HAD  7.59279  1.47152  0.00062  0.14213  0.43652  7.58616  1.62458 -0.05121  0.39945  0.78232  7.62385  1.54579  1.57570  0.14971  0.56768  7.57642   56000083
               -1               9               4      CASTOR_HAD  8.50431  1.72290  0.22774  0.64885  0.50024  8.38146  1.56843  0.12798  0.23775  0.52861  8.34753  1.77294  1.75378  0.14563  0.31591  8.40736   56000084
               -1               9               5      CASTOR_HAD  7.19192  1.55311  0.12311 -0.17869 -0.47095  7.03319  1.79672  0.50523 -0.13904 -0.11646  7.13852  1.90041  1.49582  0.21191 -0.11666  7.18218   56000085
               -1               9               6      CASTOR_HAD  6.78294  1.66437  0.54981 -0.09545 -0.04807  6.61707  1.68895  0.45335  0.65076  0.49213  6.53034  1.52710  1.79801  0.67237  0.25269  6.55120   56000086
               -1               9               7      CASTOR_HAD  6.45256  1.52964  0.66074  0.27786  0.24846  6.39843  1.36953  0.62743  0.75975  0.30084  6.30653  1.48666  1.64129  0.54766  0.16088  6.36496   56000087
               -1               9               8      CASTOR_HAD  8.21408  2.36971  0.73425 -0.13798  0.06812  8.05889  2.29026  0.53846  0.68544 -0.23609  8.07757  2.28992  2.51540  0.66949  0.06695  8.06929   56000088
               -1               9               9      CASTOR_HAD  7.06860  1.55183  0.50464 -0.07233 -0.07507  6.80665  1.49512  0.65302  1.01580  0.46573  6.77473  1.67055  1.53256  0.59539 -0.03406  6.98504   56000089
               -1               9              10      CASTOR_HAD  8.17152  2.10010  0.42742 -0.19231 -0.05345  7.92226  1.80359  0.42726  0.48187 -0.45746  7.96596  1.87860  2.07899  0.51050  0.12503  8.16061   5600008A
               -1               9              11      CASTOR_HAD  7.94231  1.94770  0.50111  0.26689 -0.39640  7.84881  2.12137  0.92729  0.06098 -0.05122  7.80695  2.32836  1.61220  0.39520  0.02079  7.85539   5600008B
               -1               9              12      CASTOR_HAD  8.66326  2.15377  0.39121 -0.24509  0.16970  8.52832  2.14694 -0.00585 -0.22163 -0.66519  8.57091  1.80552  2.43896  0.41088  0.13086  8.62962   5600008C
               -1               9              13      CASTOR_HAD  6.77066  1.80652  0.49397  0.23503 -0.25976  6.53302  1.63364  0.47678  0.48364  0.36002  6.53600  1.68593  1.65571  0.35991 -0.02251  6.62956   5600008D
               -1               9              14      CASTOR_HAD  9.06832  3.40802  1.98084  0.94368  1.11882  8.97908  3.55926  2.12877  2.49454  1.39221  8.95040  3.48952  3.42511  2.07771  1.04245  9.01095   5600008E
               -1              10               1       CASTOR_EM  7.97644  2.54215  0.74837  0.08032 -0.15678  7.94766  2.60869  0.69063  0.49584  0.12751  7.74883  2.52804  2.70597  0.78558  0.19316  7.91518   56000091
               -1              10               2       CASTOR_EM  7.01603  1.59632  0.31721 -0.07442  0.16339  6.82640  1.51558  0.19864  0.55337  0.28802  6.95640  1.36547  1.78542  0.42389  0.20654  6.73356   56000092
               -1              10               3      CASTOR_HAD  7.98078  2.03083  0.45707  0.24704  0.14864  8.01505  2.03798  0.34442  0.42830  0.34923  8.20210  2.01248  1.85347  0.39713  0.14604  7.90115   56000093
               -1              10               4      CASTOR_HAD  6.62420  1.80577  0.50419  0.09229  0.15690  6.78218  1.72402  0.48386  0.88868  0.48789  6.65835  1.77196  1.95998  0.63511  0.21318  6.65798   56000094
               -1              10               5      CASTOR_HAD  7.18570  1.79395  0.09459 -0.30991 -0.01912  7.26061  1.87766 -0.11823 -0.10011 -0.09499  7.02889  1.45847  1.88946  0.11466 -0.01898  7.07746   56000095
               -1              10               6      CASTOR_HAD  6.63663  1.58109  0.46451 -0.08563  0.28141  6.68040  1.77040  0.48526  0.70414  0.27400  6.64391  1.58898  1.67988  0.57562  0.14879  6.64111   56000096
               -1              10               7      CASTOR_HAD  6.85439  1.40388  0.39880 -0.42880 -0.28760  6.87008  1.74059  0.37591  0.25742  0.00423  6.85280  1.49179  1.37057  0.46454 -0.14174  6.98730   56000097
               -1              10               8      CASTOR_HAD  7.36670  1.76706  0.32864  0.08368  0.23549  7.25008  1.76978  0.30701  0.73661  0.11468  7.34083  1.65620  1.79642  0.29419  0.02130  7.25695   56000098
               -1              10               9      CASTOR_HAD  7.63765  1.57899  0.15388 -0.31736 -0.28678  7.42812  1.59273  0.12920  0.24315  0.06800  7.37449  1.48036  1.63916  0.33829 -0.23868  7.50404   56000099
               -1              10              10      CASTOR_HAD  7.51711  1.62734  0.40337 -0.13273 -0.40969  7.49290  1.76526  0.38641  0.32423  0.40497  7.33139  1.48007  1.73827  0.58334  0.15625  7.25716   5600009A
               -1              10              11      CASTOR_HAD  7.10711  1.95891  0.76931  0.18024  0.38597  6.95764  1.78389  0.69230  0.70899  0.02691  6.99101  1.84466  1.95696  0.67595  0.13763  6.92388   5600009B
               -1              10              12      CASTOR_HAD  8.12249  1.63504  0.52442  0.13487  0.45369  7.91333  1.63885  0.48183  0.28616 -0.53858  8.02639  1.70351  1.81789  0.55829  0.20438  7.98341   5600009C
               -1              10              13      CASTOR_HAD  8.98485  2.87505  0.99075  0.60869  0.66368  8.84785  2.79842  0.81727  0.52117  0.32811  9.02192  2.82138  3.18676  0.96387  0.85068  9.04958   5600009D
               -1              10              14      CASTOR_HAD  7.94981  1.99543 -0.31288 -0.09320  0.22555  7.84708  1.94775 -0.55848 -0.20573 -0.34220  7.75594  1.73317  2.06858 -0.56394 -0.29198  8.06073   5600009E
               -1              11               1       CASTOR_EM  8.17854  1.76488 -0.12145 -0.06827 -0.66899  8.08713  1.94891  0.16404 -0.46797  0.35235  8.10169  2.04367  1.67610 -0.08598 -0.12902  8.25371   560000A1
               -1              11               2       CASTOR_EM  7.60472  1.91574  0.46808  0.11525  0.65477  7.43515  1.92452  0.41257  1.08439  0.18821  7.46301  1.91275  2.04104  0.68026  0.19357  7.50299   560000A2
               -1              11               3      CASTOR_HAD 12.32465  4.03251  1.25232 -0.09619  0.22946 11.97330  3.79194  0.95298  1.42269  0.01321 11.99098  3.85278  4.00910  1.16387 -0.26760 11.96051   560000A3
               -1              11               4      CASTOR_HAD  7.97618  1.58097  0.24372 -0.32404 -0.32456  7.62506  1.89687  0.30147  0.35631  0.42721  7.67684  1.54288  1.77581  0.79300  0.33500  7.77345   560000A4
               -1              11               5      CASTOR_HAD  8.15822  2.52562  0.75136 -0.16355 -0.28187  8.00216  2.59146  0.69174  0.44608 -0.22240  8.00683  2.36495  2.43859  0.82540  0.06229  7.95441   560000A5
               -1              11               6      CASTOR_HAD  6.87329  1.78547  0.43465  0.30192  0.18820  6.70741  1.83966  0.71651  0.72547  0.17500  6.77119  2.14142  1.54244  0.20185 -0.17891  6.89638   560000A6
               -1              11               7      CASTOR_HAD  7.03196  1.74181  0.35077 -0.38661 -0.26446  7.02529  1.83796  0.47593  0.15704 -0.43814  6.99725  1.88732  1.57014  0.20659 -0.57940  6.95280   560000A7
               -1              11               8      CASTOR_HAD  7.54719  1.51991  0.29454 -0.29022  0.14335  7.27640  1.64869  0.35765  0.82758  0.05905  7.36362  1.60432  1.51755  0.32186 -0.17690  7.53723   560000A8
               -1              11               9      CASTOR_HAD  7.41834  1.71271  0.44601 -0.26558 -0.50519  7.39329  1.77893  0.44801  0.29928 -0.08492  7.50140  1.85250  1.90130  0.38377 -0.16320  7.42014   560000A9
               -1              11              10      CASTOR_HAD  6.36722  1.10122  0.23189 -0.31877 -0.05826  6.36184  1.55999  0.50506 -0.02560 -0.31523  6.44516  1.53061  0.99764  0.38989 -0.11356  6.52241   560000AA
               -1              11              11      CASTOR_HAD  6.77067  1.69160  0.43093  0.36090  0.53103  6.87259  1.72858  0.65715  0.85659  0.00997  6.93019  1.90523  1.53705  0.08389 -0.27995  6.80446   560000AB
               -1              11              12      CASTOR_HAD  8.75610  2.03393  0.85749 -0.07229 -0.19185  8.70185  2.03176  0.51654  0.74218  0.29471  8.55458  1.83207  2.21429  1.05825  0.29466  8.60669   560000AC
               -1              11              13      CASTOR_HAD  7.85651  1.75734  0.41724  0.06230  0.57624  7.76151  1.74695  0.38513  0.67063  0.28411  7.71751  1.82041  1.64174  0.32678 -0.01762  7.61936   560000AD
               -1              11              14      CASTOR_HAD  7.65354  1.67347  0.67932  0.25480  0.08949  7.64918  1.67734  0.76458  0.24447 -0.20052  7.52325  1.86939  1.52392  0.46472 -0.03508  7.64269   560000AE
               -1              12               1       CASTOR_EM  8.08814  2.31783  0.58346  0.11162 -0.42275  8.17413  2.28677  0.41974  0.14335  0.10151  7.97521  2.21115  2.35854  0.54011  0.21579  8.10657   560000B1
               -1              12               2       CASTOR_EM  8.16817  2.07711  0.24931  0.01500 -0.38439  8.13037  2.21187  0.49420  0.16571  0.42740  8.12043  2.16449  1.81261  0.22216  0.08580  8.05686   560000B2
               -1              12               3      CASTOR_HAD  8.20075  1.97731  0.47812  0.19803  0.22389  7.79591  1.84409  0.42951  0.20359 -0.34082  7.95466  2.12001  2.00676  0.33219 -0.20049  7.87747   560000B3
               -1              12               4      CASTOR_HAD  8.41474  2.35435  0.51680 -0.08751  0.03073  8.45635  2.29422  0.45193  1.02501  0.16551  8.26769  2.17047  2.25453  0.49731 -0.04517  8.48771   560000B4
               -1              12               5      CASTOR_HAD  6.85327  1.54351  0.34421 -0.01977  0.30503  6.78418  1.67406  0.31899  0.13323 -0.43370  6.72044  1.57285  1.47147  0.32657  0.06471  6.68674   560000B5
               -1              12               6      CASTOR_HAD  8.44530  2.20464  0.62415  0.35688  0.19847  8.33147  2.07261  0.50774  0.69126 -0.09141  8.18571  2.21814  2.15316  0.16583 -0.09115  8.31567   560000B6
               -1              12               7      CASTOR_HAD  9.18365  1.63128  0.33437 -0.25342 -0.20784  8.86488  1.81432  0.64165  0.05356 -0.38604  8.76393  1.99101  1.88111  0.59041  0.12188  8.86245   560000B7
               -1              12               8      CASTOR_HAD  7.44241  1.80810  0.47912  0.34898 -0.29689  7.41559  1.66123  0.53717 -0.27316 -0.41539  7.23701  1.97128  1.63459  0.09711 -0.20854  7.29774   560000B8
               -1              12               9      CASTOR_HAD  7.45015  1.79783  0.39551 -0.32762 -0.43575  7.25265  1.96751  0.53352  0.06676 -0.14098  7.39373  1.98587  1.76675  0.66257 -0.06702  7.36910   560000B9
               -1              12              10      CASTOR_HAD  7.25470  1.50507  0.08601 -0.36218  0.09794  7.51094  1.97598  0.69668  0.72082  0.02444  7.27591  2.04035  1.45069  0.42507 -0.16720  7.25338   560000BA
               -1              12              11      CASTOR_HAD  6.45332  1.87557  0.70669  0.21495  0.13657  6.43354  1.73672  0.70412  1.25374  0.60813  6.43629  1.85713  2.09005  0.88653  0.25547  6.43057   560000BB
               -1              12              12      CASTOR_HAD 10.54120  1.97017  0.53836 -0.08437  0.05296 10.96388  2.31907  0.60381  0.22912 -0.15947 11.41668  2.60516  1.67628  0.25192 -0.29832 12.86634   560000BC
               -1              12              13      CASTOR_HAD  8.33425  2.33047  0.35457 -0.04492 -0.23928  8.10548  2.15088  0.22492  0.53860  0.35302  8.18074  2.04436  2.44536  0.52859  0.16063  8.10334   560000BD
               -1              12              14      CASTOR_HAD  6.11547  1.40080  0.50255  0.26493  0.41093  6.82178  1.53118  0.65892  0.63463 -0.25848  6.20170  1.52003  1.41709  0.27541 -0.20181  5.99382   560000BE
               -1              13               1       CASTOR_EM  9.33178  2.89453  0.22275 -0.58562 -0.33469  9.24368  2.83863  0.04772  0.27625  0.16199  9.43880  2.54415  3.07973  0.32141  0.04627  9.46156   560000C1
               -1              13               2       CASTOR_EM  9.35241  2.83543  1.02843 -0.01220  0.09516  9.43036  2.80751  0.94258  1.04204 -0.60001  8.98038  2.75528  3.04379  1.08380  0.11959  9.19151   560000C2
               -1              13               3      CASTOR_HAD  9.78447  2.08971  0.75153  0.13735 -0.04169  9.43165  2.00365  0.74507  0.62221  0.08067  9.47808  2.03780  1.91054  0.46392 -0.14675  9.43792   560000C3
               -1              13               4      CASTOR_HAD  7.21429  1.71988  0.54001 -0.09562 -0.63914  7.30707  1.88753  0.50968 -0.04726 -0.02767  7.27477  1.72254  1.52707  0.38502 -0.14398  7.12552   560000C4
               -1              13               5      CASTOR_HAD  7.11153  1.67238  0.45762  0.13986 -0.24949  6.97150  1.60077  0.43028  0.38956  0.35758  7.04518  1.69172  1.65252  0.43016  0.09206  6.97128   560000C5
               -1              13               6      CASTOR_HAD  9.86995  0.88027  1.51693 -0.29573 -0.20838  9.76984  0.97698  1.50386  1.09925 -0.74409  9.76095  1.02676  1.04852  1.16868 -0.43903  9.72808   560000C6
               -1              13               7      CASTOR_HAD  8.03417  2.49070  1.01231  0.23366 -0.32198  8.11098  2.34923  0.85302  0.49892 -0.16829  8.00756  2.47469  2.34816  0.68987 -0.23248  8.01284   560000C7
               -1              13               8      CASTOR_HAD  9.09651  1.59766  0.83628 -1.32451 -1.23402  9.08090  1.60749  0.89209  0.68669 -1.47237  9.59331  1.54946  1.51195  0.79065 -1.60329  9.26048   560000C8
               -1              13               9      CASTOR_HAD  8.41892  3.53283  1.27985 -0.66913 -0.57983  8.14107  3.35972  1.15884  1.27831 -0.81209  8.15388  3.45061  3.49383  1.08631 -0.72927  8.05990   560000C9
               -1              13              10      CASTOR_HAD 11.99400  1.32814 -0.76426 -1.58164 -1.13344 11.92021  1.17147 -0.66893 -0.35908 -1.05238 11.65802  1.27357  0.73829 -1.18310 -1.44014 11.92104   560000CA
               -1              13              11      CASTOR_HAD  9.49719  2.33346  0.48857 -0.05954 -0.35782  9.31382  2.30654  0.22732 -0.14536 -0.76954  9.22749  2.16393  2.16762  0.28036 -0.27409  9.13183   560000CB
               -1              13              12      CASTOR_HAD  6.67118  1.00997 -0.12558 -0.64397 -0.74950  6.57217  1.35908  0.22315 -0.26728 -0.55923  6.50179  1.44278  0.90093 -0.14662 -0.71517  6.47071   560000CC
               -1              13              13      CASTOR_HAD  5.76878  1.44227  0.38969 -1.00204 -1.11562  5.77219  1.50379  0.22939  0.04709 -1.10426  5.70918  1.34151  1.25473  0.19512 -1.04098  5.65694   560000CD
               -1              13              14      CASTOR_HAD  6.38825  1.48413  0.17867  0.19212  0.05808  7.10797  1.70925  0.42317  0.41004  0.35101  7.48013  1.86397  1.20411  0.03216 -0.07470  6.27741   560000CE
               -1              14               1       CASTOR_EM  8.94488  2.33221  0.22965 -0.12179 -0.31321  8.76156  2.39343  0.12600 -0.27930 -0.33429  8.73497  2.39731  2.56850  0.17424 -0.04669  8.67208   560000D1
               -1              14               2       CASTOR_EM  8.35507  1.56434  0.42214 -0.15783 -0.11469  8.60155  1.42584  0.25882  0.53834 -0.36654  8.35139  1.61825  1.46946  0.24101 -0.19560  8.46155   560000D2
               -1              14               3      CASTOR_HAD  7.56991  1.85175  0.48836 -0.01286 -0.25357  7.53719  1.99171  0.76055  0.75877  0.44701  7.37848  2.07372  1.76475  0.49039  0.00631  7.61638   560000D3
               -1              14               4      CASTOR_HAD  7.09827  1.72499  0.58382  0.13816  0.62467  7.00472  1.64347  0.51176  0.63259 -0.42225  6.94724  1.59310  1.55637  0.51286  0.08293  7.01646   560000D4
               -1              14               5      CASTOR_HAD  7.22723  1.94098  0.58781  0.13774  0.17800  7.15765  1.87304  0.70651  0.99129  0.33601  7.19069  1.91563  1.76629  0.58772 -0.00326  7.28695   560000D5
               -1              14               6      CASTOR_HAD  6.67758  1.01527  0.28437 -0.47136  0.20465  6.62748  1.19424  0.41730  0.70416 -0.32429  6.49081  1.05960  0.93606  0.41144 -0.20978  6.50410   560000D6
               -1              14               7      CASTOR_HAD  7.47826  1.96828  0.62849  0.27359  0.12797  7.39246  1.76812  0.73187  0.64307  0.39368  7.39920  1.90255  2.08836  0.62417  0.19038  7.41569   560000D7
               -1              14               8      CASTOR_HAD  7.10442  1.86566  0.61781  0.34650  0.15642  7.06833  1.84889  0.84986  0.89318  0.24211  7.15531  1.94039  2.05550  0.73656  0.19856  7.09441   560000D8
               -1              14               9      CASTOR_HAD  8.31830  1.90989  0.97395 -0.46482 -0.47360  8.38210  1.70358  0.68990  0.71367 -0.66359  8.20243  1.51923  1.91089  0.89915 -0.41656  8.34043   560000D9
               -1              14              10      CASTOR_HAD  6.83057  1.76595  0.85862  0.09125 -0.03251  6.62984  1.57043  0.64357  0.94015  0.19532  6.53463  1.48565  1.74006  0.75550 -0.00213  6.65747   560000DA
               -1              14              11      CASTOR_HAD  6.72203  1.41485  0.39290  0.22710  0.44403  6.53262  1.44020  0.43285  0.34744 -0.22915  6.76551  1.62077  1.32314  0.37897  0.03109  6.68961   560000DB
               -1              14              12      CASTOR_HAD  7.02424  1.66077  0.70974  0.26417  0.41062  6.76995  1.67872  0.63749  0.54413 -0.25002  6.83315  1.67975  1.65120  0.54399  0.05822  6.94722   560000DC
               -1              14              13      CASTOR_HAD 23.77077 11.43871  1.17491 -6.88705 -6.70470 23.53296 11.58453  1.36207  0.50924 -6.78487 23.77964 11.28651 11.09817  1.54594 -6.26428 23.39102   560000DD
               -1              14              14      CASTOR_HAD  7.73835  1.75195  0.56067  0.19243  0.31897  7.66623  1.57986  0.33086  0.52878  0.01683  7.88644  1.54633  2.02159  0.55030  0.27789  8.43121   560000DE
               -1              15               1       CASTOR_EM  7.64664  1.98913  0.19734 -0.03984  0.18201  7.38283  1.96602  0.28440  0.18907  0.15454  7.42369  1.80192  1.94672  0.36321  0.18647  7.69824   560000E1
               -1              15               2       CASTOR_EM 12.23882  2.49912  0.80135 -1.09633 -0.82870 12.06161  2.63295  0.52054  0.70304 -0.41905 11.62547  2.38850  2.11394  0.75803 -0.66707 12.34964   560000E2
               -1              15               3      CASTOR_HAD  9.02234  2.50944  0.52818 -0.76356 -0.57511  9.73691  2.63429  0.31750  0.65200 -0.94142  8.94719  2.21465  2.59936  0.34315 -0.62653  8.65374   560000E3
               -1              15               4      CASTOR_HAD  7.63725  2.39882  0.74146  0.03152 -0.11793  7.51675  2.35352  0.81339  0.60253  0.23139  7.55522  2.33092  2.40587  0.77048  0.13512  7.51813   560000E4
               -1              15               5      CASTOR_HAD  6.66349  1.87240  0.60672  0.11733 -0.02090  6.55220  1.85227  0.60624  0.63964  0.23017  6.59063  1.83639  1.75340  0.61393  0.15564  6.41795   560000E5
               -1              15               6      CASTOR_HAD  7.25799  2.16748  0.59899  0.11240 -0.11187  7.32638  2.06913  0.75146  0.83819  0.31472  7.12832  2.12177  2.09037  0.66156  0.02144  7.31969   560000E6
               -1              15               7      CASTOR_HAD  8.00529  1.68681  0.44710 -0.37421 -0.48252  8.02326  1.99566  0.80802  0.67400  0.13975  7.97336  2.16993  1.56576  0.56177 -0.40055  7.83961   560000E7
               -1              15               8      CASTOR_HAD  6.66072  1.08341  0.37057  0.18696 -0.15562  6.43435  1.19661  0.41897  0.15744  0.17750  6.44655  1.30262  1.10417  0.28549 -0.04704  6.41893   560000E8
               -1              15               9      CASTOR_HAD  7.06558  1.49009  0.44382 -0.02666  0.13671  6.98656  1.62812  0.70749  0.81432 -0.01423  6.84406  1.78369  1.66543  0.66367 -0.05527  6.97272   560000E9
               -1              15              10      CASTOR_HAD  7.87265  1.68801  0.39726  0.23831 -0.14439  7.90717  1.64977  0.68418  0.32353  0.15806  8.02805  1.81684  1.55869  0.36579 -0.08299  7.87828   560000EA
               -1              15              11      CASTOR_HAD  7.31126  1.91108  0.56097 -0.01183 -0.09943  7.26364  1.88598  0.46673  0.59344  0.11416  8.27917  1.93358  1.87248  0.50464 -0.07394  7.25275   560000EB
               -1              15              12      CASTOR_HAD  7.91760  1.89876  0.77374  0.16960 -0.06117  7.94886  1.77636  0.61303  0.38960 -0.07841  8.06054  1.93096  2.01184  0.61555  0.20254  7.90947   560000EC
               -1              15              13      CASTOR_HAD  8.97330  2.44768  0.65144  0.24154  0.08175  7.11954  1.83504  0.45874  0.08727 -0.32713  8.30770  1.99805  2.10355  0.43010  0.04264  7.68157   560000ED
               -1              15              14      CASTOR_HAD  6.40690  1.91651  0.76552  0.14668  0.40862  6.53806  1.80545  0.61893  0.94591  0.07835  6.47878  1.82165  2.01557  0.87065  0.21512  6.37170   560000EE
               -1              16               1       CASTOR_EM  8.64970  2.77280  0.82928  0.14012 -0.02859  8.88748  2.46828  0.77872  0.95918  0.29221  8.85955  2.76382  2.72576  0.69851 -0.00106  8.57497   560000F1
               -1              16               2       CASTOR_EM  7.96187  2.25103  0.87182  0.49827  0.43023  7.85083  2.08767  0.85216  1.11596  0.19191  7.93918  2.14509  2.18294  0.62742  0.09382  7.89464   560000F2
               -1              16               3      CASTOR_HAD  7.41951  1.89099  0.31771  0.13244  0.62825  7.20949  1.77832  0.16827  0.86023  0.26717  7.29165  1.76577  2.02173  0.20704  0.12441  7.29409   560000F3
               -1              16               4      CASTOR_HAD  7.91822  2.43098  0.74707  0.07777  0.12956  7.91563  2.43486  0.72807  0.39990 -0.11029  7.79494  2.26377  2.42944  0.61774  0.08998  7.81230   560000F4
               -1              16               5      CASTOR_HAD  6.62419  1.89760  0.60424 -0.16897 -0.05645  6.51192  1.69605  0.29765  0.44108  0.16958  6.51184  1.46635  1.93322  0.69086  0.33608  6.48741   560000F5
               -1              16               6      CASTOR_HAD 20.47267  8.83095  0.15839 -1.91254 -1.62093 20.67888  8.31530 -0.34709  0.17078 -1.66570 20.39928  8.29046  8.18654  0.11826 -1.26522 20.30422   560000F6
               -1              16               7      CASTOR_HAD  6.35568  1.59393  0.45496 -0.37935 -0.47204  6.31276  1.77564  0.34725  0.13407  0.12000  6.31980  1.50980  1.59836  0.52895  0.07129  6.32558   560000F7
               -1              16               8      CASTOR_HAD  5.95809  1.23181  0.13013 -0.49833 -0.68199  5.90913  1.64075  0.46835 -0.41128 -0.31114  5.93133  1.57948  1.17632  0.50445  0.02414  5.92864   560000F8
               -1              16               9      CASTOR_HAD  7.34797  1.77893  0.71607 -0.30949 -0.48325  7.45589  1.77480  0.64032  0.38729 -0.12564  7.33304  1.65556  1.60479  0.64766 -0.33897  7.37127   560000F9
               -1              16              10      CASTOR_HAD  6.78498  1.78713  0.63837  0.08558 -0.21653  6.64495  1.59887  0.50916  0.87421  0.72266  6.64233  1.67227  2.00768  0.82708  0.36487  6.64610   560000FA
               -1              16              11      CASTOR_HAD  6.76824  1.70264  0.26605  0.03556  0.18587  6.52808  1.64725  0.39424  0.37534 -0.17152  6.56196  1.78217  1.64415  0.06493 -0.23307  6.73646   560000FB
               -1              16              12      CASTOR_HAD  7.56167  1.64357  0.65563  0.34897  0.05991  7.55068  1.41275  0.56716  0.57305  0.58241  7.43352  1.42150  1.56431  0.36813  0.23815  7.25999   560000FC
               -1              16              13      CASTOR_HAD  7.31104  1.19442  0.43856 -0.01973 -0.25030  7.22775  1.61940  0.58701  0.07415  0.01411  7.16474  1.52910  1.29893  0.38235  0.09358  7.20141   560000FD
               -1              16              14      CASTOR_HAD  7.46025  2.33684  0.94333 -0.12085 -0.08817  7.24524  2.22630  0.63555  1.04198  0.31141  7.32216  1.99207  2.52116  0.93823  0.25412  7.34795   560000FE
