#U fC  << this is the unit 
#             eta             phi             dep             det     cap0     cap1     cap2     cap3 widthcap0 widthcap1 widthcap2 widthcap3      DetId
               -1               1               1       CASTOR_EM 12.29600 11.76250 11.83454 11.97681 11.93407 11.90556 11.76504 11.73882   56000001
               -1               1               2       CASTOR_EM  9.59231 11.49109 11.13205 11.26741  8.43112  8.67908  8.49990  8.56200   56000002
               -1               1               3      CASTOR_HAD 10.02118 10.68173 10.92373 10.05645 11.98032 11.84439 11.77139 11.88526   56000003
               -1               1               4      CASTOR_HAD 12.96544 11.95614 12.39658 12.65463 15.75941 15.56492 15.67842 15.63984   56000004
               -1               1               5      CASTOR_HAD 10.58462 10.11009 11.39899 10.90964 10.56523 10.39891 10.41543 10.39024   56000005
               -1               1               6      CASTOR_HAD  8.42554  8.02572  9.07782  8.58846  7.89019  7.93535  7.94784  7.87911   56000006
               -1               1               7      CASTOR_HAD  9.82574 10.23558 10.57750 10.42745 10.14815  9.94904 10.08917 10.07594   56000007
               -1               1               8      CASTOR_HAD 10.49625 10.91603 11.54342 11.62677 10.94336 10.96536 11.00294 10.99120   56000008
               -1               1               9      CASTOR_HAD  9.58826 10.29463 10.64153 10.92542 10.76037 10.76564 10.68950 10.74721   56000009
               -1               1              10      CASTOR_HAD 10.22056 10.12077 10.38216 10.04411  6.90614  6.91149  6.84499  6.79781   5600000A
               -1               1              11      CASTOR_HAD 10.61038 10.31718 10.36394 11.15161  7.56140  7.42463  7.48297  7.61044   5600000B
               -1               1              12      CASTOR_HAD 10.32491 10.44431 10.57088 10.22949  7.39056  7.20557  7.27436  7.26585   5600000C
               -1               1              13      CASTOR_HAD 12.24669 12.94847 12.32674 13.16065  8.62746  8.67504  8.68006  8.94643   5600000D
               -1               1              14      CASTOR_HAD 12.18209 10.50982 10.99738 10.66247  7.28296  7.12880  7.14665  7.20157   5600000E
               -1               2               1       CASTOR_EM 11.39482 11.96979 11.65961 11.81579  8.48334  8.37155  8.31687  8.30881   56000011
               -1               2               2       CASTOR_EM  9.61054  9.59410  9.52641 10.10644  9.27853  9.16867  9.08819  9.27634   56000012
               -1               2               3      CASTOR_HAD 12.01796 10.87675 11.24081 11.75662  7.69377  7.74528  7.64277  7.72850   56000013
               -1               2               4      CASTOR_HAD 10.85101 11.27784 11.32146 11.23611  7.12380  7.21024  7.07623  7.17132   56000014
               -1               2               5      CASTOR_HAD  9.81378 10.09199  9.94180  9.97664  6.80584  6.68231  6.73581  6.61630   56000015
               -1               2               6      CASTOR_HAD 10.07411 10.18170 10.32070 10.41598  7.87487  7.87926  7.77891  7.81053   56000016
               -1               2               7      CASTOR_HAD  9.68049  9.32714  9.81847  9.67675  9.00686  9.04769  8.86827  8.97111   56000017
               -1               2               8      CASTOR_HAD 10.12514 11.14426 11.21244 10.74326  7.21227  7.32268  7.32369  7.19064   56000018
               -1               2               9      CASTOR_HAD 11.57664 10.84549 10.95712 10.68678  7.64584  7.48594  7.53974  7.61431   56000019
               -1               2              10      CASTOR_HAD 10.28780 10.13078 11.34174 11.00852  7.63208  7.52703  7.51574  7.51179   5600001A
               -1               2              11      CASTOR_HAD 10.28966 10.22561 10.71504  9.95838  6.71261  6.67253  6.74109  6.81621   5600001B
               -1               2              12      CASTOR_HAD 11.98122 11.59748 12.40173 11.85921  7.31796  7.38039  7.24519  7.21959   5600001C
               -1               2              13      CASTOR_HAD  9.66002 10.00627  9.35716 10.21723  7.56523  7.52600  7.44806  7.39797   5600001D
               -1               2              14      CASTOR_HAD 10.28162  9.58351 10.03339  9.91491  7.05444  7.22573  7.05946  7.06161   5600001E
               -1               3               1       CASTOR_EM 11.24911 11.15571 11.43047 10.79154  8.38634  8.31263  8.32852  8.18507   56000021
               -1               3               2       CASTOR_EM 10.24582 11.41052 11.12410 11.15137  8.83670  8.68042  8.70742  8.75659   56000022
               -1               3               3      CASTOR_HAD  9.51208 10.03767  9.41498  9.77572  9.45341  9.28483  9.37861  9.26186   56000023
               -1               3               4      CASTOR_HAD 10.37093 10.46795 10.73624 11.72452  7.18923  7.12231  7.07066  7.14899   56000024
               -1               3               5      CASTOR_HAD 10.93460  9.91382 10.51861 10.34632  8.34302  8.16301  8.22263  8.26737   56000025
               -1               3               6      CASTOR_HAD 10.30767 10.46874 10.15708 10.22525 11.86508 11.98674 12.00103 11.98283   56000026
               -1               3               7      CASTOR_HAD  9.89511 10.34340 10.49782 10.28095  7.49512  7.50742  7.54097  7.43501   56000027
               -1               3               8      CASTOR_HAD 11.56442 11.84615 12.15571 12.29103 108.59643 108.12666 108.89158 111.35027   56000028
               -1               3               9      CASTOR_HAD 10.64407 11.16597 11.00454 11.57611  7.24044  7.19170  7.22302  7.22335   56000029
               -1               3              10      CASTOR_HAD 10.70673 10.90080 11.19368 11.75712  6.79287  6.79690  6.75443  6.72769   5600002A
               -1               3              11      CASTOR_HAD 12.64124 12.45403 12.79978 12.54394  7.68314  7.49267  7.44070  7.57684   5600002B
               -1               3              12      CASTOR_HAD 13.58275  9.02016 11.38253 11.07157  7.12800  6.88721  6.93377  6.93456   5600002C
               -1               3              13      CASTOR_HAD 12.23507 10.96795 11.64828 11.19733  6.36676  6.23973  6.37453  6.35119   5600002D
               -1               3              14      CASTOR_HAD 10.36875 10.04701 10.60778 11.22015  6.33326  6.30643  6.34851  6.38092   5600002E
               -1               4               1       CASTOR_EM 11.70290 11.62786 11.59097 11.48943  7.93338  7.93727  8.04525  8.03258   56000031
               -1               4               2       CASTOR_EM 11.36806 10.91711 11.22363 10.84387 10.14536 10.16130 10.15244 10.03294   56000032
               -1               4               3      CASTOR_HAD 11.07129 10.09942 10.06267 11.16474 11.75983 11.79161 11.57842 11.71833   56000033
               -1               4               4      CASTOR_HAD 11.45078 10.86038 11.49358 12.19604  8.58681  8.33929  8.42147  8.69209   56000034
               -1               4               5      CASTOR_HAD  9.86586 10.83216 11.42968 10.98113  7.76343  7.67816  7.71162  7.70503   56000035
               -1               4               6      CASTOR_HAD 10.54127 10.47822 10.98332  9.91069  7.13456  7.02925  7.11603  6.95505   56000036
               -1               4               7      CASTOR_HAD 10.62379 10.90199 10.30098 11.76969  7.99437  7.73305  7.77015  7.89398   56000037
               -1               4               8      CASTOR_HAD  9.51066 10.18034  9.98690  9.92032  9.23248  9.08640  9.11570  9.24042   56000038
               -1               4               9      CASTOR_HAD 12.11132 12.82909 12.90243 12.06011  7.14615  6.97568  6.97849  6.94544   56000039
               -1               4              10      CASTOR_HAD 12.93395 12.58928 12.82921 12.57834  7.90689  7.66018  7.68481  7.71992   5600003A
               -1               4              11      CASTOR_HAD 10.47981 10.46917 11.18166 10.46927  6.66990  6.56198  6.56388  6.61574   5600003B
               -1               4              12      CASTOR_HAD 10.45076 10.61466 10.65466 10.19812  7.15970  7.03817  6.96489  7.01537   5600003C
               -1               4              13      CASTOR_HAD 12.51809 12.13386 13.43943 12.28068  6.85140  6.85989  6.84686  6.76012   5600003D
               -1               4              14      CASTOR_HAD  9.96734 10.21878 10.98604 10.32774  6.85560  6.82849  6.68026  6.55801   5600003E
               -1               5               1       CASTOR_EM 10.59432 10.71991 11.28417 10.88550  9.13708  8.94175  8.94860  9.06964   56000041
               -1               5               2       CASTOR_EM 10.07097  9.83597 10.31273 10.11187  9.05322  8.96822  8.97875  9.06496   56000042
               -1               5               3      CASTOR_HAD 11.33003 11.00968 11.53031 11.59679  8.69315  8.75062  8.62601  8.85460   56000043
               -1               5               4      CASTOR_HAD 11.03320 10.76103 10.94091 10.81501  7.59110  7.62011  7.50174  7.57315   56000044
               -1               5               5      CASTOR_HAD  9.85750 10.25571 11.63921  9.37811  8.90914  8.90794  8.76913  8.74122   56000045
               -1               5               6      CASTOR_HAD 10.34992 10.26264  9.52425 10.72031  9.23344  9.06758  9.12998  8.89363   56000046
               -1               5               7      CASTOR_HAD  9.96177 10.19992 11.19745 10.45391  7.57195  7.58286  7.40539  7.58650   56000047
               -1               5               8      CASTOR_HAD 10.44815 10.25845 10.21508 10.00488  7.90717  7.85218  7.86222  7.78319   56000048
               -1               5               9      CASTOR_HAD  9.68129 11.06246 11.02519 11.34755  7.74113  7.75395  7.53832  7.55492   56000049
               -1               5              10      CASTOR_HAD  9.79579 10.04208 10.32529 10.36650  7.54105  7.32057  7.37412  7.38897   5600004A
               -1               5              11      CASTOR_HAD 11.75873 11.40808 11.27108 11.45332  8.68743  8.57688  8.64760  8.69430   5600004B
               -1               5              12      CASTOR_HAD 11.32364 11.74243 11.52899 12.45619  7.72143  7.57819  7.49499  7.47932   5600004C
               -1               5              13      CASTOR_HAD 10.39889 10.78176 10.32163 11.04654  7.88701  7.78992  7.54805  7.83054   5600004D
               -1               5              14      CASTOR_HAD 10.88219 11.18326 10.57898 10.40640  8.82145  8.85871  8.62084  8.83162   5600004E
               -1               6               1       CASTOR_EM 11.59254 10.71666 11.30418 11.42577  7.73995  7.91699  7.93614  7.89183   56000051
               -1               6               2       CASTOR_EM 11.20257 10.87117 11.22619 11.37898 10.35964 10.45731 10.34563 10.31530   56000052
               -1               6               3      CASTOR_HAD 10.73086 10.81538 10.71650 10.72936 11.17921 11.18107 11.15075 11.04019   56000053
               -1               6               4      CASTOR_HAD 13.44382 13.13987 13.52015 12.87084  6.57799  6.53220  6.56039  6.63689   56000054
               -1               6               5      CASTOR_HAD 11.52750 10.83040 11.35753 10.94346  9.22237  9.17300  9.38441  8.93973   56000055
               -1               6               6      CASTOR_HAD 11.13673 12.29893 11.55060 10.45063  8.56990  8.56003  8.40430  8.60801   56000056
               -1               6               7      CASTOR_HAD 10.33727 10.68721 11.20704 10.44769  9.01723  8.97876  9.03819  8.71201   56000057
               -1               6               8      CASTOR_HAD 11.22012 10.63842 11.02737 10.20818  7.68096  7.56313  7.57554  7.33423   56000058
               -1               6               9      CASTOR_HAD  9.71275 11.30077 11.30188 12.22218  7.14992  7.16412  7.19206  7.19162   56000059
               -1               6              10      CASTOR_HAD  8.94630 10.81427 12.74869 12.12113  7.64509  7.55201  7.73723  7.76318   5600005A
               -1               6              11      CASTOR_HAD  9.57301 10.22783 10.23722  9.68013  6.77012  6.69248  6.63285  6.56841   5600005B
               -1               6              12      CASTOR_HAD 10.10320 10.55404 11.02438 11.45508  7.61196  7.45912  7.40437  7.47997   5600005C
               -1               6              13      CASTOR_HAD 10.31885  9.81940 11.16409 11.53997  6.99415  6.99948  7.01983  6.93902   5600005D
               -1               6              14      CASTOR_HAD 10.31790 10.81094  9.60139  9.94016  7.80605  7.79802  7.64580  7.90962   5600005E
               -1               7               1       CASTOR_EM 10.42802 10.14260 10.11645 10.03028  7.56034  7.46802  7.30302  7.30944   56000061
               -1               7               2       CASTOR_EM 11.45304 12.71479 12.30258 12.44565 19.69695 19.54109 19.40703 19.53728   56000062
               -1               7               3      CASTOR_HAD 10.51550 11.05001 11.29254 10.75692  8.20314  8.16889  8.21446  8.15637   56000063
               -1               7               4      CASTOR_HAD 11.84804 11.14477 11.77755 11.73582  7.76265  7.61908  7.61550  7.68501   56000064
               -1               7               5      CASTOR_HAD  9.59125  9.36995  8.95518  9.81389  7.19077  7.11069  7.12333  7.11115   56000065
               -1               7               6      CASTOR_HAD 10.28690 10.61413 11.02278 10.98294  6.67967  6.72365  6.51045  6.52772   56000066
               -1               7               7      CASTOR_HAD  9.83397  9.46179  9.92910  9.66867  7.90125  7.81022  7.67885  7.74307   56000067
               -1               7               8      CASTOR_HAD 10.63029 10.61272 11.18612 11.89849  6.55255  6.42686  6.42304  6.40614   56000068
               -1               7               9      CASTOR_HAD 11.55245 11.83356 12.56684 11.59599  7.13468  7.10197  7.01124  6.99577   56000069
               -1               7              10      CASTOR_HAD 10.32321 10.29916 10.11754 10.78137  7.77280  7.62998  7.53179  7.51467   5600006A
               -1               7              11      CASTOR_HAD 12.05278  9.79649 10.88067 11.03195  6.98750  6.79198  6.70294  7.03147   5600006B
               -1               7              12      CASTOR_HAD 10.37907  9.75187 11.99993 10.60952  7.51193  7.39281  7.54475  7.48384   5600006C
               -1               7              13      CASTOR_HAD 11.40707 10.94815 11.16622 10.64422 15.09295 15.03209 15.01800 14.96380   5600006D
               -1               7              14      CASTOR_HAD 10.27678 10.26628 10.47916 10.84714  9.19665  9.19693  8.95667  9.26219   5600006E
               -1               8               1       CASTOR_EM 10.57099 10.74407 10.41551  9.89087  8.68367  8.71127  8.65589  8.83018   56000071
               -1               8               2       CASTOR_EM 10.23180 10.01272 10.26342 10.88747  7.09731  6.85327  7.00893  6.97142   56000072
               -1               8               3      CASTOR_HAD 10.91252 11.54466 11.66434 12.19258  8.49011  8.32765  8.35139  8.45348   56000073
               -1               8               4      CASTOR_HAD  9.97134  9.07325 10.82905 10.67626  8.25937  8.12097  7.98428  8.09824   56000074
               -1               8               5      CASTOR_HAD 10.41231  8.74961 10.38082  9.13467  7.61007  7.59954  7.62379  7.65750   56000075
               -1               8               6      CASTOR_HAD 10.22800 11.00157 10.60979 11.42383  7.06110  7.01715  7.16730  6.92838   56000076
               -1               8               7      CASTOR_HAD 10.70816 11.57630 11.61139 11.60735  7.30758  7.23880  7.19075  7.18373   56000077
               -1               8               8      CASTOR_HAD 28.22545 27.94204 28.54810 27.91496 1789.17810 1786.11829 1778.22839 1764.81287   56000078
               -1               8               9      CASTOR_HAD 10.77759 11.16578 10.81715 11.60489  7.98538  7.96028  7.99355  7.89855   56000079
               -1               8              10      CASTOR_HAD 11.09069 10.84068 11.34689 11.54706  7.21659  7.13134  7.08309  7.09989   5600007A
               -1               8              11      CASTOR_HAD 11.07010 11.37401 11.12410 10.86453  7.31942  7.25905  7.22370  7.18583   5600007B
               -1               8              12      CASTOR_HAD 11.08639 12.24057 10.36623 11.23921  8.12205  7.85243  7.86253  8.10502   5600007C
               -1               8              13      CASTOR_HAD 10.92092  9.93374 10.71356 10.98711  6.95196  6.98233  6.73162  6.67206   5600007D
               -1               8              14      CASTOR_HAD 12.25474 11.17881 12.19194 11.62850  7.07172  7.31086  7.00232  7.03489   5600007E
               -1               9               1       CASTOR_EM  9.27223 10.15185  8.56999  9.91527  7.42092  7.46413  7.18780  7.43445   56000081
               -1               9               2       CASTOR_EM  9.85697 10.16158 10.00852 10.51706  7.06263  7.00345  6.84043  6.95049   56000082
               -1               9               3      CASTOR_HAD 10.46160 10.30004 10.84810 11.33835  7.69326  7.74373  7.72315  7.71581   56000083
               -1               9               4      CASTOR_HAD 10.38360  9.40276 10.25546  9.68190  8.67821  8.56052  8.58860  8.65912   56000084
               -1               9               5      CASTOR_HAD 10.82662 10.70397 11.07033 11.31985  7.11504  6.99146  7.11605  7.17688   56000085
               -1               9               6      CASTOR_HAD 10.69859 10.57670 11.27459 11.24095  6.71764  6.69782  6.60069  6.71157   56000086
               -1               9               7      CASTOR_HAD  9.60463 11.86101 11.55953 11.62721  6.38878  6.37698  6.42017  6.44630   56000087
               -1               9               8      CASTOR_HAD 10.52790 10.09481 10.42715 11.02573  8.15540  8.19763  7.99060  8.06582   56000088
               -1               9               9      CASTOR_HAD 10.51028 10.44982 10.40216 10.29963  7.01310  6.94779  6.92027  6.85111   56000089
               -1               9              10      CASTOR_HAD  9.06557  9.52584  9.85208 10.59115  8.10038  8.14100  8.04399  8.13533   5600008A
               -1               9              11      CASTOR_HAD 10.08026  9.88652 10.37919 10.44660  7.99252  7.92088  7.99223  8.02815   5600008B
               -1               9              12      CASTOR_HAD 11.58063 10.88453 11.43117 11.67435  8.55241  8.29389  8.36394  8.38172   5600008C
               -1               9              13      CASTOR_HAD  9.69390 12.29200 11.63301 11.51684  6.64475  6.42821  6.48114  6.57198   5600008D
               -1               9              14      CASTOR_HAD 10.29738 11.68933 11.32648 11.25807  8.97057  8.88141  8.81762  8.94690   5600008E
               -1              10               1       CASTOR_EM 10.49944 11.12364 11.35226 11.56115  8.02523  7.98821  7.89140  8.01849   56000091
               -1              10               2       CASTOR_EM 10.98091 11.09817 10.92807 11.17396  6.84975  6.71681  6.83612  6.77647   56000092
               -1              10               3      CASTOR_HAD 12.01987 12.22128 13.19907 11.49047  8.28205  8.21726  8.12378  8.10744   56000093
               -1              10               4      CASTOR_HAD  9.73193  9.85265 10.43202 10.44810  6.68470  6.61456  6.57199  6.67621   56000094
               -1              10               5      CASTOR_HAD 11.55918 11.22098 11.69988 11.33428  7.00379  6.86450  6.75572  6.88655   56000095
               -1              10               6      CASTOR_HAD 10.56474 10.45702 10.92280 11.13657  6.47279  6.67311  6.63644  6.54955   56000096
               -1              10               7      CASTOR_HAD 10.39878 10.36012 10.17575 10.43282  7.00509  7.00254  6.81867  6.89636   56000097
               -1              10               8      CASTOR_HAD 10.75475 10.28580 12.11857 10.03636  7.59423  7.48580  7.27421  7.37945   56000098
               -1              10               9      CASTOR_HAD 10.62957 10.23147 10.54861 10.08632  7.66430  7.57043  7.50320  7.54525   56000099
               -1              10              10      CASTOR_HAD  9.77469 10.85714 10.55915 10.25436  7.32991  7.39335  7.18753  7.07871   5600009A
               -1              10              11      CASTOR_HAD 10.44380 11.59836 11.60599 10.84256  7.22969  7.08751  6.99546  6.96182   5600009B
               -1              10              12      CASTOR_HAD 10.73511 10.22148 11.64651 11.75811  8.22291  8.08568  8.15583  8.11240   5600009C
               -1              10              13      CASTOR_HAD 12.08584 11.17826 11.68678 11.74343  8.65427  8.53833  8.44685  8.58775   5600009D
               -1              10              14      CASTOR_HAD 11.49961 11.22798 11.57572 11.94807  7.67004  7.63482  7.44375  7.49075   5600009E
               -1              11               1       CASTOR_EM 11.06847 11.19110 11.11977 10.87064  7.89269  7.88222  7.73210  7.83217   560000A1
               -1              11               2       CASTOR_EM 10.24094 10.61181 10.42378 10.51605  7.74336  7.42287  7.45362  7.62136   560000A2
               -1              11               3      CASTOR_HAD  9.10559  9.88199  9.78683 10.47118 12.58417 12.42540 12.13600 12.26982   560000A3
               -1              11               4      CASTOR_HAD 11.37679 10.94805 11.95589  9.62960  8.04551  8.01355  8.06003  7.86132   560000A4
               -1              11               5      CASTOR_HAD 11.40983 10.79148 11.78809 11.80837  8.23074  8.15394  8.02344  8.18335   560000A5
               -1              11               6      CASTOR_HAD  9.79129 10.20923  9.43322  9.86939  6.77926  6.59316  6.58470  6.53209   560000A6
               -1              11               7      CASTOR_HAD 11.99708 11.94267 12.38472 12.72558  7.29042  7.25199  7.28753  7.35041   560000A7
               -1              11               8      CASTOR_HAD 10.35454  9.80475 10.16076 10.18670  7.47592  7.44304  7.42393  7.45116   560000A8
               -1              11               9      CASTOR_HAD 11.38410 10.92881 11.64355 11.17664  7.54893  7.27278  7.48273  7.50045   560000A9
               -1              11              10      CASTOR_HAD 10.98655 10.58719 10.58345 10.36813  6.41454  6.50511  6.50997  6.47357   560000AA
               -1              11              11      CASTOR_HAD 11.02218 11.80407 11.66569 11.74285  6.99849  6.93077  7.09785  6.83359   560000AB
               -1              11              12      CASTOR_HAD 11.47433 10.87465 11.47642 11.38943  8.99233  9.10329  8.94965  9.08002   560000AC
               -1              11              13      CASTOR_HAD 11.11568 11.38814 11.03397 10.73909  7.88178  7.97705  7.78289  7.78832   560000AD
               -1              11              14      CASTOR_HAD 10.67449 10.57858 10.00164  9.79535  7.45750  7.53463  7.52704  7.61282   560000AE
               -1              12               1       CASTOR_EM  9.79542 11.40822 11.05828 10.76311  8.25790  8.03620  8.28714  8.13272   560000B1
               -1              12               2       CASTOR_EM 11.95294 11.63681 11.90658 12.23772  8.36353  8.31660  8.28603  8.45694   560000B2
               -1              12               3      CASTOR_HAD  9.60202 10.86082 11.10640 11.39807  7.81089  7.86334  7.89321  7.84980   560000B3
               -1              12               4      CASTOR_HAD 11.67966 11.79810 12.07627 11.43401  8.36700  8.47990  8.25332  8.28120   560000B4
               -1              12               5      CASTOR_HAD 11.46836 11.06819 11.56844 11.76676  6.75913  6.75297  6.65755  6.59200   560000B5
               -1              12               6      CASTOR_HAD 10.63015 10.44437 10.77744 10.64369  8.28899  8.15775  7.99608  8.20032   560000B6
               -1              12               7      CASTOR_HAD  9.95000 10.84946 11.45183 11.27985  9.17199  9.19548  8.97257  9.01608   560000B7
               -1              12               8      CASTOR_HAD 10.50292 10.28687 11.35795 10.95548  7.67987  7.74628  7.64310  7.56881   560000B8
               -1              12               9      CASTOR_HAD  9.79240 10.05441 10.80717 10.65169  7.37434  7.33302  7.49815  7.36021   560000B9
               -1              12              10      CASTOR_HAD 11.95144 11.05465 11.93900 11.62243  7.19387  7.20671  7.24918  7.16875   560000BA
               -1              12              11      CASTOR_HAD 10.19667 10.55239 10.41150 10.98350  6.53354  6.44446  6.46288  6.39699   560000BB
               -1              12              12      CASTOR_HAD 11.27679 10.84230 10.79096 11.37036  7.73157  7.78661  7.63439  7.71956   560000BC
               -1              12              13      CASTOR_HAD  9.27990 10.18439 10.46347 10.22399  8.36066  8.27910  8.07968  8.13853   560000BD
               -1              12              14      CASTOR_HAD 10.75107 10.59210 10.43648 10.05661  5.71726  5.64976  5.73352  5.75442   560000BE
               -1              13               1       CASTOR_EM 11.70462 10.31854 12.07356 11.61786  9.69376  9.51779  9.73305  9.59557   560000C1
               -1              13               2       CASTOR_EM 11.95720 11.13214 11.10515 11.25851  9.27678  9.14272  9.25852  9.37932   560000C2
               -1              13               3      CASTOR_HAD 11.23177 11.34079 11.73893 11.61071 10.14833  9.90092  9.80236  9.88766   560000C3
               -1              13               4      CASTOR_HAD 10.71829 10.54761 11.51843 11.11991  7.26543  7.23768  7.21803  7.29260   560000C4
               -1              13               5      CASTOR_HAD 11.38524 10.88477 11.36294 11.50912  7.09494  7.07800  7.04080  6.99640   560000C5
               -1              13               6      CASTOR_HAD 10.86335 10.75315 10.99939 10.73325  9.57185  9.37152  9.34916  9.32456   560000C6
               -1              13               7      CASTOR_HAD 10.81647  9.67380 10.68219 10.57078  8.60376  8.38973  8.34079  8.32390   560000C7
               -1              13               8      CASTOR_HAD 10.11903  9.65472 11.19163 10.46660 10.01565  9.84262  9.82176  9.71134   560000C8
               -1              13               9      CASTOR_HAD  6.55818  7.53746  6.57016  7.27951  8.37701  8.26205  8.27484  8.29226   560000C9
               -1              13              10      CASTOR_HAD 10.68229 10.57647 10.86864 10.89052  7.04501  7.02272  6.96175  6.97473   560000CA
               -1              13              11      CASTOR_HAD 11.13416 11.32368 11.28498 11.53207 10.10861  9.86724  9.78936  9.94984   560000CB
               -1              13              12      CASTOR_HAD 10.02984 11.45151 10.70910 11.05520  6.51311  6.46113  6.30257  6.37508   560000CC
               -1              13              13      CASTOR_HAD 10.62214  9.42738 10.10512 10.28357  5.84126  5.93407  5.79191  5.87701   560000CD
               -1              13              14      CASTOR_HAD 10.60229 10.95022 11.32270 11.71322  6.37173  6.33636  6.43130  6.32534   560000CE
               -1              14               1       CASTOR_EM 10.49557 10.98165 10.26259 11.03817  8.74818  8.98410  8.81727  8.79939   560000D1
               -1              14               2       CASTOR_EM 11.67450 11.84770 12.45957 12.22231  8.76585  8.73357  8.86218  8.94900   560000D2
               -1              14               3      CASTOR_HAD 10.33563 10.62421 10.33111 10.64586  7.57045  7.52409  7.51539  7.45390   560000D3
               -1              14               4      CASTOR_HAD 10.09940  9.78954  9.18509 10.82500  7.14357  7.03016  6.91374  7.02586   560000D4
               -1              14               5      CASTOR_HAD 10.10866 10.43878 11.27379 11.41969  7.38450  7.41172  7.12248  7.25472   560000D5
               -1              14               6      CASTOR_HAD  9.80344  9.02518  9.63934  9.87290  6.70061  6.69604  6.75900  6.75388   560000D6
               -1              14               7      CASTOR_HAD 12.19623 12.05124 12.14802 11.79593  7.65901  7.61246  7.58867  7.41596   560000D7
               -1              14               8      CASTOR_HAD 11.52999 11.38580 10.54279 10.99805  7.28268  7.02777  7.19037  7.01432   560000D8
               -1              14               9      CASTOR_HAD 10.63939 10.15268 10.95295 10.73069  8.27596  8.10760  8.04979  8.13343   560000D9
               -1              14              10      CASTOR_HAD 10.06476  9.26330  9.80225  9.12001  6.61946  6.46872  6.52010  6.55408   560000DA
               -1              14              11      CASTOR_HAD  9.33840  9.97852  9.60653  9.78947  7.03872  6.89334  6.86816  6.92863   560000DB
               -1              14              12      CASTOR_HAD 11.19940  8.84039 10.02121  9.92367  7.19054  7.05630  7.05612  7.06817   560000DC
               -1              14              13      CASTOR_HAD 11.29369 10.24853 11.04107 11.07887 28.49056 28.52984 28.68318 27.86964   560000DD
               -1              14              14      CASTOR_HAD  9.42514  9.84817 10.73935 10.70913  7.76923  7.77315  7.70487  7.78050   560000DE
               -1              15               1       CASTOR_EM 11.54062 10.83419 11.95509 12.06218  7.30835  7.26128  7.40043  7.25194   560000E1
               -1              15               2       CASTOR_EM 12.03648 11.07869 11.08380 11.80533 12.21651 12.09786 12.32713 12.28843   560000E2
               -1              15               3      CASTOR_HAD 11.46222 12.12828 11.72296 12.80214  9.38475  9.43352  9.35681  9.17106   560000E3
               -1              15               4      CASTOR_HAD 11.27147 11.18717 11.81824 10.90742  7.94408  7.85403  7.72751  7.96721   560000E4
               -1              15               5      CASTOR_HAD 10.10148 10.34392 10.30060 10.93929  6.82244  6.52373  6.56469  6.58157   560000E5
               -1              15               6      CASTOR_HAD 11.30502 10.90156 11.66436 10.51361  7.65123  7.56161  7.41518  7.59357   560000E6
               -1              15               7      CASTOR_HAD 12.37306 11.39044 12.21746 12.75085  8.42831  8.35827  8.22974  8.20071   560000E7
               -1              15               8      CASTOR_HAD  9.94336 10.38232 10.33463 10.73409  6.80266  6.74952  6.86245  6.81704   560000E8
               -1              15               9      CASTOR_HAD 10.32543 11.02140 10.29814 11.33660  6.92432  7.02594  6.77167  6.78183   560000E9
               -1              15              10      CASTOR_HAD 11.68183 12.13788 11.89551 12.11437  7.92921  7.83038  7.79914  8.02145   560000EA
               -1              15              11      CASTOR_HAD 10.56225 10.56130 11.05223 10.75136  7.53692  7.31752  7.36773  7.37444   560000EB
               -1              15              12      CASTOR_HAD 10.97761 10.90135 11.01534 11.19514  8.04125  7.92482  7.94952  7.78264   560000EC
               -1              15              13      CASTOR_HAD 11.87728 11.67614 12.61900 12.81893  7.12950  7.10622  7.16591  7.15957   560000ED
               -1              15              14      CASTOR_HAD 11.94292 11.59794 11.92930 11.80231  6.53346  6.46306  6.37045  6.37040   560000EE
               -1              16               1       CASTOR_EM 10.02095  9.67056 10.17035 10.04217  9.00568  8.85776  8.82938  8.96614   560000F1
               -1              16               2       CASTOR_EM 10.46992 10.01441 10.62167 11.12383  7.95817  7.95450  7.89534  7.84710   560000F2
               -1              16               3      CASTOR_HAD 10.97198 11.07879 11.08763 10.55374  7.63532  7.51497  7.61983  7.38266   560000F3
               -1              16               4      CASTOR_HAD  9.11612 10.38446 10.29828  9.71863  7.71456  7.75866  7.69880  7.66747   560000F4
               -1              16               5      CASTOR_HAD 11.39671 10.73977  9.71080 11.05303  6.80509  6.81441  6.56251  6.68928   560000F5
               -1              16               6      CASTOR_HAD 41.04681 41.21350 40.86191 41.38469 4822.72852 4770.18164 4742.59277 4745.10596   560000F6
               -1              16               7      CASTOR_HAD 13.52064 11.94474 12.98661 12.70843  6.31104  6.43407  6.56284  6.56085   560000F7
               -1              16               8      CASTOR_HAD 11.21862 11.86809 11.60425 11.96916  6.14547  5.88851  5.88321  5.98488   560000F8
               -1              16               9      CASTOR_HAD 10.57345 11.75261 10.23841 10.92456  7.43734  7.52331  7.38383  7.41747   560000F9
               -1              16              10      CASTOR_HAD 10.69623 11.14016 10.63438 11.90766  6.72940  6.74957  6.67964  6.80598   560000FA
               -1              16              11      CASTOR_HAD 10.20055 10.13006 10.70936 11.05588  6.93376  6.87388  6.81990  6.97678   560000FB
               -1              16              12      CASTOR_HAD  9.98605 10.79443 10.29004 10.74786  7.66414  7.47815  7.44064  7.50359   560000FC
               -1              16              13      CASTOR_HAD 10.23422 10.93561 10.94942  9.91451  7.50759  7.45011  7.56673  7.38260   560000FD
               -1              16              14      CASTOR_HAD 11.92237 11.52754 11.92645 11.62234  7.41352  7.25444  7.26909  7.36124   560000FE
