-1    1    1    CASTOR_EM       0.2657       0.2657       0.2657       0.2657    1442840577 
-1    1    2    CASTOR_EM       0.5534       0.5534       0.5534       0.5534    1442840578 
-1    1    3   CASTOR_HAD       0.0965       0.0965       0.0965       0.0965    1442840579 
-1    1    4   CASTOR_HAD       0.1367       0.1367       0.1367       0.1367    1442840580 
-1    1    5   CASTOR_HAD       0.1788       0.1788       0.1788       0.1788    1442840581 
-1    1    6   CASTOR_HAD       0.0494       0.0494       0.0494       0.0494    1442840582 
-1    1    7   CASTOR_HAD      27.8579      27.8579      27.8579      27.8579    1442840583 
-1    1    8   CASTOR_HAD       0.0181       0.0181       0.0181       0.0181    1442840584 
-1    1    9   CASTOR_HAD       0.0119       0.0119       0.0119       0.0119    1442840585 
-1    1   10   CASTOR_HAD       0.1355       0.1355       0.1355       0.1355    1442840586 
-1    1   11   CASTOR_HAD       0.1221       0.1221       0.1221       0.1221    1442840587 
-1    1   12   CASTOR_HAD       0.1639       0.1639       0.1639       0.1639    1442840588 
-1    1   13   CASTOR_HAD       0.1690       0.1690       0.1690       0.1690    1442840589 
-1    1   14   CASTOR_HAD       0.1581       0.1581       0.1581       0.1581    1442840590 
-1    2    1    CASTOR_EM       0.1944       0.1944       0.1944       0.1944    1442840593 
-1    2    2    CASTOR_EM       0.2291       0.2291       0.2291       0.2291    1442840594 
-1    2    3   CASTOR_HAD       0.1011       0.1011       0.1011       0.1011    1442840595 
-1    2    4   CASTOR_HAD       0.1471       0.1471       0.1471       0.1471    1442840596 
-1    2    5   CASTOR_HAD       0.1756       0.1756       0.1756       0.1756    1442840597 
-1    2    6   CASTOR_HAD       0.1120       0.1120       0.1120       0.1120    1442840598 
-1    2    7   CASTOR_HAD      20.9881      20.9881      20.9881      20.9881    1442840599 
-1    2    8   CASTOR_HAD       0.2384       0.2384       0.2384       0.2384    1442840600 
-1    2    9   CASTOR_HAD       0.0185       0.0185       0.0185       0.0185    1442840601 
-1    2   10   CASTOR_HAD       0.0992       0.0992       0.0992       0.0992    1442840602 
-1    2   11   CASTOR_HAD       0.1014       0.1014       0.1014       0.1014    1442840603 
-1    2   12   CASTOR_HAD       0.1071       0.1071       0.1071       0.1071    1442840604 
-1    2   13   CASTOR_HAD       0.1933       0.1933       0.1933       0.1933    1442840605 
-1    2   14   CASTOR_HAD       0.1935       0.1935       0.1935       0.1935    1442840606 
-1    3    1    CASTOR_EM       0.1685       0.1685       0.1685       0.1685    1442840609 
-1    3    2    CASTOR_EM       0.2954       0.2954       0.2954       0.2954    1442840610 
-1    3    3   CASTOR_HAD       0.0996       0.0996       0.0996       0.0996    1442840611 
-1    3    4   CASTOR_HAD       0.1662       0.1662       0.1662       0.1662    1442840612 
-1    3    5   CASTOR_HAD       0.0691       0.0691       0.0691       0.0691    1442840613 
-1    3    6   CASTOR_HAD       0.1426       0.1426       0.1426       0.1426    1442840614 
-1    3    7   CASTOR_HAD       0.0000       0.0000       0.0000       0.0000    1442840615 
-1    3    8   CASTOR_HAD       0.0000       0.0000       0.0000       0.0000    1442840616 
-1    3    9   CASTOR_HAD       0.0468       0.0468       0.0468       0.0468    1442840617 
-1    3   10   CASTOR_HAD       0.1131       0.1131       0.1131       0.1131    1442840618 
-1    3   11   CASTOR_HAD       0.1376       0.1376       0.1376       0.1376    1442840619 
-1    3   12   CASTOR_HAD       0.1890       0.1890       0.1890       0.1890    1442840620 
-1    3   13   CASTOR_HAD       0.1815       0.1815       0.1815       0.1815    1442840621 
-1    3   14   CASTOR_HAD       0.2828       0.2828       0.2828       0.2828    1442840622 
-1    4    1    CASTOR_EM       0.1725       0.1725       0.1725       0.1725    1442840625 
-1    4    2    CASTOR_EM       0.1943       0.1943       0.1943       0.1943    1442840626 
-1    4    3   CASTOR_HAD       0.1151       0.1151       0.1151       0.1151    1442840627 
-1    4    4   CASTOR_HAD       0.1093       0.1093       0.1093       0.1093    1442840628 
-1    4    5   CASTOR_HAD       0.1411       0.1411       0.1411       0.1411    1442840629 
-1    4    6   CASTOR_HAD       0.1729       0.1729       0.1729       0.1729    1442840630 
-1    4    7   CASTOR_HAD      69.0014      69.0014      69.0014      69.0014    1442840631 
-1    4    8   CASTOR_HAD       0.0000       0.0000       0.0000       0.0000    1442840632 
-1    4    9   CASTOR_HAD       0.0000       0.0000       0.0000       0.0000    1442840633 
-1    4   10   CASTOR_HAD       0.5332       0.5332       0.5332       0.5332    1442840634 
-1    4   11   CASTOR_HAD       0.1114       0.1114       0.1114       0.1114    1442840635 
-1    4   12   CASTOR_HAD       0.1253       0.1253       0.1253       0.1253    1442840636 
-1    4   13   CASTOR_HAD       0.1048       0.1048       0.1048       0.1048    1442840637 
-1    4   14   CASTOR_HAD       0.3369       0.3369       0.3369       0.3369    1442840638 
-1    5    1    CASTOR_EM       0.4739       0.4739       0.4739       0.4739    1442840641 
-1    5    2    CASTOR_EM       0.3324       0.3324       0.3324       0.3324    1442840642 
-1    5    3   CASTOR_HAD       0.2118       0.2118       0.2118       0.2118    1442840643 
-1    5    4   CASTOR_HAD       0.2225       0.2225       0.2225       0.2225    1442840644 
-1    5    5   CASTOR_HAD       0.1130       0.1130       0.1130       0.1130    1442840645 
-1    5    6   CASTOR_HAD       0.2300       0.2300       0.2300       0.2300    1442840646 
-1    5    7   CASTOR_HAD     543.3977     543.3977     543.3977     543.3977    1442840647 
-1    5    8   CASTOR_HAD       0.0000       0.0000       0.0000       0.0000    1442840648 
-1    5    9   CASTOR_HAD       0.0000       0.0000       0.0000       0.0000    1442840649 
-1    5   10   CASTOR_HAD      13.5846      13.5846      13.5846      13.5846    1442840650 
-1    5   11   CASTOR_HAD       0.2350       0.2350       0.2350       0.2350    1442840651 
-1    5   12   CASTOR_HAD       0.4614       0.4614       0.4614       0.4614    1442840652 
-1    5   13   CASTOR_HAD       0.2361       0.2361       0.2361       0.2361    1442840653 
-1    5   14   CASTOR_HAD       0.5836       0.5836       0.5836       0.5836    1442840654 
-1    6    1    CASTOR_EM       0.1275       0.1275       0.1275       0.1275    1442840657 
-1    6    2    CASTOR_EM       0.1504       0.1504       0.1504       0.1504    1442840658 
-1    6    3   CASTOR_HAD       0.1613       0.1613       0.1613       0.1613    1442840659 
-1    6    4   CASTOR_HAD       0.2191       0.2191       0.2191       0.2191    1442840660 
-1    6    5   CASTOR_HAD       0.0880       0.0880       0.0880       0.0880    1442840661 
-1    6    6   CASTOR_HAD       0.4097       0.4097       0.4097       0.4097    1442840662 
-1    6    7   CASTOR_HAD       0.0000       0.0000       0.0000       0.0000    1442840663 
-1    6    8   CASTOR_HAD       0.0000       0.0000       0.0000       0.0000    1442840664 
-1    6    9   CASTOR_HAD       0.0714       0.0714       0.0714       0.0714    1442840665 
-1    6   10   CASTOR_HAD       0.1944       0.1944       0.1944       0.1944    1442840666 
-1    6   11   CASTOR_HAD       0.1831       0.1831       0.1831       0.1831    1442840667 
-1    6   12   CASTOR_HAD       0.5020       0.5020       0.5020       0.5020    1442840668 
-1    6   13   CASTOR_HAD       0.4161       0.4161       0.4161       0.4161    1442840669 
-1    6   14   CASTOR_HAD       0.8066       0.8066       0.8066       0.8066    1442840670 
-1    7    1    CASTOR_EM       0.2633       0.2633       0.2633       0.2633    1442840673 
-1    7    2    CASTOR_EM       0.2889       0.2889       0.2889       0.2889    1442840674 
-1    7    3   CASTOR_HAD       0.2897       0.2897       0.2897       0.2897    1442840675 
-1    7    4   CASTOR_HAD       0.1553       0.1553       0.1553       0.1553    1442840676 
-1    7    5   CASTOR_HAD       0.2695       0.2695       0.2695       0.2695    1442840677 
-1    7    6   CASTOR_HAD       1.4482       1.4482       1.4482       1.4482    1442840678 
-1    7    7   CASTOR_HAD       0.0000       0.0000       0.0000       0.0000    1442840679 
-1    7    8   CASTOR_HAD       0.0385       0.0385       0.0385       0.0385    1442840680 
-1    7    9   CASTOR_HAD       0.0485       0.0485       0.0485       0.0485    1442840681 
-1    7   10   CASTOR_HAD       0.3137       0.3137       0.3137       0.3137    1442840682 
-1    7   11   CASTOR_HAD       0.9049       0.9049       0.9049       0.9049    1442840683 
-1    7   12   CASTOR_HAD       0.0000       0.0000       0.0000       0.0000    1442840684 
-1    7   13   CASTOR_HAD       0.7011       0.7011       0.7011       0.7011    1442840685 
-1    7   14   CASTOR_HAD       1.2291       1.2291       1.2291       1.2291    1442840686 
-1    8    1    CASTOR_EM       0.2662       0.2662       0.2662       0.2662    1442840689 
-1    8    2    CASTOR_EM       0.3291       0.3291       0.3291       0.3291    1442840690 
-1    8    3   CASTOR_HAD       0.3021       0.3021       0.3021       0.3021    1442840691 
-1    8    4   CASTOR_HAD       0.4159       0.4159       0.4159       0.4159    1442840692 
-1    8    5   CASTOR_HAD       0.4159       0.4159       0.4159       0.4159    1442840693 
-1    8    6   CASTOR_HAD       0.1603       0.1603       0.1603       0.1603    1442840694 
-1    8    7   CASTOR_HAD       0.0000       0.0000       0.0000       0.0000    1442840695 
-1    8    8   CASTOR_HAD       0.0475       0.0475       0.0475       0.0475    1442840696 
-1    8    9   CASTOR_HAD       0.0596       0.0596       0.0596       0.0596    1442840697 
-1    8   10   CASTOR_HAD       0.3156       0.3156       0.3156       0.3156    1442840698 
-1    8   11   CASTOR_HAD       0.5232       0.5232       0.5232       0.5232    1442840699 
-1    8   12   CASTOR_HAD       0.2262       0.2262       0.2262       0.2262    1442840700 
-1    8   13   CASTOR_HAD       0.4596       0.4596       0.4596       0.4596    1442840701 
-1    8   14   CASTOR_HAD       0.2325       0.2325       0.2325       0.2325    1442840702 
-1    9    1    CASTOR_EM       0.2556       0.2556       0.2556       0.2556    1442840705 
-1    9    2    CASTOR_EM       0.3020       0.3020       0.3020       0.3020    1442840706 
-1    9    3   CASTOR_HAD       0.2072       0.2072       0.2072       0.2072    1442840707 
-1    9    4   CASTOR_HAD       0.2643       0.2643       0.2643       0.2643    1442840708 
-1    9    5   CASTOR_HAD       0.1641       0.1641       0.1641       0.1641    1442840709 
-1    9    6   CASTOR_HAD       1.1635       1.1635       1.1635       1.1635    1442840710 
-1    9    7   CASTOR_HAD       0.0000       0.0000       0.0000       0.0000    1442840711 
-1    9    8   CASTOR_HAD       0.0162       0.0162       0.0162       0.0162    1442840712 
-1    9    9   CASTOR_HAD       0.0506       0.0506       0.0506       0.0506    1442840713 
-1    9   10   CASTOR_HAD       0.1548       0.1548       0.1548       0.1548    1442840714 
-1    9   11   CASTOR_HAD       0.1609       0.1609       0.1609       0.1609    1442840715 
-1    9   12   CASTOR_HAD       0.1615       0.1615       0.1615       0.1615    1442840716 
-1    9   13   CASTOR_HAD       0.1803       0.1803       0.1803       0.1803    1442840717 
-1    9   14   CASTOR_HAD       0.3591       0.3591       0.3591       0.3591    1442840718 
-1   10    1    CASTOR_EM       0.3810       0.3810       0.3810       0.3810    1442840721 
-1   10    2    CASTOR_EM       0.4939       0.4939       0.4939       0.4939    1442840722 
-1   10    3   CASTOR_HAD       0.1723       0.1723       0.1723       0.1723    1442840723 
-1   10    4   CASTOR_HAD       0.1555       0.1555       0.1555       0.1555    1442840724 
-1   10    5   CASTOR_HAD       0.1046       0.1046       0.1046       0.1046    1442840725 
-1   10    6   CASTOR_HAD       0.4322       0.4322       0.4322       0.4322    1442840726 
-1   10    7   CASTOR_HAD       0.0000       0.0000       0.0000       0.0000    1442840727 
-1   10    8   CASTOR_HAD       0.0208       0.0208       0.0208       0.0208    1442840728 
-1   10    9   CASTOR_HAD       0.0276       0.0276       0.0276       0.0276    1442840729 
-1   10   10   CASTOR_HAD       0.4690       0.4690       0.4690       0.4690    1442840730 
-1   10   11   CASTOR_HAD       0.1466       0.1466       0.1466       0.1466    1442840731 
-1   10   12   CASTOR_HAD       0.1698       0.1698       0.1698       0.1698    1442840732 
-1   10   13   CASTOR_HAD       0.2337       0.2337       0.2337       0.2337    1442840733 
-1   10   14   CASTOR_HAD       0.3987       0.3987       0.3987       0.3987    1442840734 
-1   11    1    CASTOR_EM       0.2581       0.2581       0.2581       0.2581    1442840737 
-1   11    2    CASTOR_EM       0.5591       0.5591       0.5591       0.5591    1442840738 
-1   11    3   CASTOR_HAD       0.2337       0.2337       0.2337       0.2337    1442840739 
-1   11    4   CASTOR_HAD       0.3166       0.3166       0.3166       0.3166    1442840740 
-1   11    5   CASTOR_HAD       0.1253       0.1253       0.1253       0.1253    1442840741 
-1   11    6   CASTOR_HAD       0.3906       0.3906       0.3906       0.3906    1442840742 
-1   11    7   CASTOR_HAD       0.0000       0.0000       0.0000       0.0000    1442840743 
-1   11    8   CASTOR_HAD       0.0000       0.0000       0.0000       0.0000    1442840744 
-1   11    9   CASTOR_HAD       0.0330       0.0330       0.0330       0.0330    1442840745 
-1   11   10   CASTOR_HAD       0.1683       0.1683       0.1683       0.1683    1442840746 
-1   11   11   CASTOR_HAD      15.3952      15.3952      15.3952      15.3952    1442840747 
-1   11   12   CASTOR_HAD       0.4943       0.4943       0.4943       0.4943    1442840748 
-1   11   13   CASTOR_HAD       0.2329       0.2329       0.2329       0.2329    1442840749 
-1   11   14   CASTOR_HAD       0.2081       0.2081       0.2081       0.2081    1442840750 
-1   12    1    CASTOR_EM       0.1988       0.1988       0.1988       0.1988    1442840753 
-1   12    2    CASTOR_EM       0.2025       0.2025       0.2025       0.2025    1442840754 
-1   12    3   CASTOR_HAD       0.2425       0.2425       0.2425       0.2425    1442840755 
-1   12    4   CASTOR_HAD       0.2869       0.2869       0.2869       0.2869    1442840756 
-1   12    5   CASTOR_HAD       0.3700       0.3700       0.3700       0.3700    1442840757 
-1   12    6   CASTOR_HAD       1.4647       1.4647       1.4647       1.4647    1442840758 
-1   12    7   CASTOR_HAD       0.0000       0.0000       0.0000       0.0000    1442840759 
-1   12    8   CASTOR_HAD       0.0000       0.0000       0.0000       0.0000    1442840760 
-1   12    9   CASTOR_HAD       0.0739       0.0739       0.0739       0.0739    1442840761 
-1   12   10   CASTOR_HAD       0.1633       0.1633       0.1633       0.1633    1442840762 
-1   12   11   CASTOR_HAD      16.4990      16.4990      16.4990      16.4990    1442840763 
-1   12   12   CASTOR_HAD       0.4066       0.4066       0.4066       0.4066    1442840764 
-1   12   13   CASTOR_HAD       0.0614       0.0614       0.0614       0.0614    1442840765 
-1   12   14   CASTOR_HAD       0.3210       0.3210       0.3210       0.3210    1442840766 
-1   13    1    CASTOR_EM       0.0899       0.0899       0.0899       0.0899    1442840769 
-1   13    2    CASTOR_EM       0.1645       0.1645       0.1645       0.1645    1442840770 
-1   13    3   CASTOR_HAD       0.1007       0.1007       0.1007       0.1007    1442840771 
-1   13    4   CASTOR_HAD       0.1215       0.1215       0.1215       0.1215    1442840772 
-1   13    5   CASTOR_HAD       0.0602       0.0602       0.0602       0.0602    1442840773 
-1   13    6   CASTOR_HAD       0.0000       0.0000       0.0000       0.0000    1442840774 
-1   13    7   CASTOR_HAD       0.0000       0.0000       0.0000       0.0000    1442840775 
-1   13    8   CASTOR_HAD       0.0000       0.0000       0.0000       0.0000    1442840776 
-1   13    9   CASTOR_HAD       0.0000       0.0000       0.0000       0.0000    1442840777 
-1   13   10   CASTOR_HAD       0.2640       0.2640       0.2640       0.2640    1442840778 
-1   13   11   CASTOR_HAD      26.1023      26.1023      26.1023      26.1023    1442840779 
-1   13   12   CASTOR_HAD       0.1982       0.1982       0.1982       0.1982    1442840780 
-1   13   13   CASTOR_HAD       0.0000       0.0000       0.0000       0.0000    1442840781 
-1   13   14   CASTOR_HAD       0.5019       0.5019       0.5019       0.5019    1442840782 
-1   14    1    CASTOR_EM       0.1879       0.1879       0.1879       0.1879    1442840785 
-1   14    2    CASTOR_EM       0.1706       0.1706       0.1706       0.1706    1442840786 
-1   14    3   CASTOR_HAD       0.1845       0.1845       0.1845       0.1845    1442840787 
-1   14    4   CASTOR_HAD       0.2084       0.2084       0.2084       0.2084    1442840788 
-1   14    5   CASTOR_HAD       0.0933       0.0933       0.0933       0.0933    1442840789 
-1   14    6   CASTOR_HAD       0.2077       0.2077       0.2077       0.2077    1442840790 
-1   14    7   CASTOR_HAD       0.0000       0.0000       0.0000       0.0000    1442840791 
-1   14    8   CASTOR_HAD       0.0000       0.0000       0.0000       0.0000    1442840792 
-1   14    9   CASTOR_HAD       0.0314       0.0314       0.0314       0.0314    1442840793 
-1   14   10   CASTOR_HAD       0.1597       0.1597       0.1597       0.1597    1442840794 
-1   14   11   CASTOR_HAD       7.0761       7.0761       7.0761       7.0761    1442840795 
-1   14   12   CASTOR_HAD       0.5486       0.5486       0.5486       0.5486    1442840796 
-1   14   13   CASTOR_HAD       0.3525       0.3525       0.3525       0.3525    1442840797 
-1   14   14   CASTOR_HAD       0.2582       0.2582       0.2582       0.2582    1442840798 
-1   15    1    CASTOR_EM       0.9746       0.9746       0.9746       0.9746    1442840801 
-1   15    2    CASTOR_EM       0.1324       0.1324       0.1324       0.1324    1442840802 
-1   15    3   CASTOR_HAD       0.1335       0.1335       0.1335       0.1335    1442840803 
-1   15    4   CASTOR_HAD       0.0971       0.0971       0.0971       0.0971    1442840804 
-1   15    5   CASTOR_HAD       0.1368       0.1368       0.1368       0.1368    1442840805 
-1   15    6   CASTOR_HAD       0.0337       0.0337       0.0337       0.0337    1442840806 
-1   15    7   CASTOR_HAD       0.0000       0.0000       0.0000       0.0000    1442840807 
-1   15    8   CASTOR_HAD       0.0000       0.0000       0.0000       0.0000    1442840808 
-1   15    9   CASTOR_HAD       0.0143       0.0143       0.0143       0.0143    1442840809 
-1   15   10   CASTOR_HAD       0.1285       0.1285       0.1285       0.1285    1442840810 
-1   15   11   CASTOR_HAD       0.0668       0.0668       0.0668       0.0668    1442840811 
-1   15   12   CASTOR_HAD       0.1826       0.1826       0.1826       0.1826    1442840812 
-1   15   13   CASTOR_HAD       0.1884       0.1884       0.1884       0.1884    1442840813 
-1   15   14   CASTOR_HAD       0.3027       0.3027       0.3027       0.3027    1442840814 
-1   16    1    CASTOR_EM       0.0732       0.0732       0.0732       0.0732    1442840817 
-1   16    2    CASTOR_EM       0.1677       0.1677       0.1677       0.1677    1442840818 
-1   16    3   CASTOR_HAD       0.1484       0.1484       0.1484       0.1484    1442840819 
-1   16    4   CASTOR_HAD       0.0865       0.0865       0.0865       0.0865    1442840820 
-1   16    5   CASTOR_HAD       0.0686       0.0686       0.0686       0.0686    1442840821 
-1   16    6   CASTOR_HAD       3.4127       3.4127       3.4127       3.4127    1442840822 
-1   16    7   CASTOR_HAD       0.0000       0.0000       0.0000       0.0000    1442840823 
-1   16    8   CASTOR_HAD       0.0000       0.0000       0.0000       0.0000    1442840824 
-1   16    9   CASTOR_HAD       0.0215       0.0215       0.0215       0.0215    1442840825 
-1   16   10   CASTOR_HAD       0.2190       0.2190       0.2190       0.2190    1442840826 
-1   16   11   CASTOR_HAD       0.1616       0.1616       0.1616       0.1616    1442840827 
-1   16   12   CASTOR_HAD       0.0788       0.0788       0.0788       0.0788    1442840828 
-1   16   13   CASTOR_HAD       0.2385       0.2385       0.2385       0.2385    1442840829 
-1   16   14   CASTOR_HAD       0.1760       0.1760       0.1760       0.1760    1442840830 
