#U fC
-1     1     1      CASTOR_EM 1.00000 -0.20809  0.59762 -0.06581 -0.15740  0.61212 -0.21992  0.01371 -0.21574  0.59328     144280577
-1     1     2      CASTOR_EM 1.00000 -0.20809  0.59762 -0.06581 -0.15740  0.61212 -0.21992  0.01371 -0.21574  0.59328     144280578
-1     1     3      CASTOR_EM 1.00000 -0.20809  0.59762 -0.06581 -0.15740  0.61212 -0.21992  0.01371 -0.21574  0.59328     144280579
-1     1     4      CASTOR_HAD 1.00000 -0.20809  0.59762 -0.06581 -0.15740  0.61212 -0.21992  0.01371 -0.21574  0.59328     144280580
-1     1     5      CASTOR_HAD 1.00000 -0.20809  0.59762 -0.06581 -0.15740  0.61212 -0.21992  0.01371 -0.21574  0.59328     144280581
-1     1     6      CASTOR_HAD 1.00000 -0.20809  0.59762 -0.06581 -0.15740  0.61212 -0.21992  0.01371 -0.21574  0.59328     144280582
-1     1     7      CASTOR_HAD 1.00000 -0.20809  0.59762 -0.06581 -0.15740  0.61212 -0.21992  0.01371 -0.21574  0.59328     144280583
-1     1     8      CASTOR_HAD 1.00000 -0.20809  0.59762 -0.06581 -0.15740  0.61212 -0.21992  0.01371 -0.21574  0.59328     144280584
-1     1     9      CASTOR_HAD 1.00000 -0.20809  0.59762 -0.06581 -0.15740  0.61212 -0.21992  0.01371 -0.21574  0.59328     144280585
-1     1     10      CASTOR_HAD 1.00000 -0.20809  0.59762 -0.06581 -0.15740  0.61212 -0.21992  0.01371 -0.21574  0.59328     144280586
-1     1     11      CASTOR_HAD 1.00000 -0.20809  0.59762 -0.06581 -0.15740  0.61212 -0.21992  0.01371 -0.21574  0.59328     144280587
-1     1     12      CASTOR_HAD 1.00000 -0.20809  0.59762 -0.06581 -0.15740  0.61212 -0.21992  0.01371 -0.21574  0.59328     144280588
-1     1     13      CASTOR_HAD 1.00000 -0.20809  0.59762 -0.06581 -0.15740  0.61212 -0.21992  0.01371 -0.21574  0.59328     144280589
-1     1     14      CASTOR_HAD 1.00000 -0.20809  0.59762 -0.06581 -0.15740  0.61212 -0.21992  0.01371 -0.21574  0.59328     144280590
-1     2     1      CASTOR_EM 1.00000 -0.20809  0.59762 -0.06581 -0.15740  0.61212 -0.21992  0.01371 -0.21574  0.59328     144280593
-1     2     2      CASTOR_EM 1.00000 -0.20809  0.59762 -0.06581 -0.15740  0.61212 -0.21992  0.01371 -0.21574  0.59328     144280594
-1     2     3      CASTOR_EM 1.00000 -0.20809  0.59762 -0.06581 -0.15740  0.61212 -0.21992  0.01371 -0.21574  0.59328     144280595
-1     2     4      CASTOR_HAD 1.00000 -0.20809  0.59762 -0.06581 -0.15740  0.61212 -0.21992  0.01371 -0.21574  0.59328     144280596
-1     2     5      CASTOR_HAD 1.00000 -0.20809  0.59762 -0.06581 -0.15740  0.61212 -0.21992  0.01371 -0.21574  0.59328     144280597
-1     2     6      CASTOR_HAD 1.00000 -0.20809  0.59762 -0.06581 -0.15740  0.61212 -0.21992  0.01371 -0.21574  0.59328     144280598
-1     2     7      CASTOR_HAD 1.00000 -0.20809  0.59762 -0.06581 -0.15740  0.61212 -0.21992  0.01371 -0.21574  0.59328     144280599
-1     2     8      CASTOR_HAD 1.00000 -0.20809  0.59762 -0.06581 -0.15740  0.61212 -0.21992  0.01371 -0.21574  0.59328     144280600
-1     2     9      CASTOR_HAD 1.00000 -0.20809  0.59762 -0.06581 -0.15740  0.61212 -0.21992  0.01371 -0.21574  0.59328     144280601
-1     2     10      CASTOR_HAD 1.00000 -0.20809  0.59762 -0.06581 -0.15740  0.61212 -0.21992  0.01371 -0.21574  0.59328     144280602
-1     2     11      CASTOR_HAD 1.00000 -0.20809  0.59762 -0.06581 -0.15740  0.61212 -0.21992  0.01371 -0.21574  0.59328     144280603
-1     2     12      CASTOR_HAD 1.00000 -0.20809  0.59762 -0.06581 -0.15740  0.61212 -0.21992  0.01371 -0.21574  0.59328     144280604
-1     2     13      CASTOR_HAD 1.00000 -0.20809  0.59762 -0.06581 -0.15740  0.61212 -0.21992  0.01371 -0.21574  0.59328     144280605
-1     2     14      CASTOR_HAD 1.00000 -0.20809  0.59762 -0.06581 -0.15740  0.61212 -0.21992  0.01371 -0.21574  0.59328     144280606
-1     3     1      CASTOR_EM 1.00000 -0.20809  0.59762 -0.06581 -0.15740  0.61212 -0.21992  0.01371 -0.21574  0.59328     144280609
-1     3     2      CASTOR_EM 1.00000 -0.20809  0.59762 -0.06581 -0.15740  0.61212 -0.21992  0.01371 -0.21574  0.59328     144280610
-1     3     3      CASTOR_EM 1.00000 -0.20809  0.59762 -0.06581 -0.15740  0.61212 -0.21992  0.01371 -0.21574  0.59328     144280611
-1     3     4      CASTOR_HAD 1.00000 -0.20809  0.59762 -0.06581 -0.15740  0.61212 -0.21992  0.01371 -0.21574  0.59328     144280612
-1     3     5      CASTOR_HAD 1.00000 -0.20809  0.59762 -0.06581 -0.15740  0.61212 -0.21992  0.01371 -0.21574  0.59328     144280613
-1     3     6      CASTOR_HAD 1.00000 -0.20809  0.59762 -0.06581 -0.15740  0.61212 -0.21992  0.01371 -0.21574  0.59328     144280614
-1     3     7      CASTOR_HAD 1.00000 -0.20809  0.59762 -0.06581 -0.15740  0.61212 -0.21992  0.01371 -0.21574  0.59328     144280615
-1     3     8      CASTOR_HAD 1.00000 -0.20809  0.59762 -0.06581 -0.15740  0.61212 -0.21992  0.01371 -0.21574  0.59328     144280616
-1     3     9      CASTOR_HAD 1.00000 -0.20809  0.59762 -0.06581 -0.15740  0.61212 -0.21992  0.01371 -0.21574  0.59328     144280617
-1     3     10      CASTOR_HAD 1.00000 -0.20809  0.59762 -0.06581 -0.15740  0.61212 -0.21992  0.01371 -0.21574  0.59328     144280618
-1     3     11      CASTOR_HAD 1.00000 -0.20809  0.59762 -0.06581 -0.15740  0.61212 -0.21992  0.01371 -0.21574  0.59328     144280619
-1     3     12      CASTOR_HAD 1.00000 -0.20809  0.59762 -0.06581 -0.15740  0.61212 -0.21992  0.01371 -0.21574  0.59328     144280620
-1     3     13      CASTOR_HAD 1.00000 -0.20809  0.59762 -0.06581 -0.15740  0.61212 -0.21992  0.01371 -0.21574  0.59328     144280621
-1     3     14      CASTOR_HAD 1.00000 -0.20809  0.59762 -0.06581 -0.15740  0.61212 -0.21992  0.01371 -0.21574  0.59328     144280622
-1     4     1      CASTOR_EM 1.00000 -0.20809  0.59762 -0.06581 -0.15740  0.61212 -0.21992  0.01371 -0.21574  0.59328     144280625
-1     4     2      CASTOR_EM 1.00000 -0.20809  0.59762 -0.06581 -0.15740  0.61212 -0.21992  0.01371 -0.21574  0.59328     144280626
-1     4     3      CASTOR_EM 1.00000 -0.20809  0.59762 -0.06581 -0.15740  0.61212 -0.21992  0.01371 -0.21574  0.59328     144280627
-1     4     4      CASTOR_HAD 1.00000 -0.20809  0.59762 -0.06581 -0.15740  0.61212 -0.21992  0.01371 -0.21574  0.59328     144280628
-1     4     5      CASTOR_HAD 1.00000 -0.20809  0.59762 -0.06581 -0.15740  0.61212 -0.21992  0.01371 -0.21574  0.59328     144280629
-1     4     6      CASTOR_HAD 1.00000 -0.20809  0.59762 -0.06581 -0.15740  0.61212 -0.21992  0.01371 -0.21574  0.59328     144280630
-1     4     7      CASTOR_HAD 1.00000 -0.20809  0.59762 -0.06581 -0.15740  0.61212 -0.21992  0.01371 -0.21574  0.59328     144280631
-1     4     8      CASTOR_HAD 1.00000 -0.20809  0.59762 -0.06581 -0.15740  0.61212 -0.21992  0.01371 -0.21574  0.59328     144280632
-1     4     9      CASTOR_HAD 1.00000 -0.20809  0.59762 -0.06581 -0.15740  0.61212 -0.21992  0.01371 -0.21574  0.59328     144280633
-1     4     10      CASTOR_HAD 1.00000 -0.20809  0.59762 -0.06581 -0.15740  0.61212 -0.21992  0.01371 -0.21574  0.59328     144280634
-1     4     11      CASTOR_HAD 1.00000 -0.20809  0.59762 -0.06581 -0.15740  0.61212 -0.21992  0.01371 -0.21574  0.59328     144280635
-1     4     12      CASTOR_HAD 1.00000 -0.20809  0.59762 -0.06581 -0.15740  0.61212 -0.21992  0.01371 -0.21574  0.59328     144280636
-1     4     13      CASTOR_HAD 1.00000 -0.20809  0.59762 -0.06581 -0.15740  0.61212 -0.21992  0.01371 -0.21574  0.59328     144280637
-1     4     14      CASTOR_HAD 1.00000 -0.20809  0.59762 -0.06581 -0.15740  0.61212 -0.21992  0.01371 -0.21574  0.59328     144280638
-1     5     1      CASTOR_EM 1.00000 -0.20809  0.59762 -0.06581 -0.15740  0.61212 -0.21992  0.01371 -0.21574  0.59328     144280641
-1     5     2      CASTOR_EM 1.00000 -0.20809  0.59762 -0.06581 -0.15740  0.61212 -0.21992  0.01371 -0.21574  0.59328     144280642
-1     5     3      CASTOR_EM 1.00000 -0.20809  0.59762 -0.06581 -0.15740  0.61212 -0.21992  0.01371 -0.21574  0.59328     144280643
-1     5     4      CASTOR_HAD 1.00000 -0.20809  0.59762 -0.06581 -0.15740  0.61212 -0.21992  0.01371 -0.21574  0.59328     144280644
-1     5     5      CASTOR_HAD 1.00000 -0.20809  0.59762 -0.06581 -0.15740  0.61212 -0.21992  0.01371 -0.21574  0.59328     144280645
-1     5     6      CASTOR_HAD 1.00000 -0.20809  0.59762 -0.06581 -0.15740  0.61212 -0.21992  0.01371 -0.21574  0.59328     144280646
-1     5     7      CASTOR_HAD 1.00000 -0.20809  0.59762 -0.06581 -0.15740  0.61212 -0.21992  0.01371 -0.21574  0.59328     144280647
-1     5     8      CASTOR_HAD 1.00000 -0.20809  0.59762 -0.06581 -0.15740  0.61212 -0.21992  0.01371 -0.21574  0.59328     144280648
-1     5     9      CASTOR_HAD 1.00000 -0.20809  0.59762 -0.06581 -0.15740  0.61212 -0.21992  0.01371 -0.21574  0.59328     144280649
-1     5     10      CASTOR_HAD 1.00000 -0.20809  0.59762 -0.06581 -0.15740  0.61212 -0.21992  0.01371 -0.21574  0.59328     144280650
-1     5     11      CASTOR_HAD 1.00000 -0.20809  0.59762 -0.06581 -0.15740  0.61212 -0.21992  0.01371 -0.21574  0.59328     144280651
-1     5     12      CASTOR_HAD 1.00000 -0.20809  0.59762 -0.06581 -0.15740  0.61212 -0.21992  0.01371 -0.21574  0.59328     144280652
-1     5     13      CASTOR_HAD 1.00000 -0.20809  0.59762 -0.06581 -0.15740  0.61212 -0.21992  0.01371 -0.21574  0.59328     144280653
-1     5     14      CASTOR_HAD 1.00000 -0.20809  0.59762 -0.06581 -0.15740  0.61212 -0.21992  0.01371 -0.21574  0.59328     144280654
-1     6     1      CASTOR_EM 1.00000 -0.20809  0.59762 -0.06581 -0.15740  0.61212 -0.21992  0.01371 -0.21574  0.59328     144280657
-1     6     2      CASTOR_EM 1.00000 -0.20809  0.59762 -0.06581 -0.15740  0.61212 -0.21992  0.01371 -0.21574  0.59328     144280658
-1     6     3      CASTOR_EM 1.00000 -0.20809  0.59762 -0.06581 -0.15740  0.61212 -0.21992  0.01371 -0.21574  0.59328     144280659
-1     6     4      CASTOR_HAD 1.00000 -0.20809  0.59762 -0.06581 -0.15740  0.61212 -0.21992  0.01371 -0.21574  0.59328     144280660
-1     6     5      CASTOR_HAD 1.00000 -0.20809  0.59762 -0.06581 -0.15740  0.61212 -0.21992  0.01371 -0.21574  0.59328     144280661
-1     6     6      CASTOR_HAD 1.00000 -0.20809  0.59762 -0.06581 -0.15740  0.61212 -0.21992  0.01371 -0.21574  0.59328     144280662
-1     6     7      CASTOR_HAD 1.00000 -0.20809  0.59762 -0.06581 -0.15740  0.61212 -0.21992  0.01371 -0.21574  0.59328     144280663
-1     6     8      CASTOR_HAD 1.00000 -0.20809  0.59762 -0.06581 -0.15740  0.61212 -0.21992  0.01371 -0.21574  0.59328     144280664
-1     6     9      CASTOR_HAD 1.00000 -0.20809  0.59762 -0.06581 -0.15740  0.61212 -0.21992  0.01371 -0.21574  0.59328     144280665
-1     6     10      CASTOR_HAD 1.00000 -0.20809  0.59762 -0.06581 -0.15740  0.61212 -0.21992  0.01371 -0.21574  0.59328     144280666
-1     6     11      CASTOR_HAD 1.00000 -0.20809  0.59762 -0.06581 -0.15740  0.61212 -0.21992  0.01371 -0.21574  0.59328     144280667
-1     6     12      CASTOR_HAD 1.00000 -0.20809  0.59762 -0.06581 -0.15740  0.61212 -0.21992  0.01371 -0.21574  0.59328     144280668
-1     6     13      CASTOR_HAD 1.00000 -0.20809  0.59762 -0.06581 -0.15740  0.61212 -0.21992  0.01371 -0.21574  0.59328     144280669
-1     6     14      CASTOR_HAD 1.00000 -0.20809  0.59762 -0.06581 -0.15740  0.61212 -0.21992  0.01371 -0.21574  0.59328     144280670
-1     7     1      CASTOR_EM 1.00000 -0.20809  0.59762 -0.06581 -0.15740  0.61212 -0.21992  0.01371 -0.21574  0.59328     144280673
-1     7     2      CASTOR_EM 1.00000 -0.20809  0.59762 -0.06581 -0.15740  0.61212 -0.21992  0.01371 -0.21574  0.59328     144280674
-1     7     3      CASTOR_EM 1.00000 -0.20809  0.59762 -0.06581 -0.15740  0.61212 -0.21992  0.01371 -0.21574  0.59328     144280675
-1     7     4      CASTOR_HAD 1.00000 -0.20809  0.59762 -0.06581 -0.15740  0.61212 -0.21992  0.01371 -0.21574  0.59328     144280676
-1     7     5      CASTOR_HAD 1.00000 -0.20809  0.59762 -0.06581 -0.15740  0.61212 -0.21992  0.01371 -0.21574  0.59328     144280677
-1     7     6      CASTOR_HAD 1.00000 -0.20809  0.59762 -0.06581 -0.15740  0.61212 -0.21992  0.01371 -0.21574  0.59328     144280678
-1     7     7      CASTOR_HAD 1.00000 -0.20809  0.59762 -0.06581 -0.15740  0.61212 -0.21992  0.01371 -0.21574  0.59328     144280679
-1     7     8      CASTOR_HAD 1.00000 -0.20809  0.59762 -0.06581 -0.15740  0.61212 -0.21992  0.01371 -0.21574  0.59328     144280680
-1     7     9      CASTOR_HAD 1.00000 -0.20809  0.59762 -0.06581 -0.15740  0.61212 -0.21992  0.01371 -0.21574  0.59328     144280681
-1     7     10      CASTOR_HAD 1.00000 -0.20809  0.59762 -0.06581 -0.15740  0.61212 -0.21992  0.01371 -0.21574  0.59328     144280682
-1     7     11      CASTOR_HAD 1.00000 -0.20809  0.59762 -0.06581 -0.15740  0.61212 -0.21992  0.01371 -0.21574  0.59328     144280683
-1     7     12      CASTOR_HAD 1.00000 -0.20809  0.59762 -0.06581 -0.15740  0.61212 -0.21992  0.01371 -0.21574  0.59328     144280684
-1     7     13      CASTOR_HAD 1.00000 -0.20809  0.59762 -0.06581 -0.15740  0.61212 -0.21992  0.01371 -0.21574  0.59328     144280685
-1     7     14      CASTOR_HAD 1.00000 -0.20809  0.59762 -0.06581 -0.15740  0.61212 -0.21992  0.01371 -0.21574  0.59328     144280686
-1     8     1      CASTOR_EM 1.00000 -0.20809  0.59762 -0.06581 -0.15740  0.61212 -0.21992  0.01371 -0.21574  0.59328     144280689
-1     8     2      CASTOR_EM 1.00000 -0.20809  0.59762 -0.06581 -0.15740  0.61212 -0.21992  0.01371 -0.21574  0.59328     144280690
-1     8     3      CASTOR_EM 1.00000 -0.20809  0.59762 -0.06581 -0.15740  0.61212 -0.21992  0.01371 -0.21574  0.59328     144280691
-1     8     4      CASTOR_HAD 1.00000 -0.20809  0.59762 -0.06581 -0.15740  0.61212 -0.21992  0.01371 -0.21574  0.59328     144280692
-1     8     5      CASTOR_HAD 1.00000 -0.20809  0.59762 -0.06581 -0.15740  0.61212 -0.21992  0.01371 -0.21574  0.59328     144280693
-1     8     6      CASTOR_HAD 1.00000 -0.20809  0.59762 -0.06581 -0.15740  0.61212 -0.21992  0.01371 -0.21574  0.59328     144280694
-1     8     7      CASTOR_HAD 1.00000 -0.20809  0.59762 -0.06581 -0.15740  0.61212 -0.21992  0.01371 -0.21574  0.59328     144280695
-1     8     8      CASTOR_HAD 1.00000 -0.20809  0.59762 -0.06581 -0.15740  0.61212 -0.21992  0.01371 -0.21574  0.59328     144280696
-1     8     9      CASTOR_HAD 1.00000 -0.20809  0.59762 -0.06581 -0.15740  0.61212 -0.21992  0.01371 -0.21574  0.59328     144280697
-1     8     10      CASTOR_HAD 1.00000 -0.20809  0.59762 -0.06581 -0.15740  0.61212 -0.21992  0.01371 -0.21574  0.59328     144280698
-1     8     11      CASTOR_HAD 1.00000 -0.20809  0.59762 -0.06581 -0.15740  0.61212 -0.21992  0.01371 -0.21574  0.59328     144280699
-1     8     12      CASTOR_HAD 1.00000 -0.20809  0.59762 -0.06581 -0.15740  0.61212 -0.21992  0.01371 -0.21574  0.59328     144280700
-1     8     13      CASTOR_HAD 1.00000 -0.20809  0.59762 -0.06581 -0.15740  0.61212 -0.21992  0.01371 -0.21574  0.59328     144280701
-1     8     14      CASTOR_HAD 1.00000 -0.20809  0.59762 -0.06581 -0.15740  0.61212 -0.21992  0.01371 -0.21574  0.59328     144280702
-1     9     1      CASTOR_EM 1.00000 -0.20809  0.59762 -0.06581 -0.15740  0.61212 -0.21992  0.01371 -0.21574  0.59328     144280705
-1     9     2      CASTOR_EM 1.00000 -0.20809  0.59762 -0.06581 -0.15740  0.61212 -0.21992  0.01371 -0.21574  0.59328     144280706
-1     9     3      CASTOR_EM 1.00000 -0.20809  0.59762 -0.06581 -0.15740  0.61212 -0.21992  0.01371 -0.21574  0.59328     144280707
-1     9     4      CASTOR_HAD 1.00000 -0.20809  0.59762 -0.06581 -0.15740  0.61212 -0.21992  0.01371 -0.21574  0.59328     144280708
-1     9     5      CASTOR_HAD 1.00000 -0.20809  0.59762 -0.06581 -0.15740  0.61212 -0.21992  0.01371 -0.21574  0.59328     144280709
-1     9     6      CASTOR_HAD 1.00000 -0.20809  0.59762 -0.06581 -0.15740  0.61212 -0.21992  0.01371 -0.21574  0.59328     144280710
-1     9     7      CASTOR_HAD 1.00000 -0.20809  0.59762 -0.06581 -0.15740  0.61212 -0.21992  0.01371 -0.21574  0.59328     144280711
-1     9     8      CASTOR_HAD 1.00000 -0.20809  0.59762 -0.06581 -0.15740  0.61212 -0.21992  0.01371 -0.21574  0.59328     144280712
-1     9     9      CASTOR_HAD 1.00000 -0.20809  0.59762 -0.06581 -0.15740  0.61212 -0.21992  0.01371 -0.21574  0.59328     144280713
-1     9     10      CASTOR_HAD 1.00000 -0.20809  0.59762 -0.06581 -0.15740  0.61212 -0.21992  0.01371 -0.21574  0.59328     144280714
-1     9     11      CASTOR_HAD 1.00000 -0.20809  0.59762 -0.06581 -0.15740  0.61212 -0.21992  0.01371 -0.21574  0.59328     144280715
-1     9     12      CASTOR_HAD 1.00000 -0.20809  0.59762 -0.06581 -0.15740  0.61212 -0.21992  0.01371 -0.21574  0.59328     144280716
-1     9     13      CASTOR_HAD 1.00000 -0.20809  0.59762 -0.06581 -0.15740  0.61212 -0.21992  0.01371 -0.21574  0.59328     144280717
-1     9     14      CASTOR_HAD 1.00000 -0.20809  0.59762 -0.06581 -0.15740  0.61212 -0.21992  0.01371 -0.21574  0.59328     144280718
-1     10     1      CASTOR_EM 1.00000 -0.20809  0.59762 -0.06581 -0.15740  0.61212 -0.21992  0.01371 -0.21574  0.59328     144280721
-1     10     2      CASTOR_EM 1.00000 -0.20809  0.59762 -0.06581 -0.15740  0.61212 -0.21992  0.01371 -0.21574  0.59328     144280722
-1     10     3      CASTOR_EM 1.00000 -0.20809  0.59762 -0.06581 -0.15740  0.61212 -0.21992  0.01371 -0.21574  0.59328     144280723
-1     10     4      CASTOR_HAD 1.00000 -0.20809  0.59762 -0.06581 -0.15740  0.61212 -0.21992  0.01371 -0.21574  0.59328     144280724
-1     10     5      CASTOR_HAD 1.00000 -0.20809  0.59762 -0.06581 -0.15740  0.61212 -0.21992  0.01371 -0.21574  0.59328     144280725
-1     10     6      CASTOR_HAD 1.00000 -0.20809  0.59762 -0.06581 -0.15740  0.61212 -0.21992  0.01371 -0.21574  0.59328     144280726
-1     10     7      CASTOR_HAD 1.00000 -0.20809  0.59762 -0.06581 -0.15740  0.61212 -0.21992  0.01371 -0.21574  0.59328     144280727
-1     10     8      CASTOR_HAD 1.00000 -0.20809  0.59762 -0.06581 -0.15740  0.61212 -0.21992  0.01371 -0.21574  0.59328     144280728
-1     10     9      CASTOR_HAD 1.00000 -0.20809  0.59762 -0.06581 -0.15740  0.61212 -0.21992  0.01371 -0.21574  0.59328     144280729
-1     10     10      CASTOR_HAD 1.00000 -0.20809  0.59762 -0.06581 -0.15740  0.61212 -0.21992  0.01371 -0.21574  0.59328     144280730
-1     10     11      CASTOR_HAD 1.00000 -0.20809  0.59762 -0.06581 -0.15740  0.61212 -0.21992  0.01371 -0.21574  0.59328     144280731
-1     10     12      CASTOR_HAD 1.00000 -0.20809  0.59762 -0.06581 -0.15740  0.61212 -0.21992  0.01371 -0.21574  0.59328     144280732
-1     10     13      CASTOR_HAD 1.00000 -0.20809  0.59762 -0.06581 -0.15740  0.61212 -0.21992  0.01371 -0.21574  0.59328     144280733
-1     10     14      CASTOR_HAD 1.00000 -0.20809  0.59762 -0.06581 -0.15740  0.61212 -0.21992  0.01371 -0.21574  0.59328     144280734
-1     11     1      CASTOR_EM 1.00000 -0.20809  0.59762 -0.06581 -0.15740  0.61212 -0.21992  0.01371 -0.21574  0.59328     144280737
-1     11     2      CASTOR_EM 1.00000 -0.20809  0.59762 -0.06581 -0.15740  0.61212 -0.21992  0.01371 -0.21574  0.59328     144280738
-1     11     3      CASTOR_EM 1.00000 -0.20809  0.59762 -0.06581 -0.15740  0.61212 -0.21992  0.01371 -0.21574  0.59328     144280739
-1     11     4      CASTOR_HAD 1.00000 -0.20809  0.59762 -0.06581 -0.15740  0.61212 -0.21992  0.01371 -0.21574  0.59328     144280740
-1     11     5      CASTOR_HAD 1.00000 -0.20809  0.59762 -0.06581 -0.15740  0.61212 -0.21992  0.01371 -0.21574  0.59328     144280741
-1     11     6      CASTOR_HAD 1.00000 -0.20809  0.59762 -0.06581 -0.15740  0.61212 -0.21992  0.01371 -0.21574  0.59328     144280742
-1     11     7      CASTOR_HAD 1.00000 -0.20809  0.59762 -0.06581 -0.15740  0.61212 -0.21992  0.01371 -0.21574  0.59328     144280743
-1     11     8      CASTOR_HAD 1.00000 -0.20809  0.59762 -0.06581 -0.15740  0.61212 -0.21992  0.01371 -0.21574  0.59328     144280744
-1     11     9      CASTOR_HAD 1.00000 -0.20809  0.59762 -0.06581 -0.15740  0.61212 -0.21992  0.01371 -0.21574  0.59328     144280745
-1     11     10      CASTOR_HAD 1.00000 -0.20809  0.59762 -0.06581 -0.15740  0.61212 -0.21992  0.01371 -0.21574  0.59328     144280746
-1     11     11      CASTOR_HAD 1.00000 -0.20809  0.59762 -0.06581 -0.15740  0.61212 -0.21992  0.01371 -0.21574  0.59328     144280747
-1     11     12      CASTOR_HAD 1.00000 -0.20809  0.59762 -0.06581 -0.15740  0.61212 -0.21992  0.01371 -0.21574  0.59328     144280748
-1     11     13      CASTOR_HAD 1.00000 -0.20809  0.59762 -0.06581 -0.15740  0.61212 -0.21992  0.01371 -0.21574  0.59328     144280749
-1     11     14      CASTOR_HAD 1.00000 -0.20809  0.59762 -0.06581 -0.15740  0.61212 -0.21992  0.01371 -0.21574  0.59328     144280750
-1     12     1      CASTOR_EM 1.00000 -0.20809  0.59762 -0.06581 -0.15740  0.61212 -0.21992  0.01371 -0.21574  0.59328     144280753
-1     12     2      CASTOR_EM 1.00000 -0.20809  0.59762 -0.06581 -0.15740  0.61212 -0.21992  0.01371 -0.21574  0.59328     144280754
-1     12     3      CASTOR_EM 1.00000 -0.20809  0.59762 -0.06581 -0.15740  0.61212 -0.21992  0.01371 -0.21574  0.59328     144280755
-1     12     4      CASTOR_HAD 1.00000 -0.20809  0.59762 -0.06581 -0.15740  0.61212 -0.21992  0.01371 -0.21574  0.59328     144280756
-1     12     5      CASTOR_HAD 1.00000 -0.20809  0.59762 -0.06581 -0.15740  0.61212 -0.21992  0.01371 -0.21574  0.59328     144280757
-1     12     6      CASTOR_HAD 1.00000 -0.20809  0.59762 -0.06581 -0.15740  0.61212 -0.21992  0.01371 -0.21574  0.59328     144280758
-1     12     7      CASTOR_HAD 1.00000 -0.20809  0.59762 -0.06581 -0.15740  0.61212 -0.21992  0.01371 -0.21574  0.59328     144280759
-1     12     8      CASTOR_HAD 1.00000 -0.20809  0.59762 -0.06581 -0.15740  0.61212 -0.21992  0.01371 -0.21574  0.59328     144280760
-1     12     9      CASTOR_HAD 1.00000 -0.20809  0.59762 -0.06581 -0.15740  0.61212 -0.21992  0.01371 -0.21574  0.59328     144280761
-1     12     10      CASTOR_HAD 1.00000 -0.20809  0.59762 -0.06581 -0.15740  0.61212 -0.21992  0.01371 -0.21574  0.59328     144280762
-1     12     11      CASTOR_HAD 1.00000 -0.20809  0.59762 -0.06581 -0.15740  0.61212 -0.21992  0.01371 -0.21574  0.59328     144280763
-1     12     12      CASTOR_HAD 1.00000 -0.20809  0.59762 -0.06581 -0.15740  0.61212 -0.21992  0.01371 -0.21574  0.59328     144280764
-1     12     13      CASTOR_HAD 1.00000 -0.20809  0.59762 -0.06581 -0.15740  0.61212 -0.21992  0.01371 -0.21574  0.59328     144280765
-1     12     14      CASTOR_HAD 1.00000 -0.20809  0.59762 -0.06581 -0.15740  0.61212 -0.21992  0.01371 -0.21574  0.59328     144280766
-1     13     1      CASTOR_EM 1.00000 -0.20809  0.59762 -0.06581 -0.15740  0.61212 -0.21992  0.01371 -0.21574  0.59328     144280769
-1     13     2      CASTOR_EM 1.00000 -0.20809  0.59762 -0.06581 -0.15740  0.61212 -0.21992  0.01371 -0.21574  0.59328     144280770
-1     13     3      CASTOR_EM 1.00000 -0.20809  0.59762 -0.06581 -0.15740  0.61212 -0.21992  0.01371 -0.21574  0.59328     144280771
-1     13     4      CASTOR_HAD 1.00000 -0.20809  0.59762 -0.06581 -0.15740  0.61212 -0.21992  0.01371 -0.21574  0.59328     144280772
-1     13     5      CASTOR_HAD 1.00000 -0.20809  0.59762 -0.06581 -0.15740  0.61212 -0.21992  0.01371 -0.21574  0.59328     144280773
-1     13     6      CASTOR_HAD 1.00000 -0.20809  0.59762 -0.06581 -0.15740  0.61212 -0.21992  0.01371 -0.21574  0.59328     144280774
-1     13     7      CASTOR_HAD 1.00000 -0.20809  0.59762 -0.06581 -0.15740  0.61212 -0.21992  0.01371 -0.21574  0.59328     144280775
-1     13     8      CASTOR_HAD 1.00000 -0.20809  0.59762 -0.06581 -0.15740  0.61212 -0.21992  0.01371 -0.21574  0.59328     144280776
-1     13     9      CASTOR_HAD 1.00000 -0.20809  0.59762 -0.06581 -0.15740  0.61212 -0.21992  0.01371 -0.21574  0.59328     144280777
-1     13     10      CASTOR_HAD 1.00000 -0.20809  0.59762 -0.06581 -0.15740  0.61212 -0.21992  0.01371 -0.21574  0.59328     144280778
-1     13     11      CASTOR_HAD 1.00000 -0.20809  0.59762 -0.06581 -0.15740  0.61212 -0.21992  0.01371 -0.21574  0.59328     144280779
-1     13     12      CASTOR_HAD 1.00000 -0.20809  0.59762 -0.06581 -0.15740  0.61212 -0.21992  0.01371 -0.21574  0.59328     144280780
-1     13     13      CASTOR_HAD 1.00000 -0.20809  0.59762 -0.06581 -0.15740  0.61212 -0.21992  0.01371 -0.21574  0.59328     144280781
-1     13     14      CASTOR_HAD 1.00000 -0.20809  0.59762 -0.06581 -0.15740  0.61212 -0.21992  0.01371 -0.21574  0.59328     144280782
-1     14     1      CASTOR_EM 1.00000 -0.20809  0.59762 -0.06581 -0.15740  0.61212 -0.21992  0.01371 -0.21574  0.59328     144280785
-1     14     2      CASTOR_EM 1.00000 -0.20809  0.59762 -0.06581 -0.15740  0.61212 -0.21992  0.01371 -0.21574  0.59328     144280786
-1     14     3      CASTOR_EM 1.00000 -0.20809  0.59762 -0.06581 -0.15740  0.61212 -0.21992  0.01371 -0.21574  0.59328     144280787
-1     14     4      CASTOR_HAD 1.00000 -0.20809  0.59762 -0.06581 -0.15740  0.61212 -0.21992  0.01371 -0.21574  0.59328     144280788
-1     14     5      CASTOR_HAD 1.00000 -0.20809  0.59762 -0.06581 -0.15740  0.61212 -0.21992  0.01371 -0.21574  0.59328     144280789
-1     14     6      CASTOR_HAD 1.00000 -0.20809  0.59762 -0.06581 -0.15740  0.61212 -0.21992  0.01371 -0.21574  0.59328     144280790
-1     14     7      CASTOR_HAD 1.00000 -0.20809  0.59762 -0.06581 -0.15740  0.61212 -0.21992  0.01371 -0.21574  0.59328     144280791
-1     14     8      CASTOR_HAD 1.00000 -0.20809  0.59762 -0.06581 -0.15740  0.61212 -0.21992  0.01371 -0.21574  0.59328     144280792
-1     14     9      CASTOR_HAD 1.00000 -0.20809  0.59762 -0.06581 -0.15740  0.61212 -0.21992  0.01371 -0.21574  0.59328     144280793
-1     14     10      CASTOR_HAD 1.00000 -0.20809  0.59762 -0.06581 -0.15740  0.61212 -0.21992  0.01371 -0.21574  0.59328     144280794
-1     14     11      CASTOR_HAD 1.00000 -0.20809  0.59762 -0.06581 -0.15740  0.61212 -0.21992  0.01371 -0.21574  0.59328     144280795
-1     14     12      CASTOR_HAD 1.00000 -0.20809  0.59762 -0.06581 -0.15740  0.61212 -0.21992  0.01371 -0.21574  0.59328     144280796
-1     14     13      CASTOR_HAD 1.00000 -0.20809  0.59762 -0.06581 -0.15740  0.61212 -0.21992  0.01371 -0.21574  0.59328     144280797
-1     14     14      CASTOR_HAD 1.00000 -0.20809  0.59762 -0.06581 -0.15740  0.61212 -0.21992  0.01371 -0.21574  0.59328     144280798
-1     15     1      CASTOR_EM 1.00000 -0.20809  0.59762 -0.06581 -0.15740  0.61212 -0.21992  0.01371 -0.21574  0.59328     144280801
-1     15     2      CASTOR_EM 1.00000 -0.20809  0.59762 -0.06581 -0.15740  0.61212 -0.21992  0.01371 -0.21574  0.59328     144280802
-1     15     3      CASTOR_EM 1.00000 -0.20809  0.59762 -0.06581 -0.15740  0.61212 -0.21992  0.01371 -0.21574  0.59328     144280803
-1     15     4      CASTOR_HAD 1.00000 -0.20809  0.59762 -0.06581 -0.15740  0.61212 -0.21992  0.01371 -0.21574  0.59328     144280804
-1     15     5      CASTOR_HAD 1.00000 -0.20809  0.59762 -0.06581 -0.15740  0.61212 -0.21992  0.01371 -0.21574  0.59328     144280805
-1     15     6      CASTOR_HAD 1.00000 -0.20809  0.59762 -0.06581 -0.15740  0.61212 -0.21992  0.01371 -0.21574  0.59328     144280806
-1     15     7      CASTOR_HAD 1.00000 -0.20809  0.59762 -0.06581 -0.15740  0.61212 -0.21992  0.01371 -0.21574  0.59328     144280807
-1     15     8      CASTOR_HAD 1.00000 -0.20809  0.59762 -0.06581 -0.15740  0.61212 -0.21992  0.01371 -0.21574  0.59328     144280808
-1     15     9      CASTOR_HAD 1.00000 -0.20809  0.59762 -0.06581 -0.15740  0.61212 -0.21992  0.01371 -0.21574  0.59328     144280809
-1     15     10      CASTOR_HAD 1.00000 -0.20809  0.59762 -0.06581 -0.15740  0.61212 -0.21992  0.01371 -0.21574  0.59328     144280810
-1     15     11      CASTOR_HAD 1.00000 -0.20809  0.59762 -0.06581 -0.15740  0.61212 -0.21992  0.01371 -0.21574  0.59328     144280811
-1     15     12      CASTOR_HAD 1.00000 -0.20809  0.59762 -0.06581 -0.15740  0.61212 -0.21992  0.01371 -0.21574  0.59328     144280812
-1     15     13      CASTOR_HAD 1.00000 -0.20809  0.59762 -0.06581 -0.15740  0.61212 -0.21992  0.01371 -0.21574  0.59328     144280813
-1     15     14      CASTOR_HAD 1.00000 -0.20809  0.59762 -0.06581 -0.15740  0.61212 -0.21992  0.01371 -0.21574  0.59328     144280814
-1     16     1      CASTOR_EM 1.00000 -0.20809  0.59762 -0.06581 -0.15740  0.61212 -0.21992  0.01371 -0.21574  0.59328     144280817
-1     16     2      CASTOR_EM 1.00000 -0.20809  0.59762 -0.06581 -0.15740  0.61212 -0.21992  0.01371 -0.21574  0.59328     144280818
-1     16     3      CASTOR_EM 1.00000 -0.20809  0.59762 -0.06581 -0.15740  0.61212 -0.21992  0.01371 -0.21574  0.59328     144280819
-1     16     4      CASTOR_HAD 1.00000 -0.20809  0.59762 -0.06581 -0.15740  0.61212 -0.21992  0.01371 -0.21574  0.59328     144280820
-1     16     5      CASTOR_HAD 1.00000 -0.20809  0.59762 -0.06581 -0.15740  0.61212 -0.21992  0.01371 -0.21574  0.59328     144280821
-1     16     6      CASTOR_HAD 1.00000 -0.20809  0.59762 -0.06581 -0.15740  0.61212 -0.21992  0.01371 -0.21574  0.59328     144280822
-1     16     7      CASTOR_HAD 1.00000 -0.20809  0.59762 -0.06581 -0.15740  0.61212 -0.21992  0.01371 -0.21574  0.59328     144280823
-1     16     8      CASTOR_HAD 1.00000 -0.20809  0.59762 -0.06581 -0.15740  0.61212 -0.21992  0.01371 -0.21574  0.59328     144280824
-1     16     9      CASTOR_HAD 1.00000 -0.20809  0.59762 -0.06581 -0.15740  0.61212 -0.21992  0.01371 -0.21574  0.59328     144280825
-1     16     10      CASTOR_HAD 1.00000 -0.20809  0.59762 -0.06581 -0.15740  0.61212 -0.21992  0.01371 -0.21574  0.59328     144280826
-1     16     11      CASTOR_HAD 1.00000 -0.20809  0.59762 -0.06581 -0.15740  0.61212 -0.21992  0.01371 -0.21574  0.59328     144280827
-1     16     12      CASTOR_HAD 1.00000 -0.20809  0.59762 -0.06581 -0.15740  0.61212 -0.21992  0.01371 -0.21574  0.59328     144280828
-1     16     13      CASTOR_HAD 1.00000 -0.20809  0.59762 -0.06581 -0.15740  0.61212 -0.21992  0.01371 -0.21574  0.59328     144280829
-1     16     14      CASTOR_HAD 1.00000 -0.20809  0.59762 -0.06581 -0.15740  0.61212 -0.21992  0.01371 -0.21574  0.59328     144280830
