-1    1    1    CASTOR_EM      2.3206       2.3206       2.3206       2.3206    1442840577 
-1    1    2    CASTOR_EM      3.4988       3.4988       3.4988       3.4988    1442840578 
-1    1    3   CASTOR_HAD      0.8061       0.8061       0.8061       0.8061    1442840579 
-1    1    4   CASTOR_HAD      0.9701       0.9701       0.9701       0.9701    1442840580 
-1    1    5   CASTOR_HAD      0.6192       0.6192       0.6192       0.6192    1442840581 
-1    1    6   CASTOR_HAD      0.7833       0.7833       0.7833       0.7833    1442840582 
-1    1    7   CASTOR_HAD      0.0000       0.0000       0.0000       0.0000    1442840583 
-1    1    8   CASTOR_HAD      0.3005       0.3005       0.3005       0.3005    1442840584 
-1    1    9   CASTOR_HAD      0.0855       0.0855       0.0855       0.0855    1442840585 
-1    1   10   CASTOR_HAD      0.1647       0.1647       0.1647       0.1647    1442840586 
-1    1   11   CASTOR_HAD      0.1307       0.1307       0.1307       0.1307    1442840587 
-1    1   12   CASTOR_HAD      0.1753       0.1753       0.1753       0.1753    1442840588 
-1    1   13   CASTOR_HAD      0.1707       0.1707       0.1707       0.1707    1442840589 
-1    1   14   CASTOR_HAD      0.1692       0.1692       0.1692       0.1692    1442840590 
-1    2    1    CASTOR_EM      1.7279       1.7279       1.7279       1.7279    1442840593 
-1    2    2    CASTOR_EM      1.3455       1.3455       1.3455       1.3455    1442840594 
-1    2    3   CASTOR_HAD      0.8646       0.8646       0.8646       0.8646    1442840595 
-1    2    4   CASTOR_HAD      0.9571       0.9571       0.9571       0.9571    1442840596 
-1    2    5   CASTOR_HAD      0.6503       0.6503       0.6503       0.6503    1442840597 
-1    2    6   CASTOR_HAD      1.3340       1.3340       1.3340       1.3340    1442840598 
-1    2    7   CASTOR_HAD      0.0000       0.0000       0.0000       0.0000    1442840599 
-1    2    8   CASTOR_HAD      6.8142       6.8142       6.8142       6.8142    1442840600 
-1    2    9   CASTOR_HAD      0.1383       0.1383       0.1383       0.1383    1442840601 
-1    2   10   CASTOR_HAD      0.1756       0.1756       0.1756       0.1756    1442840602 
-1    2   11   CASTOR_HAD      0.1512       0.1512       0.1512       0.1512    1442840603 
-1    2   12   CASTOR_HAD      0.1201       0.1201       0.1201       0.1201    1442840604 
-1    2   13   CASTOR_HAD      0.1983       0.1983       0.1983       0.1983    1442840605 
-1    2   14   CASTOR_HAD      0.2037       0.2037       0.2037       0.2037    1442840606 
-1    3    1    CASTOR_EM      1.6634       1.6634       1.6634       1.6634    1442840609 
-1    3    2    CASTOR_EM      1.9863       1.9863       1.9863       1.9863    1442840610 
-1    3    3   CASTOR_HAD      0.8346       0.8346       0.8346       0.8346    1442840611 
-1    3    4   CASTOR_HAD      0.6495       0.6495       0.6495       0.6495    1442840612 
-1    3    5   CASTOR_HAD      0.3575       0.3575       0.3575       0.3575    1442840613 
-1    3    6   CASTOR_HAD      2.4962       2.4962       2.4962       2.4962    1442840614 
-1    3    7   CASTOR_HAD    665.0684     665.0684     665.0684     665.0684    1442840615 
-1    3    8   CASTOR_HAD      0.0000       0.0000       0.0000       0.0000    1442840616 
-1    3    9   CASTOR_HAD      0.5161       0.5161       0.5161       0.5161    1442840617 
-1    3   10   CASTOR_HAD      0.1521       0.1521       0.1521       0.1521    1442840618 
-1    3   11   CASTOR_HAD      0.1925       0.1925       0.1925       0.1925    1442840619 
-1    3   12   CASTOR_HAD      0.2362       0.2362       0.2362       0.2362    1442840620 
-1    3   13   CASTOR_HAD      0.2009       0.2009       0.2009       0.2009    1442840621 
-1    3   14   CASTOR_HAD      0.3110       0.3110       0.3110       0.3110    1442840622 
-1    4    1    CASTOR_EM      1.5581       1.5581       1.5581       1.5581    1442840625 
-1    4    2    CASTOR_EM      1.2874       1.2874       1.2874       1.2874    1442840626 
-1    4    3   CASTOR_HAD      1.0447       1.0447       1.0447       1.0447    1442840627 
-1    4    4   CASTOR_HAD      0.4709       0.4709       0.4709       0.4709    1442840628 
-1    4    5   CASTOR_HAD      0.6193       0.6193       0.6193       0.6193    1442840629 
-1    4    6   CASTOR_HAD      2.7540       2.7540       2.7540       2.7540    1442840630 
-1    4    7   CASTOR_HAD      0.0000       0.0000       0.0000       0.0000    1442840631 
-1    4    8   CASTOR_HAD      0.0000       0.0000       0.0000       0.0000    1442840632 
-1    4    9   CASTOR_HAD      0.0000       0.0000       0.0000       0.0000    1442840633 
-1    4   10   CASTOR_HAD      0.5420       0.5420       0.5420       0.5420    1442840634 
-1    4   11   CASTOR_HAD      0.1385       0.1385       0.1385       0.1385    1442840635 
-1    4   12   CASTOR_HAD      0.1450       0.1450       0.1450       0.1450    1442840636 
-1    4   13   CASTOR_HAD      0.1168       0.1168       0.1168       0.1168    1442840637 
-1    4   14   CASTOR_HAD      0.3585       0.3585       0.3585       0.3585    1442840638 
-1    5    1    CASTOR_EM      4.1240       4.1240       4.1240       4.1240    1442840641 
-1    5    2    CASTOR_EM      2.7808       2.7808       2.7808       2.7808    1442840642 
-1    5    3   CASTOR_HAD      1.1797       1.1797       1.1797       1.1797    1442840643 
-1    5    4   CASTOR_HAD      0.5857       0.5857       0.5857       0.5857    1442840644 
-1    5    5   CASTOR_HAD      0.2557       0.2557       0.2557       0.2557    1442840645 
-1    5    6   CASTOR_HAD      2.4497       2.4497       2.4497       2.4497    1442840646 
-1    5    7   CASTOR_HAD     54.7654      54.7654      54.7654      54.7654    1442840647 
-1    5    8   CASTOR_HAD      0.0000       0.0000       0.0000       0.0000    1442840648 
-1    5    9   CASTOR_HAD      0.0000       0.0000       0.0000       0.0000    1442840649 
-1    5   10   CASTOR_HAD      3.7374       3.7374       3.7374       3.7374    1442840650 
-1    5   11   CASTOR_HAD      0.0952       0.0952       0.0952       0.0952    1442840651 
-1    5   12   CASTOR_HAD      0.1705       0.1705       0.1705       0.1705    1442840652 
-1    5   13   CASTOR_HAD      0.1283       0.1283       0.1283       0.1283    1442840653 
-1    5   14   CASTOR_HAD      0.2824       0.2824       0.2824       0.2824    1442840654 
-1    6    1    CASTOR_EM      1.3815       1.3815       1.3815       1.3815    1442840657 
-1    6    2    CASTOR_EM      1.2988       1.2988       1.2988       1.2988    1442840658 
-1    6    3   CASTOR_HAD      0.9431       0.9431       0.9431       0.9431    1442840659 
-1    6    4   CASTOR_HAD      0.5797       0.5797       0.5797       0.5797    1442840660 
-1    6    5   CASTOR_HAD      0.1896       0.1896       0.1896       0.1896    1442840661 
-1    6    6   CASTOR_HAD      0.6902       0.6902       0.6902       0.6902    1442840662 
-1    6    7   CASTOR_HAD      0.0000       0.0000       0.0000       0.0000    1442840663 
-1    6    8   CASTOR_HAD      0.0000       0.0000       0.0000       0.0000    1442840664 
-1    6    9   CASTOR_HAD      0.1594       0.1594       0.1594       0.1594    1442840665 
-1    6   10   CASTOR_HAD      0.0700       0.0700       0.0700       0.0700    1442840666 
-1    6   11   CASTOR_HAD      0.0802       0.0802       0.0802       0.0802    1442840667 
-1    6   12   CASTOR_HAD      0.1846       0.1846       0.1846       0.1846    1442840668 
-1    6   13   CASTOR_HAD      0.2192       0.2192       0.2192       0.2192    1442840669 
-1    6   14   CASTOR_HAD      0.3684       0.3684       0.3684       0.3684    1442840670 
-1    7    1    CASTOR_EM      2.2576       2.2576       2.2576       2.2576    1442840673 
-1    7    2    CASTOR_EM      1.9956       1.9956       1.9956       1.9956    1442840674 
-1    7    3   CASTOR_HAD      1.1689       1.1689       1.1689       1.1689    1442840675 
-1    7    4   CASTOR_HAD      0.4887       0.4887       0.4887       0.4887    1442840676 
-1    7    5   CASTOR_HAD      0.6491       0.6491       0.6491       0.6491    1442840677 
-1    7    6   CASTOR_HAD      2.2462       2.2462       2.2462       2.2462    1442840678 
-1    7    7   CASTOR_HAD      0.0000       0.0000       0.0000       0.0000    1442840679 
-1    7    8   CASTOR_HAD      0.9038       0.9038       0.9038       0.9038    1442840680 
-1    7    9   CASTOR_HAD      0.0967       0.0967       0.0967       0.0967    1442840681 
-1    7   10   CASTOR_HAD      0.1140       0.1140       0.1140       0.1140    1442840682 
-1    7   11   CASTOR_HAD      0.3686       0.3686       0.3686       0.3686    1442840683 
-1    7   12   CASTOR_HAD      0.0000       0.0000       0.0000       0.0000    1442840684 
-1    7   13   CASTOR_HAD      0.3506       0.3506       0.3506       0.3506    1442840685 
-1    7   14   CASTOR_HAD      0.5902       0.5902       0.5902       0.5902    1442840686 
-1    8    1    CASTOR_EM      2.2750       2.2750       2.2750       2.2750    1442840689 
-1    8    2    CASTOR_EM      2.0953       2.0953       2.0953       2.0953    1442840690 
-1    8    3   CASTOR_HAD      1.1653       1.1653       1.1653       1.1653    1442840691 
-1    8    4   CASTOR_HAD      1.3353       1.3353       1.3353       1.3353    1442840692 
-1    8    5   CASTOR_HAD      0.9828       0.9828       0.9828       0.9828    1442840693 
-1    8    6   CASTOR_HAD      0.2070       0.2070       0.2070       0.2070    1442840694 
-1    8    7   CASTOR_HAD      0.0000       0.0000       0.0000       0.0000    1442840695 
-1    8    8   CASTOR_HAD      0.0000       0.0000       0.0000       0.0000    1442840696 
-1    8    9   CASTOR_HAD      0.1163       0.1163       0.1163       0.1163    1442840697 
-1    8   10   CASTOR_HAD      0.1180       0.1180       0.1180       0.1180    1442840698 
-1    8   11   CASTOR_HAD      0.2256       0.2256       0.2256       0.2256    1442840699 
-1    8   12   CASTOR_HAD      0.0830       0.0830       0.0830       0.0830    1442840700 
-1    8   13   CASTOR_HAD      0.2598       0.2598       0.2598       0.2598    1442840701 
-1    8   14   CASTOR_HAD      0.1135       0.1135       0.1135       0.1135    1442840702 
-1    9    1    CASTOR_EM      2.4190       2.4190       2.4190       2.4190    1442840705 
-1    9    2    CASTOR_EM      2.3502       2.3502       2.3502       2.3502    1442840706 
-1    9    3   CASTOR_HAD      1.0324       1.0324       1.0324       1.0324    1442840707 
-1    9    4   CASTOR_HAD      1.1266       1.1266       1.1266       1.1266    1442840708 
-1    9    5   CASTOR_HAD      0.9149       0.9149       0.9149       0.9149    1442840709 
-1    9    6   CASTOR_HAD      2.2048       2.2048       2.2048       2.2048    1442840710 
-1    9    7   CASTOR_HAD    400.9307     400.9307     400.9307     400.9307    1442840711 
-1    9    8   CASTOR_HAD      0.2339       0.2339       0.2339       0.2339    1442840712 
-1    9    9   CASTOR_HAD      0.3052       0.3052       0.3052       0.3052    1442840713 
-1    9   10   CASTOR_HAD      0.2681       0.2681       0.2681       0.2681    1442840714 
-1    9   11   CASTOR_HAD      0.3262       0.3262       0.3262       0.3262    1442840715 
-1    9   12   CASTOR_HAD      0.2936       0.2936       0.2936       0.2936    1442840716 
-1    9   13   CASTOR_HAD      0.4442       0.4442       0.4442       0.4442    1442840717 
-1    9   14   CASTOR_HAD      0.5813       0.5813       0.5813       0.5813    1442840718 
-1   10    1    CASTOR_EM      2.9806       2.9806       2.9806       2.9806    1442840721 
-1   10    2    CASTOR_EM      3.4597       3.4597       3.4597       3.4597    1442840722 
-1   10    3   CASTOR_HAD      0.9447       0.9447       0.9447       0.9447    1442840723 
-1   10    4   CASTOR_HAD      0.7515       0.7515       0.7515       0.7515    1442840724 
-1   10    5   CASTOR_HAD      0.9809       0.9809       0.9809       0.9809    1442840725 
-1   10    6   CASTOR_HAD      0.6874       0.6874       0.6874       0.6874    1442840726 
-1   10    7   CASTOR_HAD      0.0000       0.0000       0.0000       0.0000    1442840727 
-1   10    8   CASTOR_HAD      0.3931       0.3931       0.3931       0.3931    1442840728 
-1   10    9   CASTOR_HAD      0.1668       0.1668       0.1668       0.1668    1442840729 
-1   10   10   CASTOR_HAD      0.6953       0.6953       0.6953       0.6953    1442840730 
-1   10   11   CASTOR_HAD      0.3486       0.3486       0.3486       0.3486    1442840731 
-1   10   12   CASTOR_HAD      0.3047       0.3047       0.3047       0.3047    1442840732 
-1   10   13   CASTOR_HAD      0.6475       0.6475       0.6475       0.6475    1442840733 
-1   10   14   CASTOR_HAD      0.6020       0.6020       0.6020       0.6020    1442840734 
-1   11    1    CASTOR_EM      1.6898       1.6898       1.6898       1.6898    1442840737 
-1   11    2    CASTOR_EM      3.8356       3.8356       3.8356       3.8356    1442840738 
-1   11    3   CASTOR_HAD      1.0361       1.0361       1.0361       1.0361    1442840739 
-1   11    4   CASTOR_HAD      1.1771       1.1771       1.1771       1.1771    1442840740 
-1   11    5   CASTOR_HAD      0.5738       0.5738       0.5738       0.5738    1442840741 
-1   11    6   CASTOR_HAD      0.8470       0.8470       0.8470       0.8470    1442840742 
-1   11    7   CASTOR_HAD      0.0000       0.0000       0.0000       0.0000    1442840743 
-1   11    8   CASTOR_HAD      0.0000       0.0000       0.0000       0.0000    1442840744 
-1   11    9   CASTOR_HAD      0.2408       0.2408       0.2408       0.2408    1442840745 
-1   11   10   CASTOR_HAD      0.2866       0.2866       0.2866       0.2866    1442840746 
-1   11   11   CASTOR_HAD     27.3021      27.3021      27.3021      27.3021    1442840747 
-1   11   12   CASTOR_HAD      0.8256       0.8256       0.8256       0.8256    1442840748 
-1   11   13   CASTOR_HAD      0.6111       0.6111       0.6111       0.6111    1442840749 
-1   11   14   CASTOR_HAD      0.3722       0.3722       0.3722       0.3722    1442840750 
-1   12    1    CASTOR_EM      1.4157       1.4157       1.4157       1.4157    1442840753 
-1   12    2    CASTOR_EM      1.5244       1.5244       1.5244       1.5244    1442840754 
-1   12    3   CASTOR_HAD      1.0650       1.0650       1.0650       1.0650    1442840755 
-1   12    4   CASTOR_HAD      1.0591       1.0591       1.0591       1.0591    1442840756 
-1   12    5   CASTOR_HAD      2.0140       2.0140       2.0140       2.0140    1442840757 
-1   12    6   CASTOR_HAD      1.1529       1.1529       1.1529       1.1529    1442840758 
-1   12    7   CASTOR_HAD      0.0000       0.0000       0.0000       0.0000    1442840759 
-1   12    8   CASTOR_HAD      0.0000       0.0000       0.0000       0.0000    1442840760 
-1   12    9   CASTOR_HAD      0.4943       0.4943       0.4943       0.4943    1442840761 
-1   12   10   CASTOR_HAD      0.3236       0.3236       0.3236       0.3236    1442840762 
-1   12   11   CASTOR_HAD     31.6055      31.6055      31.6055      31.6055    1442840763 
-1   12   12   CASTOR_HAD      0.6632       0.6632       0.6632       0.6632    1442840764 
-1   12   13   CASTOR_HAD      0.2161       0.2161       0.2161       0.2161    1442840765 
-1   12   14   CASTOR_HAD      0.5031       0.5031       0.5031       0.5031    1442840766 
-1   13    1    CASTOR_EM      1.3233       1.3233       1.3233       1.3233    1442840769 
-1   13    2    CASTOR_EM      1.2038       1.2038       1.2038       1.2038    1442840770 
-1   13    3   CASTOR_HAD      1.3631       1.3631       1.3631       1.3631    1442840771 
-1   13    4   CASTOR_HAD      1.0350       1.0350       1.0350       1.0350    1442840772 
-1   13    5   CASTOR_HAD      0.5815       0.5815       0.5815       0.5815    1442840773 
-1   13    6   CASTOR_HAD     11.9178      11.9178      11.9178      11.9178    1442840774 
-1   13    7   CASTOR_HAD      0.0000       0.0000       0.0000       0.0000    1442840775 
-1   13    8   CASTOR_HAD      0.0000       0.0000       0.0000       0.0000    1442840776 
-1   13    9   CASTOR_HAD      0.0000       0.0000       0.0000       0.0000    1442840777 
-1   13   10   CASTOR_HAD      0.3105       0.3105       0.3105       0.3105    1442840778 
-1   13   11   CASTOR_HAD     27.5786      27.5786      27.5786      27.5786    1442840779 
-1   13   12   CASTOR_HAD      0.2352       0.2352       0.2352       0.2352    1442840780 
-1   13   13   CASTOR_HAD      0.0000       0.0000       0.0000       0.0000    1442840781 
-1   13   14   CASTOR_HAD      0.5399       0.5399       0.5399       0.5399    1442840782 
-1   14    1    CASTOR_EM      2.6468       2.6468       2.6468       2.6468    1442840785 
-1   14    2    CASTOR_EM      1.3060       1.3060       1.3060       1.3060    1442840786 
-1   14    3   CASTOR_HAD      2.2899       2.2899       2.2899       2.2899    1442840787 
-1   14    4   CASTOR_HAD      2.2887       2.2887       2.2887       2.2887    1442840788 
-1   14    5   CASTOR_HAD      1.5614       1.5614       1.5614       1.5614    1442840789 
-1   14    6   CASTOR_HAD      0.7707       0.7707       0.7707       0.7707    1442840790 
-1   14    7   CASTOR_HAD      0.0000       0.0000       0.0000       0.0000    1442840791 
-1   14    8   CASTOR_HAD      0.0000       0.0000       0.0000       0.0000    1442840792 
-1   14    9   CASTOR_HAD      0.2462       0.2462       0.2462       0.2462    1442840793 
-1   14   10   CASTOR_HAD      0.1828       0.1828       0.1828       0.1828    1442840794 
-1   14   11   CASTOR_HAD      8.1922       8.1922       8.1922       8.1922    1442840795 
-1   14   12   CASTOR_HAD      0.5818       0.5818       0.5818       0.5818    1442840796 
-1   14   13   CASTOR_HAD      0.4036       0.4036       0.4036       0.4036    1442840797 
-1   14   14   CASTOR_HAD      0.3158       0.3158       0.3158       0.3158    1442840798 
-1   15    1    CASTOR_EM      9.4399       9.4399       9.4399       9.4399    1442840801 
-1   15    2    CASTOR_EM      1.4042       1.4042       1.4042       1.4042    1442840802 
-1   15    3   CASTOR_HAD      0.9898       0.9898       0.9898       0.9898    1442840803 
-1   15    4   CASTOR_HAD      0.7688       0.7688       0.7688       0.7688    1442840804 
-1   15    5   CASTOR_HAD      1.1252       1.1252       1.1252       1.1252    1442840805 
-1   15    6   CASTOR_HAD      0.2861       0.2861       0.2861       0.2861    1442840806 
-1   15    7   CASTOR_HAD      0.0000       0.0000       0.0000       0.0000    1442840807 
-1   15    8   CASTOR_HAD      0.0000       0.0000       0.0000       0.0000    1442840808 
-1   15    9   CASTOR_HAD      0.1196       0.1196       0.1196       0.1196    1442840809 
-1   15   10   CASTOR_HAD      0.1547       0.1547       0.1547       0.1547    1442840810 
-1   15   11   CASTOR_HAD      0.0913       0.0913       0.0913       0.0913    1442840811 
-1   15   12   CASTOR_HAD      0.2160       0.2160       0.2160       0.2160    1442840812 
-1   15   13   CASTOR_HAD      0.2056       0.2056       0.2056       0.2056    1442840813 
-1   15   14   CASTOR_HAD      0.3666       0.3666       0.3666       0.3666    1442840814 
-1   16    1    CASTOR_EM      2.2782       2.2782       2.2782       2.2782    1442840817 
-1   16    2    CASTOR_EM      1.9184       1.9184       1.9184       1.9184    1442840818 
-1   16    3   CASTOR_HAD      0.9879       0.9879       0.9879       0.9879    1442840819 
-1   16    4   CASTOR_HAD      0.6532       0.6532       0.6532       0.6532    1442840820 
-1   16    5   CASTOR_HAD      0.5802       0.5802       0.5802       0.5802    1442840821 
-1   16    6   CASTOR_HAD      0.0000       0.0000       0.0000       0.0000    1442840822 
-1   16    7   CASTOR_HAD      0.0000       0.0000       0.0000       0.0000    1442840823 
-1   16    8   CASTOR_HAD      0.0000       0.0000       0.0000       0.0000    1442840824 
-1   16    9   CASTOR_HAD      0.1686       0.1686       0.1686       0.1686    1442840825 
-1   16   10   CASTOR_HAD      0.2862       0.2862       0.2862       0.2862    1442840826 
-1   16   11   CASTOR_HAD      0.1911       0.1911       0.1911       0.1911    1442840827 
-1   16   12   CASTOR_HAD      0.0996       0.0996       0.0996       0.0996    1442840828 
-1   16   13   CASTOR_HAD      0.2654       0.2654       0.2654       0.2654    1442840829 
-1   16   14   CASTOR_HAD      0.2449       0.2449       0.2449       0.2449    1442840830 
