-1    1    1    CASTOR_EM        30.6912      30.6912      30.6912      30.6912    1442840577 
-1    1    2    CASTOR_EM        25.4470      25.4470      25.4470      25.4470    1442840578 
-1    1    3   CASTOR_HAD        13.8245      13.8245      13.8245      13.8245    1442840579 
-1    1    4   CASTOR_HAD        16.7782      16.7782      16.7782      16.7782    1442840580 
-1    1    5   CASTOR_HAD        11.2746      11.2746      11.2746      11.2746    1442840581 
-1    1    6   CASTOR_HAD        11.2729      11.2729      11.2729      11.2729    1442840582 
-1    1    7   CASTOR_HAD         0.0000       0.0000       0.0000       0.0000    1442840583 
-1    1    8   CASTOR_HAD         4.5088       4.5088       4.5088       4.5088    1442840584 
-1    1    9   CASTOR_HAD         1.6693       1.6693       1.6693       1.6693    1442840585 
-1    1   10   CASTOR_HAD         3.0594       3.0594       3.0594       3.0594    1442840586 
-1    1   11   CASTOR_HAD         2.0770       2.0770       2.0770       2.0770    1442840587 
-1    1   12   CASTOR_HAD         1.5126       1.5126       1.5126       1.5126    1442840588 
-1    1   13   CASTOR_HAD         2.0692       2.0692       2.0692       2.0692    1442840589 
-1    1   14   CASTOR_HAD         1.6123       1.6123       1.6123       1.6123    1442840590 
-1    2    1    CASTOR_EM        28.5781      28.5781      28.5781      28.5781    1442840593 
-1    2    2    CASTOR_EM        23.6866      23.6866      23.6866      23.6866    1442840594 
-1    2    3   CASTOR_HAD        16.4887      16.4887      16.4887      16.4887    1442840595 
-1    2    4   CASTOR_HAD        13.6107      13.6107      13.6107      13.6107    1442840596 
-1    2    5   CASTOR_HAD         9.8484       9.8484       9.8484       9.8484    1442840597 
-1    2    6   CASTOR_HAD        15.8918      15.8918      15.8918      15.8918    1442840598 
-1    2    7   CASTOR_HAD         0.0000       0.0000       0.0000       0.0000    1442840599 
-1    2    8   CASTOR_HAD        50.0213      50.0213      50.0213      50.0213    1442840600 
-1    2    9   CASTOR_HAD         1.6169       1.6169       1.6169       1.6169    1442840601 
-1    2   10   CASTOR_HAD         2.4998       2.4998       2.4998       2.4998    1442840602 
-1    2   11   CASTOR_HAD         2.4097       2.4097       2.4097       2.4097    1442840603 
-1    2   12   CASTOR_HAD         1.6387       1.6387       1.6387       1.6387    1442840604 
-1    2   13   CASTOR_HAD         2.0854       2.0854       2.0854       2.0854    1442840605 
-1    2   14   CASTOR_HAD         2.1132       2.1132       2.1132       2.1132    1442840606 
-1    3    1    CASTOR_EM        24.6014      24.6014      24.6014      24.6014    1442840609 
-1    3    2    CASTOR_EM        22.8854      22.8854      22.8854      22.8854    1442840610 
-1    3    3   CASTOR_HAD        15.0866      15.0866      15.0866      15.0866    1442840611 
-1    3    4   CASTOR_HAD        13.9840      13.9840      13.9840      13.9840    1442840612 
-1    3    5   CASTOR_HAD         5.5281       5.5281       5.5281       5.5281    1442840613 
-1    3    6   CASTOR_HAD        28.0632      28.0632      28.0632      28.0632    1442840614 
-1    3    7   CASTOR_HAD        12.8260      12.8260      12.8260      12.8260    1442840615 
-1    3    8   CASTOR_HAD         0.0000       0.0000       0.0000       0.0000    1442840616 
-1    3    9   CASTOR_HAD         7.9340       7.9340       7.9340       7.9340    1442840617 
-1    3   10   CASTOR_HAD         2.5083       2.5083       2.5083       2.5083    1442840618 
-1    3   11   CASTOR_HAD         3.4471       3.4471       3.4471       3.4471    1442840619 
-1    3   12   CASTOR_HAD         3.8654       3.8654       3.8654       3.8654    1442840620 
-1    3   13   CASTOR_HAD         2.3719       2.3719       2.3719       2.3719    1442840621 
-1    3   14   CASTOR_HAD         3.2883       3.2883       3.2883       3.2883    1442840622 
-1    4    1    CASTOR_EM        22.5494      22.5494      22.5494      22.5494    1442840625 
-1    4    2    CASTOR_EM        16.9579      16.9579      16.9579      16.9579    1442840626 
-1    4    3   CASTOR_HAD        17.1522      17.1522      17.1522      17.1522    1442840627 
-1    4    4   CASTOR_HAD         9.1982       9.1982       9.1982       9.1982    1442840628 
-1    4    5   CASTOR_HAD         8.9646       8.9646       8.9646       8.9646    1442840629 
-1    4    6   CASTOR_HAD        29.5774      29.5774      29.5774      29.5774    1442840630 
-1    4    7   CASTOR_HAD         0.0000       0.0000       0.0000       0.0000    1442840631 
-1    4    8   CASTOR_HAD         0.0000       0.0000       0.0000       0.0000    1442840632 
-1    4    9   CASTOR_HAD         0.0000       0.0000       0.0000       0.0000    1442840633 
-1    4   10   CASTOR_HAD         4.5592       4.5592       4.5592       4.5592    1442840634 
-1    4   11   CASTOR_HAD         2.4167       2.4167       2.4167       2.4167    1442840635 
-1    4   12   CASTOR_HAD         2.2223       2.2223       2.2223       2.2223    1442840636 
-1    4   13   CASTOR_HAD         1.0974       1.0974       1.0974       1.0974    1442840637 
-1    4   14   CASTOR_HAD         3.0844       3.0844       3.0844       3.0844    1442840638 
-1    5    1    CASTOR_EM        27.0232      27.0232      27.0232      27.0232    1442840641 
-1    5    2    CASTOR_EM        29.8682      29.8682      29.8682      29.8682    1442840642 
-1    5    3   CASTOR_HAD        14.0793      14.0793      14.0793      14.0793    1442840643 
-1    5    4   CASTOR_HAD         7.6867       7.6867       7.6867       7.6867    1442840644 
-1    5    5   CASTOR_HAD         3.8992       3.8992       3.8992       3.8992    1442840645 
-1    5    6   CASTOR_HAD        12.3058      12.3058      12.3058      12.3058    1442840646 
-1    5    7   CASTOR_HAD         7.5511       7.5511       7.5511       7.5511    1442840647 
-1    5    8   CASTOR_HAD         0.0000       0.0000       0.0000       0.0000    1442840648 
-1    5    9   CASTOR_HAD         0.0000       0.0000       0.0000       0.0000    1442840649 
-1    5   10   CASTOR_HAD         6.1859       6.1859       6.1859       6.1859    1442840650 
-1    5   11   CASTOR_HAD         0.9097       0.9097       0.9097       0.9097    1442840651 
-1    5   12   CASTOR_HAD         1.7057       1.7057       1.7057       1.7057    1442840652 
-1    5   13   CASTOR_HAD         1.2467       1.2467       1.2467       1.2467    1442840653 
-1    5   14   CASTOR_HAD         2.2641       2.2641       2.2641       2.2641    1442840654 
-1    6    1    CASTOR_EM        21.8496      21.8496      21.8496      21.8496    1442840657 
-1    6    2    CASTOR_EM        21.3195      21.3195      21.3195      21.3195    1442840658 
-1    6    3   CASTOR_HAD        12.3323      12.3323      12.3323      12.3323    1442840659 
-1    6    4   CASTOR_HAD        10.0854      10.0854      10.0854      10.0854    1442840660 
-1    6    5   CASTOR_HAD         2.5501       2.5501       2.5501       2.5501    1442840661 
-1    6    6   CASTOR_HAD         5.1895       5.1895       5.1895       5.1895    1442840662 
-1    6    7   CASTOR_HAD         0.0000       0.0000       0.0000       0.0000    1442840663 
-1    6    8   CASTOR_HAD         0.0000       0.0000       0.0000       0.0000    1442840664 
-1    6    9   CASTOR_HAD         1.6857       1.6857       1.6857       1.6857    1442840665 
-1    6   10   CASTOR_HAD         0.8300       0.8300       0.8300       0.8300    1442840666 
-1    6   11   CASTOR_HAD         0.6726       0.6726       0.6726       0.6726    1442840667 
-1    6   12   CASTOR_HAD         2.0465       2.0465       2.0465       2.0465    1442840668 
-1    6   13   CASTOR_HAD         1.8764       1.8764       1.8764       1.8764    1442840669 
-1    6   14   CASTOR_HAD         2.6072       2.6072       2.6072       2.6072    1442840670 
-1    7    1    CASTOR_EM        20.5442      20.5442      20.5442      20.5442    1442840673 
-1    7    2    CASTOR_EM        23.0600      23.0600      23.0600      23.0600    1442840674 
-1    7    3   CASTOR_HAD        11.8561      11.8561      11.8561      11.8561    1442840675 
-1    7    4   CASTOR_HAD         7.0218       7.0218       7.0218       7.0218    1442840676 
-1    7    5   CASTOR_HAD         8.6864       8.6864       8.6864       8.6864    1442840677 
-1    7    6   CASTOR_HAD         8.9266       8.9266       8.9266       8.9266    1442840678 
-1    7    7   CASTOR_HAD         0.0000       0.0000       0.0000       0.0000    1442840679 
-1    7    8   CASTOR_HAD         9.7501       9.7501       9.7501       9.7501    1442840680 
-1    7    9   CASTOR_HAD         1.1921       1.1921       1.1921       1.1921    1442840681 
-1    7   10   CASTOR_HAD         0.9942       0.9942       0.9942       0.9942    1442840682 
-1    7   11   CASTOR_HAD         1.8242       1.8242       1.8242       1.8242    1442840683 
-1    7   12   CASTOR_HAD         0.0000       0.0000       0.0000       0.0000    1442840684 
-1    7   13   CASTOR_HAD         1.9514       1.9514       1.9514       1.9514    1442840685 
-1    7   14   CASTOR_HAD         2.3153       2.3153       2.3153       2.3153    1442840686 
-1    8    1    CASTOR_EM        30.8805      30.8805      30.8805      30.8805    1442840689 
-1    8    2    CASTOR_EM        22.0698      22.0698      22.0698      22.0698    1442840690 
-1    8    3   CASTOR_HAD        12.3280      12.3280      12.3280      12.3280    1442840691 
-1    8    4   CASTOR_HAD        11.1842      11.1842      11.1842      11.1842    1442840692 
-1    8    5   CASTOR_HAD         7.5514       7.5514       7.5514       7.5514    1442840693 
-1    8    6   CASTOR_HAD         1.3875       1.3875       1.3875       1.3875    1442840694 
-1    8    7   CASTOR_HAD         0.0000       0.0000       0.0000       0.0000    1442840695 
-1    8    8   CASTOR_HAD         0.0000       0.0000       0.0000       0.0000    1442840696 
-1    8    9   CASTOR_HAD         1.1182       1.1182       1.1182       1.1182    1442840697 
-1    8   10   CASTOR_HAD         1.3064       1.3064       1.3064       1.3064    1442840698 
-1    8   11   CASTOR_HAD         1.9067       1.9067       1.9067       1.9067    1442840699 
-1    8   12   CASTOR_HAD         0.8024       0.8024       0.8024       0.8024    1442840700 
-1    8   13   CASTOR_HAD         1.9339       1.9339       1.9339       1.9339    1442840701 
-1    8   14   CASTOR_HAD         1.1112       1.1112       1.1112       1.1112    1442840702 
-1    9    1    CASTOR_EM        26.3832      26.3832      26.3832      26.3832    1442840705 
-1    9    2    CASTOR_EM        25.7344      25.7344      25.7344      25.7344    1442840706 
-1    9    3   CASTOR_HAD        13.1164      13.1164      13.1164      13.1164    1442840707 
-1    9    4   CASTOR_HAD        12.1000      12.1000      12.1000      12.1000    1442840708 
-1    9    5   CASTOR_HAD        10.0587      10.0587      10.0587      10.0587    1442840709 
-1    9    6   CASTOR_HAD        11.0911      11.0911      11.0911      11.0911    1442840710 
-1    9    7   CASTOR_HAD        29.1842      29.1842      29.1842      29.1842    1442840711 
-1    9    8   CASTOR_HAD         3.0880       3.0880       3.0880       3.0880    1442840712 
-1    9    9   CASTOR_HAD         2.9540       2.9540       2.9540       2.9540    1442840713 
-1    9   10   CASTOR_HAD         3.2330       3.2330       3.2330       3.2330    1442840714 
-1    9   11   CASTOR_HAD         3.0323       3.0323       3.0323       3.0323    1442840715 
-1    9   12   CASTOR_HAD         3.1065       3.1065       3.1065       3.1065    1442840716 
-1    9   13   CASTOR_HAD         3.2724       3.2724       3.2724       3.2724    1442840717 
-1    9   14   CASTOR_HAD         3.7695       3.7695       3.7695       3.7695    1442840718 
-1   10    1    CASTOR_EM        18.6268      18.6268      18.6268      18.6268    1442840721 
-1   10    2    CASTOR_EM        23.6438      23.6438      23.6438      23.6438    1442840722 
-1   10    3   CASTOR_HAD        22.7847      22.7847      22.7847      22.7847    1442840723 
-1   10    4   CASTOR_HAD        16.2665      16.2665      16.2665      16.2665    1442840724 
-1   10    5   CASTOR_HAD        10.1934      10.1934      10.1934      10.1934    1442840725 
-1   10    6   CASTOR_HAD         7.7995       7.7995       7.7995       7.7995    1442840726 
-1   10    7   CASTOR_HAD         0.0000       0.0000       0.0000       0.0000    1442840727 
-1   10    8   CASTOR_HAD         4.2448       4.2448       4.2448       4.2448    1442840728 
-1   10    9   CASTOR_HAD         3.0885       3.0885       3.0885       3.0885    1442840729 
-1   10   10   CASTOR_HAD         4.9399       4.9399       4.9399       4.9399    1442840730 
-1   10   11   CASTOR_HAD         2.8326       2.8326       2.8326       2.8326    1442840731 
-1   10   12   CASTOR_HAD         4.6915       4.6915       4.6915       4.6915    1442840732 
-1   10   13   CASTOR_HAD         5.5675       5.5675       5.5675       5.5675    1442840733 
-1   10   14   CASTOR_HAD         2.9600       2.9600       2.9600       2.9600    1442840734 
-1   11    1    CASTOR_EM        25.7411      25.7411      25.7411      25.7411    1442840737 
-1   11    2    CASTOR_EM        44.3594      44.3594      44.3594      44.3594    1442840738 
-1   11    3   CASTOR_HAD        18.1133      18.1133      18.1133      18.1133    1442840739 
-1   11    4   CASTOR_HAD        10.4012      10.4012      10.4012      10.4012    1442840740 
-1   11    5   CASTOR_HAD         7.6722       7.6722       7.6722       7.6722    1442840741 
-1   11    6   CASTOR_HAD         7.4913       7.4913       7.4913       7.4913    1442840742 
-1   11    7   CASTOR_HAD         0.0000       0.0000       0.0000       0.0000    1442840743 
-1   11    8   CASTOR_HAD         0.0000       0.0000       0.0000       0.0000    1442840744 
-1   11    9   CASTOR_HAD         3.3218       3.3218       3.3218       3.3218    1442840745 
-1   11   10   CASTOR_HAD         4.2056       4.2056       4.2056       4.2056    1442840746 
-1   11   11   CASTOR_HAD       144.7993     144.7993     144.7993     144.7993    1442840747 
-1   11   12   CASTOR_HAD         4.9015       4.9015       4.9015       4.9015    1442840748 
-1   11   13   CASTOR_HAD         7.6115       7.6115       7.6115       7.6115    1442840749 
-1   11   14   CASTOR_HAD         4.4138       4.4138       4.4138       4.4138    1442840750 
-1   12    1    CASTOR_EM        25.8231      25.8231      25.8231      25.8231    1442840753 
-1   12    2    CASTOR_EM        21.7636      21.7636      21.7636      21.7636    1442840754 
-1   12    3   CASTOR_HAD        13.0048      13.0048      13.0048      13.0048    1442840755 
-1   12    4   CASTOR_HAD        13.2017      13.2017      13.2017      13.2017    1442840756 
-1   12    5   CASTOR_HAD        21.8268      21.8268      21.8268      21.8268    1442840757 
-1   12    6   CASTOR_HAD        11.9765      11.9765      11.9765      11.9765    1442840758 
-1   12    7   CASTOR_HAD         0.0000       0.0000       0.0000       0.0000    1442840759 
-1   12    8   CASTOR_HAD         0.0000       0.0000       0.0000       0.0000    1442840760 
-1   12    9   CASTOR_HAD         6.7578       6.7578       6.7578       6.7578    1442840761 
-1   12   10   CASTOR_HAD         5.0645       5.0645       5.0645       5.0645    1442840762 
-1   12   11   CASTOR_HAD       169.9674     169.9674     169.9674     169.9674    1442840763 
-1   12   12   CASTOR_HAD         4.7745       4.7745       4.7745       4.7745    1442840764 
-1   12   13   CASTOR_HAD         2.5462       2.5462       2.5462       2.5462    1442840765 
-1   12   14   CASTOR_HAD         2.7373       2.7373       2.7373       2.7373    1442840766 
-1   13    1    CASTOR_EM        15.5808      15.5808      15.5808      15.5808    1442840769 
-1   13    2    CASTOR_EM        22.1356      22.1356      22.1356      22.1356    1442840770 
-1   13    3   CASTOR_HAD        24.8320      24.8320      24.8320      24.8320    1442840771 
-1   13    4   CASTOR_HAD        12.1941      12.1941      12.1941      12.1941    1442840772 
-1   13    5   CASTOR_HAD         7.7032       7.7032       7.7032       7.7032    1442840773 
-1   13    6   CASTOR_HAD        83.5252      83.5252      83.5252      83.5252    1442840774 
-1   13    7   CASTOR_HAD         0.0000       0.0000       0.0000       0.0000    1442840775 
-1   13    8   CASTOR_HAD         0.0000       0.0000       0.0000       0.0000    1442840776 
-1   13    9   CASTOR_HAD         0.0000       0.0000       0.0000       0.0000    1442840777 
-1   13   10   CASTOR_HAD         4.2252       4.2252       4.2252       4.2252    1442840778 
-1   13   11   CASTOR_HAD       155.3403     155.3403     155.3403     155.3403    1442840779 
-1   13   12   CASTOR_HAD         3.2924       3.2924       3.2924       3.2924    1442840780 
-1   13   13   CASTOR_HAD         0.0000       0.0000       0.0000       0.0000    1442840781 
-1   13   14   CASTOR_HAD         4.1255       4.1255       4.1255       4.1255    1442840782 
-1   14    1    CASTOR_EM        21.3643      21.3643      21.3643      21.3643    1442840785 
-1   14    2    CASTOR_EM        26.3736      26.3736      26.3736      26.3736    1442840786 
-1   14    3   CASTOR_HAD        24.8392      24.8392      24.8392      24.8392    1442840787 
-1   14    4   CASTOR_HAD        29.7812      29.7812      29.7812      29.7812    1442840788 
-1   14    5   CASTOR_HAD        14.3245      14.3245      14.3245      14.3245    1442840789 
-1   14    6   CASTOR_HAD         8.4719       8.4719       8.4719       8.4719    1442840790 
-1   14    7   CASTOR_HAD         0.0000       0.0000       0.0000       0.0000    1442840791 
-1   14    8   CASTOR_HAD         0.0000       0.0000       0.0000       0.0000    1442840792 
-1   14    9   CASTOR_HAD         3.7658       3.7658       3.7658       3.7658    1442840793 
-1   14   10   CASTOR_HAD         2.0586       2.0586       2.0586       2.0586    1442840794 
-1   14   11   CASTOR_HAD        64.3246      64.3246      64.3246      64.3246    1442840795 
-1   14   12   CASTOR_HAD         2.9154       2.9154       2.9154       2.9154    1442840796 
-1   14   13   CASTOR_HAD         2.9551       2.9551       2.9551       2.9551    1442840797 
-1   14   14   CASTOR_HAD         2.7533       2.7533       2.7533       2.7533    1442840798 
-1   15    1    CASTOR_EM        13.2524      13.2524      13.2524      13.2524    1442840801 
-1   15    2    CASTOR_EM        36.6520      36.6520      36.6520      36.6520    1442840802 
-1   15    3   CASTOR_HAD        14.8308      14.8308      14.8308      14.8308    1442840803 
-1   15    4   CASTOR_HAD        14.1351      14.1351      14.1351      14.1351    1442840804 
-1   15    5   CASTOR_HAD        15.1594      15.1594      15.1594      15.1594    1442840805 
-1   15    6   CASTOR_HAD         5.6459       5.6459       5.6459       5.6459    1442840806 
-1   15    7   CASTOR_HAD         0.0000       0.0000       0.0000       0.0000    1442840807 
-1   15    8   CASTOR_HAD         0.0000       0.0000       0.0000       0.0000    1442840808 
-1   15    9   CASTOR_HAD         1.7858       1.7858       1.7858       1.7858    1442840809 
-1   15   10   CASTOR_HAD         1.9160       1.9160       1.9160       1.9160    1442840810 
-1   15   11   CASTOR_HAD         1.8479       1.8479       1.8479       1.8479    1442840811 
-1   15   12   CASTOR_HAD         2.7550       2.7550       2.7550       2.7550    1442840812 
-1   15   13   CASTOR_HAD         2.3843       2.3843       2.3843       2.3843    1442840813 
-1   15   14   CASTOR_HAD         4.0683       4.0683       4.0683       4.0683    1442840814 
-1   16    1    CASTOR_EM        33.1206      33.1206      33.1206      33.1206    1442840817 
-1   16    2    CASTOR_EM        29.6912      29.6912      29.6912      29.6912    1442840818 
-1   16    3   CASTOR_HAD        20.5192      20.5192      20.5192      20.5192    1442840819 
-1   16    4   CASTOR_HAD        15.7121      15.7121      15.7121      15.7121    1442840820 
-1   16    5   CASTOR_HAD         8.7503       8.7503       8.7503       8.7503    1442840821 
-1   16    6   CASTOR_HAD         0.0000       0.0000       0.0000       0.0000    1442840822 
-1   16    7   CASTOR_HAD         0.0000       0.0000       0.0000       0.0000    1442840823 
-1   16    8   CASTOR_HAD         0.0000       0.0000       0.0000       0.0000    1442840824 
-1   16    9   CASTOR_HAD         1.4275       1.4275       1.4275       1.4275    1442840825 
-1   16   10   CASTOR_HAD         3.1950       3.1950       3.1950       3.1950    1442840826 
-1   16   11   CASTOR_HAD         1.6353       1.6353       1.6353       1.6353    1442840827 
-1   16   12   CASTOR_HAD         1.4494       1.4494       1.4494       1.4494    1442840828 
-1   16   13   CASTOR_HAD         2.2675       2.2675       2.2675       2.2675    1442840829 
-1   16   14   CASTOR_HAD         2.2397       2.2397       2.2397       2.2397    1442840830 
