-1    1    1    CASTOR_EM      0.5700       0.5700       0.5700       0.5700    1442840577 
-1    1    2    CASTOR_EM      0.2074       0.2074       0.2074       0.2074    1442840578 
-1    1    3   CASTOR_HAD      0.2129       0.2129       0.2129       0.2129    1442840579 
-1    1    4   CASTOR_HAD      0.2611       0.2611       0.2611       0.2611    1442840580 
-1    1    5   CASTOR_HAD      0.5336       0.5336       0.5336       0.5336    1442840581 
-1    1    6   CASTOR_HAD      0.1903       0.1903       0.1903       0.1903    1442840582 
-1    1    7   CASTOR_HAD     19.7811      19.7811      19.7811      19.7811    1442840583 
-1    1    8   CASTOR_HAD      0.6359       0.6359       0.6359       0.6359    1442840584 
-1    1    9   CASTOR_HAD      0.2726       0.2726       0.2726       0.2726    1442840585 
-1    1   10   CASTOR_HAD      0.5421       0.5421       0.5421       0.5421    1442840586 
-1    1   11   CASTOR_HAD      0.3662       0.3662       0.3662       0.3662    1442840587 
-1    1   12   CASTOR_HAD      0.2085       0.2085       0.2085       0.2085    1442840588 
-1    1   13   CASTOR_HAD      0.2708       0.2708       0.2708       0.2708    1442840589 
-1    1   14   CASTOR_HAD      0.1744       0.1744       0.1744       0.1744    1442840590 
-1    2    1    CASTOR_EM      0.5250       0.5250       0.5250       0.5250    1442840593 
-1    2    2    CASTOR_EM      0.2488       0.2488       0.2488       0.2488    1442840594 
-1    2    3   CASTOR_HAD      0.2698       0.2698       0.2698       0.2698    1442840595 
-1    2    4   CASTOR_HAD      0.2334       0.2334       0.2334       0.2334    1442840596 
-1    2    5   CASTOR_HAD      0.4192       0.4192       0.4192       0.4192    1442840597 
-1    2    6   CASTOR_HAD      0.3325       0.3325       0.3325       0.3325    1442840598 
-1    2    7   CASTOR_HAD     10.0651      10.0651      10.0651      10.0651    1442840599 
-1    2    8   CASTOR_HAD      3.9557       3.9557       3.9557       3.9557    1442840600 
-1    2    9   CASTOR_HAD      0.2665       0.2665       0.2665       0.2665    1442840601 
-1    2   10   CASTOR_HAD      0.3732       0.3732       0.3732       0.3732    1442840602 
-1    2   11   CASTOR_HAD      0.3889       0.3889       0.3889       0.3889    1442840603 
-1    2   12   CASTOR_HAD      0.2036       0.2036       0.2036       0.2036    1442840604 
-1    2   13   CASTOR_HAD      0.3068       0.3068       0.3068       0.3068    1442840605 
-1    2   14   CASTOR_HAD      0.2113       0.2113       0.2113       0.2113    1442840606 
-1    3    1    CASTOR_EM      0.2897       0.2897       0.2897       0.2897    1442840609 
-1    3    2    CASTOR_EM      0.3682       0.3682       0.3682       0.3682    1442840610 
-1    3    3   CASTOR_HAD      0.2873       0.2873       0.2873       0.2873    1442840611 
-1    3    4   CASTOR_HAD      0.3196       0.3196       0.3196       0.3196    1442840612 
-1    3    5   CASTOR_HAD      0.2386       0.2386       0.2386       0.2386    1442840613 
-1    3    6   CASTOR_HAD      0.3121       0.3121       0.3121       0.3121    1442840614 
-1    3    7   CASTOR_HAD     15.4614      15.4614      15.4614      15.4614    1442840615 
-1    3    8   CASTOR_HAD      0.0000       0.0000       0.0000       0.0000    1442840616 
-1    3    9   CASTOR_HAD      0.9334       0.9334       0.9334       0.9334    1442840617 
-1    3   10   CASTOR_HAD      0.3689       0.3689       0.3689       0.3689    1442840618 
-1    3   11   CASTOR_HAD      0.5772       0.5772       0.5772       0.5772    1442840619 
-1    3   12   CASTOR_HAD      0.5010       0.5010       0.5010       0.5010    1442840620 
-1    3   13   CASTOR_HAD      0.3834       0.3834       0.3834       0.3834    1442840621 
-1    3   14   CASTOR_HAD      0.3288       0.3288       0.3288       0.3288    1442840622 
-1    4    1    CASTOR_EM      0.2608       0.2608       0.2608       0.2608    1442840625 
-1    4    2    CASTOR_EM      0.2484       0.2484       0.2484       0.2484    1442840626 
-1    4    3   CASTOR_HAD      0.2997       0.2997       0.2997       0.2997    1442840627 
-1    4    4   CASTOR_HAD      0.1860       0.1860       0.1860       0.1860    1442840628 
-1    4    5   CASTOR_HAD      0.2895       0.2895       0.2895       0.2895    1442840629 
-1    4    6   CASTOR_HAD      0.4003       0.4003       0.4003       0.4003    1442840630 
-1    4    7   CASTOR_HAD     40.5254      40.5254      40.5254      40.5254    1442840631 
-1    4    8   CASTOR_HAD      0.0000       0.0000       0.0000       0.0000    1442840632 
-1    4    9   CASTOR_HAD      0.0000       0.0000       0.0000       0.0000    1442840633 
-1    4   10   CASTOR_HAD      0.6588       0.6588       0.6588       0.6588    1442840634 
-1    4   11   CASTOR_HAD      0.3962       0.3962       0.3962       0.3962    1442840635 
-1    4   12   CASTOR_HAD      0.2744       0.2744       0.2744       0.2744    1442840636 
-1    4   13   CASTOR_HAD      0.1736       0.1736       0.1736       0.1736    1442840637 
-1    4   14   CASTOR_HAD      0.2837       0.2837       0.2837       0.2837    1442840638 
-1    5    1    CASTOR_EM      0.4034       0.4034       0.4034       0.4034    1442840641 
-1    5    2    CASTOR_EM      0.4486       0.4486       0.4486       0.4486    1442840642 
-1    5    3   CASTOR_HAD      0.3688       0.3688       0.3688       0.3688    1442840643 
-1    5    4   CASTOR_HAD      0.2033       0.2033       0.2033       0.2033    1442840644 
-1    5    5   CASTOR_HAD      0.3558       0.3558       0.3558       0.3558    1442840645 
-1    5    6   CASTOR_HAD      0.4767       0.4767       0.4767       0.4767    1442840646 
-1    5    7   CASTOR_HAD      6.4906       6.4906       6.4906       6.4906    1442840647 
-1    5    8   CASTOR_HAD      0.0000       0.0000       0.0000       0.0000    1442840648 
-1    5    9   CASTOR_HAD      0.0000       0.0000       0.0000       0.0000    1442840649 
-1    5   10   CASTOR_HAD      2.6929       2.6929       2.6929       2.6929    1442840650 
-1    5   11   CASTOR_HAD      0.3026       0.3026       0.3026       0.3026    1442840651 
-1    5   12   CASTOR_HAD      0.6541       0.6541       0.6541       0.6541    1442840652 
-1    5   13   CASTOR_HAD      0.5886       0.5886       0.5886       0.5886    1442840653 
-1    5   14   CASTOR_HAD      0.5053       0.5053       0.5053       0.5053    1442840654 
-1    6    1    CASTOR_EM      0.3507       0.3507       0.3507       0.3507    1442840657 
-1    6    2    CASTOR_EM      0.4082       0.4082       0.4082       0.4082    1442840658 
-1    6    3   CASTOR_HAD      0.3588       0.3588       0.3588       0.3588    1442840659 
-1    6    4   CASTOR_HAD      0.2790       0.2790       0.2790       0.2790    1442840660 
-1    6    5   CASTOR_HAD      0.2456       0.2456       0.2456       0.2456    1442840661 
-1    6    6   CASTOR_HAD      0.4087       0.4087       0.4087       0.4087    1442840662 
-1    6    7   CASTOR_HAD      0.0000       0.0000       0.0000       0.0000    1442840663 
-1    6    8   CASTOR_HAD      0.0000       0.0000       0.0000       0.0000    1442840664 
-1    6    9   CASTOR_HAD      0.9131       0.9131       0.9131       0.9131    1442840665 
-1    6   10   CASTOR_HAD      0.4675       0.4675       0.4675       0.4675    1442840666 
-1    6   11   CASTOR_HAD      0.2351       0.2351       0.2351       0.2351    1442840667 
-1    6   12   CASTOR_HAD      0.7790       0.7790       0.7790       0.7790    1442840668 
-1    6   13   CASTOR_HAD      0.7312       0.7312       0.7312       0.7312    1442840669 
-1    6   14   CASTOR_HAD      0.4900       0.4900       0.4900       0.4900    1442840670 
-1    7    1    CASTOR_EM      0.3731       0.3731       0.3731       0.3731    1442840673 
-1    7    2    CASTOR_EM      0.3777       0.3777       0.3777       0.3777    1442840674 
-1    7    3   CASTOR_HAD      0.2291       0.2291       0.2291       0.2291    1442840675 
-1    7    4   CASTOR_HAD      0.1602       0.1602       0.1602       0.1602    1442840676 
-1    7    5   CASTOR_HAD      0.7283       0.7283       0.7283       0.7283    1442840677 
-1    7    6   CASTOR_HAD      1.6418       1.6418       1.6418       1.6418    1442840678 
-1    7    7   CASTOR_HAD      0.0000       0.0000       0.0000       0.0000    1442840679 
-1    7    8   CASTOR_HAD      1.1473       1.1473       1.1473       1.1473    1442840680 
-1    7    9   CASTOR_HAD      0.6200       0.6200       0.6200       0.6200    1442840681 
-1    7   10   CASTOR_HAD      0.7067       0.7067       0.7067       0.7067    1442840682 
-1    7   11   CASTOR_HAD      0.6135       0.6135       0.6135       0.6135    1442840683 
-1    7   12   CASTOR_HAD      0.0000       0.0000       0.0000       0.0000    1442840684 
-1    7   13   CASTOR_HAD      0.9547       0.9547       0.9547       0.9547    1442840685 
-1    7   14   CASTOR_HAD      0.6263       0.6263       0.6263       0.6263    1442840686 
-1    8    1    CASTOR_EM      0.5147       0.5147       0.5147       0.5147    1442840689 
-1    8    2    CASTOR_EM      0.3768       0.3768       0.3768       0.3768    1442840690 
-1    8    3   CASTOR_HAD      0.2861       0.2861       0.2861       0.2861    1442840691 
-1    8    4   CASTOR_HAD      0.2304       0.2304       0.2304       0.2304    1442840692 
-1    8    5   CASTOR_HAD      0.5434       0.5434       0.5434       0.5434    1442840693 
-1    8    6   CASTOR_HAD      0.2318       0.2318       0.2318       0.2318    1442840694 
-1    8    7   CASTOR_HAD      0.0000       0.0000       0.0000       0.0000    1442840695 
-1    8    8   CASTOR_HAD      2.1206       2.1206       2.1206       2.1206    1442840696 
-1    8    9   CASTOR_HAD      0.6271       0.6271       0.6271       0.6271    1442840697 
-1    8   10   CASTOR_HAD      0.5980       0.5980       0.5980       0.5980    1442840698 
-1    8   11   CASTOR_HAD      0.6214       0.6214       0.6214       0.6214    1442840699 
-1    8   12   CASTOR_HAD      0.3216       0.3216       0.3216       0.3216    1442840700 
-1    8   13   CASTOR_HAD      0.7840       0.7840       0.7840       0.7840    1442840701 
-1    8   14   CASTOR_HAD      0.2449       0.2449       0.2449       0.2449    1442840702 
-1    9    1    CASTOR_EM      0.4698       0.4698       0.4698       0.4698    1442840705 
-1    9    2    CASTOR_EM      0.5122       0.5122       0.5122       0.5122    1442840706 
-1    9    3   CASTOR_HAD      0.1807       0.1807       0.1807       0.1807    1442840707 
-1    9    4   CASTOR_HAD      0.2440       0.2440       0.2440       0.2440    1442840708 
-1    9    5   CASTOR_HAD      0.2167       0.2167       0.2167       0.2167    1442840709 
-1    9    6   CASTOR_HAD      1.2221       1.2221       1.2221       1.2221    1442840710 
-1    9    7   CASTOR_HAD     54.9468      54.9468      54.9468      54.9468    1442840711 
-1    9    8   CASTOR_HAD      0.4911       0.4911       0.4911       0.4911    1442840712 
-1    9    9   CASTOR_HAD      0.4474       0.4474       0.4474       0.4474    1442840713 
-1    9   10   CASTOR_HAD      0.4080       0.4080       0.4080       0.4080    1442840714 
-1    9   11   CASTOR_HAD      0.2807       0.2807       0.2807       0.2807    1442840715 
-1    9   12   CASTOR_HAD      0.4275       0.4275       0.4275       0.4275    1442840716 
-1    9   13   CASTOR_HAD      0.4228       0.4228       0.4228       0.4228    1442840717 
-1    9   14   CASTOR_HAD      0.5565       0.5565       0.5565       0.5565    1442840718 
-1   10    1    CASTOR_EM      0.4009       0.4009       0.4009       0.4009    1442840721 
-1   10    2    CASTOR_EM      0.4861       0.4861       0.4861       0.4861    1442840722 
-1   10    3   CASTOR_HAD      0.2840       0.2840       0.2840       0.2840    1442840723 
-1   10    4   CASTOR_HAD      0.3145       0.3145       0.3145       0.3145    1442840724 
-1   10    5   CASTOR_HAD      0.2354       0.2354       0.2354       0.2354    1442840725 
-1   10    6   CASTOR_HAD      1.2167       1.2167       1.2167       1.2167    1442840726 
-1   10    7   CASTOR_HAD      0.0000       0.0000       0.0000       0.0000    1442840727 
-1   10    8   CASTOR_HAD      0.4948       0.4948       0.4948       0.4948    1442840728 
-1   10    9   CASTOR_HAD      0.4304       0.4304       0.4304       0.4304    1442840729 
-1   10   10   CASTOR_HAD      0.6303       0.6303       0.6303       0.6303    1442840730 
-1   10   11   CASTOR_HAD      0.2308       0.2308       0.2308       0.2308    1442840731 
-1   10   12   CASTOR_HAD      0.4468       0.4468       0.4468       0.4468    1442840732 
-1   10   13   CASTOR_HAD      0.5525       0.5525       0.5525       0.5525    1442840733 
-1   10   14   CASTOR_HAD      0.3980       0.3980       0.3980       0.3980    1442840734 
-1   11    1    CASTOR_EM      1.3544       1.3544       1.3544       1.3544    1442840737 
-1   11    2    CASTOR_EM      0.6032       0.6032       0.6032       0.6032    1442840738 
-1   11    3   CASTOR_HAD      0.3716       0.3716       0.3716       0.3716    1442840739 
-1   11    4   CASTOR_HAD      0.2278       0.2278       0.2278       0.2278    1442840740 
-1   11    5   CASTOR_HAD      0.2289       0.2289       0.2289       0.2289    1442840741 
-1   11    6   CASTOR_HAD      0.9142       0.9142       0.9142       0.9142    1442840742 
-1   11    7   CASTOR_HAD     32.9331      32.9331      32.9331      32.9331    1442840743 
-1   11    8   CASTOR_HAD      0.0000       0.0000       0.0000       0.0000    1442840744 
-1   11    9   CASTOR_HAD      0.5617       0.5617       0.5617       0.5617    1442840745 
-1   11   10   CASTOR_HAD      0.4314       0.4314       0.4314       0.4314    1442840746 
-1   11   11   CASTOR_HAD     13.7111      13.7111      13.7111      13.7111    1442840747 
-1   11   12   CASTOR_HAD      0.5926       0.5926       0.5926       0.5926    1442840748 
-1   11   13   CASTOR_HAD      0.8155       0.8155       0.8155       0.8155    1442840749 
-1   11   14   CASTOR_HAD      0.4176       0.4176       0.4176       0.4176    1442840750 
-1   12    1    CASTOR_EM      1.3893       1.3893       1.3893       1.3893    1442840753 
-1   12    2    CASTOR_EM      0.3439       0.3439       0.3439       0.3439    1442840754 
-1   12    3   CASTOR_HAD      0.2890       0.2890       0.2890       0.2890    1442840755 
-1   12    4   CASTOR_HAD      0.3042       0.3042       0.3042       0.3042    1442840756 
-1   12    5   CASTOR_HAD      0.4217       0.4217       0.4217       0.4217    1442840757 
-1   12    6   CASTOR_HAD      1.4281       1.4281       1.4281       1.4281    1442840758 
-1   12    7   CASTOR_HAD      0.0000       0.0000       0.0000       0.0000    1442840759 
-1   12    8   CASTOR_HAD      0.0000       0.0000       0.0000       0.0000    1442840760 
-1   12    9   CASTOR_HAD      1.1263       1.1263       1.1263       1.1263    1442840761 
-1   12   10   CASTOR_HAD      0.6009       0.6009       0.6009       0.6009    1442840762 
-1   12   11   CASTOR_HAD     13.6244      13.6244      13.6244      13.6244    1442840763 
-1   12   12   CASTOR_HAD      0.5153       0.5153       0.5153       0.5153    1442840764 
-1   12   13   CASTOR_HAD      0.2413       0.2413       0.2413       0.2413    1442840765 
-1   12   14   CASTOR_HAD      0.3160       0.3160       0.3160       0.3160    1442840766 
-1   13    1    CASTOR_EM      0.2273       0.2273       0.2273       0.2273    1442840769 
-1   13    2    CASTOR_EM      0.6091       0.6091       0.6091       0.6091    1442840770 
-1   13    3   CASTOR_HAD      0.3183       0.3183       0.3183       0.3183    1442840771 
-1   13    4   CASTOR_HAD      0.1972       0.1972       0.1972       0.1972    1442840772 
-1   13    5   CASTOR_HAD      0.1979       0.1979       0.1979       0.1979    1442840773 
-1   13    6   CASTOR_HAD      2.6209       2.6209       2.6209       2.6209    1442840774 
-1   13    7   CASTOR_HAD      0.0000       0.0000       0.0000       0.0000    1442840775 
-1   13    8   CASTOR_HAD      0.0000       0.0000       0.0000       0.0000    1442840776 
-1   13    9   CASTOR_HAD      0.0000       0.0000       0.0000       0.0000    1442840777 
-1   13   10   CASTOR_HAD      0.4684       0.4684       0.4684       0.4684    1442840778 
-1   13   11   CASTOR_HAD     20.5120      20.5120      20.5120      20.5120    1442840779 
-1   13   12   CASTOR_HAD      0.4638       0.4638       0.4638       0.4638    1442840780 
-1   13   13   CASTOR_HAD      0.0000       0.0000       0.0000       0.0000    1442840781 
-1   13   14   CASTOR_HAD      0.2891       0.2891       0.2891       0.2891    1442840782 
-1   14    1    CASTOR_EM      0.2932       0.2932       0.2932       0.2932    1442840785 
-1   14    2    CASTOR_EM      0.6755       0.6755       0.6755       0.6755    1442840786 
-1   14    3   CASTOR_HAD      0.3103       0.3103       0.3103       0.3103    1442840787 
-1   14    4   CASTOR_HAD      0.3312       0.3312       0.3312       0.3312    1442840788 
-1   14    5   CASTOR_HAD      0.2650       0.2650       0.2650       0.2650    1442840789 
-1   14    6   CASTOR_HAD      0.5364       0.5364       0.5364       0.5364    1442840790 
-1   14    7   CASTOR_HAD      0.0000       0.0000       0.0000       0.0000    1442840791 
-1   14    8   CASTOR_HAD      0.0000       0.0000       0.0000       0.0000    1442840792 
-1   14    9   CASTOR_HAD      0.5053       0.5053       0.5053       0.5053    1442840793 
-1   14   10   CASTOR_HAD      0.3109       0.3109       0.3109       0.3109    1442840794 
-1   14   11   CASTOR_HAD     10.5654      10.5654      10.5654      10.5654    1442840795 
-1   14   12   CASTOR_HAD      0.3625       0.3625       0.3625       0.3625    1442840796 
-1   14   13   CASTOR_HAD      0.4072       0.4072       0.4072       0.4072    1442840797 
-1   14   14   CASTOR_HAD      0.2923       0.2923       0.2923       0.2923    1442840798 
-1   15    1    CASTOR_EM      0.0928       0.0928       0.0928       0.0928    1442840801 
-1   15    2    CASTOR_EM      0.5157       0.5157       0.5157       0.5157    1442840802 
-1   15    3   CASTOR_HAD      0.3397       0.3397       0.3397       0.3397    1442840803 
-1   15    4   CASTOR_HAD      0.2856       0.2856       0.2856       0.2856    1442840804 
-1   15    5   CASTOR_HAD      0.3970       0.3970       0.3970       0.3970    1442840805 
-1   15    6   CASTOR_HAD      0.2668       0.2668       0.2668       0.2668    1442840806 
-1   15    7   CASTOR_HAD      0.0000       0.0000       0.0000       0.0000    1442840807 
-1   15    8   CASTOR_HAD      0.0000       0.0000       0.0000       0.0000    1442840808 
-1   15    9   CASTOR_HAD      0.2705       0.2705       0.2705       0.2705    1442840809 
-1   15   10   CASTOR_HAD      0.3043       0.3043       0.3043       0.3043    1442840810 
-1   15   11   CASTOR_HAD      0.3193       0.3193       0.3193       0.3193    1442840811 
-1   15   12   CASTOR_HAD      0.3925       0.3925       0.3925       0.3925    1442840812 
-1   15   13   CASTOR_HAD      0.3405       0.3405       0.3405       0.3405    1442840813 
-1   15   14   CASTOR_HAD      0.3934       0.3934       0.3934       0.3934    1442840814 
-1   16    1    CASTOR_EM      0.3296       0.3296       0.3296       0.3296    1442840817 
-1   16    2    CASTOR_EM      0.4465       0.4465       0.4465       0.4465    1442840818 
-1   16    3   CASTOR_HAD      0.4044       0.4044       0.4044       0.4044    1442840819 
-1   16    4   CASTOR_HAD      0.2665       0.2665       0.2665       0.2665    1442840820 
-1   16    5   CASTOR_HAD      0.1878       0.1878       0.1878       0.1878    1442840821 
-1   16    6   CASTOR_HAD      1.7850       1.7850       1.7850       1.7850    1442840822 
-1   16    7   CASTOR_HAD      0.0000       0.0000       0.0000       0.0000    1442840823 
-1   16    8   CASTOR_HAD      0.0000       0.0000       0.0000       0.0000    1442840824 
-1   16    9   CASTOR_HAD      0.2110       0.2110       0.2110       0.2110    1442840825 
-1   16   10   CASTOR_HAD      0.4743       0.4743       0.4743       0.4743    1442840826 
-1   16   11   CASTOR_HAD      0.3047       0.3047       0.3047       0.3047    1442840827 
-1   16   12   CASTOR_HAD      0.2187       0.2187       0.2187       0.2187    1442840828 
-1   16   13   CASTOR_HAD      0.3023       0.3023       0.3023       0.3023    1442840829 
-1   16   14   CASTOR_HAD      0.2155       0.2155       0.2155       0.2155    1442840830
