# -QIE basic shape: SHAPE 32 x low edge values for first 32 channels
SHAPE  -1.00000  0.00000  1.00000  2.00000  3.00000  4.00000  5.00000  6.00000  7.00000  8.00000  9.00000 10.00000 11.00000 12.00000 13.00000 14.00000 16.00000 18.00000 20.00000 22.00000 24.00000 26.00000 28.00000 31.00000 34.00000 37.00000 40.00000 44.00000 48.00000 52.00000 57.00000 62.00000
# QIE data
#  eta  phi  dep  det                     4 x offsets cap0                     4 x offsets cap1                     4 x offsets cap2                     4 x offsets cap3                      4 x slopes cap0                      4 x slopes cap1                      4 x slopes cap2                      4 x slopes cap3
   -1    1    1   CASTOR_EM  0.0  0.0 0.0 0.0  0.0  0.0 0.0 0.0  0.0  0.0  0.0 0.0  0.0  0.0 0.0 0.0  0.37  0.37  0.37  0.37  0.37  0.37  0.37  0.37  0.37  0.37  0.37  0.37  0.37  0.37  0.37  0.37
   -1    1    2   CASTOR_EM  0.0  0.0 0.0 0.0  0.0  0.0 0.0 0.0  0.0  0.0  0.0 0.0  0.0  0.0 0.0 0.0  0.37  0.37  0.37  0.37  0.37  0.37  0.37  0.37  0.37  0.37  0.37  0.37  0.37  0.37  0.37  0.37
   -1    1    3   CASTOR_HAD  0.0  0.0 0.0 0.0  0.0  0.0 0.0 0.0  0.0  0.0  0.0 0.0  0.0  0.0 0.0 0.0  0.37  0.37  0.37  0.37  0.37  0.37  0.37  0.37  0.37  0.37  0.37  0.37  0.37  0.37  0.37  0.37
   -1    1    4   CASTOR_HAD  0.0  0.0 0.0 0.0  0.0  0.0 0.0 0.0  0.0  0.0  0.0 0.0  0.0  0.0 0.0 0.0  0.37  0.37  0.37  0.37  0.37  0.37  0.37  0.37  0.37  0.37  0.37  0.37  0.37  0.37  0.37  0.37
   -1    1    5   CASTOR_HAD  0.0  0.0 0.0 0.0  0.0  0.0 0.0 0.0  0.0  0.0  0.0 0.0  0.0  0.0 0.0 0.0  0.37  0.37  0.37  0.37  0.37  0.37  0.37  0.37  0.37  0.37  0.37  0.37  0.37  0.37  0.37  0.37
   -1    1    6   CASTOR_HAD  0.0  0.0 0.0 0.0  0.0  0.0 0.0 0.0  0.0  0.0  0.0 0.0  0.0  0.0 0.0 0.0  0.37  0.37  0.37  0.37  0.37  0.37  0.37  0.37  0.37  0.37  0.37  0.37  0.37  0.37  0.37  0.37
   -1    1    7   CASTOR_HAD  0.0  0.0 0.0 0.0  0.0  0.0 0.0 0.0  0.0  0.0  0.0 0.0  0.0  0.0 0.0 0.0  0.37  0.37  0.37  0.37  0.37  0.37  0.37  0.37  0.37  0.37  0.37  0.37  0.37  0.37  0.37  0.37
   -1    1    8   CASTOR_HAD  0.0  0.0 0.0 0.0  0.0  0.0 0.0 0.0  0.0  0.0  0.0 0.0  0.0  0.0 0.0 0.0  0.37  0.37  0.37  0.37  0.37  0.37  0.37  0.37  0.37  0.37  0.37  0.37  0.37  0.37  0.37  0.37
   -1    1    9   CASTOR_HAD  0.0  0.0 0.0 0.0  0.0  0.0 0.0 0.0  0.0  0.0  0.0 0.0  0.0  0.0 0.0 0.0  0.37  0.37  0.37  0.37  0.37  0.37  0.37  0.37  0.37  0.37  0.37  0.37  0.37  0.37  0.37  0.37
   -1    1    10   CASTOR_HAD  0.0  0.0 0.0 0.0  0.0  0.0 0.0 0.0  0.0  0.0  0.0 0.0  0.0  0.0 0.0 0.0  0.37  0.37  0.37  0.37  0.37  0.37  0.37  0.37  0.37  0.37  0.37  0.37  0.37  0.37  0.37  0.37
   -1    1    11   CASTOR_HAD  0.0  0.0 0.0 0.0  0.0  0.0 0.0 0.0  0.0  0.0  0.0 0.0  0.0  0.0 0.0 0.0  0.37  0.37  0.37  0.37  0.37  0.37  0.37  0.37  0.37  0.37  0.37  0.37  0.37  0.37  0.37  0.37
   -1    1    12   CASTOR_HAD  0.0  0.0 0.0 0.0  0.0  0.0 0.0 0.0  0.0  0.0  0.0 0.0  0.0  0.0 0.0 0.0  0.37  0.37  0.37  0.37  0.37  0.37  0.37  0.37  0.37  0.37  0.37  0.37  0.37  0.37  0.37  0.37
   -1    1    13   CASTOR_HAD  0.0  0.0 0.0 0.0  0.0  0.0 0.0 0.0  0.0  0.0  0.0 0.0  0.0  0.0 0.0 0.0  0.37  0.37  0.37  0.37  0.37  0.37  0.37  0.37  0.37  0.37  0.37  0.37  0.37  0.37  0.37  0.37
   -1    1    14   CASTOR_HAD  0.0  0.0 0.0 0.0  0.0  0.0 0.0 0.0  0.0  0.0  0.0 0.0  0.0  0.0 0.0 0.0  0.37  0.37  0.37  0.37  0.37  0.37  0.37  0.37  0.37  0.37  0.37  0.37  0.37  0.37  0.37  0.37
   -1    2    1   CASTOR_EM  0.0  0.0 0.0 0.0  0.0  0.0 0.0 0.0  0.0  0.0  0.0 0.0  0.0  0.0 0.0 0.0  0.37  0.37  0.37  0.37  0.37  0.37  0.37  0.37  0.37  0.37  0.37  0.37  0.37  0.37  0.37  0.37
   -1    2    2   CASTOR_EM  0.0  0.0 0.0 0.0  0.0  0.0 0.0 0.0  0.0  0.0  0.0 0.0  0.0  0.0 0.0 0.0  0.37  0.37  0.37  0.37  0.37  0.37  0.37  0.37  0.37  0.37  0.37  0.37  0.37  0.37  0.37  0.37
   -1    2    3   CASTOR_HAD  0.0  0.0 0.0 0.0  0.0  0.0 0.0 0.0  0.0  0.0  0.0 0.0  0.0  0.0 0.0 0.0  0.37  0.37  0.37  0.37  0.37  0.37  0.37  0.37  0.37  0.37  0.37  0.37  0.37  0.37  0.37  0.37
   -1    2    4   CASTOR_HAD  0.0  0.0 0.0 0.0  0.0  0.0 0.0 0.0  0.0  0.0  0.0 0.0  0.0  0.0 0.0 0.0  0.37  0.37  0.37  0.37  0.37  0.37  0.37  0.37  0.37  0.37  0.37  0.37  0.37  0.37  0.37  0.37
   -1    2    5   CASTOR_HAD  0.0  0.0 0.0 0.0  0.0  0.0 0.0 0.0  0.0  0.0  0.0 0.0  0.0  0.0 0.0 0.0  0.37  0.37  0.37  0.37  0.37  0.37  0.37  0.37  0.37  0.37  0.37  0.37  0.37  0.37  0.37  0.37
   -1    2    6   CASTOR_HAD  0.0  0.0 0.0 0.0  0.0  0.0 0.0 0.0  0.0  0.0  0.0 0.0  0.0  0.0 0.0 0.0  0.37  0.37  0.37  0.37  0.37  0.37  0.37  0.37  0.37  0.37  0.37  0.37  0.37  0.37  0.37  0.37
   -1    2    7   CASTOR_HAD  0.0  0.0 0.0 0.0  0.0  0.0 0.0 0.0  0.0  0.0  0.0 0.0  0.0  0.0 0.0 0.0  0.37  0.37  0.37  0.37  0.37  0.37  0.37  0.37  0.37  0.37  0.37  0.37  0.37  0.37  0.37  0.37
   -1    2    8   CASTOR_HAD  0.0  0.0 0.0 0.0  0.0  0.0 0.0 0.0  0.0  0.0  0.0 0.0  0.0  0.0 0.0 0.0  0.37  0.37  0.37  0.37  0.37  0.37  0.37  0.37  0.37  0.37  0.37  0.37  0.37  0.37  0.37  0.37
   -1    2    9   CASTOR_HAD  0.0  0.0 0.0 0.0  0.0  0.0 0.0 0.0  0.0  0.0  0.0 0.0  0.0  0.0 0.0 0.0  0.37  0.37  0.37  0.37  0.37  0.37  0.37  0.37  0.37  0.37  0.37  0.37  0.37  0.37  0.37  0.37
   -1    2    10   CASTOR_HAD  0.0  0.0 0.0 0.0  0.0  0.0 0.0 0.0  0.0  0.0  0.0 0.0  0.0  0.0 0.0 0.0  0.37  0.37  0.37  0.37  0.37  0.37  0.37  0.37  0.37  0.37  0.37  0.37  0.37  0.37  0.37  0.37
   -1    2    11   CASTOR_HAD  0.0  0.0 0.0 0.0  0.0  0.0 0.0 0.0  0.0  0.0  0.0 0.0  0.0  0.0 0.0 0.0  0.37  0.37  0.37  0.37  0.37  0.37  0.37  0.37  0.37  0.37  0.37  0.37  0.37  0.37  0.37  0.37
   -1    2    12   CASTOR_HAD  0.0  0.0 0.0 0.0  0.0  0.0 0.0 0.0  0.0  0.0  0.0 0.0  0.0  0.0 0.0 0.0  0.37  0.37  0.37  0.37  0.37  0.37  0.37  0.37  0.37  0.37  0.37  0.37  0.37  0.37  0.37  0.37
   -1    2    13   CASTOR_HAD  0.0  0.0 0.0 0.0  0.0  0.0 0.0 0.0  0.0  0.0  0.0 0.0  0.0  0.0 0.0 0.0  0.37  0.37  0.37  0.37  0.37  0.37  0.37  0.37  0.37  0.37  0.37  0.37  0.37  0.37  0.37  0.37
   -1    2    14   CASTOR_HAD  0.0  0.0 0.0 0.0  0.0  0.0 0.0 0.0  0.0  0.0  0.0 0.0  0.0  0.0 0.0 0.0  0.37  0.37  0.37  0.37  0.37  0.37  0.37  0.37  0.37  0.37  0.37  0.37  0.37  0.37  0.37  0.37
   -1    3    1   CASTOR_EM  0.0  0.0 0.0 0.0  0.0  0.0 0.0 0.0  0.0  0.0  0.0 0.0  0.0  0.0 0.0 0.0  0.37  0.37  0.37  0.37  0.37  0.37  0.37  0.37  0.37  0.37  0.37  0.37  0.37  0.37  0.37  0.37
    -1    3    2   CASTOR_EM  0.0  0.0 0.0 0.0  0.0  0.0 0.0 0.0  0.0  0.0  0.0 0.0  0.0  0.0 0.0 0.0  0.37  0.37  0.37  0.37  0.37  0.37  0.37  0.37  0.37  0.37  0.37  0.37  0.37  0.37  0.37  0.37
    -1    3    3   CASTOR_HAD  0.0  0.0 0.0 0.0  0.0  0.0 0.0 0.0  0.0  0.0  0.0 0.0  0.0  0.0 0.0 0.0  0.37  0.37  0.37  0.37  0.37  0.37  0.37  0.37  0.37  0.37  0.37  0.37  0.37  0.37  0.37  0.37
    -1    3    4   CASTOR_HAD  0.0  0.0 0.0 0.0  0.0  0.0 0.0 0.0  0.0  0.0  0.0 0.0  0.0  0.0 0.0 0.0  0.37  0.37  0.37  0.37  0.37  0.37  0.37  0.37  0.37  0.37  0.37  0.37  0.37  0.37  0.37  0.37
    -1    3    5   CASTOR_HAD  0.0  0.0 0.0 0.0  0.0  0.0 0.0 0.0  0.0  0.0  0.0 0.0  0.0  0.0 0.0 0.0  0.37  0.37  0.37  0.37  0.37  0.37  0.37  0.37  0.37  0.37  0.37  0.37  0.37  0.37  0.37  0.37
   -1    3    6   CASTOR_HAD  0.0  0.0 0.0 0.0  0.0  0.0 0.0 0.0  0.0  0.0  0.0 0.0  0.0  0.0 0.0 0.0  0.37  0.37  0.37  0.37  0.37  0.37  0.37  0.37  0.37  0.37  0.37  0.37  0.37  0.37  0.37  0.37
   -1    3    7   CASTOR_HAD  0.0  0.0 0.0 0.0  0.0  0.0 0.0 0.0  0.0  0.0  0.0 0.0  0.0  0.0 0.0 0.0  0.37  0.37  0.37  0.37  0.37  0.37  0.37  0.37  0.37  0.37  0.37  0.37  0.37  0.37  0.37  0.37
   -1    3    8   CASTOR_HAD  0.0  0.0 0.0 0.0  0.0  0.0 0.0 0.0  0.0  0.0  0.0 0.0  0.0  0.0 0.0 0.0  0.37  0.37  0.37  0.37  0.37  0.37  0.37  0.37  0.37  0.37  0.37  0.37  0.37  0.37  0.37  0.37
   -1    3    9   CASTOR_HAD  0.0  0.0 0.0 0.0  0.0  0.0 0.0 0.0  0.0  0.0  0.0 0.0  0.0  0.0 0.0 0.0  0.37  0.37  0.37  0.37  0.37  0.37  0.37  0.37  0.37  0.37  0.37  0.37  0.37  0.37  0.37  0.37
   -1    3    10   CASTOR_HAD  0.0  0.0 0.0 0.0  0.0  0.0 0.0 0.0  0.0  0.0  0.0 0.0  0.0  0.0 0.0 0.0  0.37  0.37  0.37  0.37  0.37  0.37  0.37  0.37  0.37  0.37  0.37  0.37  0.37  0.37  0.37  0.37
   -1    3    11   CASTOR_HAD  0.0  0.0 0.0 0.0  0.0  0.0 0.0 0.0  0.0  0.0  0.0 0.0  0.0  0.0 0.0 0.0  0.37  0.37  0.37  0.37  0.37  0.37  0.37  0.37  0.37  0.37  0.37  0.37  0.37  0.37  0.37  0.37
   -1    3    12   CASTOR_HAD  0.0  0.0 0.0 0.0  0.0  0.0 0.0 0.0  0.0  0.0  0.0 0.0  0.0  0.0 0.0 0.0  0.37  0.37  0.37  0.37  0.37  0.37  0.37  0.37  0.37  0.37  0.37  0.37  0.37  0.37  0.37  0.37
   -1    3    13   CASTOR_HAD  0.0  0.0 0.0 0.0  0.0  0.0 0.0 0.0  0.0  0.0  0.0 0.0  0.0  0.0 0.0 0.0  0.37  0.37  0.37  0.37  0.37  0.37  0.37  0.37  0.37  0.37  0.37  0.37  0.37  0.37  0.37  0.37
   -1    3    14   CASTOR_HAD  0.0  0.0 0.0 0.0  0.0  0.0 0.0 0.0  0.0  0.0  0.0 0.0  0.0  0.0 0.0 0.0  0.37  0.37  0.37  0.37  0.37  0.37  0.37  0.37  0.37  0.37  0.37  0.37  0.37  0.37  0.37  0.37
   -1    4    1   CASTOR_EM  0.0  0.0 0.0 0.0  0.0  0.0 0.0 0.0  0.0  0.0  0.0 0.0  0.0  0.0 0.0 0.0  0.37  0.37  0.37  0.37  0.37  0.37  0.37  0.37  0.37  0.37  0.37  0.37  0.37  0.37  0.37  0.37
    -1    4    2   CASTOR_EM  0.0  0.0 0.0 0.0  0.0  0.0 0.0 0.0  0.0  0.0  0.0 0.0  0.0  0.0 0.0 0.0  0.37  0.37  0.37  0.37  0.37  0.37  0.37  0.37  0.37  0.37  0.37  0.37  0.37  0.37  0.37  0.37
    -1    4    3   CASTOR_HAD  0.0  0.0 0.0 0.0  0.0  0.0 0.0 0.0  0.0  0.0  0.0 0.0  0.0  0.0 0.0 0.0  0.37  0.37  0.37  0.37  0.37  0.37  0.37  0.37  0.37  0.37  0.37  0.37  0.37  0.37  0.37  0.37
    -1    4    4   CASTOR_HAD  0.0  0.0 0.0 0.0  0.0  0.0 0.0 0.0  0.0  0.0  0.0 0.0  0.0  0.0 0.0 0.0  0.37  0.37  0.37  0.37  0.37  0.37  0.37  0.37  0.37  0.37  0.37  0.37  0.37  0.37  0.37  0.37
    -1    4    5   CASTOR_HAD  0.0  0.0 0.0 0.0  0.0  0.0 0.0 0.0  0.0  0.0  0.0 0.0  0.0  0.0 0.0 0.0  0.37  0.37  0.37  0.37  0.37  0.37  0.37  0.37  0.37  0.37  0.37  0.37  0.37  0.37  0.37  0.37
   -1    4    6   CASTOR_HAD  0.0  0.0 0.0 0.0  0.0  0.0 0.0 0.0  0.0  0.0  0.0 0.0  0.0  0.0 0.0 0.0  0.37  0.37  0.37  0.37  0.37  0.37  0.37  0.37  0.37  0.37  0.37  0.37  0.37  0.37  0.37  0.37
   -1    4    7   CASTOR_HAD  0.0  0.0 0.0 0.0  0.0  0.0 0.0 0.0  0.0  0.0  0.0 0.0  0.0  0.0 0.0 0.0  0.37  0.37  0.37  0.37  0.37  0.37  0.37  0.37  0.37  0.37  0.37  0.37  0.37  0.37  0.37  0.37
   -1    4    8   CASTOR_HAD  0.0  0.0 0.0 0.0  0.0  0.0 0.0 0.0  0.0  0.0  0.0 0.0  0.0  0.0 0.0 0.0  0.37  0.37  0.37  0.37  0.37  0.37  0.37  0.37  0.37  0.37  0.37  0.37  0.37  0.37  0.37  0.37
   -1    4    9   CASTOR_HAD  0.0  0.0 0.0 0.0  0.0  0.0 0.0 0.0  0.0  0.0  0.0 0.0  0.0  0.0 0.0 0.0  0.37  0.37  0.37  0.37  0.37  0.37  0.37  0.37  0.37  0.37  0.37  0.37  0.37  0.37  0.37  0.37
   -1    4    10   CASTOR_HAD  0.0  0.0 0.0 0.0  0.0  0.0 0.0 0.0  0.0  0.0  0.0 0.0  0.0  0.0 0.0 0.0  0.37  0.37  0.37  0.37  0.37  0.37  0.37  0.37  0.37  0.37  0.37  0.37  0.37  0.37  0.37  0.37
   -1    4    11   CASTOR_HAD  0.0  0.0 0.0 0.0  0.0  0.0 0.0 0.0  0.0  0.0  0.0 0.0  0.0  0.0 0.0 0.0  0.37  0.37  0.37  0.37  0.37  0.37  0.37  0.37  0.37  0.37  0.37  0.37  0.37  0.37  0.37  0.37
   -1    4    12   CASTOR_HAD  0.0  0.0 0.0 0.0  0.0  0.0 0.0 0.0  0.0  0.0  0.0 0.0  0.0  0.0 0.0 0.0  0.37  0.37  0.37  0.37  0.37  0.37  0.37  0.37  0.37  0.37  0.37  0.37  0.37  0.37  0.37  0.37
   -1    4    13   CASTOR_HAD  0.0  0.0 0.0 0.0  0.0  0.0 0.0 0.0  0.0  0.0  0.0 0.0  0.0  0.0 0.0 0.0  0.37  0.37  0.37  0.37  0.37  0.37  0.37  0.37  0.37  0.37  0.37  0.37  0.37  0.37  0.37  0.37
   -1    4    14   CASTOR_HAD  0.0  0.0 0.0 0.0  0.0  0.0 0.0 0.0  0.0  0.0  0.0 0.0  0.0  0.0 0.0 0.0  0.37  0.37  0.37  0.37  0.37  0.37  0.37  0.37  0.37  0.37  0.37  0.37  0.37  0.37  0.37  0.37
   -1    5    1   CASTOR_EM  0.0  0.0 0.0 0.0  0.0  0.0 0.0 0.0  0.0  0.0  0.0 0.0  0.0  0.0 0.0 0.0  0.37  0.37  0.37  0.37  0.37  0.37  0.37  0.37  0.37  0.37  0.37  0.37  0.37  0.37  0.37  0.37
    -1    5    2   CASTOR_EM  0.0  0.0 0.0 0.0  0.0  0.0 0.0 0.0  0.0  0.0  0.0 0.0  0.0  0.0 0.0 0.0  0.37  0.37  0.37  0.37  0.37  0.37  0.37  0.37  0.37  0.37  0.37  0.37  0.37  0.37  0.37  0.37
    -1    5    3   CASTOR_HAD  0.0  0.0 0.0 0.0  0.0  0.0 0.0 0.0  0.0  0.0  0.0 0.0  0.0  0.0 0.0 0.0  0.37  0.37  0.37  0.37  0.37  0.37  0.37  0.37  0.37  0.37  0.37  0.37  0.37  0.37  0.37  0.37
    -1    5    4   CASTOR_HAD  0.0  0.0 0.0 0.0  0.0  0.0 0.0 0.0  0.0  0.0  0.0 0.0  0.0  0.0 0.0 0.0  0.37  0.37  0.37  0.37  0.37  0.37  0.37  0.37  0.37  0.37  0.37  0.37  0.37  0.37  0.37  0.37
    -1    5    5   CASTOR_HAD  0.0  0.0 0.0 0.0  0.0  0.0 0.0 0.0  0.0  0.0  0.0 0.0  0.0  0.0 0.0 0.0  0.37  0.37  0.37  0.37  0.37  0.37  0.37  0.37  0.37  0.37  0.37  0.37  0.37  0.37  0.37  0.37
   -1    5    6   CASTOR_HAD  0.0  0.0 0.0 0.0  0.0  0.0 0.0 0.0  0.0  0.0  0.0 0.0  0.0  0.0 0.0 0.0  0.37  0.37  0.37  0.37  0.37  0.37  0.37  0.37  0.37  0.37  0.37  0.37  0.37  0.37  0.37  0.37
   -1    5    7   CASTOR_HAD  0.0  0.0 0.0 0.0  0.0  0.0 0.0 0.0  0.0  0.0  0.0 0.0  0.0  0.0 0.0 0.0  0.37  0.37  0.37  0.37  0.37  0.37  0.37  0.37  0.37  0.37  0.37  0.37  0.37  0.37  0.37  0.37
   -1    5    8   CASTOR_HAD  0.0  0.0 0.0 0.0  0.0  0.0 0.0 0.0  0.0  0.0  0.0 0.0  0.0  0.0 0.0 0.0  0.37  0.37  0.37  0.37  0.37  0.37  0.37  0.37  0.37  0.37  0.37  0.37  0.37  0.37  0.37  0.37
   -1    5    9   CASTOR_HAD  0.0  0.0 0.0 0.0  0.0  0.0 0.0 0.0  0.0  0.0  0.0 0.0  0.0  0.0 0.0 0.0  0.37  0.37  0.37  0.37  0.37  0.37  0.37  0.37  0.37  0.37  0.37  0.37  0.37  0.37  0.37  0.37
   -1    5    10   CASTOR_HAD  0.0  0.0 0.0 0.0  0.0  0.0 0.0 0.0  0.0  0.0  0.0 0.0  0.0  0.0 0.0 0.0  0.37  0.37  0.37  0.37  0.37  0.37  0.37  0.37  0.37  0.37  0.37  0.37  0.37  0.37  0.37  0.37
   -1    5    11   CASTOR_HAD  0.0  0.0 0.0 0.0  0.0  0.0 0.0 0.0  0.0  0.0  0.0 0.0  0.0  0.0 0.0 0.0  0.37  0.37  0.37  0.37  0.37  0.37  0.37  0.37  0.37  0.37  0.37  0.37  0.37  0.37  0.37  0.37
   -1    5    12   CASTOR_HAD  0.0  0.0 0.0 0.0  0.0  0.0 0.0 0.0  0.0  0.0  0.0 0.0  0.0  0.0 0.0 0.0  0.37  0.37  0.37  0.37  0.37  0.37  0.37  0.37  0.37  0.37  0.37  0.37  0.37  0.37  0.37  0.37
   -1    5    13   CASTOR_HAD  0.0  0.0 0.0 0.0  0.0  0.0 0.0 0.0  0.0  0.0  0.0 0.0  0.0  0.0 0.0 0.0  0.37  0.37  0.37  0.37  0.37  0.37  0.37  0.37  0.37  0.37  0.37  0.37  0.37  0.37  0.37  0.37
   -1    5    14   CASTOR_HAD  0.0  0.0 0.0 0.0  0.0  0.0 0.0 0.0  0.0  0.0  0.0 0.0  0.0  0.0 0.0 0.0  0.37  0.37  0.37  0.37  0.37  0.37  0.37  0.37  0.37  0.37  0.37  0.37  0.37  0.37  0.37  0.37
   -1    6    1   CASTOR_EM  0.0  0.0 0.0 0.0  0.0  0.0 0.0 0.0  0.0  0.0  0.0 0.0  0.0  0.0 0.0 0.0  0.37  0.37  0.37  0.37  0.37  0.37  0.37  0.37  0.37  0.37  0.37  0.37  0.37  0.37  0.37  0.37
    -1    6    2   CASTOR_EM  0.0  0.0 0.0 0.0  0.0  0.0 0.0 0.0  0.0  0.0  0.0 0.0  0.0  0.0 0.0 0.0  0.37  0.37  0.37  0.37  0.37  0.37  0.37  0.37  0.37  0.37  0.37  0.37  0.37  0.37  0.37  0.37
    -1    6   3   CASTOR_HAD  0.0  0.0 0.0 0.0  0.0  0.0 0.0 0.0  0.0  0.0  0.0 0.0  0.0  0.0 0.0 0.0  0.37  0.37  0.37  0.37  0.37  0.37  0.37  0.37  0.37  0.37  0.37  0.37  0.37  0.37  0.37  0.37
    -1    6    4   CASTOR_HAD  0.0  0.0 0.0 0.0  0.0  0.0 0.0 0.0  0.0  0.0  0.0 0.0  0.0  0.0 0.0 0.0  0.37  0.37  0.37  0.37  0.37  0.37  0.37  0.37  0.37  0.37  0.37  0.37  0.37  0.37  0.37  0.37
    -1    6    5   CASTOR_HAD  0.0  0.0 0.0 0.0  0.0  0.0 0.0 0.0  0.0  0.0  0.0 0.0  0.0  0.0 0.0 0.0  0.37  0.37  0.37  0.37  0.37  0.37  0.37  0.37  0.37  0.37  0.37  0.37  0.37  0.37  0.37  0.37
   -1    6    6   CASTOR_HAD  0.0  0.0 0.0 0.0  0.0  0.0 0.0 0.0  0.0  0.0  0.0 0.0  0.0  0.0 0.0 0.0  0.37  0.37  0.37  0.37  0.37  0.37  0.37  0.37  0.37  0.37  0.37  0.37  0.37  0.37  0.37  0.37
   -1    6    7   CASTOR_HAD  0.0  0.0 0.0 0.0  0.0  0.0 0.0 0.0  0.0  0.0  0.0 0.0  0.0  0.0 0.0 0.0  0.37  0.37  0.37  0.37  0.37  0.37  0.37  0.37  0.37  0.37  0.37  0.37  0.37  0.37  0.37  0.37
   -1    6    8   CASTOR_HAD  0.0  0.0 0.0 0.0  0.0  0.0 0.0 0.0  0.0  0.0  0.0 0.0  0.0  0.0 0.0 0.0  0.37  0.37  0.37  0.37  0.37  0.37  0.37  0.37  0.37  0.37  0.37  0.37  0.37  0.37  0.37  0.37
   -1    6    9   CASTOR_HAD  0.0  0.0 0.0 0.0  0.0  0.0 0.0 0.0  0.0  0.0  0.0 0.0  0.0  0.0 0.0 0.0  0.37  0.37  0.37  0.37  0.37  0.37  0.37  0.37  0.37  0.37  0.37  0.37  0.37  0.37  0.37  0.37
   -1    6    10   CASTOR_HAD  0.0  0.0 0.0 0.0  0.0  0.0 0.0 0.0  0.0  0.0  0.0 0.0  0.0  0.0 0.0 0.0  0.37  0.37  0.37  0.37  0.37  0.37  0.37  0.37  0.37  0.37  0.37  0.37  0.37  0.37  0.37  0.37
   -1    6    11   CASTOR_HAD  0.0  0.0 0.0 0.0  0.0  0.0 0.0 0.0  0.0  0.0  0.0 0.0  0.0  0.0 0.0 0.0  0.37  0.37  0.37  0.37  0.37  0.37  0.37  0.37  0.37  0.37  0.37  0.37  0.37  0.37  0.37  0.37
   -1    6    12   CASTOR_HAD  0.0  0.0 0.0 0.0  0.0  0.0 0.0 0.0  0.0  0.0  0.0 0.0  0.0  0.0 0.0 0.0  0.37  0.37  0.37  0.37  0.37  0.37  0.37  0.37  0.37  0.37  0.37  0.37  0.37  0.37  0.37  0.37
   -1    6    13   CASTOR_HAD  0.0  0.0 0.0 0.0  0.0  0.0 0.0 0.0  0.0  0.0  0.0 0.0  0.0  0.0 0.0 0.0  0.37  0.37  0.37  0.37  0.37  0.37  0.37  0.37  0.37  0.37  0.37  0.37  0.37  0.37  0.37  0.37
   -1    6    14   CASTOR_HAD  0.0  0.0 0.0 0.0  0.0  0.0 0.0 0.0  0.0  0.0  0.0 0.0  0.0  0.0 0.0 0.0  0.37  0.37  0.37  0.37  0.37  0.37  0.37  0.37  0.37  0.37  0.37  0.37  0.37  0.37  0.37  0.37
   -1    7    1   CASTOR_EM  0.0  0.0 0.0 0.0  0.0  0.0 0.0 0.0  0.0  0.0  0.0 0.0  0.0  0.0 0.0 0.0  0.37  0.37  0.37  0.37  0.37  0.37  0.37  0.37  0.37  0.37  0.37  0.37  0.37  0.37  0.37  0.37
    -1    7    2   CASTOR_EM  0.0  0.0 0.0 0.0  0.0  0.0 0.0 0.0  0.0  0.0  0.0 0.0  0.0  0.0 0.0 0.0  0.37  0.37  0.37  0.37  0.37  0.37  0.37  0.37  0.37  0.37  0.37  0.37  0.37  0.37  0.37  0.37
    -1    7    3   CASTOR_HAD  0.0  0.0 0.0 0.0  0.0  0.0 0.0 0.0  0.0  0.0  0.0 0.0  0.0  0.0 0.0 0.0  0.37  0.37  0.37  0.37  0.37  0.37  0.37  0.37  0.37  0.37  0.37  0.37  0.37  0.37  0.37  0.37
    -1    7    4   CASTOR_HAD  0.0  0.0 0.0 0.0  0.0  0.0 0.0 0.0  0.0  0.0  0.0 0.0  0.0  0.0 0.0 0.0  0.37  0.37  0.37  0.37  0.37  0.37  0.37  0.37  0.37  0.37  0.37  0.37  0.37  0.37  0.37  0.37
    -1    7    5   CASTOR_HAD  0.0  0.0 0.0 0.0  0.0  0.0 0.0 0.0  0.0  0.0  0.0 0.0  0.0  0.0 0.0 0.0  0.37  0.37  0.37  0.37  0.37  0.37  0.37  0.37  0.37  0.37  0.37  0.37  0.37  0.37  0.37  0.37
   -1    7    6   CASTOR_HAD  0.0  0.0 0.0 0.0  0.0  0.0 0.0 0.0  0.0  0.0  0.0 0.0  0.0  0.0 0.0 0.0  0.37  0.37  0.37  0.37  0.37  0.37  0.37  0.37  0.37  0.37  0.37  0.37  0.37  0.37  0.37  0.37
   -1    7    7   CASTOR_HAD  0.0  0.0 0.0 0.0  0.0  0.0 0.0 0.0  0.0  0.0  0.0 0.0  0.0  0.0 0.0 0.0  0.37  0.37  0.37  0.37  0.37  0.37  0.37  0.37  0.37  0.37  0.37  0.37  0.37  0.37  0.37  0.37
   -1    7    8   CASTOR_HAD  0.0  0.0 0.0 0.0  0.0  0.0 0.0 0.0  0.0  0.0  0.0 0.0  0.0  0.0 0.0 0.0  0.37  0.37  0.37  0.37  0.37  0.37  0.37  0.37  0.37  0.37  0.37  0.37  0.37  0.37  0.37  0.37
   -1    7    9   CASTOR_HAD  0.0  0.0 0.0 0.0  0.0  0.0 0.0 0.0  0.0  0.0  0.0 0.0  0.0  0.0 0.0 0.0  0.37  0.37  0.37  0.37  0.37  0.37  0.37  0.37  0.37  0.37  0.37  0.37  0.37  0.37  0.37  0.37
   -1    7    10   CASTOR_HAD  0.0  0.0 0.0 0.0  0.0  0.0 0.0 0.0  0.0  0.0  0.0 0.0  0.0  0.0 0.0 0.0  0.37  0.37  0.37  0.37  0.37  0.37  0.37  0.37  0.37  0.37  0.37  0.37  0.37  0.37  0.37  0.37
   -1    7    11   CASTOR_HAD  0.0  0.0 0.0 0.0  0.0  0.0 0.0 0.0  0.0  0.0  0.0 0.0  0.0  0.0 0.0 0.0  0.37  0.37  0.37  0.37  0.37  0.37  0.37  0.37  0.37  0.37  0.37  0.37  0.37  0.37  0.37  0.37
   -1    7    12   CASTOR_HAD  0.0  0.0 0.0 0.0  0.0  0.0 0.0 0.0  0.0  0.0  0.0 0.0  0.0  0.0 0.0 0.0  0.37  0.37  0.37  0.37  0.37  0.37  0.37  0.37  0.37  0.37  0.37  0.37  0.37  0.37  0.37  0.37
   -1    7    13   CASTOR_HAD  0.0  0.0 0.0 0.0  0.0  0.0 0.0 0.0  0.0  0.0  0.0 0.0  0.0  0.0 0.0 0.0  0.37  0.37  0.37  0.37  0.37  0.37  0.37  0.37  0.37  0.37  0.37  0.37  0.37  0.37  0.37  0.37
   -1    7    14   CASTOR_HAD  0.0  0.0 0.0 0.0  0.0  0.0 0.0 0.0  0.0  0.0  0.0 0.0  0.0  0.0 0.0 0.0  0.37  0.37  0.37  0.37  0.37  0.37  0.37  0.37  0.37  0.37  0.37  0.37  0.37  0.37  0.37  0.37
   -1    8    1   CASTOR_EM  0.0  0.0 0.0 0.0  0.0  0.0 0.0 0.0  0.0  0.0  0.0 0.0  0.0  0.0 0.0 0.0  0.37  0.37  0.37  0.37  0.37  0.37  0.37  0.37  0.37  0.37  0.37  0.37  0.37  0.37  0.37  0.37
    -1    8    2   CASTOR_EM  0.0  0.0 0.0 0.0  0.0  0.0 0.0 0.0  0.0  0.0  0.0 0.0  0.0  0.0 0.0 0.0  0.37  0.37  0.37  0.37  0.37  0.37  0.37  0.37  0.37  0.37  0.37  0.37  0.37  0.37  0.37  0.37
    -1    8    3   CASTOR_HAD  0.0  0.0 0.0 0.0  0.0  0.0 0.0 0.0  0.0  0.0  0.0 0.0  0.0  0.0 0.0 0.0  0.37  0.37  0.37  0.37  0.37  0.37  0.37  0.37  0.37  0.37  0.37  0.37  0.37  0.37  0.37  0.37
    -1    8    4   CASTOR_HAD  0.0  0.0 0.0 0.0  0.0  0.0 0.0 0.0  0.0  0.0  0.0 0.0  0.0  0.0 0.0 0.0  0.37  0.37  0.37  0.37  0.37  0.37  0.37  0.37  0.37  0.37  0.37  0.37  0.37  0.37  0.37  0.37
    -1    8    5   CASTOR_HAD  0.0  0.0 0.0 0.0  0.0  0.0 0.0 0.0  0.0  0.0  0.0 0.0  0.0  0.0 0.0 0.0  0.37  0.37  0.37  0.37  0.37  0.37  0.37  0.37  0.37  0.37  0.37  0.37  0.37  0.37  0.37  0.37
   -1    8    6   CASTOR_HAD  0.0  0.0 0.0 0.0  0.0  0.0 0.0 0.0  0.0  0.0  0.0 0.0  0.0  0.0 0.0 0.0  0.37  0.37  0.37  0.37  0.37  0.37  0.37  0.37  0.37  0.37  0.37  0.37  0.37  0.37  0.37  0.37
   -1    8    7   CASTOR_HAD  0.0  0.0 0.0 0.0  0.0  0.0 0.0 0.0  0.0  0.0  0.0 0.0  0.0  0.0 0.0 0.0  0.37  0.37  0.37  0.37  0.37  0.37  0.37  0.37  0.37  0.37  0.37  0.37  0.37  0.37  0.37  0.37
   -1    8    8   CASTOR_HAD  0.0  0.0 0.0 0.0  0.0  0.0 0.0 0.0  0.0  0.0  0.0 0.0  0.0  0.0 0.0 0.0  0.37  0.37  0.37  0.37  0.37  0.37  0.37  0.37  0.37  0.37  0.37  0.37  0.37  0.37  0.37  0.37
   -1    8    9   CASTOR_HAD  0.0  0.0 0.0 0.0  0.0  0.0 0.0 0.0  0.0  0.0  0.0 0.0  0.0  0.0 0.0 0.0  0.37  0.37  0.37  0.37  0.37  0.37  0.37  0.37  0.37  0.37  0.37  0.37  0.37  0.37  0.37  0.37
   -1    8    10   CASTOR_HAD  0.0  0.0 0.0 0.0  0.0  0.0 0.0 0.0  0.0  0.0  0.0 0.0  0.0  0.0 0.0 0.0  0.37  0.37  0.37  0.37  0.37  0.37  0.37  0.37  0.37  0.37  0.37  0.37  0.37  0.37  0.37  0.37
   -1    8    11   CASTOR_HAD  0.0  0.0 0.0 0.0  0.0  0.0 0.0 0.0  0.0  0.0  0.0 0.0  0.0  0.0 0.0 0.0  0.37  0.37  0.37  0.37  0.37  0.37  0.37  0.37  0.37  0.37  0.37  0.37  0.37  0.37  0.37  0.37
   -1    8    12   CASTOR_HAD  0.0  0.0 0.0 0.0  0.0  0.0 0.0 0.0  0.0  0.0  0.0 0.0  0.0  0.0 0.0 0.0  0.37  0.37  0.37  0.37  0.37  0.37  0.37  0.37  0.37  0.37  0.37  0.37  0.37  0.37  0.37  0.37
   -1    8    13   CASTOR_HAD  0.0  0.0 0.0 0.0  0.0  0.0 0.0 0.0  0.0  0.0  0.0 0.0  0.0  0.0 0.0 0.0  0.37  0.37  0.37  0.37  0.37  0.37  0.37  0.37  0.37  0.37  0.37  0.37  0.37  0.37  0.37  0.37
   -1    8    14   CASTOR_HAD  0.0  0.0 0.0 0.0  0.0  0.0 0.0 0.0  0.0  0.0  0.0 0.0  0.0  0.0 0.0 0.0  0.37  0.37  0.37  0.37  0.37  0.37  0.37  0.37  0.37  0.37  0.37  0.37  0.37  0.37  0.37  0.37
   -1    9    1   CASTOR_EM  0.0  0.0 0.0 0.0  0.0  0.0 0.0 0.0  0.0  0.0  0.0 0.0  0.0  0.0 0.0 0.0  0.37  0.37  0.37  0.37  0.37  0.37  0.37  0.37  0.37  0.37  0.37  0.37  0.37  0.37  0.37  0.37
    -1    9    2   CASTOR_EM  0.0  0.0 0.0 0.0  0.0  0.0 0.0 0.0  0.0  0.0  0.0 0.0  0.0  0.0 0.0 0.0  0.37  0.37  0.37  0.37  0.37  0.37  0.37  0.37  0.37  0.37  0.37  0.37  0.37  0.37  0.37  0.37
    -1    9    3   CASTOR_HAD  0.0  0.0 0.0 0.0  0.0  0.0 0.0 0.0  0.0  0.0  0.0 0.0  0.0  0.0 0.0 0.0  0.37  0.37  0.37  0.37  0.37  0.37  0.37  0.37  0.37  0.37  0.37  0.37  0.37  0.37  0.37  0.37
    -1    9    4   CASTOR_HAD  0.0  0.0 0.0 0.0  0.0  0.0 0.0 0.0  0.0  0.0  0.0 0.0  0.0  0.0 0.0 0.0  0.37  0.37  0.37  0.37  0.37  0.37  0.37  0.37  0.37  0.37  0.37  0.37  0.37  0.37  0.37  0.37
    -1    9    5   CASTOR_HAD  0.0  0.0 0.0 0.0  0.0  0.0 0.0 0.0  0.0  0.0  0.0 0.0  0.0  0.0 0.0 0.0  0.37  0.37  0.37  0.37  0.37  0.37  0.37  0.37  0.37  0.37  0.37  0.37  0.37  0.37  0.37  0.37
   -1    9    6   CASTOR_HAD  0.0  0.0 0.0 0.0  0.0  0.0 0.0 0.0  0.0  0.0  0.0 0.0  0.0  0.0 0.0 0.0  0.37  0.37  0.37  0.37  0.37  0.37  0.37  0.37  0.37  0.37  0.37  0.37  0.37  0.37  0.37  0.37
   -1    9    7   CASTOR_HAD  0.0  0.0 0.0 0.0  0.0  0.0 0.0 0.0  0.0  0.0  0.0 0.0  0.0  0.0 0.0 0.0  0.37  0.37  0.37  0.37  0.37  0.37  0.37  0.37  0.37  0.37  0.37  0.37  0.37  0.37  0.37  0.37
   -1    9    8   CASTOR_HAD  0.0  0.0 0.0 0.0  0.0  0.0 0.0 0.0  0.0  0.0  0.0 0.0  0.0  0.0 0.0 0.0  0.37  0.37  0.37  0.37  0.37  0.37  0.37  0.37  0.37  0.37  0.37  0.37  0.37  0.37  0.37  0.37
   -1    9    9   CASTOR_HAD  0.0  0.0 0.0 0.0  0.0  0.0 0.0 0.0  0.0  0.0  0.0 0.0  0.0  0.0 0.0 0.0  0.37  0.37  0.37  0.37  0.37  0.37  0.37  0.37  0.37  0.37  0.37  0.37  0.37  0.37  0.37  0.37
   -1    9    10   CASTOR_HAD  0.0  0.0 0.0 0.0  0.0  0.0 0.0 0.0  0.0  0.0  0.0 0.0  0.0  0.0 0.0 0.0  0.37  0.37  0.37  0.37  0.37  0.37  0.37  0.37  0.37  0.37  0.37  0.37  0.37  0.37  0.37  0.37
   -1    9    11   CASTOR_HAD  0.0  0.0 0.0 0.0  0.0  0.0 0.0 0.0  0.0  0.0  0.0 0.0  0.0  0.0 0.0 0.0  0.37  0.37  0.37  0.37  0.37  0.37  0.37  0.37  0.37  0.37  0.37  0.37  0.37  0.37  0.37  0.37
   -1    9    12   CASTOR_HAD  0.0  0.0 0.0 0.0  0.0  0.0 0.0 0.0  0.0  0.0  0.0 0.0  0.0  0.0 0.0 0.0  0.37  0.37  0.37  0.37  0.37  0.37  0.37  0.37  0.37  0.37  0.37  0.37  0.37  0.37  0.37  0.37
   -1    9    13   CASTOR_HAD  0.0  0.0 0.0 0.0  0.0  0.0 0.0 0.0  0.0  0.0  0.0 0.0  0.0  0.0 0.0 0.0  0.37  0.37  0.37  0.37  0.37  0.37  0.37  0.37  0.37  0.37  0.37  0.37  0.37  0.37  0.37  0.37
   -1    9    14   CASTOR_HAD  0.0  0.0 0.0 0.0  0.0  0.0 0.0 0.0  0.0  0.0  0.0 0.0  0.0  0.0 0.0 0.0  0.37  0.37  0.37  0.37  0.37  0.37  0.37  0.37  0.37  0.37  0.37  0.37  0.37  0.37  0.37  0.37
   -1    10    1   CASTOR_EM  0.0  0.0 0.0 0.0  0.0  0.0 0.0 0.0  0.0  0.0  0.0 0.0  0.0  0.0 0.0 0.0  0.37  0.37  0.37  0.37  0.37  0.37  0.37  0.37  0.37  0.37  0.37  0.37  0.37  0.37  0.37  0.37
    -1    10    2   CASTOR_EM  0.0  0.0 0.0 0.0  0.0  0.0 0.0 0.0  0.0  0.0  0.0 0.0  0.0  0.0 0.0 0.0  0.37  0.37  0.37  0.37  0.37  0.37  0.37  0.37  0.37  0.37  0.37  0.37  0.37  0.37  0.37  0.37
    -1    10    3   CASTOR_HAD  0.0  0.0 0.0 0.0  0.0  0.0 0.0 0.0  0.0  0.0  0.0 0.0  0.0  0.0 0.0 0.0  0.37  0.37  0.37  0.37  0.37  0.37  0.37  0.37  0.37  0.37  0.37  0.37  0.37  0.37  0.37  0.37
    -1    10    4   CASTOR_HAD  0.0  0.0 0.0 0.0  0.0  0.0 0.0 0.0  0.0  0.0  0.0 0.0  0.0  0.0 0.0 0.0  0.37  0.37  0.37  0.37  0.37  0.37  0.37  0.37  0.37  0.37  0.37  0.37  0.37  0.37  0.37  0.37
    -1    10    5   CASTOR_HAD  0.0  0.0 0.0 0.0  0.0  0.0 0.0 0.0  0.0  0.0  0.0 0.0  0.0  0.0 0.0 0.0  0.37  0.37  0.37  0.37  0.37  0.37  0.37  0.37  0.37  0.37  0.37  0.37  0.37  0.37  0.37  0.37
   -1    10    6   CASTOR_HAD  0.0  0.0 0.0 0.0  0.0  0.0 0.0 0.0  0.0  0.0  0.0 0.0  0.0  0.0 0.0 0.0  0.37  0.37  0.37  0.37  0.37  0.37  0.37  0.37  0.37  0.37  0.37  0.37  0.37  0.37  0.37  0.37
   -1    10    7   CASTOR_HAD  0.0  0.0 0.0 0.0  0.0  0.0 0.0 0.0  0.0  0.0  0.0 0.0  0.0  0.0 0.0 0.0  0.37  0.37  0.37  0.37  0.37  0.37  0.37  0.37  0.37  0.37  0.37  0.37  0.37  0.37  0.37  0.37
   -1    10    8   CASTOR_HAD  0.0  0.0 0.0 0.0  0.0  0.0 0.0 0.0  0.0  0.0  0.0 0.0  0.0  0.0 0.0 0.0  0.37  0.37  0.37  0.37  0.37  0.37  0.37  0.37  0.37  0.37  0.37  0.37  0.37  0.37  0.37  0.37
   -1    10    9   CASTOR_HAD  0.0  0.0 0.0 0.0  0.0  0.0 0.0 0.0  0.0  0.0  0.0 0.0  0.0  0.0 0.0 0.0  0.37  0.37  0.37  0.37  0.37  0.37  0.37  0.37  0.37  0.37  0.37  0.37  0.37  0.37  0.37  0.37
   -1    10    10   CASTOR_HAD  0.0  0.0 0.0 0.0  0.0  0.0 0.0 0.0  0.0  0.0  0.0 0.0  0.0  0.0 0.0 0.0  0.37  0.37  0.37  0.37  0.37  0.37  0.37  0.37  0.37  0.37  0.37  0.37  0.37  0.37  0.37  0.37
   -1    10    11   CASTOR_HAD  0.0  0.0 0.0 0.0  0.0  0.0 0.0 0.0  0.0  0.0  0.0 0.0  0.0  0.0 0.0 0.0  0.37  0.37  0.37  0.37  0.37  0.37  0.37  0.37  0.37  0.37  0.37  0.37  0.37  0.37  0.37  0.37
   -1    10    12   CASTOR_HAD  0.0  0.0 0.0 0.0  0.0  0.0 0.0 0.0  0.0  0.0  0.0 0.0  0.0  0.0 0.0 0.0  0.37  0.37  0.37  0.37  0.37  0.37  0.37  0.37  0.37  0.37  0.37  0.37  0.37  0.37  0.37  0.37
   -1    10    13   CASTOR_HAD  0.0  0.0 0.0 0.0  0.0  0.0 0.0 0.0  0.0  0.0  0.0 0.0  0.0  0.0 0.0 0.0  0.37  0.37  0.37  0.37  0.37  0.37  0.37  0.37  0.37  0.37  0.37  0.37  0.37  0.37  0.37  0.37
   -1    10    14   CASTOR_HAD  0.0  0.0 0.0 0.0  0.0  0.0 0.0 0.0  0.0  0.0  0.0 0.0  0.0  0.0 0.0 0.0  0.37  0.37  0.37  0.37  0.37  0.37  0.37  0.37  0.37  0.37  0.37  0.37  0.37  0.37  0.37  0.37
   -1    11    1   CASTOR_EM  0.0  0.0 0.0 0.0  0.0  0.0 0.0 0.0  0.0  0.0  0.0 0.0  0.0  0.0 0.0 0.0  0.37  0.37  0.37  0.37  0.37  0.37  0.37  0.37  0.37  0.37  0.37  0.37  0.37  0.37  0.37  0.37
    -1    11    2   CASTOR_EM  0.0  0.0 0.0 0.0  0.0  0.0 0.0 0.0  0.0  0.0  0.0 0.0  0.0  0.0 0.0 0.0  0.37  0.37  0.37  0.37  0.37  0.37  0.37  0.37  0.37  0.37  0.37  0.37  0.37  0.37  0.37  0.37
    -1    11    3   CASTOR_HAD  0.0  0.0 0.0 0.0  0.0  0.0 0.0 0.0  0.0  0.0  0.0 0.0  0.0  0.0 0.0 0.0  0.37  0.37  0.37  0.37  0.37  0.37  0.37  0.37  0.37  0.37  0.37  0.37  0.37  0.37  0.37  0.37
    -1    11    4   CASTOR_HAD  0.0  0.0 0.0 0.0  0.0  0.0 0.0 0.0  0.0  0.0  0.0 0.0  0.0  0.0 0.0 0.0  0.37  0.37  0.37  0.37  0.37  0.37  0.37  0.37  0.37  0.37  0.37  0.37  0.37  0.37  0.37  0.37
    -1    11    5   CASTOR_HAD  0.0  0.0 0.0 0.0  0.0  0.0 0.0 0.0  0.0  0.0  0.0 0.0  0.0  0.0 0.0 0.0  0.37  0.37  0.37  0.37  0.37  0.37  0.37  0.37  0.37  0.37  0.37  0.37  0.37  0.37  0.37  0.37
   -1    11    6   CASTOR_HAD  0.0  0.0 0.0 0.0  0.0  0.0 0.0 0.0  0.0  0.0  0.0 0.0  0.0  0.0 0.0 0.0  0.37  0.37  0.37  0.37  0.37  0.37  0.37  0.37  0.37  0.37  0.37  0.37  0.37  0.37  0.37  0.37
   -1    11    7   CASTOR_HAD  0.0  0.0 0.0 0.0  0.0  0.0 0.0 0.0  0.0  0.0  0.0 0.0  0.0  0.0 0.0 0.0  0.37  0.37  0.37  0.37  0.37  0.37  0.37  0.37  0.37  0.37  0.37  0.37  0.37  0.37  0.37  0.37
   -1    11    8   CASTOR_HAD  0.0  0.0 0.0 0.0  0.0  0.0 0.0 0.0  0.0  0.0  0.0 0.0  0.0  0.0 0.0 0.0  0.37  0.37  0.37  0.37  0.37  0.37  0.37  0.37  0.37  0.37  0.37  0.37  0.37  0.37  0.37  0.37
   -1    11    9   CASTOR_HAD  0.0  0.0 0.0 0.0  0.0  0.0 0.0 0.0  0.0  0.0  0.0 0.0  0.0  0.0 0.0 0.0  0.37  0.37  0.37  0.37  0.37  0.37  0.37  0.37  0.37  0.37  0.37  0.37  0.37  0.37  0.37  0.37
   -1    11    10   CASTOR_HAD  0.0  0.0 0.0 0.0  0.0  0.0 0.0 0.0  0.0  0.0  0.0 0.0  0.0  0.0 0.0 0.0  0.37  0.37  0.37  0.37  0.37  0.37  0.37  0.37  0.37  0.37  0.37  0.37  0.37  0.37  0.37  0.37
   -1    11    11   CASTOR_HAD  0.0  0.0 0.0 0.0  0.0  0.0 0.0 0.0  0.0  0.0  0.0 0.0  0.0  0.0 0.0 0.0  0.37  0.37  0.37  0.37  0.37  0.37  0.37  0.37  0.37  0.37  0.37  0.37  0.37  0.37  0.37  0.37
   -1    11    12   CASTOR_HAD  0.0  0.0 0.0 0.0  0.0  0.0 0.0 0.0  0.0  0.0  0.0 0.0  0.0  0.0 0.0 0.0  0.37  0.37  0.37  0.37  0.37  0.37  0.37  0.37  0.37  0.37  0.37  0.37  0.37  0.37  0.37  0.37
   -1    11    13   CASTOR_HAD  0.0  0.0 0.0 0.0  0.0  0.0 0.0 0.0  0.0  0.0  0.0 0.0  0.0  0.0 0.0 0.0  0.37  0.37  0.37  0.37  0.37  0.37  0.37  0.37  0.37  0.37  0.37  0.37  0.37  0.37  0.37  0.37
   -1    11    14   CASTOR_HAD  0.0  0.0 0.0 0.0  0.0  0.0 0.0 0.0  0.0  0.0  0.0 0.0  0.0  0.0 0.0 0.0  0.37  0.37  0.37  0.37  0.37  0.37  0.37  0.37  0.37  0.37  0.37  0.37  0.37  0.37  0.37  0.37
   -1    12    1   CASTOR_EM  0.0  0.0 0.0 0.0  0.0  0.0 0.0 0.0  0.0  0.0  0.0 0.0  0.0  0.0 0.0 0.0  0.37  0.37  0.37  0.37  0.37  0.37  0.37  0.37  0.37  0.37  0.37  0.37  0.37  0.37  0.37  0.37
    -1    12    2   CASTOR_EM  0.0  0.0 0.0 0.0  0.0  0.0 0.0 0.0  0.0  0.0  0.0 0.0  0.0  0.0 0.0 0.0  0.37  0.37  0.37  0.37  0.37  0.37  0.37  0.37  0.37  0.37  0.37  0.37  0.37  0.37  0.37  0.37
    -1    12    3   CASTOR_HAD  0.0  0.0 0.0 0.0  0.0  0.0 0.0 0.0  0.0  0.0  0.0 0.0  0.0  0.0 0.0 0.0  0.37  0.37  0.37  0.37  0.37  0.37  0.37  0.37  0.37  0.37  0.37  0.37  0.37  0.37  0.37  0.37
    -1    12    4   CASTOR_HAD  0.0  0.0 0.0 0.0  0.0  0.0 0.0 0.0  0.0  0.0  0.0 0.0  0.0  0.0 0.0 0.0  0.37  0.37  0.37  0.37  0.37  0.37  0.37  0.37  0.37  0.37  0.37  0.37  0.37  0.37  0.37  0.37
    -1    12    5   CASTOR_HAD  0.0  0.0 0.0 0.0  0.0  0.0 0.0 0.0  0.0  0.0  0.0 0.0  0.0  0.0 0.0 0.0  0.37  0.37  0.37  0.37  0.37  0.37  0.37  0.37  0.37  0.37  0.37  0.37  0.37  0.37  0.37  0.37
   -1    12    6   CASTOR_HAD  0.0  0.0 0.0 0.0  0.0  0.0 0.0 0.0  0.0  0.0  0.0 0.0  0.0  0.0 0.0 0.0  0.37  0.37  0.37  0.37  0.37  0.37  0.37  0.37  0.37  0.37  0.37  0.37  0.37  0.37  0.37  0.37
   -1    12    7   CASTOR_HAD  0.0  0.0 0.0 0.0  0.0  0.0 0.0 0.0  0.0  0.0  0.0 0.0  0.0  0.0 0.0 0.0  0.37  0.37  0.37  0.37  0.37  0.37  0.37  0.37  0.37  0.37  0.37  0.37  0.37  0.37  0.37  0.37
   -1    12    8   CASTOR_HAD  0.0  0.0 0.0 0.0  0.0  0.0 0.0 0.0  0.0  0.0  0.0 0.0  0.0  0.0 0.0 0.0  0.37  0.37  0.37  0.37  0.37  0.37  0.37  0.37  0.37  0.37  0.37  0.37  0.37  0.37  0.37  0.37
   -1    12    9   CASTOR_HAD  0.0  0.0 0.0 0.0  0.0  0.0 0.0 0.0  0.0  0.0  0.0 0.0  0.0  0.0 0.0 0.0  0.37  0.37  0.37  0.37  0.37  0.37  0.37  0.37  0.37  0.37  0.37  0.37  0.37  0.37  0.37  0.37
   -1    12    10   CASTOR_HAD  0.0  0.0 0.0 0.0  0.0  0.0 0.0 0.0  0.0  0.0  0.0 0.0  0.0  0.0 0.0 0.0  0.37  0.37  0.37  0.37  0.37  0.37  0.37  0.37  0.37  0.37  0.37  0.37  0.37  0.37  0.37  0.37
   -1    12    11   CASTOR_HAD  0.0  0.0 0.0 0.0  0.0  0.0 0.0 0.0  0.0  0.0  0.0 0.0  0.0  0.0 0.0 0.0  0.37  0.37  0.37  0.37  0.37  0.37  0.37  0.37  0.37  0.37  0.37  0.37  0.37  0.37  0.37  0.37
   -1    12    12   CASTOR_HAD  0.0  0.0 0.0 0.0  0.0  0.0 0.0 0.0  0.0  0.0  0.0 0.0  0.0  0.0 0.0 0.0  0.37  0.37  0.37  0.37  0.37  0.37  0.37  0.37  0.37  0.37  0.37  0.37  0.37  0.37  0.37  0.37
   -1    12    13   CASTOR_HAD  0.0  0.0 0.0 0.0  0.0  0.0 0.0 0.0  0.0  0.0  0.0 0.0  0.0  0.0 0.0 0.0  0.37  0.37  0.37  0.37  0.37  0.37  0.37  0.37  0.37  0.37  0.37  0.37  0.37  0.37  0.37  0.37
   -1    12    14   CASTOR_HAD  0.0  0.0 0.0 0.0  0.0  0.0 0.0 0.0  0.0  0.0  0.0 0.0  0.0  0.0 0.0 0.0  0.37  0.37  0.37  0.37  0.37  0.37  0.37  0.37  0.37  0.37  0.37  0.37  0.37  0.37  0.37  0.37
   -1    13    1   CASTOR_EM  0.0  0.0 0.0 0.0  0.0  0.0 0.0 0.0  0.0  0.0  0.0 0.0  0.0  0.0 0.0 0.0  0.37  0.37  0.37  0.37  0.37  0.37  0.37  0.37  0.37  0.37  0.37  0.37  0.37  0.37  0.37  0.37
    -1    13    2   CASTOR_EM  0.0  0.0 0.0 0.0  0.0  0.0 0.0 0.0  0.0  0.0  0.0 0.0  0.0  0.0 0.0 0.0  0.37  0.37  0.37  0.37  0.37  0.37  0.37  0.37  0.37  0.37  0.37  0.37  0.37  0.37  0.37  0.37
    -1    13    3   CASTOR_HAD  0.0  0.0 0.0 0.0  0.0  0.0 0.0 0.0  0.0  0.0  0.0 0.0  0.0  0.0 0.0 0.0  0.37  0.37  0.37  0.37  0.37  0.37  0.37  0.37  0.37  0.37  0.37  0.37  0.37  0.37  0.37  0.37
    -1    13    4   CASTOR_HAD  0.0  0.0 0.0 0.0  0.0  0.0 0.0 0.0  0.0  0.0  0.0 0.0  0.0  0.0 0.0 0.0  0.37  0.37  0.37  0.37  0.37  0.37  0.37  0.37  0.37  0.37  0.37  0.37  0.37  0.37  0.37  0.37
    -1    13    5   CASTOR_HAD  0.0  0.0 0.0 0.0  0.0  0.0 0.0 0.0  0.0  0.0  0.0 0.0  0.0  0.0 0.0 0.0  0.37  0.37  0.37  0.37  0.37  0.37  0.37  0.37  0.37  0.37  0.37  0.37  0.37  0.37  0.37  0.37
   -1    13    6   CASTOR_HAD  0.0  0.0 0.0 0.0  0.0  0.0 0.0 0.0  0.0  0.0  0.0 0.0  0.0  0.0 0.0 0.0  0.37  0.37  0.37  0.37  0.37  0.37  0.37  0.37  0.37  0.37  0.37  0.37  0.37  0.37  0.37  0.37
   -1    13    7   CASTOR_HAD  0.0  0.0 0.0 0.0  0.0  0.0 0.0 0.0  0.0  0.0  0.0 0.0  0.0  0.0 0.0 0.0  0.37  0.37  0.37  0.37  0.37  0.37  0.37  0.37  0.37  0.37  0.37  0.37  0.37  0.37  0.37  0.37
   -1    13    8   CASTOR_HAD  0.0  0.0 0.0 0.0  0.0  0.0 0.0 0.0  0.0  0.0  0.0 0.0  0.0  0.0 0.0 0.0  0.37  0.37  0.37  0.37  0.37  0.37  0.37  0.37  0.37  0.37  0.37  0.37  0.37  0.37  0.37  0.37
   -1    13    9   CASTOR_HAD  0.0  0.0 0.0 0.0  0.0  0.0 0.0 0.0  0.0  0.0  0.0 0.0  0.0  0.0 0.0 0.0  0.37  0.37  0.37  0.37  0.37  0.37  0.37  0.37  0.37  0.37  0.37  0.37  0.37  0.37  0.37  0.37
   -1    13    10   CASTOR_HAD  0.0  0.0 0.0 0.0  0.0  0.0 0.0 0.0  0.0  0.0  0.0 0.0  0.0  0.0 0.0 0.0  0.37  0.37  0.37  0.37  0.37  0.37  0.37  0.37  0.37  0.37  0.37  0.37  0.37  0.37  0.37  0.37
   -1    13    11   CASTOR_HAD  0.0  0.0 0.0 0.0  0.0  0.0 0.0 0.0  0.0  0.0  0.0 0.0  0.0  0.0 0.0 0.0  0.37  0.37  0.37  0.37  0.37  0.37  0.37  0.37  0.37  0.37  0.37  0.37  0.37  0.37  0.37  0.37
   -1    13    12   CASTOR_HAD  0.0  0.0 0.0 0.0  0.0  0.0 0.0 0.0  0.0  0.0  0.0 0.0  0.0  0.0 0.0 0.0  0.37  0.37  0.37  0.37  0.37  0.37  0.37  0.37  0.37  0.37  0.37  0.37  0.37  0.37  0.37  0.37
   -1    13    13   CASTOR_HAD  0.0  0.0 0.0 0.0  0.0  0.0 0.0 0.0  0.0  0.0  0.0 0.0  0.0  0.0 0.0 0.0  0.37  0.37  0.37  0.37  0.37  0.37  0.37  0.37  0.37  0.37  0.37  0.37  0.37  0.37  0.37  0.37
   -1    13    14   CASTOR_HAD  0.0  0.0 0.0 0.0  0.0  0.0 0.0 0.0  0.0  0.0  0.0 0.0  0.0  0.0 0.0 0.0  0.37  0.37  0.37  0.37  0.37  0.37  0.37  0.37  0.37  0.37  0.37  0.37  0.37  0.37  0.37  0.37
   -1    14    1   CASTOR_EM  0.0  0.0 0.0 0.0  0.0  0.0 0.0 0.0  0.0  0.0  0.0 0.0  0.0  0.0 0.0 0.0  0.37  0.37  0.37  0.37  0.37  0.37  0.37  0.37  0.37  0.37  0.37  0.37  0.37  0.37  0.37  0.37
    -1    14    2   CASTOR_EM  0.0  0.0 0.0 0.0  0.0  0.0 0.0 0.0  0.0  0.0  0.0 0.0  0.0  0.0 0.0 0.0  0.37  0.37  0.37  0.37  0.37  0.37  0.37  0.37  0.37  0.37  0.37  0.37  0.37  0.37  0.37  0.37
    -1    14    3   CASTOR_HAD  0.0  0.0 0.0 0.0  0.0  0.0 0.0 0.0  0.0  0.0  0.0 0.0  0.0  0.0 0.0 0.0  0.37  0.37  0.37  0.37  0.37  0.37  0.37  0.37  0.37  0.37  0.37  0.37  0.37  0.37  0.37  0.37
    -1    14    4   CASTOR_HAD  0.0  0.0 0.0 0.0  0.0  0.0 0.0 0.0  0.0  0.0  0.0 0.0  0.0  0.0 0.0 0.0  0.37  0.37  0.37  0.37  0.37  0.37  0.37  0.37  0.37  0.37  0.37  0.37  0.37  0.37  0.37  0.37
    -1    14    5   CASTOR_HAD  0.0  0.0 0.0 0.0  0.0  0.0 0.0 0.0  0.0  0.0  0.0 0.0  0.0  0.0 0.0 0.0  0.37  0.37  0.37  0.37  0.37  0.37  0.37  0.37  0.37  0.37  0.37  0.37  0.37  0.37  0.37  0.37
   -1    14    6   CASTOR_HAD  0.0  0.0 0.0 0.0  0.0  0.0 0.0 0.0  0.0  0.0  0.0 0.0  0.0  0.0 0.0 0.0  0.37  0.37  0.37  0.37  0.37  0.37  0.37  0.37  0.37  0.37  0.37  0.37  0.37  0.37  0.37  0.37
   -1    14    7   CASTOR_HAD  0.0  0.0 0.0 0.0  0.0  0.0 0.0 0.0  0.0  0.0  0.0 0.0  0.0  0.0 0.0 0.0  0.37  0.37  0.37  0.37  0.37  0.37  0.37  0.37  0.37  0.37  0.37  0.37  0.37  0.37  0.37  0.37
   -1    14    8   CASTOR_HAD  0.0  0.0 0.0 0.0  0.0  0.0 0.0 0.0  0.0  0.0  0.0 0.0  0.0  0.0 0.0 0.0  0.37  0.37  0.37  0.37  0.37  0.37  0.37  0.37  0.37  0.37  0.37  0.37  0.37  0.37  0.37  0.37
   -1    14    9   CASTOR_HAD  0.0  0.0 0.0 0.0  0.0  0.0 0.0 0.0  0.0  0.0  0.0 0.0  0.0  0.0 0.0 0.0  0.37  0.37  0.37  0.37  0.37  0.37  0.37  0.37  0.37  0.37  0.37  0.37  0.37  0.37  0.37  0.37
   -1    14    10   CASTOR_HAD  0.0  0.0 0.0 0.0  0.0  0.0 0.0 0.0  0.0  0.0  0.0 0.0  0.0  0.0 0.0 0.0  0.37  0.37  0.37  0.37  0.37  0.37  0.37  0.37  0.37  0.37  0.37  0.37  0.37  0.37  0.37  0.37
   -1    14    11   CASTOR_HAD  0.0  0.0 0.0 0.0  0.0  0.0 0.0 0.0  0.0  0.0  0.0 0.0  0.0  0.0 0.0 0.0  0.37  0.37  0.37  0.37  0.37  0.37  0.37  0.37  0.37  0.37  0.37  0.37  0.37  0.37  0.37  0.37
   -1    14    12   CASTOR_HAD  0.0  0.0 0.0 0.0  0.0  0.0 0.0 0.0  0.0  0.0  0.0 0.0  0.0  0.0 0.0 0.0  0.37  0.37  0.37  0.37  0.37  0.37  0.37  0.37  0.37  0.37  0.37  0.37  0.37  0.37  0.37  0.37
   -1    14    13   CASTOR_HAD  0.0  0.0 0.0 0.0  0.0  0.0 0.0 0.0  0.0  0.0  0.0 0.0  0.0  0.0 0.0 0.0  0.37  0.37  0.37  0.37  0.37  0.37  0.37  0.37  0.37  0.37  0.37  0.37  0.37  0.37  0.37  0.37
   -1    14    14   CASTOR_HAD  0.0  0.0 0.0 0.0  0.0  0.0 0.0 0.0  0.0  0.0  0.0 0.0  0.0  0.0 0.0 0.0  0.37  0.37  0.37  0.37  0.37  0.37  0.37  0.37  0.37  0.37  0.37  0.37  0.37  0.37  0.37  0.37
   -1    15    1   CASTOR_EM  0.0  0.0 0.0 0.0  0.0  0.0 0.0 0.0  0.0  0.0  0.0 0.0  0.0  0.0 0.0 0.0  0.37  0.37  0.37  0.37  0.37  0.37  0.37  0.37  0.37  0.37  0.37  0.37  0.37  0.37  0.37  0.37
    -1    15    2   CASTOR_EM  0.0  0.0 0.0 0.0  0.0  0.0 0.0 0.0  0.0  0.0  0.0 0.0  0.0  0.0 0.0 0.0  0.37  0.37  0.37  0.37  0.37  0.37  0.37  0.37  0.37  0.37  0.37  0.37  0.37  0.37  0.37  0.37
    -1    15    3   CASTOR_HAD  0.0  0.0 0.0 0.0  0.0  0.0 0.0 0.0  0.0  0.0  0.0 0.0  0.0  0.0 0.0 0.0  0.37  0.37  0.37  0.37  0.37  0.37  0.37  0.37  0.37  0.37  0.37  0.37  0.37  0.37  0.37  0.37
    -1    15    4   CASTOR_HAD  0.0  0.0 0.0 0.0  0.0  0.0 0.0 0.0  0.0  0.0  0.0 0.0  0.0  0.0 0.0 0.0  0.37  0.37  0.37  0.37  0.37  0.37  0.37  0.37  0.37  0.37  0.37  0.37  0.37  0.37  0.37  0.37
    -1    15    5   CASTOR_HAD  0.0  0.0 0.0 0.0  0.0  0.0 0.0 0.0  0.0  0.0  0.0 0.0  0.0  0.0 0.0 0.0  0.37  0.37  0.37  0.37  0.37  0.37  0.37  0.37  0.37  0.37  0.37  0.37  0.37  0.37  0.37  0.37
   -1    15    6   CASTOR_HAD  0.0  0.0 0.0 0.0  0.0  0.0 0.0 0.0  0.0  0.0  0.0 0.0  0.0  0.0 0.0 0.0  0.37  0.37  0.37  0.37  0.37  0.37  0.37  0.37  0.37  0.37  0.37  0.37  0.37  0.37  0.37  0.37
   -1    15    7   CASTOR_HAD  0.0  0.0 0.0 0.0  0.0  0.0 0.0 0.0  0.0  0.0  0.0 0.0  0.0  0.0 0.0 0.0  0.37  0.37  0.37  0.37  0.37  0.37  0.37  0.37  0.37  0.37  0.37  0.37  0.37  0.37  0.37  0.37
   -1    15    8   CASTOR_HAD  0.0  0.0 0.0 0.0  0.0  0.0 0.0 0.0  0.0  0.0  0.0 0.0  0.0  0.0 0.0 0.0  0.37  0.37  0.37  0.37  0.37  0.37  0.37  0.37  0.37  0.37  0.37  0.37  0.37  0.37  0.37  0.37
   -1    15    9   CASTOR_HAD  0.0  0.0 0.0 0.0  0.0  0.0 0.0 0.0  0.0  0.0  0.0 0.0  0.0  0.0 0.0 0.0  0.37  0.37  0.37  0.37  0.37  0.37  0.37  0.37  0.37  0.37  0.37  0.37  0.37  0.37  0.37  0.37
   -1    15    10   CASTOR_HAD  0.0  0.0 0.0 0.0  0.0  0.0 0.0 0.0  0.0  0.0  0.0 0.0  0.0  0.0 0.0 0.0  0.37  0.37  0.37  0.37  0.37  0.37  0.37  0.37  0.37  0.37  0.37  0.37  0.37  0.37  0.37  0.37
   -1    15    11   CASTOR_HAD  0.0  0.0 0.0 0.0  0.0  0.0 0.0 0.0  0.0  0.0  0.0 0.0  0.0  0.0 0.0 0.0  0.37  0.37  0.37  0.37  0.37  0.37  0.37  0.37  0.37  0.37  0.37  0.37  0.37  0.37  0.37  0.37
   -1    15    12   CASTOR_HAD  0.0  0.0 0.0 0.0  0.0  0.0 0.0 0.0  0.0  0.0  0.0 0.0  0.0  0.0 0.0 0.0  0.37  0.37  0.37  0.37  0.37  0.37  0.37  0.37  0.37  0.37  0.37  0.37  0.37  0.37  0.37  0.37
   -1    15    13   CASTOR_HAD  0.0  0.0 0.0 0.0  0.0  0.0 0.0 0.0  0.0  0.0  0.0 0.0  0.0  0.0 0.0 0.0  0.37  0.37  0.37  0.37  0.37  0.37  0.37  0.37  0.37  0.37  0.37  0.37  0.37  0.37  0.37  0.37
   -1    15    14   CASTOR_HAD  0.0  0.0 0.0 0.0  0.0  0.0 0.0 0.0  0.0  0.0  0.0 0.0  0.0  0.0 0.0 0.0  0.37  0.37  0.37  0.37  0.37  0.37  0.37  0.37  0.37  0.37  0.37  0.37  0.37  0.37  0.37  0.37
   -1    16    1   CASTOR_EM  0.0  0.0 0.0 0.0  0.0  0.0 0.0 0.0  0.0  0.0  0.0 0.0  0.0  0.0 0.0 0.0  0.37  0.37  0.37  0.37  0.37  0.37  0.37  0.37  0.37  0.37  0.37  0.37  0.37  0.37  0.37  0.37
    -1    16    2   CASTOR_EM  0.0  0.0 0.0 0.0  0.0  0.0 0.0 0.0  0.0  0.0  0.0 0.0  0.0  0.0 0.0 0.0  0.37  0.37  0.37  0.37  0.37  0.37  0.37  0.37  0.37  0.37  0.37  0.37  0.37  0.37  0.37  0.37
    -1    16    3   CASTOR_HAD  0.0  0.0 0.0 0.0  0.0  0.0 0.0 0.0  0.0  0.0  0.0 0.0  0.0  0.0 0.0 0.0  0.37  0.37  0.37  0.37  0.37  0.37  0.37  0.37  0.37  0.37  0.37  0.37  0.37  0.37  0.37  0.37
    -1    16    4   CASTOR_HAD  0.0  0.0 0.0 0.0  0.0  0.0 0.0 0.0  0.0  0.0  0.0 0.0  0.0  0.0 0.0 0.0  0.37  0.37  0.37  0.37  0.37  0.37  0.37  0.37  0.37  0.37  0.37  0.37  0.37  0.37  0.37  0.37
    -1    16    5   CASTOR_HAD  0.0  0.0 0.0 0.0  0.0  0.0 0.0 0.0  0.0  0.0  0.0 0.0  0.0  0.0 0.0 0.0  0.37  0.37  0.37  0.37  0.37  0.37  0.37  0.37  0.37  0.37  0.37  0.37  0.37  0.37  0.37  0.37
   -1    16    6   CASTOR_HAD  0.0  0.0 0.0 0.0  0.0  0.0 0.0 0.0  0.0  0.0  0.0 0.0  0.0  0.0 0.0 0.0  0.37  0.37  0.37  0.37  0.37  0.37  0.37  0.37  0.37  0.37  0.37  0.37  0.37  0.37  0.37  0.37
   -1    16    7   CASTOR_HAD  0.0  0.0 0.0 0.0  0.0  0.0 0.0 0.0  0.0  0.0  0.0 0.0  0.0  0.0 0.0 0.0  0.37  0.37  0.37  0.37  0.37  0.37  0.37  0.37  0.37  0.37  0.37  0.37  0.37  0.37  0.37  0.37
   -1    16    8   CASTOR_HAD  0.0  0.0 0.0 0.0  0.0  0.0 0.0 0.0  0.0  0.0  0.0 0.0  0.0  0.0 0.0 0.0  0.37  0.37  0.37  0.37  0.37  0.37  0.37  0.37  0.37  0.37  0.37  0.37  0.37  0.37  0.37  0.37
   -1    16    9   CASTOR_HAD  0.0  0.0 0.0 0.0  0.0  0.0 0.0 0.0  0.0  0.0  0.0 0.0  0.0  0.0 0.0 0.0  0.37  0.37  0.37  0.37  0.37  0.37  0.37  0.37  0.37  0.37  0.37  0.37  0.37  0.37  0.37  0.37
   -1    16    10   CASTOR_HAD  0.0  0.0 0.0 0.0  0.0  0.0 0.0 0.0  0.0  0.0  0.0 0.0  0.0  0.0 0.0 0.0  0.37  0.37  0.37  0.37  0.37  0.37  0.37  0.37  0.37  0.37  0.37  0.37  0.37  0.37  0.37  0.37
   -1    16    11   CASTOR_HAD  0.0  0.0 0.0 0.0  0.0  0.0 0.0 0.0  0.0  0.0  0.0 0.0  0.0  0.0 0.0 0.0  0.37  0.37  0.37  0.37  0.37  0.37  0.37  0.37  0.37  0.37  0.37  0.37  0.37  0.37  0.37  0.37
   -1    16    12   CASTOR_HAD  0.0  0.0 0.0 0.0  0.0  0.0 0.0 0.0  0.0  0.0  0.0 0.0  0.0  0.0 0.0 0.0  0.37  0.37  0.37  0.37  0.37  0.37  0.37  0.37  0.37  0.37  0.37  0.37  0.37  0.37  0.37  0.37
   -1    16    13   CASTOR_HAD  0.0  0.0 0.0 0.0  0.0  0.0 0.0 0.0  0.0  0.0  0.0 0.0  0.0  0.0 0.0 0.0  0.37  0.37  0.37  0.37  0.37  0.37  0.37  0.37  0.37  0.37  0.37  0.37  0.37  0.37  0.37  0.37
   -1    16    14   CASTOR_HAD  0.0  0.0 0.0 0.0  0.0  0.0 0.0 0.0  0.0  0.0  0.0 0.0  0.0  0.0 0.0 0.0  0.37  0.37  0.37  0.37  0.37  0.37  0.37  0.37  0.37  0.37  0.37  0.37  0.37  0.37  0.37  0.37
