-1    1    1    CASTOR_EM       0.0448       0.0448       0.0448       0.0448   1442840577 
-1    1    2    CASTOR_EM       0.0292       0.0292       0.0292       0.0292   1442840578 
-1    1    3   CASTOR_HAD       0.0140       0.0140       0.0140       0.0140   1442840579 
-1    1    4   CASTOR_HAD       0.0189       0.0189       0.0189       0.0189   1442840580 
-1    1    5   CASTOR_HAD       0.0366       0.0366       0.0366       0.0366   1442840581 
-1    1    6   CASTOR_HAD       0.0144       0.0144       0.0144       0.0144   1442840582 
-1    1    7   CASTOR_HAD      20.2000      20.2000      20.2000      20.2000   1442840583 
-1    1    8   CASTOR_HAD       0.0444       0.0444       0.0444       0.0444   1442840584 
-1    1    9   CASTOR_HAD       0.0239       0.0239       0.0239       0.0239   1442840585 
-1    1   10   CASTOR_HAD       0.0461       0.0461       0.0461       0.0461   1442840586 
-1    1   11   CASTOR_HAD       0.0285       0.0285       0.0285       0.0285   1442840587 
-1    1   12   CASTOR_HAD       0.0249       0.0249       0.0249       0.0249   1442840588 
-1    1   13   CASTOR_HAD       0.0225       0.0225       0.0225       0.0225   1442840589 
-1    1   14   CASTOR_HAD       0.0179       0.0179       0.0179       0.0179   1442840590 
-1    2    1    CASTOR_EM       0.0351       0.0351       0.0351       0.0351   1442840593 
-1    2    2    CASTOR_EM       0.0172       0.0172       0.0172       0.0172   1442840594 
-1    2    3   CASTOR_HAD       0.0181       0.0181       0.0181       0.0181   1442840595 
-1    2    4   CASTOR_HAD       0.0193       0.0193       0.0193       0.0193   1442840596 
-1    2    5   CASTOR_HAD       0.0308       0.0308       0.0308       0.0308   1442840597 
-1    2    6   CASTOR_HAD       0.0307       0.0307       0.0307       0.0307   1442840598 
-1    2    7   CASTOR_HAD       6.0926       6.0926       6.0926       6.0926   1442840599 
-1    2    8   CASTOR_HAD       0.4789       0.4789       0.4789       0.4789   1442840600 
-1    2    9   CASTOR_HAD       0.0246       0.0246       0.0246       0.0246   1442840601 
-1    2   10   CASTOR_HAD       0.0197       0.0197       0.0197       0.0197   1442840602 
-1    2   11   CASTOR_HAD       0.0244       0.0244       0.0244       0.0244   1442840603 
-1    2   12   CASTOR_HAD       0.0172       0.0172       0.0172       0.0172   1442840604 
-1    2   13   CASTOR_HAD       0.0304       0.0304       0.0304       0.0304   1442840605 
-1    2   14   CASTOR_HAD       0.0204       0.0204       0.0204       0.0204   1442840606 
-1    3    1    CASTOR_EM       0.0204       0.0204       0.0204       0.0204   1442840609 
-1    3    2    CASTOR_EM       0.0337       0.0337       0.0337       0.0337   1442840610 
-1    3    3   CASTOR_HAD       0.0182       0.0182       0.0182       0.0182   1442840611 
-1    3    4   CASTOR_HAD       0.0195       0.0195       0.0195       0.0195   1442840612 
-1    3    5   CASTOR_HAD       0.0140       0.0140       0.0140       0.0140   1442840613 
-1    3    6   CASTOR_HAD       0.0264       0.0264       0.0264       0.0264   1442840614 
-1    3    7   CASTOR_HAD      43.9222      43.9222      43.9222      43.9222   1442840615 
-1    3    8   CASTOR_HAD       0.0000       0.0000       0.0000       0.0000   1442840616 
-1    3    9   CASTOR_HAD       0.0739       0.0739       0.0739       0.0739   1442840617 
-1    3   10   CASTOR_HAD       0.0223       0.0223       0.0223       0.0223   1442840618 
-1    3   11   CASTOR_HAD       0.0326       0.0326       0.0326       0.0326   1442840619 
-1    3   12   CASTOR_HAD       0.0363       0.0363       0.0363       0.0363   1442840620 
-1    3   13   CASTOR_HAD       0.0354       0.0354       0.0354       0.0354   1442840621 
-1    3   14   CASTOR_HAD       0.0316       0.0316       0.0316       0.0316   1442840622 
-1    4    1    CASTOR_EM       0.0196       0.0196       0.0196       0.0196   1442840625 
-1    4    2    CASTOR_EM       0.0203       0.0203       0.0203       0.0203   1442840626 
-1    4    3   CASTOR_HAD       0.0195       0.0195       0.0195       0.0195   1442840627 
-1    4    4   CASTOR_HAD       0.0115       0.0115       0.0115       0.0115   1442840628 
-1    4    5   CASTOR_HAD       0.0213       0.0213       0.0213       0.0213   1442840629 
-1    4    6   CASTOR_HAD       0.0375       0.0375       0.0375       0.0375   1442840630 
-1    4    7   CASTOR_HAD     158.7169     158.7169     158.7169     158.7169   1442840631 
-1    4    8   CASTOR_HAD       0.0000       0.0000       0.0000       0.0000   1442840632 
-1    4    9   CASTOR_HAD       0.0000       0.0000       0.0000       0.0000   1442840633 
-1    4   10   CASTOR_HAD       0.0804       0.0804       0.0804       0.0804   1442840634 
-1    4   11   CASTOR_HAD       0.0237       0.0237       0.0237       0.0237   1442840635 
-1    4   12   CASTOR_HAD       0.0193       0.0193       0.0193       0.0193   1442840636 
-1    4   13   CASTOR_HAD       0.0190       0.0190       0.0190       0.0190   1442840637 
-1    4   14   CASTOR_HAD       0.0334       0.0334       0.0334       0.0334   1442840638 
-1    5    1    CASTOR_EM       0.0629       0.0629       0.0629       0.0629   1442840641 
-1    5    2    CASTOR_EM       0.0439       0.0439       0.0439       0.0439   1442840642 
-1    5    3   CASTOR_HAD       0.0327       0.0327       0.0327       0.0327   1442840643 
-1    5    4   CASTOR_HAD       0.0167       0.0167       0.0167       0.0167   1442840644 
-1    5    5   CASTOR_HAD       0.0256       0.0256       0.0256       0.0256   1442840645 
-1    5    6   CASTOR_HAD       0.0347       0.0347       0.0347       0.0347   1442840646 
-1    5    7   CASTOR_HAD      14.1640      14.1640      14.1640      14.1640   1442840647 
-1    5    8   CASTOR_HAD       0.0000       0.0000       0.0000       0.0000   1442840648 
-1    5    9   CASTOR_HAD       0.0000       0.0000       0.0000       0.0000   1442840649 
-1    5   10   CASTOR_HAD       1.7706       1.7706       1.7706       1.7706   1442840650 
-1    5   11   CASTOR_HAD       0.0379       0.0379       0.0379       0.0379   1442840651 
-1    5   12   CASTOR_HAD       0.0691       0.0691       0.0691       0.0691   1442840652 
-1    5   13   CASTOR_HAD       0.0676       0.0676       0.0676       0.0676   1442840653 
-1    5   14   CASTOR_HAD       0.0652       0.0652       0.0652       0.0652   1442840654 
-1    6    1    CASTOR_EM       0.0242       0.0242       0.0242       0.0242   1442840657 
-1    6    2    CASTOR_EM       0.0279       0.0279       0.0279       0.0279   1442840658 
-1    6    3   CASTOR_HAD       0.0290       0.0290       0.0290       0.0290   1442840659 
-1    6    4   CASTOR_HAD       0.0182       0.0182       0.0182       0.0182   1442840660 
-1    6    5   CASTOR_HAD       0.0196       0.0196       0.0196       0.0196   1442840661 
-1    6    6   CASTOR_HAD       0.0493       0.0493       0.0493       0.0493   1442840662 
-1    6    7   CASTOR_HAD       0.0000       0.0000       0.0000       0.0000   1442840663 
-1    6    8   CASTOR_HAD       0.0000       0.0000       0.0000       0.0000   1442840664 
-1    6    9   CASTOR_HAD       0.1161       0.1161       0.1161       0.1161   1442840665 
-1    6   10   CASTOR_HAD       0.0412       0.0412       0.0412       0.0412   1442840666 
-1    6   11   CASTOR_HAD       0.0270       0.0270       0.0270       0.0270   1442840667 
-1    6   12   CASTOR_HAD       0.0784       0.0784       0.0784       0.0784   1442840668 
-1    6   13   CASTOR_HAD       0.0901       0.0901       0.0901       0.0901   1442840669 
-1    6   14   CASTOR_HAD       0.0680       0.0680       0.0680       0.0680   1442840670 
-1    7    1    CASTOR_EM       0.0412       0.0412       0.0412       0.0412   1442840673 
-1    7    2    CASTOR_EM       0.0351       0.0351       0.0351       0.0351   1442840674 
-1    7    3   CASTOR_HAD       0.0242       0.0242       0.0242       0.0242   1442840675 
-1    7    4   CASTOR_HAD       0.0127       0.0127       0.0127       0.0127   1442840676 
-1    7    5   CASTOR_HAD       0.0595       0.0595       0.0595       0.0595   1442840677 
-1    7    6   CASTOR_HAD       0.1943       0.1943       0.1943       0.1943   1442840678 
-1    7    7   CASTOR_HAD       0.0000       0.0000       0.0000       0.0000   1442840679 
-1    7    8   CASTOR_HAD       0.1225       0.1225       0.1225       0.1225   1442840680 
-1    7    9   CASTOR_HAD       0.0788       0.0788       0.0788       0.0788   1442840681 
-1    7   10   CASTOR_HAD       0.0914       0.0914       0.0914       0.0914   1442840682 
-1    7   11   CASTOR_HAD       0.1283       0.1283       0.1283       0.1283   1442840683 
-1    7   12   CASTOR_HAD       0.0000       0.0000       0.0000       0.0000   1442840684 
-1    7   13   CASTOR_HAD       0.1840       0.1840       0.1840       0.1840   1442840685 
-1    7   14   CASTOR_HAD       0.1611       0.1611       0.1611       0.1611   1442840686 
-1    8    1    CASTOR_EM       0.0412       0.0412       0.0412       0.0412   1442840689 
-1    8    2    CASTOR_EM       0.0386       0.0386       0.0386       0.0386   1442840690 
-1    8    3   CASTOR_HAD       0.0293       0.0293       0.0293       0.0293   1442840691 
-1    8    4   CASTOR_HAD       0.0290       0.0290       0.0290       0.0290   1442840692 
-1    8    5   CASTOR_HAD       0.0741       0.0741       0.0741       0.0741   1442840693 
-1    8    6   CASTOR_HAD       0.0333       0.0333       0.0333       0.0333   1442840694 
-1    8    7   CASTOR_HAD       0.0000       0.0000       0.0000       0.0000   1442840695 
-1    8    8   CASTOR_HAD       0.3486       0.3486       0.3486       0.3486   1442840696 
-1    8    9   CASTOR_HAD       0.0699       0.0699       0.0699       0.0699   1442840697 
-1    8   10   CASTOR_HAD       0.0594       0.0594       0.0594       0.0594   1442840698 
-1    8   11   CASTOR_HAD       0.0742       0.0742       0.0742       0.0742   1442840699 
-1    8   12   CASTOR_HAD       0.0363       0.0363       0.0363       0.0363   1442840700 
-1    8   13   CASTOR_HAD       0.1036       0.1036       0.1036       0.1036   1442840701 
-1    8   14   CASTOR_HAD       0.0318       0.0318       0.0318       0.0318   1442840702 
-1    9    1    CASTOR_EM       0.0444       0.0444       0.0444       0.0444   1442840705 
-1    9    2    CASTOR_EM       0.0475       0.0475       0.0475       0.0475   1442840706 
-1    9    3   CASTOR_HAD       0.0158       0.0158       0.0158       0.0158   1442840707 
-1    9    4   CASTOR_HAD       0.0247       0.0247       0.0247       0.0247   1442840708 
-1    9    5   CASTOR_HAD       0.0184       0.0184       0.0184       0.0184   1442840709 
-1    9    6   CASTOR_HAD       0.1867       0.1867       0.1867       0.1867   1442840710 
-1    9    7   CASTOR_HAD      27.6910      27.6910      27.6910      27.6910   1442840711 
-1    9    8   CASTOR_HAD       0.0437       0.0437       0.0437       0.0437   1442840712 
-1    9    9   CASTOR_HAD       0.0493       0.0493       0.0493       0.0493   1442840713 
-1    9   10   CASTOR_HAD       0.0388       0.0388       0.0388       0.0388   1442840714 
-1    9   11   CASTOR_HAD       0.0309       0.0309       0.0309       0.0309   1442840715 
-1    9   12   CASTOR_HAD       0.0441       0.0441       0.0441       0.0441   1442840716 
-1    9   13   CASTOR_HAD       0.0573       0.0573       0.0573       0.0573   1442840717 
-1    9   14   CASTOR_HAD       0.0888       0.0888       0.0888       0.0888   1442840718 
-1   10    1    CASTOR_EM       0.0656       0.0656       0.0656       0.0656   1442840721 
-1   10    2    CASTOR_EM       0.0723       0.0723       0.0723       0.0723   1442840722 
-1   10    3   CASTOR_HAD       0.0151       0.0151       0.0151       0.0151   1442840723 
-1   10    4   CASTOR_HAD       0.0179       0.0179       0.0179       0.0179   1442840724 
-1   10    5   CASTOR_HAD       0.0147       0.0147       0.0147       0.0147   1442840725 
-1   10    6   CASTOR_HAD       0.0865       0.0865       0.0865       0.0865   1442840726 
-1   10    7   CASTOR_HAD       0.0000       0.0000       0.0000       0.0000   1442840727 
-1   10    8   CASTOR_HAD       0.0507       0.0507       0.0507       0.0507   1442840728 
-1   10    9   CASTOR_HAD       0.0321       0.0321       0.0321       0.0321   1442840729 
-1   10   10   CASTOR_HAD       0.0952       0.0952       0.0952       0.0952   1442840730 
-1   10   11   CASTOR_HAD       0.0252       0.0252       0.0252       0.0252   1442840731 
-1   10   12   CASTOR_HAD       0.0353       0.0353       0.0353       0.0353   1442840732 
-1   10   13   CASTOR_HAD       0.0659       0.0659       0.0659       0.0659   1442840733 
-1   10   14   CASTOR_HAD       0.0830       0.0830       0.0830       0.0830   1442840734 
-1   11    1    CASTOR_EM       0.0990       0.0990       0.0990       0.0990   1442840737 
-1   11    2    CASTOR_EM       0.0572       0.0572       0.0572       0.0572   1442840738 
-1   11    3   CASTOR_HAD       0.0250       0.0250       0.0250       0.0250   1442840739 
-1   11    4   CASTOR_HAD       0.0270       0.0270       0.0270       0.0270   1442840740 
-1   11    5   CASTOR_HAD       0.0180       0.0180       0.0180       0.0180   1442840741 
-1   11    6   CASTOR_HAD       0.0681       0.0681       0.0681       0.0681   1442840742 
-1   11    7   CASTOR_HAD      19.4695      19.4695      19.4695      19.4695   1442840743 
-1   11    8   CASTOR_HAD       0.0000       0.0000       0.0000       0.0000   1442840744 
-1   11    9   CASTOR_HAD       0.0495       0.0495       0.0495       0.0495   1442840745 
-1   11   10   CASTOR_HAD       0.0310       0.0310       0.0310       0.0310   1442840746 
-1   11   11   CASTOR_HAD       2.6047       2.6047       2.6047       2.6047   1442840747 
-1   11   12   CASTOR_HAD       0.0948       0.0948       0.0948       0.0948   1442840748 
-1   11   13   CASTOR_HAD       0.0614       0.0614       0.0614       0.0614   1442840749 
-1   11   14   CASTOR_HAD       0.0364       0.0364       0.0364       0.0364   1442840750 
-1   12    1    CASTOR_EM       0.0909       0.0909       0.0909       0.0909   1442840753 
-1   12    2    CASTOR_EM       0.0287       0.0287       0.0287       0.0287   1442840754 
-1   12    3   CASTOR_HAD       0.0257       0.0257       0.0257       0.0257   1442840755 
-1   12    4   CASTOR_HAD       0.0272       0.0272       0.0272       0.0272   1442840756 
-1   12    5   CASTOR_HAD       0.0363       0.0363       0.0363       0.0363   1442840757 
-1   12    6   CASTOR_HAD       0.1319       0.1319       0.1319       0.1319   1442840758 
-1   12    7   CASTOR_HAD       0.0000       0.0000       0.0000       0.0000   1442840759 
-1   12    8   CASTOR_HAD       0.0000       0.0000       0.0000       0.0000   1442840760 
-1   12    9   CASTOR_HAD       0.1067       0.1067       0.1067       0.1067   1442840761 
-1   12   10   CASTOR_HAD       0.0466       0.0466       0.0466       0.0466   1442840762 
-1   12   11   CASTOR_HAD       2.5080       2.5080       2.5080       2.5080   1442840763 
-1   12   12   CASTOR_HAD       0.0703       0.0703       0.0703       0.0703   1442840764 
-1   12   13   CASTOR_HAD       0.0190       0.0190       0.0190       0.0190   1442840765 
-1   12   14   CASTOR_HAD       0.0603       0.0603       0.0603       0.0603   1442840766 
-1   13    1    CASTOR_EM       0.0199       0.0199       0.0199       0.0199   1442840769 
-1   13    2    CASTOR_EM       0.0430       0.0430       0.0430       0.0430   1442840770 
-1   13    3   CASTOR_HAD       0.0178       0.0178       0.0178       0.0178   1442840771 
-1   13    4   CASTOR_HAD       0.0167       0.0167       0.0167       0.0167   1442840772 
-1   13    5   CASTOR_HAD       0.0117       0.0117       0.0117       0.0117   1442840773 
-1   13    6   CASTOR_HAD       0.1827       0.1827       0.1827       0.1827   1442840774 
-1   13    7   CASTOR_HAD       0.0000       0.0000       0.0000       0.0000   1442840775 
-1   13    8   CASTOR_HAD       0.0000       0.0000       0.0000       0.0000   1442840776 
-1   13    9   CASTOR_HAD       0.0000       0.0000       0.0000       0.0000   1442840777 
-1   13   10   CASTOR_HAD       0.0331       0.0331       0.0331       0.0331   1442840778 
-1   13   11   CASTOR_HAD       3.6522       3.6522       3.6522       3.6522   1442840779 
-1   13   12   CASTOR_HAD       0.0361       0.0361       0.0361       0.0361   1442840780 
-1   13   13   CASTOR_HAD       0.0000       0.0000       0.0000       0.0000   1442840781 
-1   13   14   CASTOR_HAD       0.0376       0.0376       0.0376       0.0376   1442840782 
-1   14    1    CASTOR_EM       0.0364       0.0364       0.0364       0.0364   1442840785 
-1   14    2    CASTOR_EM       0.0400       0.0400       0.0400       0.0400   1442840786 
-1   14    3   CASTOR_HAD       0.0290       0.0290       0.0290       0.0290   1442840787 
-1   14    4   CASTOR_HAD       0.0263       0.0263       0.0263       0.0263   1442840788 
-1   14    5   CASTOR_HAD       0.0151       0.0151       0.0151       0.0151   1442840789 
-1   14    6   CASTOR_HAD       0.0514       0.0514       0.0514       0.0514   1442840790 
-1   14    7   CASTOR_HAD       0.0000       0.0000       0.0000       0.0000   1442840791 
-1   14    8   CASTOR_HAD       0.0000       0.0000       0.0000       0.0000   1442840792 
-1   14    9   CASTOR_HAD       0.0376       0.0376       0.0376       0.0376   1442840793 
-1   14   10   CASTOR_HAD       0.0290       0.0290       0.0290       0.0290   1442840794 
-1   14   11   CASTOR_HAD       1.2831       1.2831       1.2831       1.2831   1442840795 
-1   14   12   CASTOR_HAD       0.0710       0.0710       0.0710       0.0710   1442840796 
-1   14   13   CASTOR_HAD       0.0519       0.0519       0.0519       0.0519   1442840797 
-1   14   14   CASTOR_HAD       0.0310       0.0310       0.0310       0.0310   1442840798 
-1   15    1    CASTOR_EM       0.0660       0.0660       0.0660       0.0660   1442840801 
-1   15    2    CASTOR_EM       0.0257       0.0257       0.0257       0.0257   1442840802 
-1   15    3   CASTOR_HAD       0.0232       0.0232       0.0232       0.0232   1442840803 
-1   15    4   CASTOR_HAD       0.0169       0.0169       0.0169       0.0169   1442840804 
-1   15    5   CASTOR_HAD       0.0263       0.0263       0.0263       0.0263   1442840805 
-1   15    6   CASTOR_HAD       0.0163       0.0163       0.0163       0.0163   1442840806 
-1   15    7   CASTOR_HAD       0.0000       0.0000       0.0000       0.0000   1442840807 
-1   15    8   CASTOR_HAD       0.0000       0.0000       0.0000       0.0000   1442840808 
-1   15    9   CASTOR_HAD       0.0206       0.0206       0.0206       0.0206   1442840809 
-1   15   10   CASTOR_HAD       0.0281       0.0281       0.0281       0.0281   1442840810 
-1   15   11   CASTOR_HAD       0.0208       0.0208       0.0208       0.0208   1442840811 
-1   15   12   CASTOR_HAD       0.0312       0.0312       0.0312       0.0312   1442840812 
-1   15   13   CASTOR_HAD       0.0334       0.0334       0.0334       0.0334   1442840813 
-1   15   14   CASTOR_HAD       0.0334       0.0334       0.0334       0.0334   1442840814 
-1   16    1    CASTOR_EM       0.0189       0.0189       0.0189       0.0189   1442840817 
-1   16    2    CASTOR_EM       0.0311       0.0311       0.0311       0.0311   1442840818 
-1   16    3   CASTOR_HAD       0.0259       0.0259       0.0259       0.0259   1442840819 
-1   16    4   CASTOR_HAD       0.0146       0.0146       0.0146       0.0146   1442840820 
-1   16    5   CASTOR_HAD       0.0116       0.0116       0.0116       0.0116   1442840821 
-1   16    6   CASTOR_HAD       0.2270       0.2270       0.2270       0.2270   1442840822 
-1   16    7   CASTOR_HAD       0.0000       0.0000       0.0000       0.0000   1442840823 
-1   16    8   CASTOR_HAD       0.0000       0.0000       0.0000       0.0000   1442840824 
-1   16    9   CASTOR_HAD       0.0252       0.0252       0.0252       0.0252   1442840825 
-1   16   10   CASTOR_HAD       0.0435       0.0435       0.0435       0.0435   1442840826 
-1   16   11   CASTOR_HAD       0.0326       0.0326       0.0326       0.0326   1442840827 
-1   16   12   CASTOR_HAD       0.0149       0.0149       0.0149       0.0149   1442840828 
-1   16   13   CASTOR_HAD       0.0339       0.0339       0.0339       0.0339   1442840829 
-1   16   14   CASTOR_HAD       0.0183       0.0183       0.0183       0.0183   1442840830 
