302252292 624 212 106
302252296 624 212 106
302252300 624 212 106
302252304 624 212 106
302252308 624 212 106
302252312 624 212 106
302252316 624 212 106
302252320 624 212 106
302252548 624 212 106
302252552 624 212 106
302252556 624 212 106
302252560 624 212 106
302252564 624 212 106
302252568 624 212 106
302252572 624 212 106
302252576 624 212 106
302252804 624 212 106
302252808 624 212 106
302252812 624 212 106
302252816 624 212 106
302252820 624 212 106
302252824 624 212 106
302252828 624 212 106
302252832 624 212 106
302253060 624 212 106
302253064 624 212 106
302253068 624 212 106
302253072 624 212 106
302253076 624 212 106
302253080 624 212 106
302253084 624 212 106
302253088 624 212 106
302253316 624 212 106
302253320 624 212 106
302253324 624 212 106
302253328 624 212 106
302253332 624 212 106
302253336 624 212 106
302253340 624 212 106
302253344 624 212 106
302253572 624 212 106
302253576 624 212 106
302253580 624 212 106
302253584 624 212 106
302253588 624 212 106
302253592 624 212 106
302253596 624 212 106
302253600 624 212 106
302253828 624 212 106
302253832 624 212 106
302253836 624 212 106
302253840 624 212 106
302253844 624 212 106
302253848 624 212 106
302253852 624 212 106
302253856 624 212 106
302254084 624 212 106
302254088 624 212 106
302254092 624 212 106
302254096 624 212 106
302254100 624 212 106
302254104 624 212 106
302254108 624 212 106
302254112 624 212 106
302254340 624 212 106
302254344 624 212 106
302254348 624 212 106
302254352 624 212 106
302254356 624 212 106
302254360 624 212 106
302254364 624 212 106
302254368 624 212 106
302254596 624 212 106
302254600 624 212 106
302254604 624 212 106
302254608 624 212 106
302254612 624 212 106
302254616 624 212 106
302254620 624 212 106
302254624 624 212 106
302254852 624 212 106
302254856 624 212 106
302254860 624 212 106
302254864 624 212 106
302254868 624 212 106
302254872 624 212 106
302254876 624 212 106
302254880 624 212 106
302255108 624 212 106
302255112 624 212 106
302255116 624 212 106
302255120 624 212 106
302255124 624 212 106
302255128 624 212 106
302255132 624 212 106
302255136 624 212 106
302255364 624 212 106
302255368 624 212 106
302255372 624 212 106
302255376 624 212 106
302255380 624 212 106
302255384 624 212 106
302255388 624 212 106
302255392 624 212 106
302255620 624 212 106
302255624 624 212 106
302255628 624 212 106
302255632 624 212 106
302255636 624 212 106
302255640 624 212 106
302255644 624 212 106
302255648 624 212 106
302255876 624 212 106
302255880 624 212 106
302255884 624 212 106
302255888 624 212 106
302255892 624 212 106
302255896 624 212 106
302255900 624 212 106
302255904 624 212 106
302256132 624 212 106
302256136 624 212 106
302256140 624 212 106
302256144 624 212 106
302256148 624 212 106
302256152 624 212 106
302256156 624 212 106
302256160 624 212 106
302514436 416 160 80
302514440 416 160 80
302514444 416 160 80
302514448 416 160 80
302514452 416 160 80
302514456 416 160 80
302514460 416 160 80
302514464 416 160 80
302514692 416 160 80
302514696 416 160 80
302514700 416 160 80
302514704 416 160 80
302514708 416 160 80
302514712 416 160 80
302514716 416 160 80
302514720 416 160 80
302514948 416 160 80
302514952 416 160 80
302514956 416 160 80
302514960 416 160 80
302514964 416 160 80
302514968 416 160 80
302514972 416 160 80
302514976 416 160 80
302515204 416 160 80
302515208 416 160 80
302515212 416 160 80
302515216 416 160 80
302515220 416 160 80
302515224 416 160 80
302515228 416 160 80
302515232 416 160 80
302515460 416 160 80
302515464 416 160 80
302515468 416 160 80
302515472 416 160 80
302515476 416 160 80
302515480 416 160 80
302515484 416 160 80
302515488 416 160 80
302515716 416 160 80
302515720 416 160 80
302515724 416 160 80
302515728 416 160 80
302515732 416 160 80
302515736 416 160 80
302515740 416 160 80
302515744 416 160 80
302515972 416 160 80
302515976 416 160 80
302515980 416 160 80
302515984 416 160 80
302515988 416 160 80
302515992 416 160 80
302515996 416 160 80
302516000 416 160 80
302516228 416 160 80
302516232 416 160 80
302516236 416 160 80
302516240 416 160 80
302516244 416 160 80
302516248 416 160 80
302516252 416 160 80
302516256 416 160 80
302516484 416 160 80
302516488 416 160 80
302516492 416 160 80
302516496 416 160 80
302516500 416 160 80
302516504 416 160 80
302516508 416 160 80
302516512 416 160 80
302516740 416 160 80
302516744 416 160 80
302516748 416 160 80
302516752 416 160 80
302516756 416 160 80
302516760 416 160 80
302516764 416 160 80
302516768 416 160 80
302516996 416 160 80
302517000 416 160 80
302517004 416 160 80
302517008 416 160 80
302517012 416 160 80
302517016 416 160 80
302517020 416 160 80
302517024 416 160 80
302517252 416 160 80
302517256 416 160 80
302517260 416 160 80
302517264 416 160 80
302517268 416 160 80
302517272 416 160 80
302517276 416 160 80
302517280 416 160 80
302517508 416 160 80
302517512 416 160 80
302517516 416 160 80
302517520 416 160 80
302517524 416 160 80
302517528 416 160 80
302517532 416 160 80
302517536 416 160 80
302517764 416 160 80
302517768 416 160 80
302517772 416 160 80
302517776 416 160 80
302517780 416 160 80
302517784 416 160 80
302517788 416 160 80
302517792 416 160 80
302518020 416 160 80
302518024 416 160 80
302518028 416 160 80
302518032 416 160 80
302518036 416 160 80
302518040 416 160 80
302518044 416 160 80
302518048 416 160 80
302518276 416 160 80
302518280 416 160 80
302518284 416 160 80
302518288 416 160 80
302518292 416 160 80
302518296 416 160 80
302518300 416 160 80
302518304 416 160 80
302518532 416 160 80
302518536 416 160 80
302518540 416 160 80
302518544 416 160 80
302518548 416 160 80
302518552 416 160 80
302518556 416 160 80
302518560 416 160 80
302518788 416 160 80
302518792 416 160 80
302518796 416 160 80
302518800 416 160 80
302518804 416 160 80
302518808 416 160 80
302518812 416 160 80
302518816 416 160 80
302519044 416 160 80
302519048 416 160 80
302519052 416 160 80
302519056 416 160 80
302519060 416 160 80
302519064 416 160 80
302519068 416 160 80
302519072 416 160 80
302519300 416 160 80
302519304 416 160 80
302519308 416 160 80
302519312 416 160 80
302519316 416 160 80
302519320 416 160 80
302519324 416 160 80
302519328 416 160 80
302519556 416 160 80
302519560 416 160 80
302519564 416 160 80
302519568 416 160 80
302519572 416 160 80
302519576 416 160 80
302519580 416 160 80
302519584 416 160 80
302519812 416 160 80
302519816 416 160 80
302519820 416 160 80
302519824 416 160 80
302519828 416 160 80
302519832 416 160 80
302519836 416 160 80
302519840 416 160 80
302520068 416 160 80
302520072 416 160 80
302520076 416 160 80
302520080 416 160 80
302520084 416 160 80
302520088 416 160 80
302520092 416 160 80
302520096 416 160 80
302520324 416 160 80
302520328 416 160 80
302520332 416 160 80
302520336 416 160 80
302520340 416 160 80
302520344 416 160 80
302520348 416 160 80
302520352 416 160 80
302520580 416 160 80
302520584 416 160 80
302520588 416 160 80
302520592 416 160 80
302520596 416 160 80
302520600 416 160 80
302520604 416 160 80
302520608 416 160 80
302520836 416 160 80
302520840 416 160 80
302520844 416 160 80
302520848 416 160 80
302520852 416 160 80
302520856 416 160 80
302520860 416 160 80
302520864 416 160 80
302521092 416 160 80
302521096 416 160 80
302521100 416 160 80
302521104 416 160 80
302521108 416 160 80
302521112 416 160 80
302521116 416 160 80
302521120 416 160 80
302521348 416 160 80
302521352 416 160 80
302521356 416 160 80
302521360 416 160 80
302521364 416 160 80
302521368 416 160 80
302521372 416 160 80
302521376 416 160 80
302776580 416 160 80
302776584 416 160 80
302776588 416 160 80
302776592 416 160 80
302776596 416 160 80
302776600 416 160 80
302776604 416 160 80
302776608 416 160 80
302776836 416 160 80
302776840 416 160 80
302776844 416 160 80
302776848 416 160 80
302776852 416 160 80
302776856 416 160 80
302776860 416 160 80
302776864 416 160 80
302777092 416 160 80
302777096 416 160 80
302777100 416 160 80
302777104 416 160 80
302777108 416 160 80
302777112 416 160 80
302777116 416 160 80
302777120 416 160 80
302777348 416 160 80
302777352 416 160 80
302777356 416 160 80
302777360 416 160 80
302777364 416 160 80
302777368 416 160 80
302777372 416 160 80
302777376 416 160 80
302777604 416 160 80
302777608 416 160 80
302777612 416 160 80
302777616 416 160 80
302777620 416 160 80
302777624 416 160 80
302777628 416 160 80
302777632 416 160 80
302777860 416 160 80
302777864 416 160 80
302777868 416 160 80
302777872 416 160 80
302777876 416 160 80
302777880 416 160 80
302777884 416 160 80
302777888 416 160 80
302778116 416 160 80
302778120 416 160 80
302778124 416 160 80
302778128 416 160 80
302778132 416 160 80
302778136 416 160 80
302778140 416 160 80
302778144 416 160 80
302778372 416 160 80
302778376 416 160 80
302778380 416 160 80
302778384 416 160 80
302778388 416 160 80
302778392 416 160 80
302778396 416 160 80
302778400 416 160 80
302778628 416 160 80
302778632 416 160 80
302778636 416 160 80
302778640 416 160 80
302778644 416 160 80
302778648 416 160 80
302778652 416 160 80
302778656 416 160 80
302778884 416 160 80
302778888 416 160 80
302778892 416 160 80
302778896 416 160 80
302778900 416 160 80
302778904 416 160 80
302778908 416 160 80
302778912 416 160 80
302779140 416 160 80
302779144 416 160 80
302779148 416 160 80
302779152 416 160 80
302779156 416 160 80
302779160 416 160 80
302779164 416 160 80
302779168 416 160 80
302779396 416 160 80
302779400 416 160 80
302779404 416 160 80
302779408 416 160 80
302779412 416 160 80
302779416 416 160 80
302779420 416 160 80
302779424 416 160 80
302779652 416 160 80
302779656 416 160 80
302779660 416 160 80
302779664 416 160 80
302779668 416 160 80
302779672 416 160 80
302779676 416 160 80
302779680 416 160 80
302779908 416 160 80
302779912 416 160 80
302779916 416 160 80
302779920 416 160 80
302779924 416 160 80
302779928 416 160 80
302779932 416 160 80
302779936 416 160 80
302780164 416 160 80
302780168 416 160 80
302780172 416 160 80
302780176 416 160 80
302780180 416 160 80
302780184 416 160 80
302780188 416 160 80
302780192 416 160 80
302780420 416 160 80
302780424 416 160 80
302780428 416 160 80
302780432 416 160 80
302780436 416 160 80
302780440 416 160 80
302780444 416 160 80
302780448 416 160 80
302780676 416 160 80
302780680 416 160 80
302780684 416 160 80
302780688 416 160 80
302780692 416 160 80
302780696 416 160 80
302780700 416 160 80
302780704 416 160 80
302780932 416 160 80
302780936 416 160 80
302780940 416 160 80
302780944 416 160 80
302780948 416 160 80
302780952 416 160 80
302780956 416 160 80
302780960 416 160 80
302781188 416 160 80
302781192 416 160 80
302781196 416 160 80
302781200 416 160 80
302781204 416 160 80
302781208 416 160 80
302781212 416 160 80
302781216 416 160 80
302781444 416 160 80
302781448 416 160 80
302781452 416 160 80
302781456 416 160 80
302781460 416 160 80
302781464 416 160 80
302781468 416 160 80
302781472 416 160 80
302781700 416 160 80
302781704 416 160 80
302781708 416 160 80
302781712 416 160 80
302781716 416 160 80
302781720 416 160 80
302781724 416 160 80
302781728 416 160 80
302781956 416 160 80
302781960 416 160 80
302781964 416 160 80
302781968 416 160 80
302781972 416 160 80
302781976 416 160 80
302781980 416 160 80
302781984 416 160 80
302782212 416 160 80
302782216 416 160 80
302782220 416 160 80
302782224 416 160 80
302782228 416 160 80
302782232 416 160 80
302782236 416 160 80
302782240 416 160 80
302782468 416 160 80
302782472 416 160 80
302782476 416 160 80
302782480 416 160 80
302782484 416 160 80
302782488 416 160 80
302782492 416 160 80
302782496 416 160 80
302782724 416 160 80
302782728 416 160 80
302782732 416 160 80
302782736 416 160 80
302782740 416 160 80
302782744 416 160 80
302782748 416 160 80
302782752 416 160 80
302782980 416 160 80
302782984 416 160 80
302782988 416 160 80
302782992 416 160 80
302782996 416 160 80
302783000 416 160 80
302783004 416 160 80
302783008 416 160 80
302783236 416 160 80
302783240 416 160 80
302783244 416 160 80
302783248 416 160 80
302783252 416 160 80
302783256 416 160 80
302783260 416 160 80
302783264 416 160 80
302783492 416 160 80
302783496 416 160 80
302783500 416 160 80
302783504 416 160 80
302783508 416 160 80
302783512 416 160 80
302783516 416 160 80
302783520 416 160 80
302783748 416 160 80
302783752 416 160 80
302783756 416 160 80
302783760 416 160 80
302783764 416 160 80
302783768 416 160 80
302783772 416 160 80
302783776 416 160 80
302784004 416 160 80
302784008 416 160 80
302784012 416 160 80
302784016 416 160 80
302784020 416 160 80
302784024 416 160 80
302784028 416 160 80
302784032 416 160 80
302784260 416 160 80
302784264 416 160 80
302784268 416 160 80
302784272 416 160 80
302784276 416 160 80
302784280 416 160 80
302784284 416 160 80
302784288 416 160 80
302784516 416 160 80
302784520 416 160 80
302784524 416 160 80
302784528 416 160 80
302784532 416 160 80
302784536 416 160 80
302784540 416 160 80
302784544 416 160 80
302784772 416 160 80
302784776 416 160 80
302784780 416 160 80
302784784 416 160 80
302784788 416 160 80
302784792 416 160 80
302784796 416 160 80
302784800 416 160 80
302785028 416 160 80
302785032 416 160 80
302785036 416 160 80
302785040 416 160 80
302785044 416 160 80
302785048 416 160 80
302785052 416 160 80
302785056 416 160 80
302785284 416 160 80
302785288 416 160 80
302785292 416 160 80
302785296 416 160 80
302785300 416 160 80
302785304 416 160 80
302785308 416 160 80
302785312 416 160 80
302785540 416 160 80
302785544 416 160 80
302785548 416 160 80
302785552 416 160 80
302785556 416 160 80
302785560 416 160 80
302785564 416 160 80
302785568 416 160 80
302785796 416 160 80
302785800 416 160 80
302785804 416 160 80
302785808 416 160 80
302785812 416 160 80
302785816 416 160 80
302785820 416 160 80
302785824 416 160 80
302786052 416 160 80
302786056 416 160 80
302786060 416 160 80
302786064 416 160 80
302786068 416 160 80
302786072 416 160 80
302786076 416 160 80
302786080 416 160 80
302786308 416 160 80
302786312 416 160 80
302786316 416 160 80
302786320 416 160 80
302786324 416 160 80
302786328 416 160 80
302786332 416 160 80
302786336 416 160 80
302786564 416 160 80
302786568 416 160 80
302786572 416 160 80
302786576 416 160 80
302786580 416 160 80
302786584 416 160 80
302786588 416 160 80
302786592 416 160 80
302786820 416 160 80
302786824 416 160 80
302786828 416 160 80
302786832 416 160 80
302786836 416 160 80
302786840 416 160 80
302786844 416 160 80
302786848 416 160 80
302787076 416 160 80
302787080 416 160 80
302787084 416 160 80
302787088 416 160 80
302787092 416 160 80
302787096 416 160 80
302787100 416 160 80
302787104 416 160 80
302787332 416 160 80
302787336 416 160 80
302787340 416 160 80
302787344 416 160 80
302787348 416 160 80
302787352 416 160 80
302787356 416 160 80
302787360 416 160 80
302787588 416 160 80
302787592 416 160 80
302787596 416 160 80
302787600 416 160 80
302787604 416 160 80
302787608 416 160 80
302787612 416 160 80
302787616 416 160 80
303038724 416 160 80
303038728 416 160 80
303038732 416 160 80
303038736 416 160 80
303038740 416 160 80
303038744 416 160 80
303038748 416 160 80
303038752 416 160 80
303038980 416 160 80
303038984 416 160 80
303038988 416 160 80
303038992 416 160 80
303038996 416 160 80
303039000 416 160 80
303039004 416 160 80
303039008 416 160 80
303039236 416 160 80
303039240 416 160 80
303039244 416 160 80
303039248 416 160 80
303039252 416 160 80
303039256 416 160 80
303039260 416 160 80
303039264 416 160 80
303039492 416 160 80
303039496 416 160 80
303039500 416 160 80
303039504 416 160 80
303039508 416 160 80
303039512 416 160 80
303039516 416 160 80
303039520 416 160 80
303039748 416 160 80
303039752 416 160 80
303039756 416 160 80
303039760 416 160 80
303039764 416 160 80
303039768 416 160 80
303039772 416 160 80
303039776 416 160 80
303040004 416 160 80
303040008 416 160 80
303040012 416 160 80
303040016 416 160 80
303040020 416 160 80
303040024 416 160 80
303040028 416 160 80
303040032 416 160 80
303040260 416 160 80
303040264 416 160 80
303040268 416 160 80
303040272 416 160 80
303040276 416 160 80
303040280 416 160 80
303040284 416 160 80
303040288 416 160 80
303040516 416 160 80
303040520 416 160 80
303040524 416 160 80
303040528 416 160 80
303040532 416 160 80
303040536 416 160 80
303040540 416 160 80
303040544 416 160 80
303040772 416 160 80
303040776 416 160 80
303040780 416 160 80
303040784 416 160 80
303040788 416 160 80
303040792 416 160 80
303040796 416 160 80
303040800 416 160 80
303041028 416 160 80
303041032 416 160 80
303041036 416 160 80
303041040 416 160 80
303041044 416 160 80
303041048 416 160 80
303041052 416 160 80
303041056 416 160 80
303041284 416 160 80
303041288 416 160 80
303041292 416 160 80
303041296 416 160 80
303041300 416 160 80
303041304 416 160 80
303041308 416 160 80
303041312 416 160 80
303041540 416 160 80
303041544 416 160 80
303041548 416 160 80
303041552 416 160 80
303041556 416 160 80
303041560 416 160 80
303041564 416 160 80
303041568 416 160 80
303041796 416 160 80
303041800 416 160 80
303041804 416 160 80
303041808 416 160 80
303041812 416 160 80
303041816 416 160 80
303041820 416 160 80
303041824 416 160 80
303042052 416 160 80
303042056 416 160 80
303042060 416 160 80
303042064 416 160 80
303042068 416 160 80
303042072 416 160 80
303042076 416 160 80
303042080 416 160 80
303042308 416 160 80
303042312 416 160 80
303042316 416 160 80
303042320 416 160 80
303042324 416 160 80
303042328 416 160 80
303042332 416 160 80
303042336 416 160 80
303042564 416 160 80
303042568 416 160 80
303042572 416 160 80
303042576 416 160 80
303042580 416 160 80
303042584 416 160 80
303042588 416 160 80
303042592 416 160 80
303042820 416 160 80
303042824 416 160 80
303042828 416 160 80
303042832 416 160 80
303042836 416 160 80
303042840 416 160 80
303042844 416 160 80
303042848 416 160 80
303043076 416 160 80
303043080 416 160 80
303043084 416 160 80
303043088 416 160 80
303043092 416 160 80
303043096 416 160 80
303043100 416 160 80
303043104 416 160 80
303043332 416 160 80
303043336 416 160 80
303043340 416 160 80
303043344 416 160 80
303043348 416 160 80
303043352 416 160 80
303043356 416 160 80
303043360 416 160 80
303043588 416 160 80
303043592 416 160 80
303043596 416 160 80
303043600 416 160 80
303043604 416 160 80
303043608 416 160 80
303043612 416 160 80
303043616 416 160 80
303043844 416 160 80
303043848 416 160 80
303043852 416 160 80
303043856 416 160 80
303043860 416 160 80
303043864 416 160 80
303043868 416 160 80
303043872 416 160 80
303044100 416 160 80
303044104 416 160 80
303044108 416 160 80
303044112 416 160 80
303044116 416 160 80
303044120 416 160 80
303044124 416 160 80
303044128 416 160 80
303044356 416 160 80
303044360 416 160 80
303044364 416 160 80
303044368 416 160 80
303044372 416 160 80
303044376 416 160 80
303044380 416 160 80
303044384 416 160 80
303044612 416 160 80
303044616 416 160 80
303044620 416 160 80
303044624 416 160 80
303044628 416 160 80
303044632 416 160 80
303044636 416 160 80
303044640 416 160 80
303044868 416 160 80
303044872 416 160 80
303044876 416 160 80
303044880 416 160 80
303044884 416 160 80
303044888 416 160 80
303044892 416 160 80
303044896 416 160 80
303045124 416 160 80
303045128 416 160 80
303045132 416 160 80
303045136 416 160 80
303045140 416 160 80
303045144 416 160 80
303045148 416 160 80
303045152 416 160 80
303045380 416 160 80
303045384 416 160 80
303045388 416 160 80
303045392 416 160 80
303045396 416 160 80
303045400 416 160 80
303045404 416 160 80
303045408 416 160 80
303045636 416 160 80
303045640 416 160 80
303045644 416 160 80
303045648 416 160 80
303045652 416 160 80
303045656 416 160 80
303045660 416 160 80
303045664 416 160 80
303045892 416 160 80
303045896 416 160 80
303045900 416 160 80
303045904 416 160 80
303045908 416 160 80
303045912 416 160 80
303045916 416 160 80
303045920 416 160 80
303046148 416 160 80
303046152 416 160 80
303046156 416 160 80
303046160 416 160 80
303046164 416 160 80
303046168 416 160 80
303046172 416 160 80
303046176 416 160 80
303046404 416 160 80
303046408 416 160 80
303046412 416 160 80
303046416 416 160 80
303046420 416 160 80
303046424 416 160 80
303046428 416 160 80
303046432 416 160 80
303046660 416 160 80
303046664 416 160 80
303046668 416 160 80
303046672 416 160 80
303046676 416 160 80
303046680 416 160 80
303046684 416 160 80
303046688 416 160 80
303046916 416 160 80
303046920 416 160 80
303046924 416 160 80
303046928 416 160 80
303046932 416 160 80
303046936 416 160 80
303046940 416 160 80
303046944 416 160 80
303047172 416 160 80
303047176 416 160 80
303047180 416 160 80
303047184 416 160 80
303047188 416 160 80
303047192 416 160 80
303047196 416 160 80
303047200 416 160 80
303047428 416 160 80
303047432 416 160 80
303047436 416 160 80
303047440 416 160 80
303047444 416 160 80
303047448 416 160 80
303047452 416 160 80
303047456 416 160 80
303047684 416 160 80
303047688 416 160 80
303047692 416 160 80
303047696 416 160 80
303047700 416 160 80
303047704 416 160 80
303047708 416 160 80
303047712 416 160 80
303047940 416 160 80
303047944 416 160 80
303047948 416 160 80
303047952 416 160 80
303047956 416 160 80
303047960 416 160 80
303047964 416 160 80
303047968 416 160 80
303048196 416 160 80
303048200 416 160 80
303048204 416 160 80
303048208 416 160 80
303048212 416 160 80
303048216 416 160 80
303048220 416 160 80
303048224 416 160 80
303048452 416 160 80
303048456 416 160 80
303048460 416 160 80
303048464 416 160 80
303048468 416 160 80
303048472 416 160 80
303048476 416 160 80
303048480 416 160 80
303048708 416 160 80
303048712 416 160 80
303048716 416 160 80
303048720 416 160 80
303048724 416 160 80
303048728 416 160 80
303048732 416 160 80
303048736 416 160 80
303048964 416 160 80
303048968 416 160 80
303048972 416 160 80
303048976 416 160 80
303048980 416 160 80
303048984 416 160 80
303048988 416 160 80
303048992 416 160 80
303049220 416 160 80
303049224 416 160 80
303049228 416 160 80
303049232 416 160 80
303049236 416 160 80
303049240 416 160 80
303049244 416 160 80
303049248 416 160 80
303049476 416 160 80
303049480 416 160 80
303049484 416 160 80
303049488 416 160 80
303049492 416 160 80
303049496 416 160 80
303049500 416 160 80
303049504 416 160 80
303049732 416 160 80
303049736 416 160 80
303049740 416 160 80
303049744 416 160 80
303049748 416 160 80
303049752 416 160 80
303049756 416 160 80
303049760 416 160 80
303049988 416 160 80
303049992 416 160 80
303049996 416 160 80
303050000 416 160 80
303050004 416 160 80
303050008 416 160 80
303050012 416 160 80
303050016 416 160 80
303050244 416 160 80
303050248 416 160 80
303050252 416 160 80
303050256 416 160 80
303050260 416 160 80
303050264 416 160 80
303050268 416 160 80
303050272 416 160 80
303050500 416 160 80
303050504 416 160 80
303050508 416 160 80
303050512 416 160 80
303050516 416 160 80
303050520 416 160 80
303050524 416 160 80
303050528 416 160 80
303050756 416 160 80
303050760 416 160 80
303050764 416 160 80
303050768 416 160 80
303050772 416 160 80
303050776 416 160 80
303050780 416 160 80
303050784 416 160 80
303051012 416 160 80
303051016 416 160 80
303051020 416 160 80
303051024 416 160 80
303051028 416 160 80
303051032 416 160 80
303051036 416 160 80
303051040 416 160 80
303051268 416 160 80
303051272 416 160 80
303051276 416 160 80
303051280 416 160 80
303051284 416 160 80
303051288 416 160 80
303051292 416 160 80
303051296 416 160 80
303051524 416 160 80
303051528 416 160 80
303051532 416 160 80
303051536 416 160 80
303051540 416 160 80
303051544 416 160 80
303051548 416 160 80
303051552 416 160 80
303051780 416 160 80
303051784 416 160 80
303051788 416 160 80
303051792 416 160 80
303051796 416 160 80
303051800 416 160 80
303051804 416 160 80
303051808 416 160 80
303052036 416 160 80
303052040 416 160 80
303052044 416 160 80
303052048 416 160 80
303052052 416 160 80
303052056 416 160 80
303052060 416 160 80
303052064 416 160 80
303052292 416 160 80
303052296 416 160 80
303052300 416 160 80
303052304 416 160 80
303052308 416 160 80
303052312 416 160 80
303052316 416 160 80
303052320 416 160 80
303052548 416 160 80
303052552 416 160 80
303052556 416 160 80
303052560 416 160 80
303052564 416 160 80
303052568 416 160 80
303052572 416 160 80
303052576 416 160 80
303052804 416 160 80
303052808 416 160 80
303052812 416 160 80
303052816 416 160 80
303052820 416 160 80
303052824 416 160 80
303052828 416 160 80
303052832 416 160 80
303053060 416 160 80
303053064 416 160 80
303053068 416 160 80
303053072 416 160 80
303053076 416 160 80
303053080 416 160 80
303053084 416 160 80
303053088 416 160 80
303053316 416 160 80
303053320 416 160 80
303053324 416 160 80
303053328 416 160 80
303053332 416 160 80
303053336 416 160 80
303053340 416 160 80
303053344 416 160 80
303053572 416 160 80
303053576 416 160 80
303053580 416 160 80
303053584 416 160 80
303053588 416 160 80
303053592 416 160 80
303053596 416 160 80
303053600 416 160 80
303053828 416 160 80
303053832 416 160 80
303053836 416 160 80
303053840 416 160 80
303053844 416 160 80
303053848 416 160 80
303053852 416 160 80
303053856 416 160 80
303054084 416 160 80
303054088 416 160 80
303054092 416 160 80
303054096 416 160 80
303054100 416 160 80
303054104 416 160 80
303054108 416 160 80
303054112 416 160 80
303054340 416 160 80
303054344 416 160 80
303054348 416 160 80
303054352 416 160 80
303054356 416 160 80
303054360 416 160 80
303054364 416 160 80
303054368 416 160 80
303054596 416 160 80
303054600 416 160 80
303054604 416 160 80
303054608 416 160 80
303054612 416 160 80
303054616 416 160 80
303054620 416 160 80
303054624 416 160 80
303054852 416 160 80
303054856 416 160 80
303054860 416 160 80
303054864 416 160 80
303054868 416 160 80
303054872 416 160 80
303054876 416 160 80
303054880 416 160 80
352388356 416 160 80
352389380 416 160 80
352390404 416 160 80
352391428 416 160 80
352392452 416 160 80
352393476 416 160 80
352394500 416 160 80
352395524 416 160 80
352396548 416 160 80
352397572 416 160 80
352398596 416 160 80
352399620 416 160 80
352400644 416 160 80
352401668 416 160 80
352402692 416 160 80
352403716 416 160 80
352404740 416 160 80
352405764 416 160 80
352406788 416 160 80
352407812 416 160 80
352408836 416 160 80
352409860 416 160 80
352410884 416 160 80
352411908 416 160 80
352412932 416 160 80
352413956 416 160 80
352414980 416 160 80
352416004 416 160 80
352417028 416 160 80
352418052 416 160 80
352419076 416 160 80
352420100 416 160 80
352421124 416 160 80
352422148 416 160 80
352423172 416 160 80
352424196 416 160 80
352425220 416 160 80
352426244 416 160 80
352427268 416 160 80
352428292 416 160 80
352429316 416 160 80
352430340 416 160 80
352431364 416 160 80
352432388 416 160 80
352433412 416 160 80
352434436 416 160 80
352435460 416 160 80
352436484 416 160 80
352437508 416 160 80
352438532 416 160 80
352439556 416 160 80
352440580 416 160 80
352441604 416 160 80
352442628 416 160 80
352443652 416 160 80
352444676 416 160 80
352388612 416 160 80
352389636 416 160 80
352390660 416 160 80
352391684 416 160 80
352392708 416 160 80
352393732 416 160 80
352394756 416 160 80
352395780 416 160 80
352396804 416 160 80
352397828 416 160 80
352398852 416 160 80
352399876 416 160 80
352400900 416 160 80
352401924 416 160 80
352402948 416 160 80
352403972 416 160 80
352404996 416 160 80
352406020 416 160 80
352407044 416 160 80
352408068 416 160 80
352409092 416 160 80
352410116 416 160 80
352411140 416 160 80
352412164 416 160 80
352413188 416 160 80
352414212 416 160 80
352415236 416 160 80
352416260 416 160 80
352417284 416 160 80
352418308 416 160 80
352419332 416 160 80
352420356 416 160 80
352421380 416 160 80
352422404 416 160 80
352423428 416 160 80
352424452 416 160 80
352425476 416 160 80
352426500 416 160 80
352427524 416 160 80
352428548 416 160 80
352429572 416 160 80
352430596 416 160 80
352431620 416 160 80
352432644 416 160 80
352433668 416 160 80
352434692 416 160 80
352435716 416 160 80
352436740 416 160 80
352437764 416 160 80
352438788 416 160 80
352439812 416 160 80
352440836 416 160 80
352441860 416 160 80
352442884 416 160 80
352443908 416 160 80
352444932 416 160 80
352453892 416 160 80
352454916 416 160 80
352455940 416 160 80
352456964 416 160 80
352457988 416 160 80
352459012 416 160 80
352460036 416 160 80
352461060 416 160 80
352462084 416 160 80
352463108 416 160 80
352464132 416 160 80
352465156 416 160 80
352466180 416 160 80
352467204 416 160 80
352468228 416 160 80
352469252 416 160 80
352470276 416 160 80
352471300 416 160 80
352472324 416 160 80
352473348 416 160 80
352474372 416 160 80
352475396 416 160 80
352476420 416 160 80
352477444 416 160 80
352478468 416 160 80
352479492 416 160 80
352480516 416 160 80
352481540 416 160 80
352482564 416 160 80
352483588 416 160 80
352484612 416 160 80
352485636 416 160 80
352486660 416 160 80
352487684 416 160 80
352488708 416 160 80
352489732 416 160 80
352490756 416 160 80
352491780 416 160 80
352492804 416 160 80
352493828 416 160 80
352494852 416 160 80
352495876 416 160 80
352496900 416 160 80
352497924 416 160 80
352498948 416 160 80
352499972 416 160 80
352500996 416 160 80
352502020 416 160 80
352503044 416 160 80
352504068 416 160 80
352505092 416 160 80
352506116 416 160 80
352507140 416 160 80
352508164 416 160 80
352509188 416 160 80
352510212 416 160 80
352454148 416 160 80
352455172 416 160 80
352456196 416 160 80
352457220 416 160 80
352458244 416 160 80
352459268 416 160 80
352460292 416 160 80
352461316 416 160 80
352462340 416 160 80
352463364 416 160 80
352464388 416 160 80
352465412 416 160 80
352466436 416 160 80
352467460 416 160 80
352468484 416 160 80
352469508 416 160 80
352470532 416 160 80
352471556 416 160 80
352472580 416 160 80
352473604 416 160 80
352474628 416 160 80
352475652 416 160 80
352476676 416 160 80
352477700 416 160 80
352478724 416 160 80
352479748 416 160 80
352480772 416 160 80
352481796 416 160 80
352482820 416 160 80
352483844 416 160 80
352484868 416 160 80
352485892 416 160 80
352486916 416 160 80
352487940 416 160 80
352488964 416 160 80
352489988 416 160 80
352491012 416 160 80
352492036 416 160 80
352493060 416 160 80
352494084 416 160 80
352495108 416 160 80
352496132 416 160 80
352497156 416 160 80
352498180 416 160 80
352499204 416 160 80
352500228 416 160 80
352501252 416 160 80
352502276 416 160 80
352503300 416 160 80
352504324 416 160 80
352505348 416 160 80
352506372 416 160 80
352507396 416 160 80
352508420 416 160 80
352509444 416 160 80
352510468 416 160 80
352519428 416 160 80
352520452 416 160 80
352521476 416 160 80
352522500 416 160 80
352523524 416 160 80
352524548 416 160 80
352525572 416 160 80
352526596 416 160 80
352527620 416 160 80
352528644 416 160 80
352529668 416 160 80
352530692 416 160 80
352531716 416 160 80
352532740 416 160 80
352533764 416 160 80
352534788 416 160 80
352535812 416 160 80
352536836 416 160 80
352537860 416 160 80
352538884 416 160 80
352539908 416 160 80
352540932 416 160 80
352541956 416 160 80
352542980 416 160 80
352544004 416 160 80
352545028 416 160 80
352546052 416 160 80
352547076 416 160 80
352548100 416 160 80
352549124 416 160 80
352550148 416 160 80
352551172 416 160 80
352552196 416 160 80
352553220 416 160 80
352554244 416 160 80
352555268 416 160 80
352556292 416 160 80
352557316 416 160 80
352558340 416 160 80
352559364 416 160 80
352560388 416 160 80
352561412 416 160 80
352562436 416 160 80
352563460 416 160 80
352564484 416 160 80
352565508 416 160 80
352566532 416 160 80
352567556 416 160 80
352568580 416 160 80
352569604 416 160 80
352570628 416 160 80
352571652 416 160 80
352572676 416 160 80
352573700 416 160 80
352574724 416 160 80
352575748 416 160 80
352519684 416 160 80
352520708 416 160 80
352521732 416 160 80
352522756 416 160 80
352523780 416 160 80
352524804 416 160 80
352525828 416 160 80
352526852 416 160 80
352527876 416 160 80
352528900 416 160 80
352529924 416 160 80
352530948 416 160 80
352531972 416 160 80
352532996 416 160 80
352534020 416 160 80
352535044 416 160 80
352536068 416 160 80
352537092 416 160 80
352538116 416 160 80
352539140 416 160 80
352540164 416 160 80
352541188 416 160 80
352542212 416 160 80
352543236 416 160 80
352544260 416 160 80
352545284 416 160 80
352546308 416 160 80
352547332 416 160 80
352548356 416 160 80
352549380 416 160 80
352550404 416 160 80
352551428 416 160 80
352552452 416 160 80
352553476 416 160 80
352554500 416 160 80
352555524 416 160 80
352556548 416 160 80
352557572 416 160 80
352558596 416 160 80
352559620 416 160 80
352560644 416 160 80
352561668 416 160 80
352562692 416 160 80
352563716 416 160 80
352564740 416 160 80
352565764 416 160 80
352566788 416 160 80
352567812 416 160 80
352568836 416 160 80
352569860 416 160 80
352570884 416 160 80
352571908 416 160 80
352572932 416 160 80
352573956 416 160 80
352574980 416 160 80
352576004 416 160 80
343999748 416 160 80
344000772 416 160 80
344001796 416 160 80
344002820 416 160 80
344003844 416 160 80
344004868 416 160 80
344005892 416 160 80
344006916 416 160 80
344007940 416 160 80
344008964 416 160 80
344009988 416 160 80
344011012 416 160 80
344012036 416 160 80
344013060 416 160 80
344014084 416 160 80
344015108 416 160 80
344016132 416 160 80
344017156 416 160 80
344018180 416 160 80
344019204 416 160 80
344020228 416 160 80
344021252 416 160 80
344022276 416 160 80
344023300 416 160 80
344024324 416 160 80
344025348 416 160 80
344026372 416 160 80
344027396 416 160 80
344028420 416 160 80
344029444 416 160 80
344030468 416 160 80
344031492 416 160 80
344032516 416 160 80
344033540 416 160 80
344034564 416 160 80
344035588 416 160 80
344036612 416 160 80
344037636 416 160 80
344038660 416 160 80
344039684 416 160 80
344040708 416 160 80
344041732 416 160 80
344042756 416 160 80
344043780 416 160 80
344044804 416 160 80
344045828 416 160 80
344046852 416 160 80
344047876 416 160 80
344048900 416 160 80
344049924 416 160 80
344050948 416 160 80
344051972 416 160 80
344052996 416 160 80
344054020 416 160 80
344055044 416 160 80
344056068 416 160 80
344000004 416 160 80
344001028 416 160 80
344002052 416 160 80
344003076 416 160 80
344004100 416 160 80
344005124 416 160 80
344006148 416 160 80
344007172 416 160 80
344008196 416 160 80
344009220 416 160 80
344010244 416 160 80
344011268 416 160 80
344012292 416 160 80
344013316 416 160 80
344014340 416 160 80
344015364 416 160 80
344016388 416 160 80
344017412 416 160 80
344018436 416 160 80
344019460 416 160 80
344020484 416 160 80
344021508 416 160 80
344022532 416 160 80
344023556 416 160 80
344024580 416 160 80
344025604 416 160 80
344026628 416 160 80
344027652 416 160 80
344028676 416 160 80
344029700 416 160 80
344030724 416 160 80
344031748 416 160 80
344032772 416 160 80
344033796 416 160 80
344034820 416 160 80
344035844 416 160 80
344036868 416 160 80
344037892 416 160 80
344038916 416 160 80
344039940 416 160 80
344040964 416 160 80
344041988 416 160 80
344043012 416 160 80
344044036 416 160 80
344045060 416 160 80
344046084 416 160 80
344047108 416 160 80
344048132 416 160 80
344049156 416 160 80
344050180 416 160 80
344051204 416 160 80
344052228 416 160 80
344053252 416 160 80
344054276 416 160 80
344055300 416 160 80
344056324 416 160 80
344065284 416 160 80
344066308 416 160 80
344067332 416 160 80
344068356 416 160 80
344069380 416 160 80
344070404 416 160 80
344071428 416 160 80
344072452 416 160 80
344073476 416 160 80
344074500 416 160 80
344075524 416 160 80
344076548 416 160 80
344077572 416 160 80
344078596 416 160 80
344079620 416 160 80
344080644 416 160 80
344081668 416 160 80
344082692 416 160 80
344083716 416 160 80
344084740 416 160 80
344085764 416 160 80
344086788 416 160 80
344087812 416 160 80
344088836 416 160 80
344089860 416 160 80
344090884 416 160 80
344091908 416 160 80
344092932 416 160 80
344093956 416 160 80
344094980 416 160 80
344096004 416 160 80
344097028 416 160 80
344098052 416 160 80
344099076 416 160 80
344100100 416 160 80
344101124 416 160 80
344102148 416 160 80
344103172 416 160 80
344104196 416 160 80
344105220 416 160 80
344106244 416 160 80
344107268 416 160 80
344108292 416 160 80
344109316 416 160 80
344110340 416 160 80
344111364 416 160 80
344112388 416 160 80
344113412 416 160 80
344114436 416 160 80
344115460 416 160 80
344116484 416 160 80
344117508 416 160 80
344118532 416 160 80
344119556 416 160 80
344120580 416 160 80
344121604 416 160 80
344065540 416 160 80
344066564 416 160 80
344067588 416 160 80
344068612 416 160 80
344069636 416 160 80
344070660 416 160 80
344071684 416 160 80
344072708 416 160 80
344073732 416 160 80
344074756 416 160 80
344075780 416 160 80
344076804 416 160 80
344077828 416 160 80
344078852 416 160 80
344079876 416 160 80
344080900 416 160 80
344081924 416 160 80
344082948 416 160 80
344083972 416 160 80
344084996 416 160 80
344086020 416 160 80
344087044 416 160 80
344088068 416 160 80
344089092 416 160 80
344090116 416 160 80
344091140 416 160 80
344092164 416 160 80
344093188 416 160 80
344094212 416 160 80
344095236 416 160 80
344096260 416 160 80
344097284 416 160 80
344098308 416 160 80
344099332 416 160 80
344100356 416 160 80
344101380 416 160 80
344102404 416 160 80
344103428 416 160 80
344104452 416 160 80
344105476 416 160 80
344106500 416 160 80
344107524 416 160 80
344108548 416 160 80
344109572 416 160 80
344110596 416 160 80
344111620 416 160 80
344112644 416 160 80
344113668 416 160 80
344114692 416 160 80
344115716 416 160 80
344116740 416 160 80
344117764 416 160 80
344118788 416 160 80
344119812 416 160 80
344120836 416 160 80
344121860 416 160 80
344130820 416 160 80
344131844 416 160 80
344132868 416 160 80
344133892 416 160 80
344134916 416 160 80
344135940 416 160 80
344136964 416 160 80
344137988 416 160 80
344139012 416 160 80
344140036 416 160 80
344141060 416 160 80
344142084 416 160 80
344143108 416 160 80
344144132 416 160 80
344145156 416 160 80
344146180 416 160 80
344147204 416 160 80
344148228 416 160 80
344149252 416 160 80
344150276 416 160 80
344151300 416 160 80
344152324 416 160 80
344153348 416 160 80
344154372 416 160 80
344155396 416 160 80
344156420 416 160 80
344157444 416 160 80
344158468 416 160 80
344159492 416 160 80
344160516 416 160 80
344161540 416 160 80
344162564 416 160 80
344163588 416 160 80
344164612 416 160 80
344165636 416 160 80
344166660 416 160 80
344167684 416 160 80
344168708 416 160 80
344169732 416 160 80
344170756 416 160 80
344171780 416 160 80
344172804 416 160 80
344173828 416 160 80
344174852 416 160 80
344175876 416 160 80
344176900 416 160 80
344177924 416 160 80
344178948 416 160 80
344179972 416 160 80
344180996 416 160 80
344182020 416 160 80
344183044 416 160 80
344184068 416 160 80
344185092 416 160 80
344186116 416 160 80
344187140 416 160 80
344131076 416 160 80
344132100 416 160 80
344133124 416 160 80
344134148 416 160 80
344135172 416 160 80
344136196 416 160 80
344137220 416 160 80
344138244 416 160 80
344139268 416 160 80
344140292 416 160 80
344141316 416 160 80
344142340 416 160 80
344143364 416 160 80
344144388 416 160 80
344145412 416 160 80
344146436 416 160 80
344147460 416 160 80
344148484 416 160 80
344149508 416 160 80
344150532 416 160 80
344151556 416 160 80
344152580 416 160 80
344153604 416 160 80
344154628 416 160 80
344155652 416 160 80
344156676 416 160 80
344157700 416 160 80
344158724 416 160 80
344159748 416 160 80
344160772 416 160 80
344161796 416 160 80
344162820 416 160 80
344163844 416 160 80
344164868 416 160 80
344165892 416 160 80
344166916 416 160 80
344167940 416 160 80
344168964 416 160 80
344169988 416 160 80
344171012 416 160 80
344172036 416 160 80
344173060 416 160 80
344174084 416 160 80
344175108 416 160 80
344176132 416 160 80
344177156 416 160 80
344178180 416 160 80
344179204 416 160 80
344180228 416 160 80
344181252 416 160 80
344182276 416 160 80
344183300 416 160 80
344184324 416 160 80
344185348 416 160 80
344186372 416 160 80
344187396 416 160 80
