1.0
1.0
1.0
1.0
1.0
1.0
1.0
1.0
1.0
1.0
1.0
1.0
1.0
1.0
1.0
1.0
1.0
1.0
1.0
1.0
1.0
1.0
1.0
1.0
1.0
1.0
1.0
1.0
1.0
0.627218934911
0.65224625624
0.737151248164
0.838565022422
0.852090032154
0.874125874126
0.870827285922
0.878698224852
0.92125984252
0.905479452055
0.909090909091
0.891737891738
0.907172995781
0.919137466307
0.916883116883
0.911196911197
0.914004914005
0.918709677419
0.930487804878
0.938021454112
0.934324659232
0.93023255814
0.924731182796
0.937432578209
0.935286935287
0.939936775553
0.947608200456
0.923901393355
0.927789934354
0.940267765191
0.930996714129
0.920750782065
0.945205479452
0.931034482759
0.924698795181
0.942073170732
0.930646672915
0.937076476283
0.939835916135
0.931569343066
0.92574734812
0.92221180881
0.932743362832
0.927710843373
0.921327014218
0.918273645546
0.937068965517
0.919827586207
0.922619047619
0.911184210526
0.916234887737
0.909807355517
0.91202582728
0.91492776886
0.916015625
1.0
1.0
1.0
1.0
1.0
1.0
0.944892473118
0.951181102362
0.952822892498
0.958990536278
0.953846153846
0.95
0.948249619482
0.952879581152
0.95881006865
0.950395398994
0.955350815025
0.959802538787
0.949858757062
0.964714184898
0.965758211041
0.964748201439
0.967930029155
0.971428571429
0.975444538527
0.961434370771
0.959785522788
0.969979986658
0.963797814208
0.965940054496
0.969830295412
0.958174904943
0.967680608365
0.954663212435
0.970278637771
0.963744232037
0.974890144382
0.965087281796
0.975265017668
0.966467065868
0.976963969285
0.96794081381
0.966986794718
0.971538040504
0.967617579029
0.974374255066
0.973004020678
0.959443800695
0.973230220107
0.967332123412
0.975386376646
0.966285714286
0.973112128146
0.968328445748
0.976491862568
0.970184853906
0.975322490185
0.966532025389
0.974888392857
0.972530683811
0.968732234224
0.975652173913
0.976295479603
0.976274608783
0.9678546471
0.976311336717
0.979213483146
0.979242979243
0.969308035714
0.976638176638
0.97138047138
0.966348850252
0.974744760881
0.978145304194
0.969239071775
0.969001148106
0.973995271868
0.966860465116
0.975792507205
0.970027247956
0.971511627907
0.967723984418
0.972492836676
0.974444444444
0.972549019608
0.962394067797
0.958355579285
0.951639799889
0.954263128176
0.954060705496
0.948414830736
0.944348823867
0.948390677026
0.96710153148
0.96614872364
0.965884861407
0.968957871397
0.972527472527
0.977866061294
0.973623853211
0.969920544835
0.970553592462
0.967501331913
0.971967654987
0.975315414152
0.972482113374
0.978735005453
0.965459610028
0.972252448313
0.977051061388
0.969519343494
0.977727013135
0.967397414278
0.969054441261
0.975696926376
0.98070907195
0.976504297994
0.970331588133
0.962694877506
0.975215517241
0.973234624146
0.977945443993
0.974631268437
0.971031286211
0.970420932878
0.971297359357
0.969540229885
0.974343310935
0.975652173913
0.971198156682
0.965414430531
0.970520231214
0.976435045317
0.979116945107
0.960180315552
0.968212610735
0.969987995198
0.969546302051
0.965859714463
0.970663265306
0.970440251572
0.963314358001
0.958227848101
0.9667752443
0.966195451752
0.967160334836
0.952510176391
0.967495219885
0.971116816431
0.96499339498
0.964005235602
0.958803986711
0.966124661247
0.964583333333
0.957142857143
0.969362745098
0.960195530726
0.959758551308
0.959812458138
0.955965909091
0.96408045977
0.951965065502
0.957679180887
0.949502133713
0.96256299496
0.952059925094
0.956619296933
0.941403238242
0.951510333863
0.951729106628
0.955190440627
0.937147461724
0.944055944056
1.0
1.0
1.0
1.0
1.0
1.0
0.928
0.909710391823
0.922813036021
0.920245398773
0.922881355932
0.925675675676
0.934288121314
0.946428571429
0.926605504587
0.919469026549
0.933837429112
0.940550133097
0.936813186813
0.948405253283
0.929807692308
0.933267909715
0.934911242604
0.936732766761
0.922254616132
0.923151750973
0.939809926082
0.925751879699
0.950106157113
0.949367088608
0.930470347648
0.930955120829
0.937300743889
0.914962325081
0.941834451902
0.923900118906
0.922626025791
0.925085130533
0.928170594837
0.908893709328
0.924337957125
0.927230046948
0.92714453584
0.916137229987
0.921085080148
0.938881664499
0.921348314607
0.912378303199
0.905367231638
0.924686192469
0.934903047091
0.899569583931
0.883954154728
0.868778280543
0.893553223388
0.868852459016
0.845786963434
0.825443786982
0.757142857143
0.657320872274
0.592814371257
1.0
1.0
1.0
1.0
1.0
1.0
1.0
1.0
1.0
1.0
1.0
1.0
1.0
1.0
1.0
1.0
1.0
1.0
1.0
1.0
1.0
1.0
1.0
1.0
1.0
1.0
1.0
