319313
319319
319320
319325
319327
319329
319330
319332
319333
319334
319335
319337
319338
319339
319341
319343
319344
319345
319347
319348
319349
319351
319352
319353
319359
319361
319364
319366
319368
319371
319372
319373
319374
319375
319376
319377
319379
319380
319385
319391
319413
319415
319433
319434
319435
319437
319442
319444
319447
319449
319450
319452
319456
319459
319473
319474
319476
319477
319478
319480
319481
319482
319483
319484
319486
319503
319506
319507
319508
319509
319513
319516
319518
319521
319523
319524
319525
319526
319528
319530
319532
319533
319536
319538
319543
319544
319546
319547
319548
319549
319561
319562
319563
319565
319566
319569
319570
319571
319572
319573
319575
319576
319577
319578
319579
319590
319591
319592
319593
319594
319595
319596
319597
319606
319609
319615
319616
319617
319620
319621
319622
319623
319625
319627
319629
319633
319634
319635
319636
319637
319639
319645
319647
319649
319650
319651
319654
319656
319657
319658
319659
319661
319663
319666
319667
319670
319672
319675
319678
319680
319682
319683
319685
319686
319687
319688
319689
319690
319692
319693
319695
319696
319697
319698
319699
319705
319709
319712
319716
319718
319721
319722
319724
319727
319728
319735
319736
319742
319743
319746
319749
319751
319752
319754
319755
319756
319758
319759
319760
319761
319763
319765
319766
319768
319769
319770
319772
319777
319783
319787
319790
319794
319798
319800
319809
319811
319812
319813
319814
319815
319816
319818
319822
319823
319826
319827
319829
319830
319831
319833
319835
319838
319840
319841
319842
319844
319847
319848
319849
319851
319852
319853
319854
319856
319858
319860
319861
319862
319864
319867
319869
319870
319875
319876
319878
319879
319880
319881
319882
319885
319886
319888
319889
319890
319896
319897
319898
319901
319902
319903
319904
319907
319908
319909
319910
319912
319913
319914
319915
319916
319918
319924
319926
319927
319928
319929
319932
319933
319934
319935
319937
319938
319940
319941
319942
319943
319945
319946
319948
319950
319951
319953
319955
319958
319959
319961
319967
319968
319973
319975
319978
319981
319982
319983
319986
319987
319989
319990
319991
319992
319993
319995
319998
320000
320001
320002
320006
320007
320008
320009
320010
320011
320012
320014
320015
320016
320018
320019
320021
320022
320023
320024
320025
320026
320028
320031
320032
320033
320035
320036
320038
320039
320040
320041
320042
320045
320046
320049
320051
320053
320055
320057
320058
320059
320060
320061
320062
320063
320064
320065
320068
320069
320074
320075
320076
320077
320090
320094
320097
320100
320102
320112
320116
320122
320127
320129
320136
320137
320141
320142
320149
320170
320180
320183
320184
320185
320186
320189
320190
320191
320192
320194
320195
320198
320200
320207
320237
320239
320247
320249
320253
320255
320258
320260
320266
320268
320272
320273
320276
320277
320283
320285
320286
320294
320297
320306
320311
320313
320314
320316
320317
320321
320323
320325
320326
320328
320332
320334
320336
320337
320338
320340
320342
320344
320347
320354
320361
320366
320369
320380
320381
320382
320383
320393
