346235
346236
346237
346238
346246
346247
346254
346261
346271
346272
346275
346283
346284
346286
346287
346288
346295
346298
346299
346300
346301
346302
346304
346305
346306
346307
346309
346314
346316
346322
346323
346325
346326
346331
346334
346338
346340
346352
346356
346360
346363
346365
346366
346368
346373
346374
346375
346377
346378
346379
346380
346381
346382
346383
346384
346385
346386
346387
346388
346389
346390
346394
346395
346396
346398
346403
346404
346406
346408
346412
346416
346420
346422
346429
346431
346432
346433
346434
346437
346438
346441
346442
346443
346445
346446
346447
346448
346449
346450
346452
346453
346455
346461
346477
346478
346480
346483
346484
346485
346486
346487
346488
346489
346490
346491
346494
346495
346496
346497
346501
346503
346505
346506
346507
346508
346509
346510
346511
346512
