2 4 3 3 3 4 5 4 4 3 4 3 1 2 3 2 2 2 3 4 3 3 3 5 4 3 2 4 4 3 
4 3 3 4 4 3 5 3 2 3 2 3 3 2 4 3 3 4 2 1 3 2 3 5 4 4 3 5 4 2 
4 2 3 3 3 3 4 5 4 4 2 4 3 0 2 3 1 2 2 4 4 3 3 3 5 4 3 2 4 4 
3 4 3 3 4 4 3 5 3 2 3 2 3 3 2 4 4 3 5 2 1 3 3 4 5 5 4 3 5 5 
2 4 2 4 4 3 3 4 5 4 4 3 4 4 1 2 3 1 3 3 5 4 4 3 3 5 4 4 4 5 
4 4 5 4 3 5 4 4 5 3 2 3 3 4 3 3 4 4 3 5 2 2 4 3 4 5 5 4 4 5 
5 2 4 3 5 5 3 3 4 4 4 3 4 5 5 1 2 3 2 4 4 5 4 3 3 3 4 4 5 4 
6 4 3 4 3 3 4 4 3 5 3 2 3 2 3 3 2 4 3 3 4 2 1 3 2 3 5 4 4 3 
5 4 2 3 4 5 4 3 3 4 4 4 3 4 6 5 2 2 3 2 4 3 5 4 3 3 3 4 4 4 
4 5 4 3 4 3 2 4 3 3 4 3 1 3 2 3 2 2 3 3 2 4 2 1 3 2 3 4 4 3 
3 4 4 2 3 3 5 4 3 3 4 4 4 3 3 5 4 2 2 3 2 3 2 4 4 3 2 3 4 4 
4 3 4 4 3 4 3 2 4 3 3 4 3 2 3 2 3 3 2 3 3 2 4 2 1 3 2 3 5 4 
3 3 4 4 2 3 2 3 3 3 2 4 3 3 2 1 3 3 0 1 2 0 3 3 4 3 3 2 2 3 
3 2 2 4 3 2 3 3 2 4 3 3 4 2 1 4 3 4 3 3 4 4 3 5 3 2 4 3 4 5 
5 4 4 5 5 3 4 3 4 4 3 2 4 3 3 2 2 4 4 1 1 2 1 4 4 5 3 3 2 2 
4 3 3 3 5 3 2 3 3 2 4 3 3 4 2 1 4 3 4 3 3 4 4 3 5 3 2 4 3 4 
5 5 4 4 5 5 3 4 4 6 5 3 3 4 4 3 3 4 5 5 3 1 2 2 5 4 6 4 3 3 
2 4 3 4 4 5 3 2 3 3 3 4 4 3 5 2 2 4 4 4 3 3 4 4 4 5 3 2 4 3 
4 5 5 4 4 5 5 3 4 4 5 5 3 2 4 4 3 3 4 5 4 3 1 2 2 4 4 5 3 3 
2 2 4 3 4 3 4 3 3 4 3 2 4 3 3 4 2 1 4 3 5 3 3 4 4 3 5 3 2 4 
3 4 5 5 4 4 5 5 3 4 3 4 3 3 2 4 3 3 2 3 4 3 2 1 2 1 3 2 4 3 
3 2 2 3 3 2 2 3 3 2 3 3 2 4 3 3 4 2 1 4 3 4 3 3 4 4 3 4 3 2 
4 3 4 5 4 4 3 5 4 3 3 2 3 3 2 2 3 3 2 2 2 3 2 0 1 2 0 2 1 3 
3 2 2 1 3 2 1 1 2 3 2 3 2 2 3 3 2 4 2 1 4 3 4 3 2 4 3 3 4 3 
1 4 3 4 5 4 4 3 5 4 3 3 