1290 1888 2482 1306 1905 2504 1390 1989 2590 1296 1895 2488 695 709 790 701 3081 3678 4281 3103 3701 4302 3188 3789 4389 3087 3684 4287 1285 2488 
3688 1307 1906 2507 3107 3706 4307 88 708 2553 3749 4955 1939 2538 3138 3738 4339 4938 1353 1338 2552 3752 4953 1940 2540 3140 3740 4340 4940 1352 
1340 1279 1879 2479 1301 1903 2501 1389 1989 2589 1285 1885 2486 681 702 789 687 3081 3683 4287 3104 3703 4305 3189 3789 4390 3087 3689 4294 1289 
2488 3689 1307 1907 2507 3108 3708 4310 88 707 2552 3754 4953 1939 2539 3140 3740 4341 4942 1356 1338 2554 3756 4957 1940 2541 3140 3740 4341 4941 
1353 1340 1289 1894 2493 1303 1906 2507 1389 1989 2590 1295 1900 2499 686 703 789 693 3100 3704 4307 3108 3709 4310 3191 3791 4391 3106 3710 4313 
1291 2495 3696 1308 1909 2509 3109 3709 4310 88 709 2555 3758 4960 1941 2542 3142 3742 4342 4944 1352 1341 2557 3759 4959 1940 2541 3141 3741 4342 
4942 1356 1340 1302 1906 2511 1301 1903 2503 1384 1985 2585 1308 1913 2518 699 702 783 705 3114 3714 4313 3107 3704 4306 3185 3785 4386 3120 3721 
4320 1289 2492 3692 1302 1901 2502 3102 3702 4302 88 702 2552 3752 4952 1935 2535 3136 3736 4336 4936 1352 1336 2551 3754 4951 1934 2534 3134 3734 
4334 4934 1351 1334 1309 1911 2508 1301 1902 2502 1383 1983 2583 1315 1917 2514 710 702 782 716 3107 3704 4303 3103 3700 4301 3183 3782 4382 3113 
3710 4309 1287 2486 3684 1299 1899 2499 3099 3698 4297 88 698 2547 3746 4947 1931 2531 3131 3729 4330 4930 1349 1333 2546 3746 4945 1930 2530 3130 
3730 4329 4929 1347 1330 1302 1901 2497 1303 1905 2505 1384 1985 2584 1308 1907 2503 707 705 785 713 3095 3690 4286 3101 3700 4299 3183 3782 4381 
3101 3696 4292 1286 2484 3679 1299 1899 2499 3100 3700 4298 88 701 2547 3747 4944 1933 2530 3131 3731 4330 4929 1350 1333 2545 3744 4943 1932 2532 
3132 3732 4331 4931 1349 1333 1922 2521 3124 1933 2532 3133 1850 2450 3050 1916 2515 3118 1321 1334 1251 1315 3727 4334 4934 3731 4334 4932 3651 4250 
4851 3721 4327 4928 2548 3748 4953 1935 2534 3135 3734 4334 4934 1349 1335 1288 2487 3689 1304 1904 2505 3104 3704 4305 90 705 1286 2488 3687 1303 
1903 2503 3103 3703 4302 88 703 1937 2540 3144 1934 2533 3133 1850 2450 3051 1931 2533 3138 1333 1331 1250 1327 3745 4351 4952 3735 4334 4935 3652 
4252 4852 3739 4345 4946 2547 3749 4949 1933 2534 3135 3734 4335 4936 1352 1333 1287 2487 3684 1303 1904 2502 3103 3702 4303 88 704 1287 2486 3685 
1301 1901 2501 3101 3700 4300 86 701 1958 2559 3161 1942 2541 3142 1857 2457 3057 1952 2553 3155 1356 1340 1256 1350 3761 4363 4962 3741 4341 4941 
3658 4257 4858 3755 4357 4956 2555 3756 4956 1941 2541 3141 3741 4341 4940 1353 1341 1289 2492 3692 1307 1910 2507 3109 3710 4309 88 707 1291 2490 
3689 1304 1904 2504 3104 3704 4304 90 705 1957 2554 3152 1939 2539 3139 1854 2454 3054 1951 2548 3146 1358 1338 1254 1352 3749 4348 4945 3738 4338 
4937 3653 4253 4853 3743 4342 4939 2554 3760 4957 1938 2538 3139 3738 4338 4939 1352 1337 1291 2491 3693 1306 1906 2507 3107 3706 4307 88 706 1287 
2485 3685 1300 1900 2501 3101 3701 4301 86 700 1938 2532 3131 1933 2534 3133 1849 2449 3049 1932 2526 3125 1341 1332 1248 1334 3729 4327 4925 3730 
4333 4929 3649 4248 4848 3723 4321 4918 2556 3753 4952 1934 2534 3134 3733 4334 4933 1352 1334 1288 2488 3687 1303 1903 2502 3102 3699 4300 88 702 
1281 2482 3680 1297 1897 2497 3097 3697 4297 80 696 1922 2520 3118 1926 2526 3127 1844 2443 3043 1916 2514 3112 1321 1325 1245 1315 3713 4315 4913 
3725 4325 4925 3642 4242 4842 3706 4309 4906 2548 3745 4941 1929 2529 3129 3728 4328 4927 1349 1329 1284 2484 3682 1296 1896 2496 3095 3697 4296 83 
697 1280 2480 3680 1294 1894 2495 3095 3695 4295 77 694 