mH_GeV 	H_bb 	    Err_Hi  Err_Lo  H_tautau    Err_Hi  Err_Lo  H_mumu      Err_Hi  Err_Lo  H_ccbar     Err_Hi  Err_Lo  H_ttbar     Err_Hi  Err_Lo
90.0 	8.10E-01	+1.6	-1.6 	8.33E-02	+7.0	-6.8 	2.89E-04	+7.3	-7.1 	4.10E-02	+12.1	-12.1 	0.00E+00	+0.0	-0.0
95.0 	8.02E-01	+1.7	-1.7 	8.32E-02	+6.9	-6.8 	2.89E-04	+7.3	-7.1 	4.05E-02	+12.2	-12.1 	0.00E+00	+0.0	-0.0
100.0 	7.89E-01	+1.8	-1.8 	8.28E-02	+6.9	-6.7 	2.88E-04	+7.2	-7.0 	3.99E-02	+12.2	-12.2 	0.00E+00	+0.0	-0.0
105.0 	7.71E-01	+1.9	-2.0 	8.17E-02	+6.8	-6.7 	2.84E-04	+7.1	-7.0 	3.90E-02	+12.2	-12.2 	0.00E+00	+0.0	-0.0
110.0 	7.44E-01	+2.1	-2.2 	7.95E-02	+6.6	-6.5 	2.76E-04	+7.0	-6.8 	3.75E-02	+12.2	-12.2 	0.00E+00	+0.0	-0.0
110.5 	7.40E-01	+2.1	-2.2 	7.91E-02	+6.6	-6.5 	2.75E-04	+6.9	-6.8 	3.74E-02	+12.2	-12.2 	0.00E+00	+0.0	-0.0
111.0 	7.37E-01	+2.2	-2.2 	7.89E-02	+6.6	-6.5 	2.74E-04	+6.9	-6.8 	3.72E-02	+12.2	-12.2 	0.00E+00	+0.0	-0.0
111.5 	7.33E-01	+2.2	-2.3 	7.86E-02	+6.6	-6.5 	2.72E-04	+6.9	-6.8 	3.70E-02	+12.2	-12.2 	0.00E+00	+0.0	-0.0
112.0 	7.29E-01	+2.2	-2.3 	7.82E-02	+6.5	-6.4 	2.71E-04	+6.9	-6.7 	3.68E-02	+12.2	-12.2 	0.00E+00	+0.0	-0.0
112.5 	7.25E-01	+2.3	-2.3 	7.79E-02	+6.5	-6.4 	2.70E-04	+6.8	-6.7 	3.66E-02	+12.2	-12.2 	0.00E+00	+0.0	-0.0
113.0 	7.21E-01	+2.3	-2.4 	7.75E-02	+6.5	-6.4 	2.69E-04	+6.8	-6.7 	3.64E-02	+12.2	-12.2 	0.00E+00	+0.0	-0.0
113.5 	7.17E-01	+2.3	-2.4 	7.71E-02	+6.5	-6.4 	2.67E-04	+6.8	-6.7 	3.62E-02	+12.2	-12.2 	0.00E+00	+0.0	-0.0
114.0 	7.12E-01	+2.4	-2.4 	7.67E-02	+6.5	-6.3 	2.66E-04	+6.8	-6.7 	3.59E-02	+12.2	-12.2 	0.00E+00	+0.0	-0.0
114.5 	7.08E-01	+2.4	-2.4 	7.63E-02	+6.4	-6.3 	2.64E-04	+6.8	-6.6 	3.57E-02	+12.2	-12.2 	0.00E+00	+0.0	-0.0
115.0 	7.03E-01	+2.4	-2.5 	7.58E-02	+6.4	-6.3 	2.63E-04	+6.7	-6.6 	3.55E-02	+12.2	-12.2 	0.00E+00	+0.0	-0.0
115.5 	6.98E-01	+2.4	-2.5 	7.54E-02	+6.4	-6.3 	2.61E-04	+6.7	-6.6 	3.52E-02	+12.2	-12.2 	0.00E+00	+0.0	-0.0
116.0 	6.93E-01	+2.5	-2.5 	7.49E-02	+6.4	-6.2 	2.60E-04	+6.7	-6.6 	3.50E-02	+12.2	-12.2 	0.00E+00	+0.0	-0.0
116.5 	6.88E-01	+2.5	-2.6 	7.44E-02	+6.3	-6.2 	2.58E-04	+6.6	-6.5 	3.48E-02	+12.2	-12.2 	0.00E+00	+0.0	-0.0
117.0 	6.83E-01	+2.5	-2.6 	7.39E-02	+6.3	-6.2 	2.56E-04	+6.6	-6.5 	3.44E-02	+12.2	-12.2 	0.00E+00	+0.0	-0.0
117.5 	6.77E-01	+2.6	-2.6 	7.33E-02	+6.3	-6.2 	2.54E-04	+6.6	-6.5 	3.42E-02	+12.2	-12.2 	0.00E+00	+0.0	-0.0
118.0 	6.72E-01	+2.6	-2.7 	7.28E-02	+6.2	-6.1 	2.52E-04	+6.5	-6.4 	3.40E-02	+12.2	-12.2 	0.00E+00	+0.0	-0.0
118.5 	6.66E-01	+2.6	-2.7 	7.22E-02	+6.2	-6.1 	2.50E-04	+6.5	-6.4 	3.37E-02	+12.2	-12.2 	0.00E+00	+0.0	-0.0
119.0 	6.60E-01	+2.7	-2.8 	7.16E-02	+6.2	-6.1 	2.48E-04	+6.5	-6.4 	3.33E-02	+12.2	-12.2 	0.00E+00	+0.0	-0.0
119.5 	6.54E-01	+2.7	-2.8 	7.10E-02	+6.2	-6.0 	2.46E-04	+6.4	-6.3 	3.31E-02	+12.2	-12.2 	0.00E+00	+0.0	-0.0
120.0 	6.48E-01	+2.8	-2.8 	7.04E-02	+6.1	-6.0 	2.44E-04	+6.4	-6.3 	3.27E-02	+12.2	-12.2 	0.00E+00	+0.0	-0.0
120.5 	6.41E-01	+2.8	-2.9 	6.97E-02	+6.1	-6.0 	2.42E-04	+6.4	-6.3 	3.24E-02	+12.2	-12.2 	0.00E+00	+0.0	-0.0
121.0 	6.35E-01	+2.9	-2.9 	6.91E-02	+6.0	-5.9 	2.39E-04	+6.3	-6.2 	3.21E-02	+12.2	-12.2 	0.00E+00	+0.0	-0.0
121.5 	6.28E-01	+2.9	-3.0 	6.84E-02	+6.0	-5.9 	2.37E-04	+6.3	-6.2 	3.17E-02	+12.2	-12.2 	0.00E+00	+0.0	-0.0
122.0 	6.21E-01	+2.9	-3.0 	6.77E-02	+6.0	-5.9 	2.35E-04	+6.2	-6.1 	3.14E-02	+12.2	-12.2 	0.00E+00	+0.0	-0.0
122.5 	6.14E-01	+3.0	-3.0 	6.70E-02	+5.9	-5.8 	2.33E-04	+6.2	-6.1 	3.10E-02	+12.2	-12.2 	0.00E+00	+0.0	-0.0
123.0 	6.07E-01	+3.0	-3.1 	6.63E-02	+5.9	-5.8 	2.31E-04	+6.2	-6.0 	3.07E-02	+12.2	-12.2 	0.00E+00	+0.0	-0.0
123.5 	6.00E-01	+3.1	-3.1 	6.56E-02	+5.8	-5.8 	2.28E-04	+6.1	-6.0 	3.03E-02	+12.2	-12.2 	0.00E+00	+0.0	-0.0
124.0 	5.92E-01	+3.1	-3.2 	6.48E-02	+5.8	-5.7 	2.25E-04	+6.1	-6.0 	2.99E-02	+12.2	-12.2 	0.00E+00	+0.0	-0.0
124.5 	5.84E-01	+3.2	-3.2 	6.39E-02	+5.8	-5.7 	2.22E-04	+6.0	-5.9 	2.95E-02	+12.2	-12.2 	0.00E+00	+0.0	-0.0
125.0 	5.77E-01	+3.2	-3.3 	6.32E-02	+5.7	-5.7 	2.20E-04	+6.0	-5.9 	2.91E-02	+12.2	-12.2 	0.00E+00	+0.0	-0.0
125.5 	5.69E-01	+3.3	-3.3 	6.24E-02	+5.7	-5.6 	2.17E-04	+6.0	-5.8 	2.87E-02	+12.2	-12.2 	0.00E+00	+0.0	-0.0
126.0 	5.61E-01	+3.3	-3.4 	6.15E-02	+5.6	-5.6 	2.14E-04	+5.9	-5.8 	2.83E-02	+12.2	-12.2 	0.00E+00	+0.0	-0.0
126.5 	5.53E-01	+3.4	-3.4 	6.08E-02	+5.6	-5.5 	2.11E-04	+5.9	-5.7 	2.79E-02	+12.2	-12.2 	0.00E+00	+0.0	-0.0
127.0 	5.45E-01	+3.4	-3.5 	5.99E-02	+5.5	-5.5 	2.08E-04	+5.8	-5.7 	2.75E-02	+12.2	-12.2 	0.00E+00	+0.0	-0.0
127.5 	5.37E-01	+3.5	-3.5 	5.90E-02	+5.5	-5.4 	2.05E-04	+5.8	-5.6 	2.71E-02	+12.2	-12.2 	0.00E+00	+0.0	-0.0
128.0 	5.28E-01	+3.5	-3.6 	5.81E-02	+5.4	-5.4 	2.01E-04	+5.7	-5.6 	2.67E-02	+12.2	-12.2 	0.00E+00	+0.0	-0.0
128.5 	5.19E-01	+3.6	-3.6 	5.72E-02	+5.4	-5.3 	1.98E-04	+5.7	-5.5 	2.63E-02	+12.2	-12.2 	0.00E+00	+0.0	-0.0
129.0 	5.11E-01	+3.6	-3.7 	5.63E-02	+5.3	-5.3 	1.95E-04	+5.6	-5.5 	2.58E-02	+12.2	-12.2 	0.00E+00	+0.0	-0.0
129.5 	5.02E-01	+3.7	-3.7 	5.54E-02	+5.3	-5.3 	1.92E-04	+5.6	-5.5 	2.54E-02	+12.2	-12.2 	0.00E+00	+0.0	-0.0
130.0 	4.94E-01	+3.7	-3.8 	5.45E-02	+5.3	-5.2 	1.90E-04	+5.5	-5.4 	2.49E-02	+12.2	-12.1 	0.00E+00	+0.0	-0.0
130.5 	4.85E-01	+3.8	-3.8 	5.36E-02	+5.2	-5.2 	1.86E-04	+5.5	-5.4 	2.45E-02	+12.2	-12.1 	0.00E+00	+0.0	-0.0
131.0 	4.76E-01	+3.8	-3.9 	5.26E-02	+5.2	-5.1 	1.82E-04	+5.4	-5.3 	2.41E-02	+12.2	-12.1 	0.00E+00	+0.0	-0.0
131.5 	4.67E-01	+3.9	-3.9 	5.17E-02	+5.1	-5.1 	1.80E-04	+5.4	-5.3 	2.36E-02	+12.2	-12.1 	0.00E+00	+0.0	-0.0
132.0 	4.58E-01	+3.9	-4.0 	5.07E-02	+5.1	-5.0 	1.77E-04	+5.3	-5.2 	2.32E-02	+12.2	-12.1 	0.00E+00	+0.0	-0.0
132.5 	4.49E-01	+4.0	-4.0 	4.97E-02	+5.0	-5.0 	1.72E-04	+5.2	-5.2 	2.27E-02	+12.2	-12.1 	0.00E+00	+0.0	-0.0
133.0 	4.40E-01	+4.0	-4.1 	4.88E-02	+5.0	-4.9 	1.69E-04	+5.2	-5.1 	2.23E-02	+12.2	-12.1 	0.00E+00	+0.0	-0.0
133.5 	4.31E-01	+4.1	-4.2 	4.79E-02	+4.9	-4.9 	1.67E-04	+5.1	-5.1 	2.18E-02	+12.2	-12.1 	0.00E+00	+0.0	-0.0
134.0 	4.22E-01	+4.1	-4.2 	4.68E-02	+4.8	-4.8 	1.63E-04	+5.1	-5.0 	2.13E-02	+12.2	-12.1 	0.00E+00	+0.0	-0.0
134.5 	4.13E-01	+4.2	-4.3 	4.59E-02	+4.8	-4.8 	1.60E-04	+5.0	-5.0 	2.09E-02	+12.2	-12.1 	0.00E+00	+0.0	-0.0
135.0 	4.04E-01	+4.2	-4.3 	4.49E-02	+4.8	-4.8 	1.55E-04	+5.0	-4.9 	2.04E-02	+12.2	-12.1 	0.00E+00	+0.0	-0.0
135.5 	3.95E-01	+4.2	-4.2 	4.39E-02	+4.6	-4.6 	1.52E-04	+4.8	-4.8 	2.00E-02	+11.9	-11.8 	0.00E+00	+0.0	-0.0
136.0 	3.86E-01	+4.1	-4.1 	4.29E-02	+4.5	-4.5 	1.49E-04	+4.7	-4.7 	1.95E-02	+11.6	-11.6 	0.00E+00	+0.0	-0.0
136.5 	3.77E-01	+4.0	-4.0 	4.20E-02	+4.4	-4.4 	1.45E-04	+4.6	-4.6 	1.91E-02	+11.4	-11.3 	0.00E+00	+0.0	-0.0
137.0 	3.68E-01	+3.9	-4.0 	4.10E-02	+4.3	-4.3 	1.42E-04	+4.5	-4.5 	1.86E-02	+11.1	-11.1 	0.00E+00	+0.0	-0.0
137.5 	3.59E-01	+3.8	-3.9 	4.00E-02	+4.2	-4.2 	1.39E-04	+4.3	-4.4 	1.81E-02	+10.8	-10.8 	0.00E+00	+0.0	-0.0
138.0 	3.50E-01	+3.7	-3.8 	3.91E-02	+4.1	-4.1 	1.35E-04	+4.2	-4.3 	1.77E-02	+10.6	-10.5 	0.00E+00	+0.0	-0.0
138.5 	3.41E-01	+3.7	-3.7 	3.81E-02	+3.9	-4.0 	1.32E-04	+4.1	-4.2 	1.73E-02	+10.3	-10.3 	0.00E+00	+0.0	-0.0
139.0 	3.32E-01	+3.6	-3.6 	3.71E-02	+3.8	-3.8 	1.29E-04	+4.0	-4.0 	1.68E-02	+10.0	-10.0 	0.00E+00	+0.0	-0.0
139.5 	3.23E-01	+3.5	-3.5 	3.62E-02	+3.7	-3.7 	1.25E-04	+3.8	-3.9 	1.63E-02	+9.8	-9.8 	0.00E+00	+0.0	-0.0
140.0 	3.15E-01	+3.4	-3.4 	3.52E-02	+3.6	-3.6 	1.22E-04	+3.7	-3.8 	1.58E-02	+9.5	-9.5 	0.00E+00	+0.0	-0.0
141.0 	2.97E-01	+3.5	-3.5 	3.33E-02	+3.5	-3.5 	1.15E-04	+3.6	-3.7 	1.50E-02	+9.5	-9.5 	0.00E+00	+0.0	-0.0
142.0 	2.81E-01	+3.5	-3.5 	3.15E-02	+3.5	-3.5 	1.09E-04	+3.6	-3.6 	1.41E-02	+9.5	-9.6 	0.00E+00	+0.0	-0.0
143.0 	2.64E-01	+3.6	-3.6 	2.97E-02	+3.4	-3.4 	1.03E-04	+3.5	-3.6 	1.33E-02	+9.5	-9.6 	0.00E+00	+0.0	-0.0
144.0 	2.48E-01	+3.7	-3.6 	2.79E-02	+3.4	-3.4 	9.67E-05	+3.5	-3.5 	1.25E-02	+9.5	-9.7 	0.00E+00	+0.0	-0.0
145.0 	2.32E-01	+3.7	-3.7 	2.61E-02	+3.3	-3.3 	9.06E-05	+3.4	-3.4 	1.16E-02	+9.6	-9.7 	0.00E+00	+0.0	-0.0
146.0 	2.16E-01	+3.8	-3.8 	2.44E-02	+3.3	-3.3 	8.46E-05	+3.4	-3.4 	1.09E-02	+9.6	-9.7 	0.00E+00	+0.0	-0.0
147.0 	2.01E-01	+3.8	-3.8 	2.27E-02	+3.2	-3.2 	7.87E-05	+3.3	-3.3 	1.01E-02	+9.6	-9.7 	0.00E+00	+0.0	-0.0
148.0 	1.85E-01	+3.9	-3.9 	2.09E-02	+3.1	-3.2 	7.26E-05	+3.2	-3.3 	9.35E-03	+9.7	-9.7 	0.00E+00	+0.0	-0.0
149.0 	1.72E-01	+3.9	-4.0 	1.94E-02	+3.1	-3.1 	6.74E-05	+3.2	-3.2 	8.65E-03	+9.7	-9.7 	0.00E+00	+0.0	-0.0
150.0 	1.57E-01	+4.0	-4.0 	1.79E-02	+3.0	-3.1 	6.19E-05	+3.1	-3.2 	7.93E-03	+9.7	-9.7 	0.00E+00	+0.0	-0.0
151.0 	1.43E-01	+4.0	-4.1 	1.62E-02	+3.0	-3.0 	5.65E-05	+3.1	-3.1 	7.23E-03	+9.8	-9.7 	0.00E+00	+0.0	-0.0
152.0 	1.30E-01	+4.1	-4.1 	1.48E-02	+3.0	-3.0 	5.13E-05	+3.0	-3.1 	6.57E-03	+9.8	-9.8 	0.00E+00	+0.0	-0.0
153.0 	1.17E-01	+4.2	-4.2 	1.34E-02	+2.9	-3.0 	4.63E-05	+3.0	-3.0 	5.91E-03	+9.8	-9.8 	0.00E+00	+0.0	-0.0
154.0 	1.05E-01	+4.2	-4.2 	1.19E-02	+2.9	-2.9 	4.14E-05	+2.9	-3.0 	5.28E-03	+9.8	-9.8 	0.00E+00	+0.0	-0.0
155.0 	9.23E-02	+4.3	-4.2 	1.05E-02	+2.8	-2.9 	3.65E-05	+2.9	-2.9 	4.65E-03	+9.8	-9.8 	0.00E+00	+0.0	-0.0
156.0 	8.02E-02	+4.3	-4.3 	9.15E-03	+2.8	-2.8 	3.17E-05	+2.8	-2.9 	4.04E-03	+9.9	-9.8 	0.00E+00	+0.0	-0.0
157.0 	6.82E-02	+4.3	-4.3 	7.79E-03	+2.8	-2.8 	2.71E-05	+2.8	-2.8 	3.44E-03	+9.9	-9.8 	0.00E+00	+0.0	-0.0
158.0 	5.65E-02	+4.4	-4.4 	6.46E-03	+2.7	-2.8 	2.25E-05	+2.8	-2.7 	2.85E-03	+9.9	-9.8 	0.00E+00	+0.0	-0.0
159.0 	4.52E-02	+4.4	-4.4 	5.17E-03	+2.7	-2.7 	1.80E-05	+2.8	-2.7 	2.28E-03	+9.9	-9.8 	0.00E+00	+0.0	-0.0
160.0 	3.46E-02	+4.5	-4.4 	3.96E-03	+2.6	-2.7 	1.38E-05	+2.7	-2.6 	1.74E-03	+9.9	-9.8 	0.00E+00	+0.0	-0.0
162.0 	1.98E-02	+4.5	-4.5 	2.27E-03	+2.6	-2.7 	7.87E-06	+2.7	-2.6 	9.95E-04	+9.9	-9.8 	0.00E+00	+0.0	-0.0
164.0 	1.36E-02	+4.5	-4.5 	1.56E-03	+2.6	-2.7 	5.43E-06	+2.7	-2.6 	6.85E-04	+9.9	-9.9 	0.00E+00	+0.0	-0.0
165.0 	1.19E-02	+4.5	-4.5 	1.37E-03	+2.6	-2.7 	4.75E-06	+2.7	-2.6 	5.98E-04	+9.9	-9.9 	0.00E+00	+0.0	-0.0
166.0 	1.07E-02	+4.5	-4.5 	1.24E-03	+2.6	-2.6 	4.30E-06	+2.7	-2.6 	5.40E-04	+9.9	-9.9 	0.00E+00	+0.0	-0.0
168.0 	9.06E-03	+4.5	-4.5 	1.05E-03	+2.6	-2.6 	3.63E-06	+2.6	-2.6 	4.57E-04	+9.9	-9.9 	0.00E+00	+0.0	-0.0
170.0 	7.93E-03	+4.5	-4.5 	9.20E-04	+2.6	-2.6 	3.19E-06	+2.6	-2.6 	4.00E-04	+9.9	-9.9 	0.00E+00	+0.0	-0.0
172.0 	7.10E-03	+4.5	-4.5 	8.25E-04	+2.6	-2.6 	2.86E-06	+2.6	-2.6 	3.57E-04	+9.9	-9.9 	0.00E+00	+0.0	-0.0
174.0 	6.45E-03	+4.5	-4.5 	7.51E-04	+2.6	-2.6 	2.60E-06	+2.6	-2.6 	3.25E-04	+10.0	-9.9 	0.00E+00	+0.0	-0.0
175.0 	6.17E-03	+4.5	-4.5 	7.19E-04	+2.6	-2.6 	2.49E-06	+2.6	-2.6 	3.10E-04	+10.0	-9.9 	0.00E+00	+0.0	-0.0
176.0 	5.91E-03	+4.6	-4.5 	6.89E-04	+2.6	-2.6 	2.39E-06	+2.7	-2.6 	2.97E-04	+10.0	-9.9 	0.00E+00	+0.0	-0.0
178.0 	5.44E-03	+4.6	-4.5 	6.36E-04	+2.6	-2.6 	2.20E-06	+2.7	-2.6 	2.74E-04	+10.0	-9.9 	0.00E+00	+0.0	-0.0
180.0 	5.01E-03	+4.6	-4.5 	5.87E-04	+2.6	-2.6 	2.04E-06	+2.7	-2.6 	2.52E-04	+10.0	-9.9 	0.00E+00	+0.0	-0.0
182.0 	4.55E-03	+4.6	-4.5 	5.34E-04	+2.6	-2.6 	1.85E-06	+2.7	-2.6 	2.29E-04	+10.0	-9.9 	0.00E+00	+0.0	-0.0
184.0 	4.09E-03	+4.6	-4.5 	4.81E-04	+2.6	-2.6 	1.67E-06	+2.7	-2.6 	2.06E-04	+10.0	-9.9 	0.00E+00	+0.0	-0.0
185.0 	3.88E-03	+4.6	-4.5 	4.58E-04	+2.6	-2.6 	1.59E-06	+2.7	-2.6 	1.96E-04	+10.0	-9.9 	0.00E+00	+0.0	-0.0
186.0 	3.70E-03	+4.6	-4.5 	4.37E-04	+2.6	-2.6 	1.52E-06	+2.6	-2.5 	1.87E-04	+10.0	-9.9 	0.00E+00	+0.0	-0.0
188.0 	3.41E-03	+4.6	-4.5 	4.03E-04	+2.6	-2.6 	1.40E-06	+2.6	-2.5 	1.72E-04	+10.0	-9.9 	0.00E+00	+0.0	-0.0
190.0 	3.17E-03	+4.6	-4.6 	3.76E-04	+2.6	-2.5 	1.31E-06	+2.6	-2.5 	1.59E-04	+10.0	-9.8 	0.00E+00	+0.0	-0.0
192.0 	2.97E-03	+4.6	-4.6 	3.53E-04	+2.6	-2.6 	1.23E-06	+2.6	-2.5 	1.50E-04	+10.0	-9.9 	0.00E+00	+0.0	-0.0
194.0 	2.80E-03	+4.6	-4.6 	3.33E-04	+2.6	-2.6 	1.16E-06	+2.6	-2.6 	1.41E-04	+10.0	-9.9 	0.00E+00	+0.0	-0.0
195.0 	2.72E-03	+4.6	-4.6 	3.24E-04	+2.6	-2.6 	1.13E-06	+2.6	-2.6 	1.37E-04	+10.0	-9.9 	0.00E+00	+0.0	-0.0
196.0 	2.65E-03	+4.6	-4.6 	3.16E-04	+2.6	-2.6 	1.10E-06	+2.6	-2.6 	1.34E-04	+10.0	-9.9 	0.00E+00	+0.0	-0.0
198.0 	2.52E-03	+4.6	-4.6 	3.01E-04	+2.6	-2.6 	1.05E-06	+2.6	-2.6 	1.27E-04	+10.0	-9.9 	0.00E+00	+0.0	-0.0
200.0 	2.40E-03	+4.6	-4.6 	2.87E-04	+2.5	-2.6 	9.96E-07	+2.6	-2.6 	1.21E-04	+10.0	-10.0 	0.00E+00	+0.0	-0.0
202.0 	2.29E-03	+4.6	-4.6 	2.75E-04	+2.6	-2.6 	9.52E-07	+2.6	-2.6 	1.16E-04	+10.0	-10.0 	0.00E+00	+0.0	-0.0
204.0 	2.19E-03	+4.6	-4.6 	2.63E-04	+2.6	-2.6 	9.13E-07	+2.6	-2.6 	1.11E-04	+10.0	-10.0 	0.00E+00	+0.0	-0.0
206.0 	2.10E-03	+4.6	-4.6 	2.52E-04	+2.6	-2.6 	8.76E-07	+2.6	-2.6 	1.06E-04	+10.0	-9.9 	0.00E+00	+0.0	-0.0
208.0 	2.01E-03	+4.6	-4.6 	2.43E-04	+2.6	-2.6 	8.43E-07	+2.6	-2.6 	1.02E-04	+10.0	-9.9 	0.00E+00	+0.0	-0.0
210.0 	1.93E-03	+4.6	-4.6 	2.34E-04	+2.6	-2.6 	8.11E-07	+2.6	-2.6 	9.75E-05	+10.0	-9.9 	0.00E+00	+0.0	-0.0
212.0 	1.87E-03	+4.6	-4.6 	2.25E-04	+2.6	-2.6 	7.81E-07	+2.6	-2.6 	9.38E-05	+10.0	-9.9 	0.00E+00	+0.0	-0.0
214.0 	1.80E-03	+4.7	-4.6 	2.18E-04	+2.6	-2.6 	7.54E-07	+2.6	-2.6 	9.04E-05	+10.1	-9.9 	0.00E+00	+0.0	-0.0
216.0 	1.73E-03	+4.7	-4.6 	2.10E-04	+2.6	-2.6 	7.29E-07	+2.6	-2.6 	8.71E-05	+10.1	-9.9 	0.00E+00	+0.0	-0.0
218.0 	1.67E-03	+4.7	-4.5 	2.03E-04	+2.6	-2.6 	7.04E-07	+2.6	-2.6 	8.41E-05	+10.1	-9.9 	0.00E+00	+0.0	-0.0
220.0 	1.61E-03	+4.7	-4.5 	1.97E-04	+2.6	-2.6 	6.81E-07	+2.6	-2.6 	8.11E-05	+10.1	-9.9 	0.00E+00	+0.0	-0.0
222.0 	1.56E-03	+4.7	-4.5 	1.90E-04	+2.6	-2.6 	6.59E-07	+2.6	-2.6 	7.84E-05	+10.1	-9.9 	0.00E+00	+0.0	-0.0
224.0 	1.51E-03	+4.7	-4.5 	1.84E-04	+2.6	-2.6 	6.39E-07	+2.6	-2.6 	7.59E-05	+10.1	-9.9 	0.00E+00	+0.0	-0.0
226.0 	1.46E-03	+4.7	-4.5 	1.79E-04	+2.6	-2.6 	6.19E-07	+2.6	-2.6 	7.34E-05	+10.1	-10.0 	0.00E+00	+0.0	-0.0
228.0 	1.41E-03	+4.7	-4.5 	1.73E-04	+2.6	-2.6 	6.00E-07	+2.6	-2.6 	7.10E-05	+10.1	-10.0 	0.00E+00	+0.0	-0.0
230.0 	1.37E-03	+4.7	-4.5 	1.68E-04	+2.6	-2.6 	5.82E-07	+2.6	-2.6 	6.88E-05	+10.1	-10.0 	0.00E+00	+0.0	-0.0
232.0 	1.33E-03	+4.7	-4.5 	1.63E-04	+2.6	-2.6 	5.65E-07	+2.6	-2.6 	6.67E-05	+10.1	-10.0 	0.00E+00	+0.0	-0.0
234.0 	1.29E-03	+4.7	-4.5 	1.58E-04	+2.6	-2.6 	5.49E-07	+2.6	-2.6 	6.46E-05	+10.1	-10.0 	0.00E+00	+0.0	-0.0
236.0 	1.25E-03	+4.7	-4.5 	1.54E-04	+2.6	-2.6 	5.33E-07	+2.6	-2.6 	6.27E-05	+10.1	-10.0 	0.00E+00	+0.0	-0.0
238.0 	1.21E-03	+4.7	-4.5 	1.49E-04	+2.6	-2.6 	5.19E-07	+2.6	-2.6 	6.09E-05	+10.1	-10.0 	0.00E+00	+0.0	-0.0
240.0 	1.17E-03	+4.7	-4.5 	1.45E-04	+2.6	-2.6 	5.05E-07	+2.6	-2.6 	5.92E-05	+10.1	-10.0 	0.00E+00	+0.0	-0.0
242.0 	1.14E-03	+4.7	-4.6 	1.41E-04	+2.6	-2.6 	4.91E-07	+2.6	-2.6 	5.75E-05	+10.1	-10.0 	0.00E+00	+0.0	-0.0
244.0 	1.11E-03	+4.7	-4.6 	1.38E-04	+2.6	-2.6 	4.78E-07	+2.6	-2.6 	5.59E-05	+10.1	-10.0 	0.00E+00	+0.0	-0.0
246.0 	1.08E-03	+4.7	-4.6 	1.34E-04	+2.6	-2.6 	4.66E-07	+2.6	-2.6 	5.43E-05	+10.1	-10.0 	0.00E+00	+0.0	-0.0
248.0 	1.05E-03	+4.7	-4.6 	1.31E-04	+2.6	-2.7 	4.53E-07	+2.6	-2.6 	5.28E-05	+10.1	-10.0 	0.00E+00	+0.0	-0.0
250.0 	1.02E-03	+4.7	-4.6 	1.27E-04	+2.6	-2.7 	4.42E-07	+2.6	-2.6 	5.14E-05	+10.1	-10.0 	0.00E+00	+0.0	-0.0
252.0 	9.95E-04	+4.7	-4.6 	1.24E-04	+2.6	-2.7 	4.31E-07	+2.6	-2.6 	5.00E-05	+10.1	-10.0 	0.00E+00	+0.0	-0.0
254.0 	9.69E-04	+4.7	-4.6 	1.21E-04	+2.6	-2.6 	4.20E-07	+2.6	-2.6 	4.87E-05	+10.1	-10.0 	0.00E+00	+0.0	-0.0
256.0 	9.43E-04	+4.7	-4.6 	1.18E-04	+2.6	-2.6 	4.10E-07	+2.6	-2.6 	4.74E-05	+10.1	-10.0 	0.00E+00	+0.0	-0.0
258.0 	9.19E-04	+4.7	-4.6 	1.15E-04	+2.6	-2.6 	4.00E-07	+2.6	-2.6 	4.62E-05	+10.1	-10.0 	0.00E+00	+0.0	-0.0
260.0 	8.96E-04	+4.7	-4.6 	1.12E-04	+2.6	-2.6 	3.90E-07	+2.6	-2.6 	4.51E-05	+10.1	-10.0 	0.00E+00	+0.0	-0.0
262.0 	8.74E-04	+4.7	-4.6 	1.10E-04	+2.6	-2.6 	3.81E-07	+2.6	-2.6 	4.39E-05	+10.1	-10.0 	1.89E-07	+342.0	-102.1 
264.0 	8.52E-04	+4.7	-4.6 	1.07E-04	+2.6	-2.6 	3.72E-07	+2.6	-2.6 	4.28E-05	+10.1	-10.0 	4.49E-07	+276.1	-91.5 
266.0 	8.31E-04	+4.7	-4.6 	1.05E-04	+2.6	-2.6 	3.63E-07	+2.6	-2.6 	4.18E-05	+10.1	-10.0 	8.63E-07	+210.1	-80.9 
268.0 	8.11E-04	+4.7	-4.6 	1.02E-04	+2.6	-2.6 	3.55E-07	+2.6	-2.6 	4.08E-05	+10.1	-10.0 	1.46E-06	+144.1	-70.3 
270.0 	7.92E-04	+4.7	-4.6 	1.00E-04	+2.6	-2.6 	3.47E-07	+2.6	-2.6 	3.98E-05	+10.1	-10.0 	2.29E-06	+78.1	-59.7 
272.0 	7.73E-04	+4.7	-4.6 	9.80E-05	+2.6	-2.6 	3.40E-07	+2.6	-2.6 	3.89E-05	+10.1	-10.0 	3.37E-06	+72.3	-56.6 
274.0 	7.55E-04	+4.7	-4.6 	9.58E-05	+2.6	-2.6 	3.32E-07	+2.6	-2.6 	3.80E-05	+10.1	-10.0 	4.72E-06	+66.5	-53.6 
276.0 	7.38E-04	+4.7	-4.6 	9.37E-05	+2.6	-2.6 	3.25E-07	+2.6	-2.6 	3.71E-05	+10.1	-10.0 	6.41E-06	+60.7	-50.6 
278.0 	7.21E-04	+4.7	-4.7 	9.17E-05	+2.6	-2.6 	3.18E-07	+2.6	-2.6 	3.63E-05	+10.1	-10.0 	8.45E-06	+54.9	-47.5 
280.0 	7.05E-04	+4.7	-4.7 	8.98E-05	+2.6	-2.6 	3.11E-07	+2.6	-2.6 	3.55E-05	+10.1	-10.0 	1.09E-05	+49.2	-44.5 
282.0 	6.90E-04	+4.7	-4.7 	8.79E-05	+2.6	-2.6 	3.05E-07	+2.6	-2.6 	3.47E-05	+10.1	-10.0 	1.37E-05	+47.2	-43.2 
284.0 	6.74E-04	+4.7	-4.7 	8.61E-05	+2.6	-2.6 	2.98E-07	+2.6	-2.6 	3.39E-05	+10.1	-10.0 	1.72E-05	+45.2	-41.9 
286.0 	6.60E-04	+4.7	-4.7 	8.43E-05	+2.6	-2.6 	2.92E-07	+2.6	-2.6 	3.32E-05	+10.2	-10.0 	2.11E-05	+43.2	-40.6 
288.0 	6.46E-04	+4.7	-4.7 	8.26E-05	+2.6	-2.6 	2.86E-07	+2.6	-2.6 	3.25E-05	+10.2	-10.0 	2.55E-05	+41.3	-39.4 
290.0 	6.32E-04	+4.7	-4.7 	8.09E-05	+2.6	-2.6 	2.81E-07	+2.6	-2.6 	3.18E-05	+10.2	-10.0 	3.06E-05	+39.3	-38.1 
295.0 	6.00E-04	+4.7	-4.7 	7.70E-05	+2.6	-2.6 	2.67E-07	+2.6	-2.6 	3.01E-05	+10.1	-10.0 	4.67E-05	+37.3	-36.6 
300.0 	5.70E-04	+4.7	-4.7 	7.33E-05	+2.6	-2.6 	2.55E-07	+2.6	-2.6 	2.86E-05	+10.1	-10.0 	6.87E-05	+35.3	-35.1 
305.0 	5.42E-04	+4.7	-4.7 	7.00E-05	+2.6	-2.6 	2.43E-07	+2.6	-2.6 	2.72E-05	+10.2	-10.0 	9.83E-05	+35.0	-34.5 
310.0 	5.15E-04	+4.7	-4.7 	6.69E-05	+2.6	-2.6 	2.32E-07	+2.6	-2.6 	2.60E-05	+10.2	-10.0 	1.38E-04	+34.6	-33.9 
315.0 	4.92E-04	+4.8	-4.6 	6.40E-05	+2.6	-2.5 	2.22E-07	+2.7	-2.5 	2.48E-05	+10.2	-10.0 	1.91E-04	+35.7	-34.1 
320.0 	4.69E-04	+4.8	-4.6 	6.11E-05	+2.7	-2.5 	2.12E-07	+2.7	-2.5 	2.35E-05	+10.2	-10.0 	2.65E-04	+36.8	-34.4 
325.0 	4.49E-04	+4.8	-4.6 	5.86E-05	+2.6	-2.5 	2.03E-07	+2.6	-2.5 	2.25E-05	+10.2	-10.0 	3.70E-04	+41.0	-35.7 
330.0 	4.30E-04	+4.8	-4.7 	5.63E-05	+2.6	-2.5 	1.95E-07	+2.6	-2.5 	2.16E-05	+10.2	-10.1 	5.22E-04	+45.1	-37.1 
335.0 	4.12E-04	+4.8	-4.7 	5.41E-05	+2.6	-2.5 	1.87E-07	+2.6	-2.5 	2.07E-05	+10.2	-10.1 	7.61E-04	+110.4	-41.5 
340.0 	3.95E-04	+4.8	-4.7 	5.20E-05	+2.7	-2.5 	1.80E-07	+2.7	-2.5 	1.98E-05	+10.1	-10.1 	1.20E-03	+175.6	-45.9 
345.0 	3.80E-04	+5.0	-5.0 	5.02E-05	+3.5	-3.7 	1.74E-07	+3.5	-3.7 	1.91E-05	+10.3	-10.3 	3.28E-03	+151.7	-68.6 
350.0 	3.60E-04	+5.2	-5.3 	4.77E-05	+4.2	-4.9 	1.65E-07	+4.2	-4.9 	1.81E-05	+10.5	-10.4 	1.56E-02	+127.8	-91.3 
360.0 	3.18E-04	+6.0	-5.4 	4.23E-05	+5.6	-4.9 	1.47E-07	+5.6	-4.9 	1.60E-05	+11.2	-10.4 	5.14E-02	+42.2	-48.4 
370.0 	2.83E-04	+6.4	-5.3 	3.78E-05	+5.8	-4.7 	1.31E-07	+5.8	-4.8 	1.42E-05	+11.6	-10.4 	8.35E-02	+25.4	-32.1 
380.0 	2.54E-04	+6.6	-5.4 	3.41E-05	+5.8	-4.6 	1.18E-07	+5.8	-4.6 	1.28E-05	+11.8	-10.6 	1.10E-01	+18.4	-24.7 
390.0 	2.30E-04	+6.7	-5.4 	3.10E-05	+5.8	-4.5 	1.07E-07	+5.9	-4.5 	1.16E-05	+12.0	-10.7 	1.31E-01	+14.5	-20.6 
400.0 	2.10E-04	+6.8	-5.5 	2.84E-05	+5.8	-4.3 	9.83E-08	+5.8	-4.3 	1.05E-05	+12.2	-10.8 	1.48E-01	+12.2	-17.8 
410.0 	1.93E-04	+6.9	-5.5 	2.62E-05	+5.7	-4.3 	9.07E-08	+5.7	-4.2 	9.66E-06	+12.3	-10.8 	1.61E-01	+10.4	-16.1 
420.0 	1.78E-04	+7.0	-5.5 	2.43E-05	+5.6	-4.1 	8.41E-08	+5.6	-4.1 	8.93E-06	+12.4	-10.9 	1.71E-01	+9.3	-14.7 
430.0 	1.65E-04	+7.0	-5.6 	2.27E-05	+5.5	-4.0 	7.84E-08	+5.5	-4.0 	8.29E-06	+12.5	-10.9 	1.79E-01	+8.4	-13.8 
440.0 	1.54E-04	+7.1	-5.6 	2.12E-05	+5.4	-3.9 	7.34E-08	+5.4	-3.9 	7.73E-06	+12.5	-10.9 	1.84E-01	+7.7	-13.0 
450.0 	1.44E-04	+7.2	-5.6 	2.00E-05	+5.3	-3.8 	6.91E-08	+5.3	-3.8 	7.25E-06	+12.6	-11.0 	1.88E-01	+7.2	-12.4 
460.0 	1.36E-04	+7.2	-5.7 	1.88E-05	+5.2	-3.7 	6.52E-08	+5.3	-3.7 	6.82E-06	+12.6	-11.0 	1.91E-01	+6.8	-11.9 
470.0 	1.28E-04	+7.2	-5.6 	1.78E-05	+5.2	-3.6 	6.17E-08	+5.2	-3.6 	6.43E-06	+12.6	-11.0 	1.92E-01	+6.4	-11.6 
480.0 	1.21E-04	+7.2	-5.5 	1.69E-05	+5.1	-3.6 	5.86E-08	+5.1	-3.5 	6.08E-06	+12.6	-11.0 	1.93E-01	+6.1	-11.2 
490.0 	1.15E-04	+7.2	-5.5 	1.61E-05	+5.0	-3.5 	5.57E-08	+5.0	-3.5 	5.76E-06	+12.6	-11.0 	1.93E-01	+5.9	-11.0 
500.0 	1.09E-04	+7.2	-5.4 	1.53E-05	+5.0	-3.2 	5.31E-08	+5.1	-3.1 	5.47E-06	+12.8	-10.7 	1.92E-01	+4.6	-9.8 
510.0 	1.04E-04	+7.4	-5.3 	1.46E-05	+5.1	-3.1 	5.07E-08	+5.1	-3.1 	5.21E-06	+12.8	-10.8 	1.91E-01	+4.7	-9.8 
520.0 	9.88E-05	+7.5	-5.4 	1.40E-05	+5.1	-3.2 	4.85E-08	+5.1	-3.1 	4.96E-06	+12.9	-10.8 	1.90E-01	+4.8	-10.1 
530.0 	9.44E-05	+7.5	-5.5 	1.34E-05	+5.3	-3.3 	4.64E-08	+5.2	-3.2 	4.74E-06	+13.0	-10.9 	1.88E-01	+5.0	-10.4 
540.0 	9.02E-05	+7.6	-5.6 	1.29E-05	+5.4	-3.4 	4.44E-08	+5.4	-3.4 	4.52E-06	+13.1	-11.0 	1.85E-01	+5.2	-10.7 
550.0 	8.64E-05	+7.7	-5.7 	1.23E-05	+5.5	-3.5 	4.27E-08	+5.5	-3.5 	4.33E-06	+13.1	-11.1 	1.83E-01	+5.4	-10.9 
560.0 	8.28E-05	+7.8	-5.8 	1.19E-05	+5.6	-3.7 	4.10E-08	+5.6	-3.6 	4.15E-06	+13.2	-11.2 	1.80E-01	+5.6	-11.3 
570.0 	7.95E-05	+7.8	-5.9 	1.14E-05	+5.8	-3.7 	3.95E-08	+5.7	-3.8 	3.98E-06	+13.3	-11.3 	1.78E-01	+5.7	-11.6 
580.0 	7.64E-05	+7.9	-6.0 	1.10E-05	+5.8	-4.0 	3.80E-08	+5.8	-4.0 	3.83E-06	+13.4	-11.4 	1.75E-01	+5.9	-11.9 
590.0 	7.34E-05	+8.1	-6.1 	1.06E-05	+6.0	-4.0 	3.67E-08	+6.0	-4.0 	3.68E-06	+13.5	-11.5 	1.72E-01	+6.2	-12.2 
600.0 	7.06E-05	+8.2	-6.3 	1.02E-05	+6.2	-4.2 	3.54E-08	+6.1	-4.2 	3.54E-06	+13.7	-11.6 	1.69E-01	+6.3	-12.4 
610.0 	6.81E-05	+8.3	-6.5 	9.87E-06	+6.2	-4.4 	3.42E-08	+6.2	-4.4 	3.41E-06	+13.8	-11.8 	1.66E-01	+6.4	-12.8 
620.0 	6.55E-05	+8.4	-6.6 	9.53E-06	+6.3	-4.5 	3.30E-08	+6.3	-4.5 	3.29E-06	+13.9	-12.0 	1.63E-01	+6.6	-13.2 
630.0 	6.32E-05	+8.6	-6.7 	9.22E-06	+6.5	-4.7 	3.19E-08	+6.6	-4.7 	3.17E-06	+14.0	-12.1 	1.59E-01	+6.8	-13.4 
640.0 	6.10E-05	+8.8	-6.9 	8.92E-06	+6.7	-4.9 	3.09E-08	+6.7	-4.9 	3.06E-06	+14.2	-12.3 	1.56E-01	+7.0	-13.8 
650.0 	5.89E-05	+8.9	-7.1 	8.63E-06	+6.8	-5.0 	2.99E-08	+6.8	-5.0 	2.95E-06	+14.4	-12.4 	1.53E-01	+7.1	-14.2 
660.0 	5.69E-05	+9.1	-7.2 	8.36E-06	+7.0	-5.2 	2.90E-08	+7.0	-5.2 	2.85E-06	+14.5	-12.6 	1.50E-01	+7.2	-14.6 
670.0 	5.50E-05	+9.3	-7.4 	8.10E-06	+7.2	-5.4 	2.81E-08	+7.2	-5.4 	2.76E-06	+14.8	-12.8 	1.47E-01	+7.5	-15.0 
680.0 	5.32E-05	+9.5	-7.6 	7.85E-06	+7.4	-5.5 	2.72E-08	+7.4	-5.5 	2.67E-06	+14.9	-13.0 	1.44E-01	+7.7	-15.4 
690.0 	5.15E-05	+9.7	-7.8 	7.61E-06	+7.6	-5.8 	2.64E-08	+7.5	-5.8 	2.58E-06	+15.1	-13.2 	1.41E-01	+7.8	-15.8 
700.0 	4.98E-05	+9.9	-8.0 	7.38E-06	+7.8	-6.0 	2.56E-08	+7.8	-6.0 	2.50E-06	+15.3	-13.4 	1.38E-01	+8.0	-16.2 
710.0 	4.82E-05	+10.1	-8.2 	7.16E-06	+8.0	-6.2 	2.48E-08	+8.0	-6.2 	2.42E-06	+15.6	-13.7 	1.35E-01	+8.2	-16.7 
720.0 	4.67E-05	+10.4	-8.4 	6.94E-06	+8.3	-6.4 	2.41E-08	+8.3	-6.4 	2.34E-06	+15.8	-13.8 	1.32E-01	+8.4	-17.1 
730.0 	4.53E-05	+10.6	-8.7 	6.74E-06	+8.5	-6.6 	2.34E-08	+8.5	-6.7 	2.27E-06	+16.0	-14.1 	1.29E-01	+8.6	-17.6 
740.0 	4.38E-05	+10.9	-8.9 	6.55E-06	+8.8	-6.9 	2.27E-08	+8.8	-6.8 	2.20E-06	+16.3	-14.4 	1.26E-01	+8.7	-18.2 
750.0 	4.24E-05	+11.2	-9.2 	6.36E-06	+9.1	-7.1 	2.21E-08	+9.1	-7.1 	2.13E-06	+16.6	-14.6 	1.23E-01	+8.9	-18.7 
760.0 	4.11E-05	+11.4	-9.4 	6.18E-06	+9.3	-7.4 	2.15E-08	+9.3	-7.3 	2.07E-06	+16.9	-14.8 	1.20E-01	+9.2	-19.2 
770.0 	3.99E-05	+11.8	-9.7 	6.01E-06	+9.6	-7.6 	2.09E-08	+9.6	-7.6 	2.00E-06	+17.2	-15.0 	1.18E-01	+9.4	-19.8 
780.0 	3.87E-05	+12.1	-10.0 	5.84E-06	+10.0	-7.9 	2.03E-08	+10.0	-7.9 	1.94E-06	+17.6	-15.3 	1.15E-01	+9.7	-20.4 
790.0 	3.75E-05	+12.5	-10.2 	5.67E-06	+10.4	-8.2 	1.97E-08	+10.3	-8.1 	1.89E-06	+17.9	-15.6 	1.12E-01	+10.1	-20.9 
800.0 	3.64E-05	+12.8	-10.5 	5.52E-06	+10.7	-8.5 	1.92E-08	+10.7	-8.5 	1.83E-06	+18.3	-15.9 	1.10E-01	+10.6	-21.6 
810.0 	3.54E-05	+13.2	-10.8 	5.37E-06	+11.1	-8.8 	1.86E-08	+11.1	-8.8 	1.78E-06	+18.7	-16.2 	1.07E-01	+11.0	-22.3 
820.0 	3.43E-05	+13.7	-11.1 	5.22E-06	+11.5	-9.1 	1.81E-08	+11.5	-9.1 	1.73E-06	+19.1	-16.5 	1.05E-01	+11.5	-23.0 
830.0 	3.33E-05	+14.1	-11.4 	5.08E-06	+11.9	-9.4 	1.76E-08	+11.8	-9.4 	1.68E-06	+19.5	-16.8 	1.02E-01	+12.0	-23.6 
840.0 	3.24E-05	+14.5	-11.8 	4.94E-06	+12.3	-9.7 	1.72E-08	+12.3	-9.7 	1.63E-06	+19.9	-17.2 	9.99E-02	+12.5	-24.3 
850.0 	3.14E-05	+15.0	-12.1 	4.80E-06	+12.8	-10.0 	1.67E-08	+12.8	-10.1 	1.58E-06	+20.4	-17.5 	9.76E-02	+12.9	-25.1 
860.0 	3.05E-05	+15.4	-12.5 	4.67E-06	+13.3	-10.4 	1.62E-08	+13.3	-10.4 	1.54E-06	+20.9	-17.9 	9.52E-02	+13.5	-25.8 
870.0 	2.97E-05	+15.9	-12.9 	4.55E-06	+13.8	-10.7 	1.58E-08	+13.8	-10.8 	1.49E-06	+21.4	-18.3 	9.29E-02	+14.0	-26.6 
880.0 	2.88E-05	+16.5	-13.2 	4.43E-06	+14.3	-11.1 	1.54E-08	+14.3	-11.1 	1.45E-06	+22.0	-18.6 	9.07E-02	+14.6	-27.4 
890.0 	2.80E-05	+17.0	-13.6 	4.31E-06	+14.9	-11.5 	1.50E-08	+14.9	-11.5 	1.41E-06	+22.5	-19.1 	8.86E-02	+15.1	-28.3 
900.0 	2.72E-05	+17.6	-14.0 	4.19E-06	+15.5	-11.9 	1.46E-08	+15.5	-11.8 	1.37E-06	+23.1	-19.4 	8.65E-02	+15.8	-29.2 
910.0 	2.64E-05	+18.2	-14.4 	4.08E-06	+16.1	-12.3 	1.42E-08	+16.0	-12.3 	1.33E-06	+23.8	-19.8 	8.44E-02	+16.4	-30.1 
920.0 	2.57E-05	+18.9	-14.8 	3.97E-06	+16.7	-12.7 	1.38E-08	+16.7	-12.7 	1.29E-06	+24.3	-20.2 	8.23E-02	+17.0	-31.0 
930.0 	2.49E-05	+19.6	-15.2 	3.87E-06	+17.4	-13.1 	1.34E-08	+17.4	-13.1 	1.25E-06	+25.1	-20.6 	8.03E-02	+17.6	-32.0 
940.0 	2.42E-05	+20.3	-15.6 	3.76E-06	+18.1	-13.5 	1.31E-08	+18.1	-13.5 	1.22E-06	+25.7	-21.1 	7.83E-02	+18.3	-33.0 
950.0 	2.35E-05	+21.0	-16.1 	3.66E-06	+18.8	-14.0 	1.27E-08	+18.9	-13.9 	1.18E-06	+26.6	-21.5 	7.64E-02	+19.0	-34.0 
960.0 	2.29E-05	+21.9	-16.6 	3.56E-06	+19.6	-14.4 	1.24E-08	+19.7	-14.3 	1.15E-06	+27.3	-21.9 	7.45E-02	+19.8	-35.0 
970.0 	2.23E-05	+22.7	-17.0 	3.47E-06	+20.4	-14.9 	1.21E-08	+20.5	-14.8 	1.12E-06	+28.2	-22.4 	7.26E-02	+20.5	-36.1 
980.0 	2.17E-05	+23.5	-17.5 	3.38E-06	+21.3	-15.3 	1.17E-08	+21.2	-15.3 	1.09E-06	+28.9	-22.9 	7.08E-02	+21.2	-37.2 
990.0 	2.11E-05	+24.4	-18.0 	3.28E-06	+22.2	-15.8 	1.14E-08	+22.2	-15.8 	1.06E-06	+29.9	-23.4 	6.90E-02	+22.1	-38.3 
1000.0 	2.05E-05	+25.3	-18.5 	3.20E-06	+23.1	-16.3 	1.11E-08	+23.1	-16.3 	1.03E-06	+30.9	-23.8 	6.73E-02	+22.9	-39.5 