125591.09 371.23    19.63    1474.37   117.03	170.61	15.56	2.40	0.87
113457.70 341.34	19.73	1303.85	107.56	149.79	12.91	3.51	0.61
99977.73  312.20	19.15	1149.33	99.23	131.84	12.30	4.35	0.52
89271.23  284.15	17.76	1007.93	87.32	115.89	10.86	5.09	0.45
80182.45  259.42	15.57	888.33	73.89	102.23	9.52	5.70	0.39
71053.62  236.34	16.16	780.72	74.15	89.86	9.01	6.27	0.40
63452.28  214.33	14.26	681.47	62.90	79.09	7.63	6.81	0.35
56279.05  195.80	13.07	600.93	55.91	69.47	7.58	7.26	0.32
50187.58  178.26	12.31	527.03	50.95	60.92	6.06	7.69	0.31
44971.91  161.88	11.43	460.52	45.46	54.09	5.89	8.10	0.29
40302.68  147.70	10.38	404.95	40.06	47.47	5.65	8.47	0.27
35714.66  134.13	10.52	353.56	39.20	41.64	5.01	8.83	0.29
31539.61  121.24	9.20	306.34	33.05	36.27	4.89	9.18	0.26
27541.48  109.00	9.22	263.39	31.59	31.23	4.29	9.53	0.27
24292.76  97.82		8.12	225.72	26.76	27.08	3.88	9.86	0.24
21401.82  88.38		7.54	195.24	23.73	23.37	3.50	10.15	0.24
18741.59  78.85		7.52	165.96	22.56	19.87	3.23	10.45	0.25
16067.45  69.63		6.91	139.00	19.69	17.06	2.90	10.76	0.24
13962.39  61.76		6.29	117.12	16.95	14.71	2.90	11.04	0.23
11914.19  54.33		6.22	97.71	15.83	12.38	2.59	11.32	0.24
10091.61  46.94		5.75	79.43	13.69	10.38	2.35	11.62	0.24
8467.26	  40.84		4.80	65.29	10.77	8.72	2.13	11.88	0.22
7186.27	  35.53		4.64	53.81	9.71	7.24	1.95	12.12	0.23
5967.73	  30.17		4.50	42.92	8.84	6.09	1.69	12.40	0.24
4857.39	  25.32		3.85	33.77	6.90	5.27	1.49	12.66	0.23
4000.99	  21.40		3.39	26.93	5.69	4.44	1.34	12.90	0.22
3214.56	  17.90		3.18	21.23	4.97	3.77	1.08	13.15	0.23
2572.34	  14.72		2.80	16.46	4.02	3.26	0.97	13.39	0.23
2001.93	  11.89		2.55	12.56	3.40	2.82	0.89	13.64	0.25
1592.48	  9.47		2.22	9.44	2.72	2.52	0.77	13.90	0.26
1256.60	  7.72		1.95	7.31	2.20	2.22	0.67	14.12	0.27
993.14	  6.27		1.78	5.72	1.88	1.99	0.58	14.32	0.29
778.70	  4.98		1.48	4.39	1.48	1.86	0.50	14.54	0.29
596.46	  3.98		1.24	3.37	1.16	1.74	0.43	14.74	0.28
451.27	  3.14		1.00	2.57	0.92	1.60	0.31	14.95	0.27
318.77	  2.34		0.83	1.86	0.74	1.52	0.14	15.19	0.28
213.39	  1.63		0.67	1.20	0.63	1.50	0.06	15.50	0.31
127.21	  1.04		0.58	0.73	0.42	1.50	0.00	15.87	0.39
58.42	  0.63		0.33	0.53	0.17	1.50	0.00	16.47	0.62
-1.67	  0.50		0.06	0.50	0.00	1.50	0.00	16.85	0.59
