186	10  1176 0.169396 0.0812724
187	10  1924 0.169534 0.0638987
188	10  1206 0.169392 0.0467649
189	10  1339 0.169531 0.0293913
190	10  0    0.169390 0.0122574
206	11  1276 0.186858 0.0812739
207	11  1312 0.18701  0.0638968
208	11  1256 0.186853 0.0467663
209	11  1373 0.187005 0.0293894
210	11  1296 0.18685  0.0122589
226	12  1240 0.204201 0.0812721
227	12  0    0.204366 0.0638955
228	12  1359 0.204196 0.0467646
229	12  1229 0.204362 0.0293881
230	12  1151 0.204193 0.0122572
246	13  1255 0.22153  0.0812692 
247	13  1290 0.22171  0.0638935
248	13  1268 0.221525 0.0467617
249	13  1242 0.221705 0.0293861
250	13  1223 0.221522 0.0122543
266	14  1278 0.238848 0.0812651
267	14  0    0.239041 0.0638907
268	14  1247 0.238843 0.0467576
269	14  1267 0.239036 0.0293833
270	14  1109 0.238839 0.0122503
286	15  1130 0.256155 0.0812599
287	15  1299 0.256362 0.063887 
288	15  1278 0.256149 0.0467524
289	15  1275 0.256356 0.0293797
290	15  1286 0.256146 0.0122451
306	16  1218 0.27362  0.0812602 
307	16  1327 0.273841 0.0638775
308	16  1282 0.273615 0.0467529
309	16  1255 0.273835 0.0293698
310	16  1072 0.273611 0.0122452
