6   5  1
9.93899e+004  -5.48488e+004   1.09609e+004  -9.98576e+002   4.45731e+001  -2.08570e+000
9.18057e+004  -4.92237e+004   9.37520e+003  -7.35432e+002   9.29681e+000   1.65590e+000
4.35456e+004  -2.37111e+004   4.80276e+003  -4.75541e+002   2.48350e+001  -3.49500e+000
5.65621e+004  -3.50060e+004   7.73293e+003  -7.75199e+002   3.69646e+001  -2.00262e+000
1.66090e+005  -9.01632e+004   1.67078e+004  -1.07015e+003  -3.01235e+001   7.42611e+000
-1.89212e+005   9.93056e+004  -1.68954e+004   6.70260e+002   1.00866e+002  -1.48011e+001
-1.70222e+005   7.80177e+004  -1.30217e+004   9.46452e+002  -2.67760e+001  -1.29534e+000
2.68913e+005  -1.59336e+005   3.26525e+004  -2.51524e+003  -1.29948e+001   1.26937e+001
-6.54158e+005   3.62163e+005  -7.06118e+004   5.25459e+003   1.36210e+001  -2.46335e+001
-1.03028e+005   5.39405e+004  -1.01364e+004   8.38599e+002  -3.00832e+001  -1.28381e+000
3.16639e+005  -2.00903e+005   4.43327e+004  -3.83576e+003   1.77318e+001   1.81813e+001
-6.28009e+005   3.93573e+005  -8.58446e+004   7.28523e+003  -2.21130e+001  -3.58405e+001
1.55703e+004  -8.85687e+002  -9.32208e+002   1.70115e+002  -1.30751e+001  -1.53331e+000
4.56302e+005  -2.98036e+005   6.91962e+004  -6.71659e+003   1.38397e+002   2.29348e+001
-9.45905e+005   6.09727e+005  -1.40020e+005   1.34198e+004  -2.71456e+002  -4.51625e+001
-7.09629e+004   4.86062e+004  -1.12887e+004   1.20009e+003  -6.79022e+001  -7.32764e-001
4.01450e+005  -2.94476e+005   7.67625e+004  -8.78815e+003   3.03445e+002   2.71150e+001
-8.12369e+005   5.83862e+005  -1.49619e+005   1.67876e+004  -5.48034e+002  -5.44833e+001
