5   5  1
1.09950e+005  -6.12773e+004   1.25175e+004  -1.17526e+003   5.25872e+001  -1.90805e+000
9.69605e+004  -5.33845e+004   1.06084e+004  -8.92443e+002   1.65591e+001   1.81551e+000
2.00225e+004  -1.08853e+004   2.29544e+003  -2.67637e+002   1.94703e+001  -3.56288e+000
-6.22974e+004   2.53283e+004  -3.40911e+003   1.42050e+002   3.50223e+000  -1.35689e+000
2.13390e+005  -1.23548e+005   2.50892e+004  -1.94736e+003  -3.49054e+000   8.61533e+000
-4.07406e+005   2.28461e+005  -4.51361e+004   3.35758e+003   1.56512e+001  -1.64796e+001
-4.02321e+004   1.95985e+004  -3.53911e+003   2.83011e+002  -8.92691e+000  -1.27705e+000
3.34832e+005  -2.05499e+005   4.43971e+004  -3.76429e+003   2.10048e+001   1.52885e+001
-6.84571e+005   4.09148e+005  -8.65879e+004   7.17012e+003  -3.25679e+001  -2.97752e+001
-5.57447e+004   3.66131e+004  -8.32492e+003   8.41623e+002  -3.92527e+001  -9.55049e-001
4.52535e+005  -2.89996e+005   6.63551e+004  -6.25749e+003   1.05105e+002   2.16925e+001
-1.00250e+006   6.25502e+005  -1.39850e+005   1.29164e+004  -2.21182e+002  -4.22854e+001
-5.77559e+003   9.95267e+003  -3.30841e+003   4.72972e+002  -3.56880e+001  -1.07334e+000
1.62845e+005  -1.47077e+005   4.40989e+004  -5.37690e+003   1.20551e+002   2.94469e+001
-3.19322e+005   2.86748e+005  -8.54868e+004   1.03111e+004  -2.13758e+002  -5.81928e+001
