4   5  1
-3.55238e+004   1.67555e+004  -2.62825e+003   1.05225e+002   8.17359e+000  -1.08978e+000
-2.37956e+004   1.12677e+004  -1.95045e+003   1.73142e+002  -2.08903e+001   2.50513e+000
2.43668e+003  -1.66140e+003   5.00521e+002  -1.10365e+002   1.50215e+001  -3.65674e+000
-4.06184e+004   1.96174e+004  -3.33797e+003   2.20153e+002  -2.46261e+000  -1.02294e+000
-9.21649e+004   4.64255e+004  -8.93720e+003   1.02730e+003  -1.20910e+002   1.19188e+001
1.21628e+005  -6.15727e+004   1.22892e+004  -1.62764e+003   2.16517e+002  -2.23917e+001
1.15690e+005  -5.80082e+004   1.04885e+004  -8.10235e+002   2.38229e+001  -1.41112e+000
-1.40425e+005   6.30547e+004  -9.56090e+003   8.69019e+002  -1.55476e+002   2.12318e+001
3.20156e+005  -1.48723e+005   2.40152e+004  -2.22978e+003   3.24326e+002  -4.13744e+001
-1.85658e+004   9.11184e+003  -1.80547e+003   2.58833e+002  -2.69337e+001  -8.75035e-001
1.08010e+005  -8.41912e+004   2.47257e+004  -3.03463e+003   1.51803e+001   2.88281e+001
-2.07528e+005   1.63018e+005  -4.80038e+004   5.85144e+003  -1.99244e+001  -5.64236e+001
