5   4  1
-2.36009e+003   1.30493e+003  -2.40559e+002   2.78532e+001  -3.68326e+000
9.32601e+003  -4.91437e+003   9.73802e+002  -8.54296e+001   2.52384e+000
-7.15679e+003   2.75390e+003  -2.35850e+002  -1.16189e+001  -1.76145e+000
3.59230e+002  -2.28446e+002  -4.20539e+001   1.95357e+001  -3.18419e+000
-2.72155e+002   1.08960e+002  -2.28942e+000  -5.77350e+000   1.86071e+000
4.59415e+001  -3.20563e+002   2.69549e+001   6.90863e+000  -4.86727e+000
-1.28994e+003   9.18088e+002  -2.32124e+002   2.07443e+001  -2.42982e+000
-7.59927e+002   4.29751e+002  -4.72115e+001  -1.26829e+001   3.97775e+000
1.16784e+003  -4.00219e+002  -4.44125e+001   2.50515e+001  -8.00665e+000
-1.66706e+002  -1.99204e+002   6.80873e+001  -9.38555e+000  -1.02992e+000
1.86791e+003  -1.30939e+003   3.89068e+002  -6.96403e+001   8.40034e+000
-5.32857e+003   3.03285e+003  -8.23382e+002   1.29053e+002  -1.59350e+001
-9.38354e+002   3.70719e+002  -1.96210e+001  -6.57854e+000   3.88618e-001
-9.40575e+003   3.08551e+003  -2.05883e+001  -9.94898e+001   1.57788e+001
4.43442e+004  -1.51341e+004   7.01716e+002   2.44530e+002  -3.52558e+001
