5   5  1
1.35686e+004  -9.63218e+003   2.73027e+003  -3.65240e+002   3.25762e+001  -3.74342e+000
1.51981e+004  -9.99830e+003   2.45478e+003  -2.34749e+002   3.91525e+000   7.78730e-002
8.92338e+003  -7.30695e+003   2.05717e+003  -2.19189e+002   6.85232e+000  -2.97314e+000
1.54920e+004  -7.94373e+003   1.39894e+003  -1.84410e+002   2.49283e+001  -3.25289e+000
2.35149e+004  -1.28750e+004   2.57911e+003  -2.18367e+002   2.41172e+000   1.75644e+000
-2.21147e+004   1.18983e+004  -2.64363e+003   2.30166e+002  -7.89199e-001  -4.76921e+000
2.67172e+004  -1.56090e+004   3.72464e+003  -4.77627e+002   3.00442e+001  -2.54829e+000
4.58424e+004  -2.53292e+004   5.24533e+003  -4.68456e+002   3.27423e+000   3.77447e+000
-2.58571e+004   1.50260e+004  -3.11642e+003   1.93187e+002   1.60510e+001  -7.89199e+000
-7.04151e+003   3.60719e+003  -9.38889e+002   1.32791e+002  -1.18366e+001  -9.98694e-001
5.09603e+004  -2.54443e+004   4.04381e+003  -7.92039e+001  -5.19017e+001   8.17436e+000
-8.78740e+004   4.17676e+004  -6.19801e+003  -1.59111e+001   9.84652e+001  -1.55453e+001
-1.60572e+004   7.66753e+003  -1.31604e+003   1.27928e+002  -1.21678e+001   4.59821e-001
4.11380e+005  -2.29885e+005   4.62996e+004  -3.80075e+003   4.37064e+001   1.39546e+001
-1.94976e+006   1.08932e+006  -2.19949e+005   1.86180e+004  -4.34156e+002  -2.66099e+001
