3   5  1
-5.09040e+004   2.25141e+004  -3.36701e+003   1.51607e+002   6.91565e+000  -6.53526e-001
-2.19051e+004   9.40253e+003  -1.48985e+003   1.37660e+002  -2.01577e+001   2.81202e+000
-7.75604e+003   3.74613e+003  -5.50723e+002  -2.02783e+001   1.36269e+001  -3.86049e+000
3.81273e+004  -1.90192e+004   3.50574e+003  -2.90006e+002   1.04517e+001  -7.97968e-001
-1.75915e+004   1.29131e+003   4.28626e+002   2.91101e+002  -1.18164e+002   1.51212e+001
5.66139e+004  -1.55452e+004   2.04684e+003  -8.70500e+002   2.38031e+002  -2.87710e+001
2.61906e+004  -9.78702e+003   9.60887e+002   6.34136e+001  -1.79594e+001  -6.09534e-001
1.31463e+005  -1.04086e+005   2.79292e+004  -2.82068e+003  -2.90369e+001   2.66143e+001
-1.98043e+005   1.76091e+005  -4.99721e+004   5.13507e+003   7.19245e+001  -5.17280e+001
