6   4  1
5.41719e+002  -4.22444e+002   8.96557e+001   5.07573e+000  -3.41041e+000
1.25855e+003  -9.32095e+002   2.38440e+002  -2.38187e+001   4.13954e-001
7.61243e+002  -7.12292e+002   1.97407e+002  -1.86702e+001  -2.61426e+000
9.98073e+002  -2.21528e+001  -1.36166e+002   2.57219e+001  -3.39590e+000
1.54427e+003  -7.96752e+002   1.59323e+002  -1.78353e+001   1.90512e+000
-2.28675e+003   1.23115e+003  -2.86743e+002   2.74141e+001  -5.03978e+000
-3.51182e+003   1.85449e+003  -3.61360e+002   2.85724e+001  -2.82191e+000
-9.66589e+002   4.37687e+002  -2.66655e+001  -1.49813e+001   3.59582e+000
-6.91824e+003   2.89166e+003  -5.12242e+002   5.03835e+001  -7.78300e+000
5.63106e+002  -3.41405e+002   6.84307e+001  -7.24925e+000  -1.84607e+000
8.43864e+002  -6.40997e+002   2.44085e+002  -5.17655e+001   6.49479e+000
-1.03836e+004   4.35737e+003  -8.27440e+002   1.00129e+002  -1.26644e+001
-4.42855e+002   8.23479e+001   2.22927e+001  -7.42554e+000  -1.50703e+000
5.51887e+003  -3.34388e+003   8.51261e+002  -1.19908e+002   1.07086e+001
-1.62549e+004   8.72545e+003  -1.94854e+003   2.33422e+002  -2.07732e+001
4.87021e+001  -9.54840e+001   3.53279e+001  -6.78161e+000   3.03108e-001
-1.31909e+004   5.03055e+003  -3.30384e+002  -8.45292e+001   1.58857e+001
5.74816e+004  -2.16904e+004   1.74655e+003   1.90541e+002  -3.52232e+001
