3   5  1
5.87429e+003  -1.88857e+003   3.87435e+002  -1.16038e+002   2.60738e+001  -3.40527e+000
2.56143e+003   3.47301e+002  -3.42216e+002   4.57350e+001  -3.77815e+000   4.14820e-001
-2.84241e+003   3.13551e+003  -8.72132e+002   9.13880e+001  -3.17760e+000  -2.80133e+000
-2.31231e+004   6.05629e+003  -1.71824e+001  -1.64764e+002   2.88393e+001  -2.87266e+000
6.81570e+001  -2.18284e+003   7.25038e+002  -9.03481e+001   2.42011e+000   2.33586e+000
-1.78934e+004   5.93988e+003  -6.80417e+002   4.19776e+001   2.48110e+000  -5.46988e+000
1.68283e+003   2.18536e+003  -1.04602e+003   2.09548e+002  -3.16136e+001   2.39898e+000
3.22539e+004  -1.55767e+004   1.18781e+003   4.37561e+002  -9.97707e+001   1.15670e+001
-8.05848e+004   4.07316e+004  -4.51945e+003  -6.59561e+002   1.89809e+002  -2.21880e+001
