4   5  1
-3.45939e+004   1.67338e+004  -2.45519e+003   5.83911e+001   2.01521e+001  -3.49455e+000
-1.43838e+005   8.59169e+004  -1.95786e+004   2.16773e+003  -1.22456e+002   2.90820e+000
1.00618e+004  -8.69608e+003   2.26962e+003  -1.47667e+002  -1.28707e+001  -1.90764e+000
7.30967e+004  -3.92534e+004   7.60886e+003  -7.13442e+002   4.28495e+001  -3.27619e+000
2.28818e+004  -1.28276e+004   2.66832e+003  -2.43509e+002   4.49076e+000   1.96077e+000
2.94426e+004  -1.56178e+004   2.67314e+003  -1.97162e+002   1.23554e+001  -5.15182e+000
-2.53051e+003  -3.09341e+002   6.85962e+002  -1.93582e+002   1.74429e+001  -1.82413e+000
4.61458e+004  -2.53721e+004   5.07889e+003  -4.14851e+002  -4.13113e+000   4.81070e+000
-7.73817e+004   4.13678e+004  -7.98963e+003   5.76451e+002   1.09199e+001  -9.20720e+000
-1.80788e+004   1.03261e+004  -2.36761e+003   3.09625e+002  -2.84190e+001   1.38119e+000
-2.77805e+005   1.66426e+005  -3.82801e+004   4.36479e+003  -2.90552e+002   1.68265e+001
9.64928e+005  -6.04398e+005   1.45626e+005  -1.70845e+004   1.05651e+003  -4.29068e+001
