4   4  1
-1.80685e+003   1.17878e+003  -2.59491e+002   3.21938e+001  -3.64795e+000
8.82673e+003  -4.46886e+003   8.46002e+002  -7.23883e+001   2.27038e+000
-3.30345e+003   1.21267e+003  -5.52094e+001  -1.63730e+001  -1.86302e+000
-7.71271e+001  -6.96925e+001  -4.17588e+001   1.74055e+001  -2.95205e+000
-5.64065e+002   2.64671e+002  -3.32492e+001  -3.47409e+000   2.06223e+000
1.62047e+002  -4.19701e+002   7.33851e+001   2.10685e+000  -5.02126e+000
-1.66557e+003   9.51783e+002  -2.16835e+002   1.83237e+001  -1.83535e+000
-6.40227e+002   2.31440e+002   9.18038e+000  -2.01939e+001   5.01533e+000
-1.04936e+002   1.39041e+002  -1.34606e+002   3.78554e+001  -9.55034e+000
6.36802e+002  -4.68492e+002   1.43500e+002  -2.21260e+001   1.30102e+000
1.75361e+004  -9.09763e+003   1.81205e+003  -1.93852e+002   1.55946e+001
-8.72443e+004   4.42638e+004  -8.21785e+003   7.20626e+002  -3.86280e+001
