3   4  1
1.25976e+003  -2.29638e+002  -6.20593e+001   2.40290e+001  -3.37922e+000
1.07895e+004  -5.26346e+003   9.22562e+002  -7.04798e+001   2.16216e+000
3.52540e+003  -1.92863e+003   4.08690e+002  -3.83291e+001  -1.77444e+000
-6.33655e+003   2.41182e+003  -3.77241e+002   3.68882e+001  -2.97520e+000
-2.14631e+003   7.17878e+002  -8.97218e+001   2.39639e+000   2.33616e+000
-3.65009e+003   1.19922e+003  -1.22444e+002   8.70955e+000  -5.54922e+000
3.08728e+003  -1.22280e+003   2.25011e+002  -3.21994e+001   2.40644e+000
1.70979e+003  -2.20035e+003   7.33941e+002  -1.10998e+002   1.17101e+001
-2.45790e+003   3.94570e+003  -1.40005e+003   2.17859e+002  -2.25453e+001
