1292 1892 2492 1306 1907 2508 1391 1988 2590 1298 1898 2498 691 707 790 697 3093 3695 4297 3107 3706 4307 3190 3790 4390 3099 3701 4303 1281 2482 
3680 1303 1902 2501 3101 3700 4300 88 704 2548 3743 4947 1934 2534 3133 3733 4332 4931 1350 1333 2547 3743 4940 1935 2533 3133 3732 4331 4931 1351 
1336 1297 1899 2500 1306 1907 2507 1390 1990 2590 1303 1905 2507 697 707 790 703 3102 3702 4305 3109 3708 4309 3191 3790 4391 3108 3708 4311 1280 
2478 3679 1300 1899 2500 3101 3700 4301 80 700 2542 3743 4943 1931 2532 3132 3731 4332 4932 1347 1331 2540 3741 4942 1931 2531 3130 3730 4330 4930 
1340 1331 1305 1907 2506 1307 1908 2508 1391 1990 2591 1311 1913 2512 705 709 791 711 3108 3708 4309 3108 3707 4308 3191 3790 4390 3114 3714 4315 
1282 2485 3688 1300 1902 2502 3103 3702 4305 79 701 2547 3748 4952 1933 2534 3135 3735 4336 4938 1343 1332 2545 3749 4954 1932 2533 3135 3734 4336 
4938 1342 1330 1308 1909 2506 1307 1908 2507 1390 1991 2591 1314 1915 2513 709 708 790 715 3106 3703 4303 3110 3706 4308 3190 3790 4389 3113 3710 
4309 1290 2495 3697 1305 1906 2507 3107 3707 4307 88 705 2554 3756 4959 1937 2538 3138 3739 4339 4940 1352 1338 2557 3762 4964 1939 2540 3141 3742 
4343 4942 1354 1338 1301 1901 2498 1306 1906 2508 1391 1989 2590 1307 1907 2505 703 708 789 709 3098 3696 4295 3108 3706 4307 3190 3790 4390 3104 
3702 4301 1299 2499 3700 1308 1909 2509 3109 3708 4307 97 707 2558 3759 4959 1939 2540 3139 3739 4339 4939 1359 1340 2565 3766 4965 1943 2543 3144 
3743 4343 4943 1364 1342 1290 1892 2492 1306 1908 2507 1389 1989 2590 1297 1898 2499 695 707 790 701 3092 3694 4291 3107 3707 4307 3190 3790 4390 
3098 3700 4297 1297 2494 3688 1307 1906 2506 3106 3706 4304 100 707 2556 3755 4950 1938 2536 3137 3736 4335 4933 1359 1339 2560 3755 4951 1941 2541 
3140 3737 4337 4936 1365 1343 1936 2534 3137 1933 2532 3132 1848 2449 3048 1929 2528 3131 1334 1333 1250 1328 3736 4338 4937 3731 4333 4932 3649 4248 
4849 3730 4332 4931 2552 3752 4957 1935 2536 3136 3734 4335 4935 1352 1336 1289 2490 3693 1305 1905 2505 3105 3705 4305 90 704 1289 2490 3689 1306 
1907 2506 3106 3705 4306 93 706 1940 2539 3140 1933 2532 3132 1850 2449 3050 1934 2533 3133 1337 1332 1249 1331 3740 4342 4941 3733 4331 4932 3650 
4249 4849 3734 4336 4935 2552 3753 4950 1935 2536 3136 3735 4335 4936 1357 1335 1291 2491 3687 1305 1906 2504 3104 3704 4303 93 705 1288 2488 3687 
1306 1904 2505 3104 3704 4305 89 706 1943 2543 3142 1933 2532 3132 1849 2449 3049 1936 2536 3136 1341 1332 1249 1335 3743 4342 4942 3731 4331 4931 
3649 4248 4849 3737 4336 4936 2550 3750 4947 1936 2535 3135 3734 4335 4934 1350 1336 1286 2488 3686 1303 1905 2503 3103 3703 4303 87 703 1289 2488 
3688 1304 1906 2505 3106 3706 4305 87 705 1942 2541 3140 1932 2533 3132 1849 2449 3049 1936 2535 3134 1342 1331 1249 1336 3739 4339 4938 3732 4332 
4932 3648 4249 4848 3733 4333 4932 2548 3751 4949 1935 2534 3135 3734 4334 4934 1347 1334 1287 2485 3687 1304 1903 2504 3104 3704 4304 86 703 1290 
2491 3691 1308 1906 2506 3108 3707 4307 88 705 1938 2536 3136 1933 2534 3134 1850 2450 3049 1932 2529 3130 1338 1332 1248 1332 3734 4336 4934 3732 
4334 4931 3650 4249 4850 3728 4330 4928 2553 3753 4954 1935 2535 3135 3735 4335 4935 1349 1334 1288 2488 3686 1304 1904 2504 3104 3702 4302 87 704 
1292 2493 3693 1307 1909 2507 3108 3707 4306 91 707 1935 2533 3135 1934 2532 3133 1850 2449 3049 1929 2527 3128 1334 1331 1250 1328 3732 4335 4934 
3732 4333 4933 3649 4248 4850 3726 4329 4928 2554 3754 4952 1936 2535 3135 3736 4336 4936 1354 1335 1287 2490 3690 1303 1902 2503 3103 3704 4304 86 
702 1294 2493 3693 1308 1906 2507 3107 3707 4306 93 706 