0 0 0 0  1.
0 1 0 1  1.
0 2 0 2  1.
0 3 0 3  1.
0 4 0 4  1.
0 5 0 5  1.
0 6 0 10  1.
0 7 0 15  1.
0 8 0 20  1.
0 9 0 25  1.
0 10 0 30  1.
0 11 0 40  1.
0 12 0 50  1.
1 0 0.2 0  1.
1 1 0.2 1  1.
1 2 0.2 2  1.
1 3 0.2 3  1.
1 4 0.2 4  1.
1 5 0.2 5  1.
1 6 0.2 10  1.
1 7 0.2 15  1.
1 8 0.2 20  1.
1 9 0.2 25  1.
1 10 0.2 30  1.
1 11 0.2 40  1.
1 12 0.2 50  1.
2 0 0.4 0  1.
2 1 0.4 1  1.
2 2 0.4 2  1.
2 3 0.4 3  1.
2 4 0.4 4  1.
2 5 0.4 5  1.
2 6 0.4 10  1.
2 7 0.4 15  1.
2 8 0.4 20  1.
2 9 0.4 25  1.
2 10 0.4 30  1.
2 11 0.4 40  1.
2 12 0.4 50  1.
3 0 0.6 0  1.
3 1 0.6 1  1.
3 2 0.6 2  1.
3 3 0.6 3  1.
3 4 0.6 4  1.
3 5 0.6 5  1.
3 6 0.6 10  1.
3 7 0.6 15  1.
3 8 0.6 20  1.
3 9 0.6 25  1.
3 10 0.6 30  1.
3 11 0.6 40  1.
3 12 0.6 50  1.
4 0 0.8 0  1.
4 1 0.8 1  1.
4 2 0.8 2  1.
4 3 0.8 3  1.
4 4 0.8 4  1.
4 5 0.8 5  1.
4 6 0.8 10  1.
4 7 0.8 15  1.
4 8 0.8 20  1.
4 9 0.8 25  1.
4 10 0.8 30  1.
4 11 0.8 40  1.
4 12 0.8 50  1.
5 0 1 0  1.
5 1 1 1  1.
5 2 1 2  1.
5 3 1 3  1.
5 4 1 4  1.
5 5 1 5  1.
5 6 1 10  1.
5 7 1 15  1.
5 8 1 20  1.
5 9 1 25  1.
5 10 1 30  1.
5 11 1 40  1.
5 12 1 50  1.
6 0 1.2 0  1.
6 1 1.2 1  1.
6 2 1.2 2  1.
6 3 1.2 3  1.
6 4 1.2 4  1.
6 5 1.2 5  1.
6 6 1.2 10  1.
6 7 1.2 15  1.
6 8 1.2 20  1.
6 9 1.2 25  1.
6 10 1.2 30  1.
6 11 1.2 40  1.
6 12 1.2 50  1.
7 0 1.4 0  1.
7 1 1.4 1  1.
7 2 1.4 2  1.
7 3 1.4 3  1.
7 4 1.4 4  1.
7 5 1.4 5  1.
7 6 1.4 10  1.
7 7 1.4 15  1.
7 8 1.4 20  1.
7 9 1.4 25  1.
7 10 1.4 30  1.
7 11 1.4 40  1.
7 12 1.4 50  1.
8 0 1.6 0  1.
8 1 1.6 1  1.
8 2 1.6 2  1.
8 3 1.6 3  1.
8 4 1.6 4  1.
8 5 1.6 5  1.
8 6 1.6 10  1.
8 7 1.6 15  1.
8 8 1.6 20  1.
8 9 1.6 25  1.
8 10 1.6 30  1.
8 12 1.6 50  1.
9 0 1.8 0  1.
9 1 1.8 1  1.
9 2 1.8 2  1.
9 3 1.8 3  1.
9 4 1.8 4  1.
9 5 1.8 5  1.
9 6 1.8 10  1.
9 7 1.8 15  1.
9 8 1.8 20  1.
9 9 1.8 25  1.
9 10 1.8 30  1.
9 12 1.8 50  1.
10 0 2 0  1.
10 1 2 1  1.
10 2 2 2  1.
10 3 2 3  1.
10 4 2 4  1.
10 5 2 5  1.
10 6 2 10  1.
10 7 2 15  1.
10 8 2 20  1.
10 9 2 25  1.
10 12 2 50  1.
11 0 2.2 0  1.
11 1 2.2 1  1.
11 2 2.2 2  1.
11 3 2.2 3  1.
11 4 2.2 4  1.
11 5 2.2 5  1.
11 6 2.2 10  1.
11 7 2.2 15  1.
11 8 2.2 20  1.
11 12 2.2 50  1.
12 0 2.4 0  1.
12 1 2.4 1  1.
12 2 2.4 2  1.
12 3 2.4 3  1.
12 4 2.4 4  1.
12 5 2.4 5  1.
12 6 2.4 10  1.
12 7 2.4 15  1.
12 8 2.4 20  1.
12 9 2.4 25  1.
12 10 2.4 30  1.
12 11 2.4 40  1.
12 12 2.4 50  1.
