0 0 0 0 0.552846
0 1 0 1 0.675707
0 2 0 2 0.697188
0 3 0 3 0.711001
0 4 0 4 0.716631
0 5 0 5 0.723743
0 6 0 10 0.731721
0 7 0 15 0.734004
0 8 0 20 0.739643
0 9 0 25 0.742381
0 10 0 30 0.744275
0 11 0 40 0.749292
0 12 0 50 0.749292
1 0 0.2 0 0.550343
1 1 0.2 1 0.627891
1 2 0.2 2 0.642598
1 3 0.2 3 0.664202
1 4 0.2 4 0.673626
1 5 0.2 5 0.675362
1 6 0.2 10 0.68206
1 7 0.2 15 0.687701
1 8 0.2 20 0.692084
1 9 0.2 25 0.69365
1 10 0.2 30 0.699726
1 11 0.2 40 0.702917
1 12 0.2 50 0.702917
2 0 0.4 0 0.40128
2 1 0.4 1 0.645792
2 2 0.4 2 0.67856
2 3 0.4 3 0.682083
2 4 0.4 4 0.697588
2 5 0.4 5 0.712244
2 6 0.4 10 0.71796
2 7 0.4 15 0.724961
2 8 0.4 20 0.725226
2 9 0.4 25 0.729245
2 10 0.4 30 0.735675
2 11 0.4 40 0.73902
2 12 0.4 50 0.73902
3 0 0.6 0 0.238443
3 1 0.6 1 0.635378
3 2 0.6 2 0.66487
3 3 0.6 3 0.681194
3 4 0.6 4 0.68628
3 5 0.6 5 0.696265
3 6 0.6 10 0.710814
3 7 0.6 15 0.714857
3 8 0.6 20 0.717704
3 9 0.6 25 0.725531
3 10 0.6 30 0.72789
3 11 0.6 40 0.732272
3 12 0.6 50 0.732272
4 0 0.8 0 0.153207
4 1 0.8 1 0.577859
4 2 0.8 2 0.606973
4 3 0.8 3 0.618804
4 4 0.8 4 0.632347
4 5 0.8 5 0.648506
4 6 0.8 10 0.665997
4 7 0.8 15 0.673631
4 8 0.8 20 0.678674
4 9 0.8 25 0.684129
4 10 0.8 30 0.686569
4 11 0.8 40 0.694353
4 12 0.8 50 0.694353
5 0 1 0 0.0870176
5 1 1 1 0.474901
5 2 1 2 0.505075
5 3 1 3 0.516674
5 4 1 4 0.532577
5 5 1 5 0.548271
5 6 1 10 0.566908
5 7 1 15 0.576156
5 8 1 20 0.582145
5 9 1 25 0.58795
5 10 1 30 0.595012
5 11 1 40 0.600647
5 12 1 50 0.600647
6 0 1.2 0 0.0787929
6 1 1.2 1 0.448479
6 2 1.2 2 0.464893
6 3 1.2 3 0.472646
6 4 1.2 4 0.482866
6 5 1.2 5 0.493458
6 6 1.2 10 0.502625
6 7 1.2 15 0.513601
6 8 1.2 20 0.521168
6 9 1.2 25 0.528802
6 10 1.2 30 0.533697
6 11 1.2 40 0.539324
6 12 1.2 50 0.539324
7 0 1.4 0 0.0803985
7 1 1.4 1 0.512868
7 2 1.4 2 0.522471
7 3 1.4 3 0.540893
7 4 1.4 4 0.549323
7 5 1.4 5 0.561767
7 6 1.4 10 0.573337
7 7 1.4 15 0.581548
7 8 1.4 20 0.586297
7 9 1.4 25 0.593513
7 10 1.4 30 0.599297
7 11 1.4 40 0.59888
7 12 1.4 50 0.59888
8 0 1.6 0 0.0717257
8 1 1.6 1 0.52355
8 2 1.6 2 0.546705
8 3 1.6 3 0.552915
8 4 1.6 4 0.560946
8 5 1.6 5 0.571079
8 6 1.6 10 0.583539
8 7 1.6 15 0.592225
8 8 1.6 20 0.596629
8 9 1.6 25 0.601526
8 10 1.6 30 0.601526
8 11 1.6 40 0.602477
8 12 1.6 50 0.602477
9 0 1.8 0 0.0712782
9 1 1.8 1 0.535358
9 2 1.8 2 0.558639
9 3 1.8 3 0.569137
9 4 1.8 4 0.577296
9 5 1.8 5 0.584769
9 6 1.8 10 0.597713
9 7 1.8 15 0.605297
9 8 1.8 20 0.608334
9 9 1.8 25 0.612441
9 10 1.8 30 0.615939
9 11 1.8 40 0.615939
9 12 1.8 50 0.615939
10 0 2 0 0.0612766
10 1 2 1 0.480763
10 2 2 2 0.507159
10 3 2 3 0.517622
10 4 2 4 0.517452
10 5 2 5 0.529683
10 6 2 10 0.542298
10 7 2 15 0.547778
10 8 2 20 0.557622
10 9 2 25 0.595435
10 10 2 30 0.595435
10 11 2 40 0.595435
10 12 2 50 0.595435
11 0 2.2 0 0.0434959
11 1 2.2 1 0.383687
11 2 2.2 2 0.40663
11 3 2.2 3 0.414638
11 4 2.2 4 0.419168
11 5 2.2 5 0.429824
11 6 2.2 10 0.439027
11 7 2.2 15 0.448228
11 8 2.2 20 0.486996
11 9 2.2 25 0.486996
11 10 2.2 30 0.486996
11 11 2.2 40 0.486996
11 12 2.2 50 0.486996
12 0 2.4 0 0.0434959
12 1 2.4 1 0.383687
12 2 2.4 2 0.40663
12 3 2.4 3 0.414638
12 4 2.4 4 0.419168
12 5 2.4 5 0.429824
12 6 2.4 10 0.439027
12 7 2.4 15 0.448228
12 8 2.4 20 0.486996
12 9 2.4 25 0.486996
12 10 2.4 30 0.486996
12 11 2.4 40 0.486996
12 12 2.4 50 0.486996
