0 0 0 0 0.174563
0 1 0 1 0.21231
0 2 0 2 0.33906
0 3 0 3 0.464928
0 4 0 4 0.53771
0 5 0 5 0.652404
0 6 0 10 0.749167
0 7 0 15 0.794504
0 8 0 20 0.823039
0 9 0 25 0.838174
0 10 0 30 0.854467
0 11 0 40 0.868703
0 12 0 50 0.868703
1 0 0.2 0 0.118012
1 1 0.2 1 0.1946
1 2 0.2 2 0.339711
1 3 0.2 3 0.455284
1 4 0.2 4 0.528046
1 5 0.2 5 0.647756
1 6 0.2 10 0.746678
1 7 0.2 15 0.794104
1 8 0.2 20 0.819935
1 9 0.2 25 0.836162
1 10 0.2 30 0.852089
1 11 0.2 40 0.86841
1 12 0.2 50 0.86841
2 0 0.4 0 0.128013
2 1 0.4 1 0.198649
2 2 0.4 2 0.340852
2 3 0.4 3 0.450353
2 4 0.4 4 0.526049
2 5 0.4 5 0.645363
2 6 0.4 10 0.743157
2 7 0.4 15 0.789644
2 8 0.4 20 0.817453
2 9 0.4 25 0.833988
2 10 0.4 30 0.849359
2 11 0.4 40 0.865819
2 12 0.4 50 0.865819
3 0 0.6 0 0.135171
3 1 0.6 1 0.200325
3 2 0.6 2 0.340954
3 3 0.6 3 0.4565
3 4 0.6 4 0.525261
3 5 0.6 5 0.647448
3 6 0.6 10 0.743909
3 7 0.6 15 0.79
3 8 0.6 20 0.813004
3 9 0.6 25 0.830791
3 10 0.6 30 0.847183
3 11 0.6 40 0.865557
3 12 0.6 50 0.865557
4 0 0.8 0 0.127189
4 1 0.8 1 0.203302
4 2 0.8 2 0.34657
4 3 0.8 3 0.45069
4 4 0.8 4 0.518437
4 5 0.8 5 0.639023
4 6 0.8 10 0.733861
4 7 0.8 15 0.77687
4 8 0.8 20 0.797796
4 9 0.8 25 0.81706
4 10 0.8 30 0.836321
4 11 0.8 40 0.853527
4 12 0.8 50 0.853527
5 0 1 0 0.151256
5 1 1 1 0.210071
5 2 1 2 0.349542
5 3 1 3 0.454317
5 4 1 4 0.529898
5 5 1 5 0.641093
5 6 1 10 0.731689
5 7 1 15 0.770478
5 8 1 20 0.793804
5 9 1 25 0.81032
5 10 1 30 0.832374
5 11 1 40 0.851479
5 12 1 50 0.851479
6 0 1.2 0 0.139392
6 1 1.2 1 0.220369
6 2 1.2 2 0.345137
6 3 1.2 3 0.464695
6 4 1.2 4 0.5408
6 5 1.2 5 0.644565
6 6 1.2 10 0.725867
6 7 1.2 15 0.764472
6 8 1.2 20 0.78611
6 9 1.2 25 0.805454
6 10 1.2 30 0.82616
6 11 1.2 40 0.847093
6 12 1.2 50 0.847093
7 0 1.4 0 0.128825
7 1 1.4 1 0.216619
7 2 1.4 2 0.410457
7 3 1.4 3 0.522877
7 4 1.4 4 0.587587
7 5 1.4 5 0.69035
7 6 1.4 10 0.765794
7 7 1.4 15 0.802547
7 8 1.4 20 0.82671
7 9 1.4 25 0.844597
7 10 1.4 30 0.863445
7 11 1.4 40 0.857361
7 12 1.4 50 0.857361
8 0 1.6 0 0.168397
8 1 1.6 1 0.293297
8 2 1.6 2 0.43199
8 3 1.6 3 0.530272
8 4 1.6 4 0.583201
8 5 1.6 5 0.686374
8 6 1.6 10 0.756679
8 7 1.6 15 0.796155
8 8 1.6 20 0.822057
8 9 1.6 25 0.839601
8 10 1.6 30 0.855958
8 12 1.6 50 2.33912e-310
9 0 1.8 0 0.211442
9 1 1.8 1 0.320139
9 2 1.8 2 0.456747
9 3 1.8 3 0.546285
9 4 1.8 4 0.600675
9 5 1.8 5 0.694403
9 6 1.8 10 0.762108
9 7 1.8 15 0.798161
9 8 1.8 20 0.821932
9 9 1.8 25 0.837163
9 10 1.8 30 0.850709
9 12 1.8 50 2.33912e-310
10 0 2 0 0.236539
10 1 2 1 0.349739
10 2 2 2 0.486427
10 3 2 3 0.566763
10 4 2 4 0.622411
10 5 2 5 0.702659
10 6 2 10 0.765581
10 7 2 15 0.798644
10 8 2 20 0.820697
10 9 2 25 0.834914
10 12 2 50 2.33912e-310
11 0 2.2 0 0.263971
11 1 2.2 1 0.37734
11 2 2.2 2 0.503163
11 3 2.2 3 0.582323
11 4 2.2 4 0.634056
11 5 2.2 5 0.704254
11 6 2.2 10 0.761145
11 7 2.2 15 0.792976
11 8 2.2 20 0.808343
11 12 2.2 50 2.33912e-310
12 0 2.4 0 0.263971
12 1 2.4 1 0.37734
12 2 2.4 2 0.503163
12 3 2.4 3 0.582323
12 4 2.4 4 0.634056
12 5 2.4 5 0.704254
12 6 2.4 10 0.761145
12 7 2.4 15 0.792976
12 8 2.4 20 0.808343
12 9 2.4 25 1.16254e-320
12 10 2.4 30 1.97261e-315
12 11 2.4 40 2.33912e-310
12 12 2.4 50 2.33912e-310
