0 0 0 0 1.04809
0 1 0 1 0.987844
0 2 0 2 0.959994
0 3 0 3 0.939988
0 4 0 4 0.927228
0 5 0 5 0.932153
0 6 0 10 0.938315
0 7 0 15 0.943267
0 8 0 20 0.948093
0 9 0 25 0.954538
0 10 0 30 0.958449
0 11 0 40 0.964125
0 12 0 50 0.964125
1 0 0.2 0 0.978153
1 1 0.2 1 1.00648
1 2 0.2 2 0.961741
1 3 0.2 3 0.932534
1 4 0.2 4 0.942441
1 5 0.2 5 0.93687
1 6 0.2 10 0.940311
1 7 0.2 15 0.950182
1 8 0.2 20 0.956721
1 9 0.2 25 0.959338
1 10 0.2 30 0.963862
1 11 0.2 40 0.968383
1 12 0.2 50 0.968383
2 0 0.4 0 1.02451
2 1 0.4 1 1.00298
2 2 0.4 2 0.943818
2 3 0.4 3 0.929966
2 4 0.4 4 0.916183
2 5 0.4 5 0.917076
2 6 0.4 10 0.923485
2 7 0.4 15 0.933485
2 8 0.4 20 0.940367
2 9 0.4 25 0.943899
2 10 0.4 30 0.951403
2 11 0.4 40 0.955824
2 12 0.4 50 0.955824
3 0 0.6 0 1.07426
3 1 0.6 1 1.00877
3 2 0.6 2 0.931878
3 3 0.6 3 0.913601
3 4 0.6 4 0.910648
3 5 0.6 5 0.907078
3 6 0.6 10 0.913049
3 7 0.6 15 0.922226
3 8 0.6 20 0.934256
3 9 0.6 25 0.936846
3 10 0.6 30 0.945834
3 11 0.6 40 0.952153
3 12 0.6 50 0.952153
4 0 0.8 0 1.16426
4 1 0.8 1 0.995065
4 2 0.8 2 0.922458
4 3 0.8 3 0.899871
4 4 0.8 4 0.898859
4 5 0.8 5 0.894843
4 6 0.8 10 0.904162
4 7 0.8 15 0.911002
4 8 0.8 20 0.924167
4 9 0.8 25 0.92823
4 10 0.8 30 0.93448
4 11 0.8 40 0.944867
4 12 0.8 50 0.944867
5 0 1 0 1.2093
5 1 1 1 1.00771
5 2 1 2 0.911029
5 3 1 3 0.889601
5 4 1 4 0.868432
5 5 1 5 0.877708
5 6 1 10 0.885519
5 7 1 15 0.897192
5 8 1 20 0.906819
5 9 1 25 0.917853
5 10 1 30 0.925271
5 11 1 40 0.932701
5 12 1 50 0.932701
6 0 1.2 0 1.33117
6 1 1.2 1 0.994331
6 2 1.2 2 0.88357
6 3 1.2 3 0.842364
6 4 1.2 4 0.839859
6 5 1.2 5 0.844128
6 6 1.2 10 0.858392
6 7 1.2 15 0.871804
6 8 1.2 20 0.887108
6 9 1.2 25 0.896513
6 10 1.2 30 0.905552
6 11 1.2 40 0.91539
6 12 1.2 50 0.91539
7 0 1.4 0 1.43757
7 1 1.4 1 0.992149
7 2 1.4 2 0.832559
7 3 1.4 3 0.786289
7 4 1.4 4 0.791613
7 5 1.4 5 0.795985
7 6 1.4 10 0.810799
7 7 1.4 15 0.832485
7 8 1.4 20 0.848876
7 9 1.4 25 0.860971
7 10 1.4 30 0.875926
7 11 1.4 40 0.892769
7 12 1.4 50 0.892769
8 0 1.6 0 1.54626
8 1 1.6 1 0.939713
8 2 1.6 2 0.805273
8 3 1.6 3 0.77788
8 4 1.6 4 0.780859
8 5 1.6 5 0.780373
8 6 1.6 10 0.811516
8 7 1.6 15 0.832996
8 8 1.6 20 0.852484
8 9 1.6 25 0.865825
8 10 1.6 30 0.877498
8 11 1.6 40 0.877498
8 12 1.6 50 0.877498
9 0 1.8 0 1.67498
9 1 1.8 1 0.850205
9 2 1.8 2 0.773278
9 3 1.8 3 0.76226
9 4 1.8 4 0.774309
9 5 1.8 5 0.785115
9 6 1.8 10 0.820673
9 7 1.8 15 0.846482
9 8 1.8 20 0.865416
9 9 1.8 25 0.875679
9 10 1.8 30 0.874314
9 11 1.8 40 0.874314
9 12 1.8 50 0.874314
10 0 2 0 1.43378
10 1 2 1 0.805853
10 2 2 2 0.778485
10 3 2 3 0.792949
10 4 2 4 0.803679
10 5 2 5 0.825209
10 6 2 10 0.860599
10 7 2 15 0.881451
10 8 2 20 0.893882
10 9 2 25 0.888117
10 10 2 30 0.888117
10 11 2 40 0.888117
10 12 2 50 0.888117
11 0 2.2 0 1.0249
11 1 2.2 1 0.823159
11 2 2.2 2 0.830396
11 3 2.2 3 0.846609
11 4 2.2 4 0.847042
11 5 2.2 5 0.872938
11 6 2.2 10 0.902303
11 7 2.2 15 0.916014
11 8 2.2 20 0.906893
11 9 2.2 25 0.906893
11 10 2.2 30 0.906893
11 11 2.2 40 0.906893
11 12 2.2 50 0.906893
12 0 2.4 0 1.0249
12 1 2.4 1 0.823159
12 2 2.4 2 0.830396
12 3 2.4 3 0.846609
12 4 2.4 4 0.847042
12 5 2.4 5 0.872938
12 6 2.4 10 0.902303
12 7 2.4 15 0.916014
12 8 2.4 20 0.906893
12 9 2.4 25 0.906893
12 10 2.4 30 0.906893
12 11 2.4 40 0.906893
12 12 2.4 50 0.906893
