0 0 0 0 0.135381
0 1 0 1 0.689059
0 2 0 2 0.774473
0 3 0 3 0.780136
0 4 0 4 0.784926
0 5 0 5 0.81654
0 6 0 10 0.858503
0 7 0 15 0.879069
0 8 0 20 0.89355
0 9 0 25 0.899102
0 10 0 30 0.905523
0 11 0 40 0.911303
0 12 0 50 0.911303
1 0 0.2 0 0.109566
1 1 0.2 1 0.592973
1 2 0.2 2 0.735023
1 3 0.2 3 0.743455
1 4 0.2 4 0.753565
1 5 0.2 5 0.799288
1 6 0.2 10 0.848896
1 7 0.2 15 0.873354
1 8 0.2 20 0.885724
1 9 0.2 25 0.893072
1 10 0.2 30 0.899872
1 11 0.2 40 0.907896
1 12 0.2 50 0.907896
2 0 0.4 0 0.113214
2 1 0.4 1 0.528467
2 2 0.4 2 0.694522
2 3 0.4 3 0.704192
2 4 0.4 4 0.726268
2 5 0.4 5 0.782717
2 6 0.4 10 0.836767
2 7 0.4 15 0.862861
2 8 0.4 20 0.878445
2 9 0.4 25 0.886375
2 10 0.4 30 0.893434
2 11 0.4 40 0.90229
2 12 0.4 50 0.90229
3 0 0.6 0 0.120079
3 1 0.6 1 0.515864
3 2 0.6 2 0.663328
3 3 0.6 3 0.680389
3 4 0.6 4 0.706686
3 5 0.6 5 0.774552
3 6 0.6 10 0.831559
3 7 0.6 15 0.859355
3 8 0.6 20 0.871127
3 9 0.6 25 0.880999
3 10 0.6 30 0.889549
3 11 0.6 40 0.90065
3 12 0.6 50 0.90065
4 0 0.8 0 0.152164
4 1 0.8 1 0.49796
4 2 0.8 2 0.631447
4 3 0.8 3 0.655165
4 4 0.8 4 0.681044
4 5 0.8 5 0.755168
4 6 0.8 10 0.8164
4 7 0.8 15 0.843005
4 8 0.8 20 0.853823
4 9 0.8 25 0.865622
4 10 0.8 30 0.877592
4 11 0.8 40 0.888404
4 12 0.8 50 0.888404
5 0 1 0 0.389181
5 1 1 1 0.558944
5 2 1 2 0.621107
5 3 1 3 0.645711
5 4 1 4 0.683555
5 5 1 5 0.750923
5 6 1 10 0.809589
5 7 1 15 0.832072
5 8 1 20 0.846261
5 9 1 25 0.855723
5 10 1 30 0.870701
5 11 1 40 0.883665
5 12 1 50 0.883665
6 0 1.2 0 0.340663
6 1 1.2 1 0.510647
6 2 1.2 2 0.592791
6 3 1.2 3 0.63834
6 4 1.2 4 0.679075
6 5 1.2 5 0.744898
6 6 1.2 10 0.798698
6 7 1.2 15 0.823999
6 8 1.2 20 0.837488
6 9 1.2 25 0.850502
6 10 1.2 30 0.865299
6 11 1.2 40 0.880837
6 12 1.2 50 0.880837
7 0 1.4 0 0.446801
7 1 1.4 1 0.486226
7 2 1.4 2 0.587972
7 3 1.4 3 0.647845
7 4 1.4 4 0.689776
7 5 1.4 5 0.766669
7 6 1.4 10 0.822266
7 7 1.4 15 0.847935
7 8 1.4 20 0.865694
7 9 1.4 25 0.878917
7 10 1.4 30 0.893276
7 11 1.4 40 0.886747
7 12 1.4 50 0.886747
8 0 1.6 0 0.501838
8 1 1.6 1 0.512717
8 2 1.6 2 0.561183
8 3 1.6 3 0.643542
8 4 1.6 4 0.687951
8 5 1.6 5 0.776873
8 6 1.6 10 0.832611
8 7 1.6 15 0.861937
8 8 1.6 20 0.880589
8 9 1.6 25 0.893004
8 10 1.6 30 0.902683
8 12 1.6 50 0.902683
9 0 1.8 0 0.455003
9 1 1.8 1 0.502302
9 2 1.8 2 0.591621
9 3 1.8 3 0.664237
9 4 1.8 4 0.709797
9 5 1.8 5 0.790999
9 6 1.8 10 0.84581
9 7 1.8 15 0.87315
9 8 1.8 20 0.890544
9 9 1.8 25 0.901428
9 10 1.8 30 0.910202
9 11 1.8 40 0.910202
9 12 1.8 50 0.910202
10 0 2 0 0.460351
10 1 2 1 0.520642
10 2 2 2 0.618325
10 3 2 3 0.687161
10 4 2 4 0.735572
10 5 2 5 0.80396
10 6 2 10 0.85649
10 7 2 15 0.882203
10 8 2 20 0.898501
10 9 2 25 0.905467
10 10 2 30 0.905467
10 11 2 40 0.905467
10 12 2 50 0.905467
11 0 2.2 0 0.300903
11 1 2.2 1 0.400976
11 2 2.2 2 0.497756
11 3 2.2 3 0.555013
11 4 2.2 4 0.596717
11 5 2.2 5 0.646288
11 6 2.2 10 0.684454
11 7 2.2 15 0.740469
11 8 2.2 20 0.899154
11 9 2.2 25 0.899154
11 10 2.2 30 0.899154
11 11 2.2 40 0.899154
11 12 2.2 50 0.899154
12 0 2.4 0 0.300903
12 1 2.4 1 0.400976
12 2 2.4 2 0.497756
12 3 2.4 3 0.555013
12 4 2.4 4 0.596717
12 5 2.4 5 0.646288
12 6 2.4 10 0.684454
12 7 2.4 15 0.740469
12 8 2.4 20 0.899154
12 9 2.4 25 0.899154
12 10 2.4 30 0.899154
12 11 2.4 40 0.899154
12 12 2.4 50 0.899154
