0 0 0 0 0.947917
0 1 0 1 0.961045
0 2 0 2 0.968781
0 3 0 3 0.970003
0 4 0 4 0.976125
0 5 0 5 0.974073
0 6 0 10 0.974511
0 7 0 15 0.973935
0 8 0 20 0.973678
0 9 0 25 0.972668
0 10 0 30 0.971085
0 11 0 40 0.971064
0 12 0 50 0.971064
1 0 0.2 0 0.959581
1 1 0.2 1 0.961101
1 2 0.2 2 0.967433
1 3 0.2 3 0.974466
1 4 0.2 4 0.977367
1 5 0.2 5 0.975412
1 6 0.2 10 0.976557
1 7 0.2 15 0.976202
1 8 0.2 20 0.976161
1 9 0.2 25 0.974173
1 10 0.2 30 0.973367
1 11 0.2 40 0.972443
1 12 0.2 50 0.972443
2 0 0.4 0 0.942124
2 1 0.4 1 0.961106
2 2 0.4 2 0.969547
2 3 0.4 3 0.969488
2 4 0.4 4 0.971676
2 5 0.4 5 0.973835
2 6 0.4 10 0.97444
2 7 0.4 15 0.973838
2 8 0.4 20 0.973563
2 9 0.4 25 0.971607
2 10 0.4 30 0.9722
2 11 0.4 40 0.970583
2 12 0.4 50 0.970583
3 0 0.6 0 0.942497
3 1 0.6 1 0.957469
3 2 0.6 2 0.965625
3 3 0.6 3 0.966982
3 4 0.6 4 0.965816
3 5 0.6 5 0.970247
3 6 0.6 10 0.972647
3 7 0.6 15 0.971825
3 8 0.6 20 0.9709
3 9 0.6 25 0.969075
3 10 0.6 30 0.968124
3 11 0.6 40 0.966069
3 12 0.6 50 0.966069
4 0 0.8 0 0.913882
4 1 0.8 1 0.94623
4 2 0.8 2 0.960046
4 3 0.8 3 0.961863
4 4 0.8 4 0.961809
4 5 0.8 5 0.965566
4 6 0.8 10 0.966102
4 7 0.8 15 0.965788
4 8 0.8 20 0.965142
4 9 0.8 25 0.962449
4 10 0.8 30 0.959299
4 11 0.8 40 0.957815
4 12 0.8 50 0.957815
5 0 1 0 0.879621
5 1 1 1 0.934772
5 2 1 2 0.946314
5 3 1 3 0.950695
5 4 1 4 0.953231
5 5 1 5 0.955261
5 6 1 10 0.955918
5 7 1 15 0.955443
5 8 1 20 0.95374
5 9 1 25 0.951513
5 10 1 30 0.949003
5 11 1 40 0.945047
5 12 1 50 0.945047
6 0 1.2 0 0.825493
6 1 1.2 1 0.914766
6 2 1.2 2 0.932736
6 3 1.2 3 0.937388
6 4 1.2 4 0.938229
6 5 1.2 5 0.939705
6 6 1.2 10 0.938921
6 7 1.2 15 0.93875
6 8 1.2 20 0.935391
6 9 1.2 25 0.932525
6 10 1.2 30 0.927428
6 11 1.2 40 0.921772
6 12 1.2 50 0.921772
7 0 1.4 0 0.757292
7 1 1.4 1 0.900664
7 2 1.4 2 0.917401
7 3 1.4 3 0.923862
7 4 1.4 4 0.926933
7 5 1.4 5 0.92966
7 6 1.4 10 0.929729
7 7 1.4 15 0.926984
7 8 1.4 20 0.924552
7 9 1.4 25 0.922255
7 10 1.4 30 0.915653
7 11 1.4 40 0.916522
7 12 1.4 50 0.916522
8 0 1.6 0 0.67672
8 1 1.6 1 0.877691
8 2 1.6 2 0.906238
8 3 1.6 3 0.908548
8 4 1.6 4 0.913046
8 5 1.6 5 0.915869
8 6 1.6 10 0.918296
8 7 1.6 15 0.916946
8 8 1.6 20 0.913193
8 9 1.6 25 0.909073
8 10 1.6 30 0.906774
8 11 1.6 40 0.906774
8 12 1.6 50 0.906774
9 0 1.8 0 0.594023
9 1 1.8 1 0.86375
9 2 1.8 2 0.895825
9 3 1.8 3 0.902797
9 4 1.8 4 0.906795
9 5 1.8 5 0.910307
9 6 1.8 10 0.915053
9 7 1.8 15 0.913634
9 8 1.8 20 0.912338
9 9 1.8 25 0.908085
9 10 1.8 30 0.9065
9 11 1.8 40 0.9065
9 12 1.8 50 0.9065
10 0 2 0 0.500076
10 1 2 1 0.834213
10 2 2 2 0.880227
10 3 2 3 0.88844
10 4 2 4 0.891537
10 5 2 5 0.897024
10 6 2 10 0.902825
10 7 2 15 0.902245
10 8 2 20 0.904004
10 9 2 25 0.909258
10 10 2 30 0.909258
10 11 2 40 0.909258
10 12 2 50 0.909258
11 0 2.2 0 0.400788
11 1 2.2 1 0.782794
11 2 2.2 2 0.850402
11 3 2.2 3 0.864802
11 4 2.2 4 0.86727
11 5 2.2 5 0.876297
11 6 2.2 10 0.88194
11 7 2.2 15 0.883938
11 8 2.2 20 0.885271
11 9 2.2 25 0.885271
11 10 2.2 30 0.885271
11 11 2.2 40 0.885271
11 12 2.2 50 0.885271
12 0 2.4 0 0.400788
12 1 2.4 1 0.782794
12 2 2.4 2 0.850402
12 3 2.4 3 0.864802
12 4 2.4 4 0.86727
12 5 2.4 5 0.876297
12 6 2.4 10 0.88194
12 7 2.4 15 0.883938
12 8 2.4 20 0.885271
12 9 2.4 25 0.885271
12 10 2.4 30 0.885271
12 11 2.4 40 0.885271
12 12 2.4 50 0.885271
