0 0 0 0 0.241326
0 1 0 1 0.274894
0 2 0 2 0.351481
0 3 0 3 0.481118
0 4 0 4 0.546643
0 5 0 5 0.61689
0 6 0 10 0.667689
0 7 0 15 0.731949
0 8 0 20 0.77544
0 9 0 25 0.80232
0 10 0 30 0.816325
0 11 0 40 0.828465
0 12 0 50 0.828465
1 0 0.2 0 0.206165
1 1 0.2 1 0.247087
1 2 0.2 2 0.350771
1 3 0.2 3 0.464615
1 4 0.2 4 0.516736
1 5 0.2 5 0.601719
1 6 0.2 10 0.664392
1 7 0.2 15 0.729154
1 8 0.2 20 0.775839
1 9 0.2 25 0.797089
1 10 0.2 30 0.813899
1 11 0.2 40 0.829318
1 12 0.2 50 0.829318
2 0 0.4 0 0.194604
2 1 0.4 1 0.226169
2 2 0.4 2 0.346824
2 3 0.4 3 0.449984
2 4 0.4 4 0.497975
2 5 0.4 5 0.591968
2 6 0.4 10 0.66142
2 7 0.4 15 0.728464
2 8 0.4 20 0.770667
2 9 0.4 25 0.790848
2 10 0.4 30 0.807572
2 11 0.4 40 0.824001
2 12 0.4 50 0.824001
3 0 0.6 0 0.149196
3 1 0.6 1 0.228947
3 2 0.6 2 0.353615
3 3 0.6 3 0.452911
3 4 0.6 4 0.503823
3 5 0.6 5 0.579824
3 6 0.6 10 0.657379
3 7 0.6 15 0.72902
3 8 0.6 20 0.764183
3 9 0.6 25 0.779522
3 10 0.6 30 0.798982
3 11 0.6 40 0.816344
3 12 0.6 50 0.816344
4 0 0.8 0 0.168416
4 1 0.8 1 0.225292
4 2 0.8 2 0.345286
4 3 0.8 3 0.424529
4 4 0.8 4 0.485452
4 5 0.8 5 0.550393
4 6 0.8 10 0.647719
4 7 0.8 15 0.714547
4 8 0.8 20 0.740022
4 9 0.8 25 0.758303
4 10 0.8 30 0.77663
4 11 0.8 40 0.797064
4 12 0.8 50 0.797064
5 0 1 0 0.226249
5 1 1 1 0.204639
5 2 1 2 0.325837
5 3 1 3 0.403176
5 4 1 4 0.456986
5 5 1 5 0.523721
5 6 1 10 0.632774
5 7 1 15 0.695966
5 8 1 20 0.719152
5 9 1 25 0.738992
5 10 1 30 0.75866
5 11 1 40 0.780649
5 12 1 50 0.780649
6 0 1.2 0 0.248693
6 1 1.2 1 0.205204
6 2 1.2 2 0.29402
6 3 1.2 3 0.373098
6 4 1.2 4 0.429563
6 5 1.2 5 0.503547
6 6 1.2 10 0.620577
6 7 1.2 15 0.666164
6 8 1.2 20 0.688273
6 9 1.2 25 0.710907
6 10 1.2 30 0.731589
6 11 1.2 40 0.754562
6 12 1.2 50 0.754562
7 0 1.4 0 0.281434
7 1 1.4 1 0.21546
7 2 1.4 2 0.350097
7 3 1.4 3 0.438958
7 4 1.4 4 0.461074
7 5 1.4 5 0.558335
7 6 1.4 10 0.668117
7 7 1.4 15 0.708359
7 8 1.4 20 0.738289
7 9 1.4 25 0.757286
7 10 1.4 30 0.778765
7 11 1.4 40 0.802648
7 12 1.4 50 0.802648
8 0 1.6 0 0.326743
8 1 1.6 1 0.325737
8 2 1.6 2 0.397421
8 3 1.6 3 0.442605
8 4 1.6 4 0.4766
8 5 1.6 5 0.588971
8 6 1.6 10 0.67888
8 7 1.6 15 0.717661
8 8 1.6 20 0.747327
8 9 1.6 25 0.765399
8 10 1.6 30 0.786918
8 11 1.6 40 0.807661
8 12 1.6 50 0.807661
9 0 1.8 0 0.356108
9 1 1.8 1 0.379443
9 2 1.8 2 0.438741
9 3 1.8 3 0.469405
9 4 1.8 4 0.51827
9 5 1.8 5 0.626246
9 6 1.8 10 0.695256
9 7 1.8 15 0.731332
9 8 1.8 20 0.755036
9 9 1.8 25 0.774036
9 10 1.8 30 0.792132
9 11 1.8 40 0.809678
9 12 1.8 50 0.809678
10 0 2 0 0.34742
10 1 2 1 0.403359
10 2 2 2 0.446938
10 3 2 3 0.497534
10 4 2 4 0.552801
10 5 2 5 0.648375
10 6 2 10 0.7075
10 7 2 15 0.739457
10 8 2 20 0.760519
10 9 2 25 0.776524
10 10 2 30 0.792732
10 11 2 40 0.807083
10 12 2 50 0.807083
11 0 2.2 0 0.341872
11 1 2.2 1 0.40712
11 2 2.2 2 0.454301
11 3 2.2 3 0.528339
11 4 2.2 4 0.587896
11 5 2.2 5 0.656109
11 6 2.2 10 0.707291
11 7 2.2 15 0.735315
11 8 2.2 20 0.756322
11 9 2.2 25 0.767563
11 10 2.2 30 0.7819
11 11 2.2 40 0.795232
11 12 2.2 50 0.795232
12 0 2.4 0 0.341872
12 1 2.4 1 0.40712
12 2 2.4 2 0.454301
12 3 2.4 3 0.528339
12 4 2.4 4 0.587896
12 5 2.4 5 0.656109
12 6 2.4 10 0.707291
12 7 2.4 15 0.735315
12 8 2.4 20 0.756322
12 9 2.4 25 0.767563
12 10 2.4 30 0.7819
12 11 2.4 40 0.795232
12 12 2.4 50 0.795232
