0 0 0 0 0.307038
0 1 0 1 0.273965
0 2 0 2 0.355687
0 3 0 3 0.492684
0 4 0 4 0.558136
0 5 0 5 0.627987
0 6 0 10 0.676284
0 7 0 15 0.736472
0 8 0 20 0.780981
0 9 0 25 0.805981
0 10 0 30 0.818444
0 11 0 40 0.83017
0 12 0 50 0.83017
1 0 0.2 0 0.208153
1 1 0.2 1 0.253555
1 2 0.2 2 0.358463
1 3 0.2 3 0.481364
1 4 0.2 4 0.527926
1 5 0.2 5 0.612809
1 6 0.2 10 0.67196
1 7 0.2 15 0.735389
1 8 0.2 20 0.781037
1 9 0.2 25 0.800232
1 10 0.2 30 0.817117
1 11 0.2 40 0.831526
1 12 0.2 50 0.831526
2 0 0.4 0 0.197746
2 1 0.4 1 0.237246
2 2 0.4 2 0.361642
2 3 0.4 3 0.455459
2 4 0.4 4 0.514961
2 5 0.4 5 0.603453
2 6 0.4 10 0.669208
2 7 0.4 15 0.737585
2 8 0.4 20 0.776292
2 9 0.4 25 0.796403
2 10 0.4 30 0.81154
2 11 0.4 40 0.827096
2 12 0.4 50 0.827096
3 0 0.6 0 0.179595
3 1 0.6 1 0.236328
3 2 0.6 2 0.365229
3 3 0.6 3 0.465907
3 4 0.6 4 0.5165
3 5 0.6 5 0.591669
3 6 0.6 10 0.666251
3 7 0.6 15 0.734979
3 8 0.6 20 0.770052
3 9 0.6 25 0.784206
3 10 0.6 30 0.802135
3 11 0.6 40 0.819879
3 12 0.6 50 0.819879
4 0 0.8 0 0.19857
4 1 0.8 1 0.236896
4 2 0.8 2 0.355268
4 3 0.8 3 0.443799
4 4 0.8 4 0.504671
4 5 0.8 5 0.564784
4 6 0.8 10 0.660291
4 7 0.8 15 0.723083
4 8 0.8 20 0.747895
4 9 0.8 25 0.766294
4 10 0.8 30 0.782009
4 11 0.8 40 0.800883
4 12 0.8 50 0.800883
5 0 1 0 0.169876
5 1 1 1 0.226928
5 2 1 2 0.352283
5 3 1 3 0.433372
5 4 1 4 0.490594
5 5 1 5 0.549246
5 6 1 10 0.652279
5 7 1 15 0.711873
5 8 1 20 0.730116
5 9 1 25 0.748734
5 10 1 30 0.766795
5 11 1 40 0.786718
5 12 1 50 0.786718
6 0 1.2 0 0.162098
6 1 1.2 1 0.22946
6 2 1.2 2 0.329782
6 3 1.2 3 0.416857
6 4 1.2 4 0.468636
6 5 1.2 5 0.53575
6 6 1.2 10 0.644925
6 7 1.2 15 0.687016
6 8 1.2 20 0.704823
6 9 1.2 25 0.723457
6 10 1.2 30 0.741679
6 11 1.2 40 0.761007
6 12 1.2 50 0.761007
7 0 1.4 0 0.183327
7 1 1.4 1 0.242882
7 2 1.4 2 0.382997
7 3 1.4 3 0.481112
7 4 1.4 4 0.503806
7 5 1.4 5 0.589536
7 6 1.4 10 0.693638
7 7 1.4 15 0.729084
7 8 1.4 20 0.753156
7 9 1.4 25 0.769203
7 10 1.4 30 0.789956
7 11 1.4 40 0.8115
7 12 1.4 50 0.8115
8 0 1.6 0 0.300041
8 1 1.6 1 0.35776
8 2 1.6 2 0.426123
8 3 1.6 3 0.475037
8 4 1.6 4 0.507976
8 5 1.6 5 0.615685
8 6 1.6 10 0.700407
8 7 1.6 15 0.733553
8 8 1.6 20 0.759754
8 9 1.6 25 0.776194
8 10 1.6 30 0.796238
8 11 1.6 40 0.814873
8 12 1.6 50 0.814873
9 0 1.8 0 0.37239
9 1 1.8 1 0.404978
9 2 1.8 2 0.466399
9 3 1.8 3 0.496498
9 4 1.8 4 0.547714
9 5 1.8 5 0.647464
9 6 1.8 10 0.709942
9 7 1.8 15 0.742883
9 8 1.8 20 0.76335
9 9 1.8 25 0.78077
9 10 1.8 30 0.797673
9 11 1.8 40 0.814066
9 12 1.8 50 0.814066
10 0 2 0 0.368335
10 1 2 1 0.431963
10 2 2 2 0.478211
10 3 2 3 0.527873
10 4 2 4 0.578935
10 5 2 5 0.667019
10 6 2 10 0.71857
10 7 2 15 0.746649
10 8 2 20 0.766761
10 9 2 25 0.781117
10 10 2 30 0.796467
10 11 2 40 0.810256
10 12 2 50 0.810256
11 0 2.2 0 0.373245
11 1 2.2 1 0.432129
11 2 2.2 2 0.474889
11 3 2.2 3 0.551189
11 4 2.2 4 0.60376
11 5 2.2 5 0.667204
11 6 2.2 10 0.712941
11 7 2.2 15 0.738929
11 8 2.2 20 0.759234
11 9 2.2 25 0.769693
11 10 2.2 30 0.783787
11 11 2.2 40 0.797537
11 12 2.2 50 0.797537
12 0 2.4 0 0.373245
12 1 2.4 1 0.432129
12 2 2.4 2 0.474889
12 3 2.4 3 0.551189
12 4 2.4 4 0.60376
12 5 2.4 5 0.667204
12 6 2.4 10 0.712941
12 7 2.4 15 0.738929
12 8 2.4 20 0.759234
12 9 2.4 25 0.769693
12 10 2.4 30 0.783787
12 11 2.4 40 0.797537
12 12 2.4 50 0.797537
