0 0 0 0 0.335818
0 1 0 1 0.484576
0 2 0 2 0.643338
0 3 0 3 0.677471
0 4 0 4 0.696296
0 5 0 5 0.760606
0 6 0 10 0.82529
0 7 0 15 0.858608
0 8 0 20 0.881649
0 9 0 25 0.89533
0 10 0 30 0.905469
0 11 0 40 0.910254
0 12 0 50 0.910254
1 0 0.2 0 0.226031
1 1 0.2 1 0.440614
1 2 0.2 2 0.615488
1 3 0.2 3 0.661997
1 4 0.2 4 0.683657
1 5 0.2 5 0.743473
1 6 0.2 10 0.817171
1 7 0.2 15 0.852414
1 8 0.2 20 0.875195
1 9 0.2 25 0.886345
1 10 0.2 30 0.898141
1 11 0.2 40 0.900765
1 12 0.2 50 0.900765
2 0 0.4 0 0.204504
2 1 0.4 1 0.424327
2 2 0.4 2 0.585662
2 3 0.4 3 0.645175
2 4 0.4 4 0.676961
2 5 0.4 5 0.743515
2 6 0.4 10 0.808533
2 7 0.4 15 0.848915
2 8 0.4 20 0.865056
2 9 0.4 25 0.879643
2 10 0.4 30 0.894535
2 11 0.4 40 0.902641
2 12 0.4 50 0.902641
3 0 0.6 0 0.174433
3 1 0.6 1 0.401845
3 2 0.6 2 0.582567
3 3 0.6 3 0.62405
3 4 0.6 4 0.646335
3 5 0.6 5 0.72678
3 6 0.6 10 0.807538
3 7 0.6 15 0.839313
3 8 0.6 20 0.860026
3 9 0.6 25 0.871788
3 10 0.6 30 0.87599
3 11 0.6 40 0.893093
3 12 0.6 50 0.893093
4 0 0.8 0 0.359789
4 1 0.8 1 0.389899
4 2 0.8 2 0.535842
4 3 0.8 3 0.581202
4 4 0.8 4 0.628744
4 5 0.8 5 0.705996
4 6 0.8 10 0.786192
4 7 0.8 15 0.815394
4 8 0.8 20 0.838847
4 9 0.8 25 0.852471
4 10 0.8 30 0.869269
4 11 0.8 40 0.885343
4 12 0.8 50 0.885343
5 0 1 0 0.719533
5 1 1 1 0.403038
5 2 1 2 0.501308
5 3 1 3 0.552278
5 4 1 4 0.594241
5 5 1 5 0.676352
5 6 1 10 0.760367
5 7 1 15 0.784266
5 8 1 20 0.8157
5 9 1 25 0.832089
5 10 1 30 0.847356
5 11 1 40 0.871741
5 12 1 50 0.871741
6 0 1.2 0 0.940489
6 1 1.2 1 0.392412
6 2 1.2 2 0.466911
6 3 1.2 3 0.530753
6 4 1.2 4 0.583898
6 5 1.2 5 0.654833
6 6 1.2 10 0.735044
6 7 1.2 15 0.781831
6 8 1.2 20 0.801206
6 9 1.2 25 0.816414
6 10 1.2 30 0.836612
6 11 1.2 40 0.86302
6 12 1.2 50 0.86302
7 0 1.4 0 1.18658
7 1 1.4 1 0.644484
7 2 1.4 2 0.627495
7 3 1.4 3 0.657224
7 4 1.4 4 0.669295
7 5 1.4 5 0.742364
7 6 1.4 10 0.802314
7 7 1.4 15 0.828609
7 8 1.4 20 0.847232
7 9 1.4 25 0.878526
7 10 1.4 30 0.88731
7 11 1.4 40 0.906394
7 12 1.4 50 0.906394
8 0 1.6 0 1.18869
8 1 1.6 1 0.797754
8 2 1.6 2 0.726032
8 3 1.6 3 0.741011
8 4 1.6 4 0.763574
8 5 1.6 5 0.796743
8 6 1.6 10 0.843588
8 7 1.6 15 0.874856
8 8 1.6 20 0.886015
8 9 1.6 25 0.905468
8 10 1.6 30 0.91424
8 11 1.6 40 0.931545
8 12 1.6 50 0.931545
9 0 1.8 0 1.14425
9 1 1.8 1 0.806117
9 2 1.8 2 0.780317
9 3 1.8 3 0.777255
9 4 1.8 4 0.80821
9 5 1.8 5 0.836095
9 6 1.8 10 0.875324
9 7 1.8 15 0.888841
9 8 1.8 20 0.908385
9 9 1.8 25 0.913592
9 10 1.8 30 0.933088
9 11 1.8 40 0.936177
9 12 1.8 50 0.936177
10 0 2 0 1.05879
10 1 2 1 0.8307
10 2 2 2 0.798451
10 3 2 3 0.803835
10 4 2 4 0.830117
10 5 2 5 0.859092
10 6 2 10 0.890362
10 7 2 15 0.912691
10 8 2 20 0.922788
10 9 2 25 0.935421
10 10 2 30 0.939543
10 11 2 40 0.947758
10 12 2 50 0.947758
11 0 2.2 0 0.774175
11 1 2.2 1 0.650216
11 2 2.2 2 0.650721
11 3 2.2 3 0.654993
11 4 2.2 4 0.676218
11 5 2.2 5 0.681093
11 6 2.2 10 0.687746
11 7 2.2 15 0.697182
11 8 2.2 20 0.705258
11 9 2.2 25 0.689021
11 10 2.2 30 0.718327
11 11 2.2 40 0.715666
11 12 2.2 50 0.715666
12 0 2.4 0 0.774175
12 1 2.4 1 0.650216
12 2 2.4 2 0.650721
12 3 2.4 3 0.654993
12 4 2.4 4 0.676218
12 5 2.4 5 0.681093
12 6 2.4 10 0.687746
12 7 2.4 15 0.697182
12 8 2.4 20 0.705258
12 9 2.4 25 0.689021
12 10 2.4 30 0.718327
12 11 2.4 40 0.715666
12 12 2.4 50 0.715666
