0 0 0 0 0.137681
0 1 0 1 0.200747
0 2 0 2 0.322317
0 3 0 3 0.44885
0 4 0 4 0.512677
0 5 0 5 0.631817
0 6 0 10 0.732182
0 7 0 15 0.779407
0 8 0 20 0.810209
0 9 0 25 0.827172
0 10 0 30 0.845091
0 11 0 40 0.86064
0 12 0 50 0.86064
1 0 0.2 0 0.11163
1 1 0.2 1 0.183029
1 2 0.2 2 0.31783
1 3 0.2 3 0.428047
1 4 0.2 4 0.504358
1 5 0.2 5 0.625167
1 6 0.2 10 0.726787
1 7 0.2 15 0.779195
1 8 0.2 20 0.806079
1 9 0.2 25 0.824635
1 10 0.2 30 0.841211
1 11 0.2 40 0.859391
1 12 0.2 50 0.859391
2 0 0.4 0 0.117317
2 1 0.4 1 0.183906
2 2 0.4 2 0.314872
2 3 0.4 3 0.424453
2 4 0.4 4 0.502613
2 5 0.4 5 0.62031
2 6 0.4 10 0.721356
2 7 0.4 15 0.772032
2 8 0.4 20 0.801707
2 9 0.4 25 0.819692
2 10 0.4 30 0.837242
2 11 0.4 40 0.855219
2 12 0.4 50 0.855219
3 0 0.6 0 0.0958528
3 1 0.6 1 0.181197
3 2 0.6 2 0.317059
3 3 0.6 3 0.42676
3 4 0.6 4 0.49681
3 5 0.6 5 0.618337
3 6 0.6 10 0.71929
3 7 0.6 15 0.769117
3 8 0.6 20 0.795177
3 9 0.6 25 0.814614
3 10 0.6 30 0.833998
3 11 0.6 40 0.853668
3 12 0.6 50 0.853668
4 0 0.8 0 0.0851375
4 1 0.8 1 0.179288
4 2 0.8 2 0.310002
4 3 0.8 3 0.415167
4 4 0.8 4 0.483226
4 5 0.8 5 0.60343
4 6 0.8 10 0.703422
4 7 0.8 15 0.750467
4 8 0.8 20 0.775283
4 9 0.8 25 0.796438
4 10 0.8 30 0.818076
4 11 0.8 40 0.838467
4 12 0.8 50 0.838467
5 0 1 0 0.0987554
5 1 1 1 0.174041
5 2 1 2 0.301327
5 3 1 3 0.403625
5 4 1 4 0.473047
5 5 1 5 0.588728
5 6 1 10 0.686684
5 7 1 15 0.730689
5 8 1 20 0.758182
5 9 1 25 0.779898
5 10 1 30 0.805274
5 11 1 40 0.827933
5 12 1 50 0.827933
6 0 1.2 0 0.100159
6 1 1.2 1 0.17568
6 2 1.2 2 0.282686
6 3 1.2 3 0.393216
6 4 1.2 4 0.464851
6 5 1.2 5 0.57348
6 6 1.2 10 0.663251
6 7 1.2 15 0.708898
6 8 1.2 20 0.738215
6 9 1.2 25 0.762851
6 10 1.2 30 0.788122
6 11 1.2 40 0.814648
6 12 1.2 50 0.814648
7 0 1.4 0 0.109859
7 1 1.4 1 0.182568
7 2 1.4 2 0.344496
7 3 1.4 3 0.444528
7 4 1.4 4 0.511146
7 5 1.4 5 0.614198
7 6 1.4 10 0.696283
7 7 1.4 15 0.742024
7 8 1.4 20 0.773859
7 9 1.4 25 0.795743
7 10 1.4 30 0.821559
7 11 1.4 40 0.821989
7 12 1.4 50 0.821989
8 0 1.6 0 0.121763
8 1 1.6 1 0.24965
8 2 1.6 2 0.373028
8 3 1.6 3 0.465559
8 4 1.6 4 0.51822
8 5 1.6 5 0.618537
8 6 1.6 10 0.700073
8 7 1.6 15 0.746608
8 8 1.6 20 0.779323
8 9 1.6 25 0.801772
8 10 1.6 30 0.820617
8 11 1.6 40 0.820617
8 12 1.6 50 0.820617
9 0 1.8 0 0.142643
9 1 1.8 1 0.280375
9 2 1.8 2 0.405922
9 3 1.8 3 0.489735
9 4 1.8 4 0.544947
9 5 1.8 5 0.640114
9 6 1.8 10 0.716634
9 7 1.8 15 0.76066
9 8 1.8 20 0.7893
9 9 1.8 25 0.807644
9 10 1.8 30 0.820126
9 11 1.8 40 0.820126
9 12 1.8 50 0.820126
10 0 2 0 0.15766
10 1 2 1 0.311977
10 2 2 2 0.437892
10 3 2 3 0.517911
10 4 2 4 0.572917
10 5 2 5 0.659248
10 6 2 10 0.730963
10 7 2 15 0.769781
10 8 2 20 0.79492
10 9 2 25 0.810734
10 10 2 30 0.810734
10 11 2 40 0.810734
10 12 2 50 0.810734
11 0 2.2 0 0.180305
11 1 2.2 1 0.347985
11 2 2.2 2 0.467523
11 3 2.2 3 0.5472
11 4 2.2 4 0.596475
11 5 2.2 5 0.673894
11 6 2.2 10 0.738403
11 7 2.2 15 0.773528
11 8 2.2 20 0.787971
11 9 2.2 25 0.787971
11 10 2.2 30 0.787971
11 11 2.2 40 0.787971
11 12 2.2 50 0.787971
12 0 2.4 0 0.180305
12 1 2.4 1 0.347985
12 2 2.4 2 0.467523
12 3 2.4 3 0.5472
12 4 2.4 4 0.596475
12 5 2.4 5 0.673894
12 6 2.4 10 0.738403
12 7 2.4 15 0.773528
12 8 2.4 20 0.787971
12 9 2.4 25 0.787971
12 10 2.4 30 0.787971
12 11 2.4 40 0.787971
12 12 2.4 50 0.787971
