0 0 0 0 0.119674
0 1 0 1 0.663284
0 2 0 2 0.745462
0 3 0 3 0.752884
0 4 0 4 0.752364
0 5 0 5 0.789964
0 6 0 10 0.837359
0 7 0 15 0.860758
0 8 0 20 0.878055
0 9 0 25 0.885805
0 10 0 30 0.89437
0 11 0 40 0.901847
0 12 0 50 0.901847
1 0 0.2 0 0.100479
1 1 0.2 1 0.567616
1 2 0.2 2 0.707087
1 3 0.2 3 0.706578
1 4 0.2 4 0.723207
1 5 0.2 5 0.770222
1 6 0.2 10 0.824249
1 7 0.2 15 0.854527
1 8 0.2 20 0.869094
1 9 0.2 25 0.879014
1 10 0.2 30 0.887277
1 11 0.2 40 0.897361
1 12 0.2 50 0.897361
2 0 0.4 0 0.106769
2 1 0.4 1 0.501609
2 2 0.4 2 0.656443
2 3 0.4 3 0.669196
2 4 0.4 4 0.693129
2 5 0.4 5 0.75083
2 6 0.4 10 0.809349
2 7 0.4 15 0.8409
2 8 0.4 20 0.859071
2 9 0.4 25 0.869274
2 10 0.4 30 0.878957
2 11 0.4 40 0.889694
2 12 0.4 50 0.889694
3 0 0.6 0 0.0840127
3 1 0.6 1 0.478589
3 2 0.6 2 0.621614
3 3 0.6 3 0.642411
3 4 0.6 4 0.669641
3 5 0.6 5 0.737414
3 6 0.6 10 0.800212
3 7 0.6 15 0.833372
3 8 0.6 20 0.849275
3 9 0.6 25 0.861401
3 10 0.6 30 0.873487
3 11 0.6 40 0.886528
3 12 0.6 50 0.886528
4 0 0.8 0 0.109337
4 1 0.8 1 0.452053
4 2 0.8 2 0.577893
4 3 0.8 3 0.606345
4 4 0.8 4 0.633396
4 5 0.8 5 0.709263
4 6 0.8 10 0.777855
4 7 0.8 15 0.809672
4 8 0.8 20 0.825774
4 9 0.8 25 0.840099
4 10 0.8 30 0.855553
4 11 0.8 40 0.870253
4 12 0.8 50 0.870253
5 0 1 0 0.267124
5 1 1 1 0.499032
5 2 1 2 0.550072
5 3 1 3 0.578465
5 4 1 4 0.612394
5 5 1 5 0.684798
5 6 1 10 0.752806
5 7 1 15 0.782861
5 8 1 20 0.80245
5 9 1 25 0.818618
5 10 1 30 0.838031
5 11 1 40 0.855477
5 12 1 50 0.855477
6 0 1.2 0 0.316076
6 1 1.2 1 0.43565
6 2 1.2 2 0.500114
6 3 1.2 3 0.542579
6 4 1.2 4 0.582132
6 5 1.2 5 0.654454
6 6 1.2 10 0.719467
6 7 1.2 15 0.754482
6 8 1.2 20 0.778109
6 9 1.2 25 0.797989
6 10 1.2 30 0.818912
6 11 1.2 40 0.841414
6 12 1.2 50 0.841414
7 0 1.4 0 0.379626
7 1 1.4 1 0.414353
7 2 1.4 2 0.505051
7 3 1.4 3 0.553678
7 4 1.4 4 0.598923
7 5 1.4 5 0.675703
7 6 1.4 10 0.740331
7 7 1.4 15 0.778038
7 8 1.4 20 0.804318
7 9 1.4 25 0.822867
7 10 1.4 30 0.845399
7 11 1.4 40 0.844098
7 12 1.4 50 0.844098
8 0 1.6 0 0.385173
8 1 1.6 1 0.452191
8 2 1.6 2 0.495105
8 3 1.6 3 0.57079
8 4 1.6 4 0.614368
8 5 1.6 5 0.702165
8 6 1.6 10 0.772408
8 7 1.6 15 0.811194
8 8 1.6 20 0.837685
8 9 1.6 25 0.855607
8 10 1.6 30 0.867916
8 11 1.6 40 0.867916
8 12 1.6 50 0.867916
9 0 1.8 0 0.374952
9 1 1.8 1 0.45257
9 2 1.8 2 0.534184
9 3 1.8 3 0.602902
9 4 1.8 4 0.650404
9 5 1.8 5 0.73496
9 6 1.8 10 0.801012
9 7 1.8 15 0.837038
9 8 1.8 20 0.859886
9 9 1.8 25 0.873949
9 10 1.8 30 0.881896
9 11 1.8 40 0.881896
9 12 1.8 50 0.881896
10 0 2 0 0.370548
10 1 2 1 0.475919
10 2 2 2 0.566732
10 3 2 3 0.636376
10 4 2 4 0.685227
10 5 2 5 0.761375
10 6 2 10 0.823686
10 7 2 15 0.855744
10 8 2 20 0.875004
10 9 2 25 0.883572
10 10 2 30 0.883572
10 11 2 40 0.883572
10 12 2 50 0.883572
11 0 2.2 0 0.200077
11 1 2.2 1 0.355791
11 2 2.2 2 0.444319
11 3 2.2 3 0.501084
11 4 2.2 4 0.538218
11 5 2.2 5 0.590917
11 6 2.2 10 0.630712
11 7 2.2 15 0.688677
11 8 2.2 20 0.879749
11 9 2.2 25 0.879749
11 10 2.2 30 0.879749
11 11 2.2 40 0.879749
11 12 2.2 50 0.879749
12 0 2.4 0 0.200077
12 1 2.4 1 0.355791
12 2 2.4 2 0.444319
12 3 2.4 3 0.501084
12 4 2.4 4 0.538218
12 5 2.4 5 0.590917
12 6 2.4 10 0.630712
12 7 2.4 15 0.688677
12 8 2.4 20 0.879749
12 9 2.4 25 0.879749
12 10 2.4 30 0.879749
12 11 2.4 40 0.879749
12 12 2.4 50 0.879749

