0 0 0 0 0.345317
0 1 0 1 0.497069
0 2 0 2 0.6156
0 3 0 3 0.698354
0 4 0 4 0.716315
0 5 0 5 0.755011
0 6 0 10 0.770828
0 7 0 15 0.814809
0 8 0 20 0.849407
0 9 0 25 0.866199
0 10 0 30 0.870466
0 11 0 40 0.874475
0 12 0 50 0.874475
1 0 0.2 0 0.223201
1 1 0.2 1 0.474117
1 2 0.2 2 0.629786
1 3 0.2 3 0.683479
1 4 0.2 4 0.69307
1 5 0.2 5 0.734326
1 6 0.2 10 0.766345
1 7 0.2 15 0.814357
1 8 0.2 20 0.84948
1 9 0.2 25 0.861064
1 10 0.2 30 0.869412
1 11 0.2 40 0.87556
1 12 0.2 50 0.87556
2 0 0.4 0 0.220414
2 1 0.4 1 0.440202
2 2 0.4 2 0.606229
2 3 0.4 3 0.639869
2 4 0.4 4 0.676586
2 5 0.4 5 0.722031
2 6 0.4 10 0.76203
2 7 0.4 15 0.815202
2 8 0.4 20 0.843009
2 9 0.4 25 0.85489
2 10 0.4 30 0.86271
2 11 0.4 40 0.87027
2 12 0.4 50 0.87027
3 0 0.6 0 0.216287
3 1 0.6 1 0.426786
3 2 0.6 2 0.593742
3 3 0.6 3 0.644649
3 4 0.6 4 0.658044
3 5 0.6 5 0.705916
3 6 0.6 10 0.752887
3 7 0.6 15 0.808608
3 8 0.6 20 0.833756
3 9 0.6 25 0.840508
3 10 0.6 30 0.8504
3 11 0.6 40 0.860488
3 12 0.6 50 0.860488
4 0 0.8 0 0.258193
4 1 0.8 1 0.414691
4 2 0.8 2 0.557657
4 3 0.8 3 0.592353
4 4 0.8 4 0.63206
4 5 0.8 5 0.662665
4 6 0.8 10 0.738645
4 7 0.8 15 0.789139
4 8 0.8 20 0.805286
4 9 0.8 25 0.816799
4 10 0.8 30 0.826116
4 11 0.8 40 0.83817
4 12 0.8 50 0.83817
5 0 1 0 0.419775
5 1 1 1 0.441822
5 2 1 2 0.524421
5 3 1 3 0.563282
5 4 1 4 0.60284
5 5 1 5 0.638123
5 6 1 10 0.723313
5 7 1 15 0.771401
5 8 1 20 0.78223
5 9 1 25 0.794357
5 10 1 30 0.806005
5 11 1 40 0.819895
5 12 1 50 0.819895
6 0 1.2 0 0.392582
6 1 1.2 1 0.42759
6 2 1.2 2 0.500607
6 3 1.2 3 0.54134
6 4 1.2 4 0.577876
6 5 1.2 5 0.622665
6 6 1.2 10 0.716943
6 7 1.2 15 0.748765
6 8 1.2 20 0.759595
6 9 1.2 25 0.772284
6 10 1.2 30 0.78492
6 11 1.2 40 0.798514
6 12 1.2 50 0.798514
7 0 1.4 0 0.833265
7 1 1.4 1 0.710129
7 2 1.4 2 0.659266
7 3 1.4 3 0.688598
7 4 1.4 4 0.675657
7 5 1.4 5 0.716175
7 6 1.4 10 0.787071
7 7 1.4 15 0.805223
7 8 1.4 20 0.818587
7 9 1.4 25 0.827322
7 10 1.4 30 0.83949
7 11 1.4 40 0.853341
7 12 1.4 50 0.853341
8 0 1.6 0 1.03521
8 1 1.6 1 0.862312
8 2 1.6 2 0.763562
8 3 1.6 3 0.740718
8 4 1.6 4 0.73105
8 5 1.6 5 0.788038
8 6 1.6 10 0.829129
8 7 1.6 15 0.840988
8 8 1.6 20 0.85299
8 9 1.6 25 0.859583
8 10 1.6 30 0.869272
8 11 1.6 40 0.878151
8 12 1.6 50 0.878151
9 0 1.8 0 1.0072
9 1 1.8 1 0.868913
9 2 1.8 2 0.785951
9 3 1.8 3 0.761518
9 4 1.8 4 0.77563
9 5 1.8 5 0.822639
9 6 1.8 10 0.84489
9 7 1.8 15 0.85861
9 8 1.8 20 0.866238
9 9 1.8 25 0.873993
9 10 1.8 30 0.881933
9 11 1.8 40 0.889552
9 12 1.8 50 0.889552
10 0 2 0 1.00376
10 1 2 1 0.868525
10 2 2 2 0.791952
10 3 2 3 0.786806
10 4 2 4 0.807663
10 5 2 5 0.844473
10 6 2 10 0.858893
10 7 2 15 0.868677
10 8 2 20 0.878149
10 9 2 25 0.883672
10 10 2 30 0.891026
10 11 2 40 0.896796
10 12 2 50 0.896796
11 0 2.2 0 0.754971
11 1 2.2 1 0.691856
11 2 2.2 2 0.637459
11 3 2.2 3 0.653477
11 4 2.2 4 0.665499
11 5 2.2 5 0.672354
11 6 2.2 10 0.674772
11 7 2.2 15 0.678417
11 8 2.2 20 0.685927
11 9 2.2 25 0.684976
11 10 2.2 30 0.688226
11 11 2.2 40 0.688002
11 12 2.2 50 0.688002
12 0 2.4 0 0.754971
12 1 2.4 1 0.691856
12 2 2.4 2 0.637459
12 3 2.4 3 0.653477
12 4 2.4 4 0.665499
12 5 2.4 5 0.672354
12 6 2.4 10 0.674772
12 7 2.4 15 0.678417
12 8 2.4 20 0.685927
12 9 2.4 25 0.684976
12 10 2.4 30 0.688226
12 11 2.4 40 0.688002
12 12 2.4 50 0.688002
