0 0 0 0 1.09625
0 1 0 1 0.979566
0 2 0 2 0.883408
0 3 0 3 0.834953
0 4 0 4 0.812048
0 5 0 5 0.810846
0 6 0 10 0.797094
0 7 0 15 0.814415
0 8 0 20 0.834937
0 9 0 25 0.830513
0 10 0 30 0.858614
0 11 0 40 0.880067
0 12 0 50 0.880067
1 0 0.2 0 0.971209
1 1 0.2 1 1.0454
1 2 0.2 2 0.873226
1 3 0.2 3 0.829802
1 4 0.2 4 0.82629
1 5 0.2 5 0.781511
1 6 0.2 10 0.783018
1 7 0.2 15 0.791515
1 8 0.2 20 0.804402
1 9 0.2 25 0.823021
1 10 0.2 30 0.842442
1 11 0.2 40 0.867104
1 12 0.2 50 0.867104
2 0 0.4 0 0.950696
2 1 0.4 1 1.0012
2 2 0.4 2 0.878653
2 3 0.4 3 0.815178
2 4 0.4 4 0.816649
2 5 0.4 5 0.775316
2 6 0.4 10 0.770006
2 7 0.4 15 0.788941
2 8 0.4 20 0.796238
2 9 0.4 25 0.81745
2 10 0.4 30 0.836681
2 11 0.4 40 0.853383
2 12 0.4 50 0.853383
3 0 0.6 0 0.997544
3 1 0.6 1 1.01606
3 2 0.6 2 0.874326
3 3 0.6 3 0.800076
3 4 0.6 4 0.800125
3 5 0.6 5 0.763405
3 6 0.6 10 0.753619
3 7 0.6 15 0.770723
3 8 0.6 20 0.79329
3 9 0.6 25 0.81148
3 10 0.6 30 0.833688
3 11 0.6 40 0.857942
3 12 0.6 50 0.857942
4 0 0.8 0 1.0118
4 1 0.8 1 0.991191
4 2 0.8 2 0.853524
4 3 0.8 3 0.790401
4 4 0.8 4 0.783378
4 5 0.8 5 0.750645
4 6 0.8 10 0.748176
4 7 0.8 15 0.755025
4 8 0.8 20 0.784285
4 9 0.8 25 0.806299
4 10 0.8 30 0.825587
4 11 0.8 40 0.850299
4 12 0.8 50 0.850299
5 0 1 0 1.04466
5 1 1 1 1.00656
5 2 1 2 0.855256
5 3 1 3 0.774143
5 4 1 4 0.764272
5 5 1 5 0.742683
5 6 1 10 0.73498
5 7 1 15 0.745731
5 8 1 20 0.772042
5 9 1 25 0.794187
5 10 1 30 0.812707
5 11 1 40 0.833467
5 12 1 50 0.833467
6 0 1.2 0 1.07722
6 1 1.2 1 0.97236
6 2 1.2 2 0.852201
6 3 1.2 3 0.783234
6 4 1.2 4 0.758735
6 5 1.2 5 0.738284
6 6 1.2 10 0.73641
6 7 1.2 15 0.75329
6 8 1.2 20 0.776529
6 9 1.2 25 0.791412
6 10 1.2 30 0.816281
6 11 1.2 40 0.833706
6 12 1.2 50 0.833706
7 0 1.4 0 1.13406
7 1 1.4 1 0.982313
7 2 1.4 2 0.781749
7 3 1.4 3 0.713063
7 4 1.4 4 0.688387
7 5 1.4 5 0.668118
7 6 1.4 10 0.668124
7 7 1.4 15 0.694185
7 8 1.4 20 0.71881
7 9 1.4 25 0.74706
7 10 1.4 30 0.774118
7 11 1.4 40 0.800261
7 12 1.4 50 0.800261
8 0 1.6 0 1.1924
8 1 1.6 1 0.93202
8 2 1.6 2 0.725031
8 3 1.6 3 0.658705
8 4 1.6 4 0.663609
8 5 1.6 5 0.634033
8 6 1.6 10 0.642735
8 7 1.6 15 0.67227
8 8 1.6 20 0.710168
8 9 1.6 25 0.73226
8 10 1.6 30 0.756191
8 11 1.6 40 0.756191
8 12 1.6 50 0.756191
9 0 1.8 0 1.28546
9 1 1.8 1 0.811369
9 2 1.8 2 0.660832
9 3 1.8 3 0.633869
9 4 1.8 4 0.62958
9 5 1.8 5 0.615629
9 6 1.8 10 0.643881
9 7 1.8 15 0.679525
9 8 1.8 20 0.716443
9 9 1.8 25 0.741007
9 10 1.8 30 0.751131
9 11 1.8 40 0.751131
9 12 1.8 50 0.751131
10 0 2 0 1.30422
10 1 2 1 0.727913
10 2 2 2 0.637393
10 3 2 3 0.629407
10 4 2 4 0.622377
10 5 2 5 0.630586
10 6 2 10 0.67547
10 7 2 15 0.715455
10 8 2 20 0.743386
10 9 2 25 0.733453
10 10 2 30 0.733453
10 11 2 40 0.733453
10 12 2 50 0.733453
11 0 2.2 0 1.19619
11 1 2.2 1 0.714144
11 2 2.2 2 0.642819
11 3 2.2 3 0.635832
11 4 2.2 4 0.640406
11 5 2.2 5 0.660593
11 6 2.2 10 0.714232
11 7 2.2 15 0.750081
11 8 2.2 20 0.749768
11 9 2.2 25 0.749768
11 10 2.2 30 0.749768
11 11 2.2 40 0.749768
11 12 2.2 50 0.749768
12 0 2.4 0 1.19619
12 1 2.4 1 0.714144
12 2 2.4 2 0.642819
12 3 2.4 3 0.635832
12 4 2.4 4 0.640406
12 5 2.4 5 0.660593
12 6 2.4 10 0.714232
12 7 2.4 15 0.750081
12 8 2.4 20 0.749768
12 9 2.4 25 0.749768
12 10 2.4 30 0.749768
12 11 2.4 40 0.749768
12 12 2.4 50 0.749768
