0 0 0 0 1
0 1 0 1 0.927215
0 2 0 2 0.939759
0 3 0 3 0.949686
0 4 0 4 0.967857
0 5 0 5 0.956403
0 6 0 10 0.962745
0 7 0 15 0.964085
0 8 0 20 0.96817
0 9 0 25 0.971722
0 10 0 30 0.965584
0 11 0 40 0.962492
0 12 0 50 0.962492
1 0 0.2 0 0.857143
1 1 0.2 1 0.920904
1 2 0.2 2 0.956522
1 3 0.2 3 0.933544
1 4 0.2 4 0.965116
1 5 0.2 5 0.959236
1 6 0.2 10 0.960606
1 7 0.2 15 0.955154
1 8 0.2 20 0.967181
1 9 0.2 25 0.970477
1 10 0.2 30 0.965658
1 11 0.2 40 0.965102
1 12 0.2 50 0.965102
2 0 0.4 0 0.954545
2 1 0.4 1 0.937853
2 2 0.4 2 0.935028
2 3 0.4 3 0.948171
2 4 0.4 4 0.945652
2 5 0.4 5 0.961249
2 6 0.4 10 0.964245
2 7 0.4 15 0.958333
2 8 0.4 20 0.959906
2 9 0.4 25 0.94743
2 10 0.4 30 0.963533
2 11 0.4 40 0.962081
2 12 0.4 50 0.962081
3 0 0.6 0 0.828125
3 1 0.6 1 0.931472
3 2 0.6 2 0.942308
3 3 0.6 3 0.931035
3 4 0.6 4 0.955263
3 5 0.6 5 0.955975
3 6 0.6 10 0.951663
3 7 0.6 15 0.959979
3 8 0.6 20 0.960714
3 9 0.6 25 0.965128
3 10 0.6 30 0.95732
3 11 0.6 40 0.958355
3 12 0.6 50 0.958355
4 0 0.8 0 0.862319
4 1 0.8 1 0.937778
4 2 0.8 2 0.941327
4 3 0.8 3 0.912195
4 4 0.8 4 0.944186
4 5 0.8 5 0.958777
4 6 0.8 10 0.950574
4 7 0.8 15 0.942791
4 8 0.8 20 0.943805
4 9 0.8 25 0.94291
4 10 0.8 30 0.948629
4 11 0.8 40 0.948213
4 12 0.8 50 0.948213
5 0 1 0 0.836735
5 1 1 1 0.883094
5 2 1 2 0.930502
5 3 1 3 0.915058
5 4 1 4 0.925214
5 5 1 5 0.931836
5 6 1 10 0.939797
5 7 1 15 0.929638
5 8 1 20 0.932692
5 9 1 25 0.926943
5 10 1 30 0.925861
5 11 1 40 0.931062
5 12 1 50 0.931062
6 0 1.2 0 0.690476
6 1 1.2 1 0.828283
6 2 1.2 2 0.864111
6 3 1.2 3 0.869775
6 4 1.2 4 0.895082
6 5 1.2 5 0.89382
6 6 1.2 10 0.905387
6 7 1.2 15 0.907283
6 8 1.2 20 0.894068
6 9 1.2 25 0.898726
6 10 1.2 30 0.894602
6 11 1.2 40 0.895875
6 12 1.2 50 0.895875
7 0 1.4 0 0.641089
7 1 1.4 1 0.809722
7 2 1.4 2 0.824207
7 3 1.4 3 0.858663
7 4 1.4 4 0.853425
7 5 1.4 5 0.87507
7 6 1.4 10 0.871502
7 7 1.4 15 0.883242
7 8 1.4 20 0.87313
7 9 1.4 25 0.872416
7 10 1.4 30 0.864237
7 11 1.4 40 0.870179
7 12 1.4 50 0.870179
8 0 1.6 0 0.59894
8 1 1.6 1 0.790138
8 2 1.6 2 0.843675
8 3 1.6 3 0.854953
8 4 1.6 4 0.83875
8 5 1.6 5 0.855326
8 6 1.6 10 0.871223
8 7 1.6 15 0.869585
8 8 1.6 20 0.867089
8 9 1.6 25 0.869516
8 10 1.6 30 0.864856
8 11 1.6 40 0.860301
8 12 1.6 50 0.860301
9 0 1.8 0 0.520325
9 1 1.8 1 0.782609
9 2 1.8 2 0.852166
9 3 1.8 3 0.852321
9 4 1.8 4 0.860125
9 5 1.8 5 0.862428
9 6 1.8 10 0.871456
9 7 1.8 15 0.874022
9 8 1.8 20 0.878215
9 9 1.8 25 0.876447
9 10 1.8 30 0.869833
9 11 1.8 40 0.868497
9 12 1.8 50 0.868497
10 0 2 0 0.447639
10 1 2 1 0.791941
10 2 2 2 0.818393
10 3 2 3 0.840946
10 4 2 4 0.851792
10 5 2 5 0.853063
10 6 2 10 0.862397
10 7 2 15 0.875
10 8 2 20 0.869086
10 9 2 25 0.873361
10 10 2 30 0.8633
10 11 2 40 0.856976
10 12 2 50 0.856976
11 0 2.2 0 0.389439
11 1 2.2 1 0.740051
11 2 2.2 2 0.824617
11 3 2.2 3 0.840331
11 4 2.2 4 0.816708
11 5 2.2 5 0.838518
11 6 2.2 10 0.854379
11 7 2.2 15 0.859782
11 8 2.2 20 0.862519
11 9 2.2 25 0.857031
11 10 2.2 30 0.851614
11 11 2.2 40 0.858646
11 12 2.2 50 0.858646
12 0 2.4 0 0.389439
12 1 2.4 1 0.740051
12 2 2.4 2 0.824617
12 3 2.4 3 0.840331
12 4 2.4 4 0.816708
12 5 2.4 5 0.838518
12 6 2.4 10 0.854379
12 7 2.4 15 0.859782
12 8 2.4 20 0.862519
12 9 2.4 25 0.857031
12 10 2.4 30 0.851614
12 11 2.4 40 0.858646
12 12 2.4 50 0.858646
