0 0 0 0 0.169045
0 1 0 1 0.257637
0 2 0 2 0.329525
0 3 0 3 0.405492
0 4 0 4 0.517746
0 5 0 5 0.589977
0 6 0 10 0.643431
0 7 0 15 0.698797
0 8 0 20 0.765963
0 9 0 25 0.757454
0 10 0 30 0.796379
0 11 0 40 0.807608
0 12 0 50 0.807608
1 0 0.2 0 0.260074
1 1 0.2 1 0.212438
1 2 0.2 2 0.327083
1 3 0.2 3 0.439325
1 4 0.2 4 0.543461
1 5 0.2 5 0.581121
1 6 0.2 10 0.628855
1 7 0.2 15 0.733841
1 8 0.2 20 0.740458
1 9 0.2 25 0.768934
1 10 0.2 30 0.78614
1 11 0.2 40 0.799981
1 12 0.2 50 0.799981
2 0 0.4 0 0.259337
2 1 0.4 1 0.217758
2 2 0.4 2 0.273603
2 3 0.4 3 0.404454
2 4 0.4 4 0.407244
2 5 0.4 5 0.548799
2 6 0.4 10 0.64758
2 7 0.4 15 0.69758
2 8 0.4 20 0.744124
2 9 0.4 25 0.770974
2 10 0.4 30 0.781238
2 11 0.4 40 0.79937
2 12 0.4 50 0.79937
3 0 0.6 0 0.0993525
3 1 0.6 1 0.228999
3 2 0.6 2 0.26369
3 3 0.6 3 0.441228
3 4 0.6 4 0.434713
3 5 0.6 5 0.569695
3 6 0.6 10 0.649802
3 7 0.6 15 0.715171
3 8 0.6 20 0.746436
3 9 0.6 25 0.751456
3 10 0.6 30 0.779414
3 11 0.6 40 0.785493
3 12 0.6 50 0.785493
4 0 0.8 0 0.0895935
4 1 0.8 1 0.179043
4 2 0.8 2 0.308526
4 3 0.8 3 0.400957
4 4 0.8 4 0.461935
4 5 0.8 5 0.519936
4 6 0.8 10 0.630823
4 7 0.8 15 0.68384
4 8 0.8 20 0.739308
4 9 0.8 25 0.742515
4 10 0.8 30 0.767997
4 11 0.8 40 0.777853
4 12 0.8 50 0.777853
5 0 1 0 0.092786
5 1 1 1 0.18111
5 2 1 2 0.293915
5 3 1 3 0.349527
5 4 1 4 0.423313
5 5 1 5 0.529091
5 6 1 10 0.611015
5 7 1 15 0.67022
5 8 1 20 0.691179
5 9 1 25 0.697784
5 10 1 30 0.746188
5 11 1 40 0.763534
5 12 1 50 0.763534
6 0 1.2 0 0.230047
6 1 1.2 1 0.187727
6 2 1.2 2 0.304735
6 3 1.2 3 0.332148
6 4 1.2 4 0.461138
6 5 1.2 5 0.463397
6 6 1.2 10 0.595534
6 7 1.2 15 0.613942
6 8 1.2 20 0.670907
6 9 1.2 25 0.689507
6 10 1.2 30 0.71379
6 11 1.2 40 0.728895
6 12 1.2 50 0.728895
7 0 1.4 0 0.185163
7 1 1.4 1 0.151232
7 2 1.4 2 0.283569
7 3 1.4 3 0.403633
7 4 1.4 4 0.407607
7 5 1.4 5 0.500674
7 6 1.4 10 0.619739
7 7 1.4 15 0.652257
7 8 1.4 20 0.705737
7 9 1.4 25 0.710176
7 10 1.4 30 0.73772
7 11 1.4 40 0.765783
7 12 1.4 50 0.765783
8 0 1.6 0 0.255725
8 1 1.6 1 0.254044
8 2 1.6 2 0.26194
8 3 1.6 3 0.342737
8 4 1.6 4 0.410085
8 5 1.6 5 0.519282
8 6 1.6 10 0.623372
8 7 1.6 15 0.650943
8 8 1.6 20 0.689521
8 9 1.6 25 0.718722
8 10 1.6 30 0.75567
8 11 1.6 40 0.775605
8 12 1.6 50 0.775605
9 0 1.8 0 0.231563
9 1 1.8 1 0.282623
9 2 1.8 2 0.365644
9 3 1.8 3 0.390684
9 4 1.8 4 0.466036
9 5 1.8 5 0.568056
9 6 1.8 10 0.648102
9 7 1.8 15 0.681464
9 8 1.8 20 0.714601
9 9 1.8 25 0.74684
9 10 1.8 30 0.771795
9 11 1.8 40 0.784853
9 12 1.8 50 0.784853
10 0 2 0 0.22416
10 1 2 1 0.322223
10 2 2 2 0.387366
10 3 2 3 0.410861
10 4 2 4 0.516332
10 5 2 5 0.603395
10 6 2 10 0.667307
10 7 2 15 0.706776
10 8 2 20 0.730701
10 9 2 25 0.754687
10 10 2 30 0.772088
10 11 2 40 0.78887
10 12 2 50 0.78887
11 0 2.2 0 0.223231
11 1 2.2 1 0.363947
11 2 2.2 2 0.417236
11 3 2.2 3 0.512433
11 4 2.2 4 0.554854
11 5 2.2 5 0.629783
11 6 2.2 10 0.6809
11 7 2.2 15 0.715136
11 8 2.2 20 0.742658
11 9 2.2 25 0.749978
11 10 2.2 30 0.779716
11 11 2.2 40 0.788552
11 12 2.2 50 0.788552
12 0 2.4 0 0.223231
12 1 2.4 1 0.363947
12 2 2.4 2 0.417236
12 3 2.4 3 0.512433
12 4 2.4 4 0.554854
12 5 2.4 5 0.629783
12 6 2.4 10 0.6809
12 7 2.4 15 0.715136
12 8 2.4 20 0.742658
12 9 2.4 25 0.749978
12 10 2.4 30 0.779716
12 11 2.4 40 0.788552
12 12 2.4 50 0.788552
