0 0 0 0 1.08734
0 1 0 1 1.03096
0 2 0 2 0.959624
0 3 0 3 0.872771
0 4 0 4 0.765281
0 5 0 5 0.82174
0 6 0 10 0.778002
0 7 0 15 0.805339
0 8 0 20 0.829886
0 9 0 25 0.854937
0 10 0 30 0.877175
0 11 0 40 0.889603
0 12 0 50 0.889603
1 0 0.2 0 1.19182
1 1 0.2 1 1.10309
1 2 0.2 2 0.954076
1 3 0.2 3 0.836512
1 4 0.2 4 0.807979
1 5 0.2 5 0.816506
1 6 0.2 10 0.795101
1 7 0.2 15 0.774432
1 8 0.2 20 0.811718
1 9 0.2 25 0.833955
1 10 0.2 30 0.862434
1 11 0.2 40 0.887329
1 12 0.2 50 0.887329
2 0 0.4 0 1.15927
2 1 0.4 1 1.05155
2 2 0.4 2 0.934911
2 3 0.4 3 0.891906
2 4 0.4 4 0.832187
2 5 0.4 5 0.82584
2 6 0.4 10 0.774034
2 7 0.4 15 0.785076
2 8 0.4 20 0.819737
2 9 0.4 25 0.841865
2 10 0.4 30 0.859789
2 11 0.4 40 0.889173
2 12 0.4 50 0.889173
3 0 0.6 0 1.1209
3 1 0.6 1 1.03629
3 2 0.6 2 0.878134
3 3 0.6 3 0.833081
3 4 0.6 4 0.795061
3 5 0.6 5 0.777323
3 6 0.6 10 0.788772
3 7 0.6 15 0.799415
3 8 0.6 20 0.827182
3 9 0.6 25 0.837222
3 10 0.6 30 0.855836
3 11 0.6 40 0.878318
3 12 0.6 50 0.878318
4 0 0.8 0 1.00889
4 1 0.8 1 1.02696
4 2 0.8 2 0.8625
4 3 0.8 3 0.810573
4 4 0.8 4 0.770565
4 5 0.8 5 0.785515
4 6 0.8 10 0.757061
4 7 0.8 15 0.788862
4 8 0.8 20 0.82089
4 9 0.8 25 0.845649
4 10 0.8 30 0.857961
4 11 0.8 40 0.871796
4 12 0.8 50 0.871796
5 0 1 0 1.10793
5 1 1 1 0.973386
5 2 1 2 0.922884
5 3 1 3 0.851248
5 4 1 4 0.80676
5 5 1 5 0.761824
5 6 1 10 0.763814
5 7 1 15 0.787703
5 8 1 20 0.808334
5 9 1 25 0.822246
5 10 1 30 0.848885
5 11 1 40 0.862732
5 12 1 50 0.862732
6 0 1.2 0 1.09153
6 1 1.2 1 0.994564
6 2 1.2 2 0.923162
6 3 1.2 3 0.858455
6 4 1.2 4 0.83858
6 5 1.2 5 0.793135
6 6 1.2 10 0.78345
6 7 1.2 15 0.794676
6 8 1.2 20 0.816864
6 9 1.2 25 0.824105
6 10 1.2 30 0.846395
6 11 1.2 40 0.866144
6 12 1.2 50 0.866144
7 0 1.4 0 1.14407
7 1 1.4 1 0.973516
7 2 1.4 2 0.890157
7 3 1.4 3 0.849665
7 4 1.4 4 0.801042
7 5 1.4 5 0.765464
7 6 1.4 10 0.754159
7 7 1.4 15 0.764061
7 8 1.4 20 0.774299
7 9 1.4 25 0.792174
7 10 1.4 30 0.811838
7 11 1.4 40 0.832041
7 12 1.4 50 0.832041
8 0 1.6 0 1.2027
8 1 1.6 1 0.985045
8 2 1.6 2 0.878878
8 3 1.6 3 0.84673
8 4 1.6 4 0.793374
8 5 1.6 5 0.759865
8 6 1.6 10 0.753009
8 7 1.6 15 0.747752
8 8 1.6 20 0.761539
8 9 1.6 25 0.775656
8 10 1.6 30 0.799562
8 11 1.6 40 0.821372
8 12 1.6 50 0.821372
9 0 1.8 0 1.31453
9 1 1.8 1 0.982357
9 2 1.8 2 0.86344
9 3 1.8 3 0.818998
9 4 1.8 4 0.7721
9 5 1.8 5 0.751272
9 6 1.8 10 0.743912
9 7 1.8 15 0.754785
9 8 1.8 20 0.77047
9 9 1.8 25 0.782494
9 10 1.8 30 0.806078
9 11 1.8 40 0.82825
9 12 1.8 50 0.82825
10 0 2 0 1.40913
10 1 2 1 0.937688
10 2 2 2 0.815718
10 3 2 3 0.772175
10 4 2 4 0.750886
10 5 2 5 0.738852
10 6 2 10 0.747088
10 7 2 15 0.769085
10 8 2 20 0.786591
10 9 2 25 0.80338
10 10 2 30 0.824988
10 11 2 40 0.845553
10 12 2 50 0.845553
11 0 2.2 0 1.38917
11 1 2.2 1 0.904635
11 2 2.2 2 0.755677
11 3 2.2 3 0.72033
11 4 2.2 4 0.715684
11 5 2.2 5 0.722939
11 6 2.2 10 0.749914
11 7 2.2 15 0.775436
11 8 2.2 20 0.798613
11 9 2.2 25 0.820338
11 10 2.2 30 0.839521
11 11 2.2 40 0.858942
11 12 2.2 50 0.858942
12 0 2.4 0 1.38917
12 1 2.4 1 0.904635
12 2 2.4 2 0.755677
12 3 2.4 3 0.72033
12 4 2.4 4 0.715684
12 5 2.4 5 0.722939
12 6 2.4 10 0.749914
12 7 2.4 15 0.775436
12 8 2.4 20 0.798613
12 9 2.4 25 0.820338
12 10 2.4 30 0.839521
12 11 2.4 40 0.858942
12 12 2.4 50 0.858942
