0 0 0 0 0.928571
0 1 0 1 0.939323
0 2 0 2 0.955549
0 3 0 3 0.962192
0 4 0 4 0.964142
0 5 0 5 0.960833
0 6 0 10 0.965154
0 7 0 15 0.963356
0 8 0 20 0.959061
0 9 0 25 0.959399
0 10 0 30 0.958936
0 11 0 40 0.959238
0 12 0 50 0.959238
1 0 0.2 0 0.911765
1 1 0.2 1 0.93655
1 2 0.2 2 0.957646
1 3 0.2 3 0.955402
1 4 0.2 4 0.957873
1 5 0.2 5 0.961917
1 6 0.2 10 0.959991
1 7 0.2 15 0.960555
1 8 0.2 20 0.956934
1 9 0.2 25 0.957968
1 10 0.2 30 0.958091
1 11 0.2 40 0.954642
1 12 0.2 50 0.954642
2 0 0.4 0 0.912017
2 1 0.4 1 0.93001
2 2 0.4 2 0.951382
2 3 0.4 3 0.951728
2 4 0.4 4 0.956066
2 5 0.4 5 0.957261
2 6 0.4 10 0.959128
2 7 0.4 15 0.959404
2 8 0.4 20 0.956225
2 9 0.4 25 0.95484
2 10 0.4 30 0.952622
2 11 0.4 40 0.950342
2 12 0.4 50 0.950342
3 0 0.6 0 0.875
3 1 0.6 1 0.932514
3 2 0.6 2 0.945295
3 3 0.6 3 0.94955
3 4 0.6 4 0.951598
3 5 0.6 5 0.952799
3 6 0.6 10 0.956449
3 7 0.6 15 0.950014
3 8 0.6 20 0.949196
3 9 0.6 25 0.949265
3 10 0.6 30 0.945975
3 11 0.6 40 0.944525
3 12 0.6 50 0.944525
4 0 0.8 0 0.857724
4 1 0.8 1 0.91469
4 2 0.8 2 0.931753
4 3 0.8 3 0.943519
4 4 0.8 4 0.935907
4 5 0.8 5 0.945055
4 6 0.8 10 0.943589
4 7 0.8 15 0.941089
4 8 0.8 20 0.937998
4 9 0.8 25 0.936607
4 10 0.8 30 0.932257
4 11 0.8 40 0.928312
4 12 0.8 50 0.928312
5 0 1 0 0.775717
5 1 1 1 0.900527
5 2 1 2 0.93049
5 3 1 3 0.922267
5 4 1 4 0.927531
5 5 1 5 0.92752
5 6 1 10 0.92501
5 7 1 15 0.920526
5 8 1 20 0.917811
5 9 1 25 0.912425
5 10 1 30 0.908237
5 11 1 40 0.899829
5 12 1 50 0.899829
6 0 1.2 0 0.68552
6 1 1.2 1 0.867312
6 2 1.2 2 0.898032
6 3 1.2 3 0.900818
6 4 1.2 4 0.900762
6 5 1.2 5 0.89935
6 6 1.2 10 0.889236
6 7 1.2 15 0.882642
6 8 1.2 20 0.881664
6 9 1.2 25 0.875929
6 10 1.2 30 0.870687
6 11 1.2 40 0.863501
6 12 1.2 50 0.863501
7 0 1.4 0 0.617356
7 1 1.4 1 0.852243
7 2 1.4 2 0.873416
7 3 1.4 3 0.878009
7 4 1.4 4 0.881178
7 5 1.4 5 0.877679
7 6 1.4 10 0.872035
7 7 1.4 15 0.869946
7 8 1.4 20 0.866912
7 9 1.4 25 0.862322
7 10 1.4 30 0.857778
7 11 1.4 40 0.852043
7 12 1.4 50 0.852043
8 0 1.6 0 0.557275
8 1 1.6 1 0.838329
8 2 1.6 2 0.863636
8 3 1.6 3 0.867103
8 4 1.6 4 0.867281
8 5 1.6 5 0.867643
8 6 1.6 10 0.865663
8 7 1.6 15 0.866463
8 8 1.6 20 0.864529
8 9 1.6 25 0.864712
8 10 1.6 30 0.860633
8 11 1.6 40 0.857175
8 12 1.6 50 0.857175
9 0 1.8 0 0.497663
9 1 1.8 1 0.823812
9 2 1.8 2 0.864497
9 3 1.8 3 0.867974
9 4 1.8 4 0.862555
9 5 1.8 5 0.868691
9 6 1.8 10 0.868803
9 7 1.8 15 0.870075
9 8 1.8 20 0.867946
9 9 1.8 25 0.863438
9 10 1.8 30 0.8637
9 11 1.8 40 0.859515
9 12 1.8 50 0.859515
10 0 2 0 0.431638
10 1 2 1 0.800096
10 2 2 2 0.854444
10 3 2 3 0.857191
10 4 2 4 0.856686
10 5 2 5 0.856672
10 6 2 10 0.85879
10 7 2 15 0.858658
10 8 2 20 0.85328
10 9 2 25 0.857487
10 10 2 30 0.851082
10 11 2 40 0.84877
10 12 2 50 0.84877
11 0 2.2 0 0.36962
11 1 2.2 1 0.776904
11 2 2.2 2 0.839533
11 3 2.2 3 0.845483
11 4 2.2 4 0.839607
11 5 2.2 5 0.850741
11 6 2.2 10 0.851837
11 7 2.2 15 0.854251
11 8 2.2 20 0.855818
11 9 2.2 25 0.853107
11 10 2.2 30 0.855329
11 11 2.2 40 0.856908
11 12 2.2 50 0.856908
12 0 2.4 0 0.36962
12 1 2.4 1 0.776904
12 2 2.4 2 0.839533
12 3 2.4 3 0.845483
12 4 2.4 4 0.839607
12 5 2.4 5 0.850741
12 6 2.4 10 0.851837
12 7 2.4 15 0.854251
12 8 2.4 20 0.855818
12 9 2.4 25 0.853107
12 10 2.4 30 0.855329
12 11 2.4 40 0.856908
12 12 2.4 50 0.856908
