0 0 0 0 0.241326
0 1 0 1 0.289691
0 2 0 2 0.399381
0 3 0 3 0.489833
0 4 0 4 0.544658
0 5 0 5 0.64507
0 6 0 10 0.738288
0 7 0 15 0.783068
0 8 0 20 0.8183
0 9 0 25 0.838471
0 10 0 30 0.856607
0 11 0 40 0.867489
0 12 0 50 0.867489
1 0 0.2 0 0.2303
1 1 0.2 1 0.260045
1 2 0.2 2 0.364387
1 3 0.2 3 0.478856
1 4 0.2 4 0.532816
1 5 0.2 5 0.631753
1 6 0.2 10 0.731473
1 7 0.2 15 0.781157
1 8 0.2 20 0.81332
1 9 0.2 25 0.828953
1 10 0.2 30 0.850284
1 11 0.2 40 0.862072
1 12 0.2 50 0.862072
2 0 0.4 0 0.210316
2 1 0.4 1 0.249211
2 2 0.4 2 0.363229
2 3 0.4 3 0.465827
2 4 0.4 4 0.524628
2 5 0.4 5 0.632708
2 6 0.4 10 0.726456
2 7 0.4 15 0.778336
2 8 0.4 20 0.806152
2 9 0.4 25 0.825856
2 10 0.4 30 0.84874
2 11 0.4 40 0.863758
2 12 0.4 50 0.863758
3 0 0.6 0 0.170836
3 1 0.6 1 0.234177
3 2 0.6 2 0.359086
3 3 0.6 3 0.455658
3 4 0.6 4 0.518919
3 5 0.6 5 0.620775
3 6 0.6 10 0.728393
3 7 0.6 15 0.773624
3 8 0.6 20 0.802542
3 9 0.6 25 0.820534
3 10 0.6 30 0.832212
3 11 0.6 40 0.856195
3 12 0.6 50 0.856195
4 0 0.8 0 0.187982
4 1 0.8 1 0.228548
4 2 0.8 2 0.344203
4 3 0.8 3 0.439482
4 4 0.8 4 0.509951
4 5 0.8 5 0.611172
4 6 0.8 10 0.715171
4 7 0.8 15 0.754781
4 8 0.8 20 0.785014
4 9 0.8 25 0.801917
4 10 0.8 30 0.826612
4 11 0.8 40 0.848692
4 12 0.8 50 0.848692
5 0 1 0 0.257689
5 1 1 1 0.213841
5 2 1 2 0.336247
5 3 1 3 0.431528
5 4 1 4 0.492513
5 5 1 5 0.593637
5 6 1 10 0.697125
5 7 1 15 0.731445
5 8 1 20 0.767631
5 9 1 25 0.788344
5 10 1 30 0.809071
5 11 1 40 0.839357
5 12 1 50 0.839357
6 0 1.2 0 0.290423
6 1 1.2 1 0.218568
6 2 1.2 2 0.305014
6 3 1.2 3 0.419266
6 4 1.2 4 0.487241
6 5 1.2 5 0.579261
6 6 1.2 10 0.671294
6 7 1.2 15 0.727632
6 8 1.2 20 0.751599
6 9 1.2 25 0.772754
6 10 1.2 30 0.797386
6 11 1.2 40 0.828406
6 12 1.2 50 0.828406
7 0 1.4 0 0.339734
7 1 1.4 1 0.225182
7 2 1.4 2 0.376758
7 3 1.4 3 0.466818
7 4 1.4 4 0.516572
7 5 1.4 5 0.634034
7 6 1.4 10 0.722028
7 7 1.4 15 0.762355
7 8 1.4 20 0.78723
7 9 1.4 25 0.825081
7 10 1.4 30 0.840393
7 11 1.4 40 0.864031
7 12 1.4 50 0.864031
8 0 1.6 0 0.37323
8 1 1.6 1 0.341516
8 2 1.6 2 0.431325
8 3 1.6 3 0.498033
8 4 1.6 4 0.553114
8 5 1.6 5 0.637136
8 6 1.6 10 0.720217
8 7 1.6 15 0.771342
8 8 1.6 20 0.794156
8 9 1.6 25 0.82363
8 10 1.6 30 0.839732
8 11 1.6 40 0.865748
8 12 1.6 50 0.865748
9 0 1.8 0 0.37054
9 1 1.8 1 0.385016
9 2 1.8 2 0.485756
9 3 1.8 3 0.535279
9 4 1.8 4 0.592421
9 5 1.8 5 0.664898
9 6 1.8 10 0.741924
9 7 1.8 15 0.774255
9 8 1.8 20 0.805216
9 9 1.8 25 0.820986
9 10 1.8 30 0.849939
9 11 1.8 40 0.858374
9 12 1.8 50 0.858374
10 0 2 0 0.345445
10 1 2 1 0.420353
10 2 2 2 0.509572
10 3 2 3 0.567789
10 4 2 4 0.620547
10 5 2 5 0.683622
10 6 2 10 0.751029
10 7 2 15 0.790988
10 8 2 20 0.808937
10 9 2 25 0.832956
10 10 2 30 0.843764
10 11 2 40 0.859362
10 12 2 50 0.859362
11 0 2.2 0 0.320626
11 1 2.2 1 0.431522
11 2 2.2 2 0.540376
11 3 2.2 3 0.589514
11 4 2.2 4 0.637476
11 5 2.2 5 0.692275
11 6 2.2 10 0.752351
11 7 2.2 15 0.786793
11 8 2.2 20 0.801763
11 9 2.2 25 0.81939
11 10 2.2 30 0.838473
11 11 2.2 40 0.854228
11 12 2.2 50 0.854228
12 0 2.4 0 0.320626
12 1 2.4 1 0.431522
12 2 2.4 2 0.540376
12 3 2.4 3 0.589514
12 4 2.4 4 0.637476
12 5 2.4 5 0.692275
12 6 2.4 10 0.752351
12 7 2.4 15 0.786793
12 8 2.4 20 0.801763
12 9 2.4 25 0.81939
12 10 2.4 30 0.838473
12 11 2.4 40 0.854228
12 12 2.4 50 0.854228
