0 0 0 0 0.335818
0 1 0 1 0.515218
0 2 0 2 0.601249
0 3 0 3 0.682912
0 4 0 4 0.699879
0 5 0 5 0.736363
0 6 0 10 0.75825
0 7 0 15 0.810182
0 8 0 20 0.842439
0 9 0 25 0.861373
0 10 0 30 0.8676
0 11 0 40 0.872045
0 12 0 50 0.872045
1 0 0.2 0 0.207674
1 1 0.2 1 0.466534
1 2 0.2 2 0.61387
1 3 0.2 3 0.671608
1 4 0.2 4 0.678395
1 5 0.2 5 0.720925
1 6 0.2 10 0.757673
1 7 0.2 15 0.806167
1 8 0.2 20 0.843366
1 9 0.2 25 0.856619
1 10 0.2 30 0.865621
1 11 0.2 40 0.872757
1 12 0.2 50 0.872757
2 0 0.4 0 0.224671
2 1 0.4 1 0.42479
2 2 0.4 2 0.584257
2 3 0.4 3 0.634182
2 4 0.4 4 0.653335
2 5 0.4 5 0.705386
2 6 0.4 10 0.751578
2 7 0.4 15 0.80349
2 8 0.4 20 0.836247
2 9 0.4 25 0.848506
2 10 0.4 30 0.857417
2 11 0.4 40 0.866503
2 12 0.4 50 0.866503
3 0 0.6 0 0.204959
3 1 0.6 1 0.402542
3 2 0.6 2 0.564877
3 3 0.6 3 0.61614
3 4 0.6 4 0.642393
3 5 0.6 5 0.687687
3 6 0.6 10 0.740363
3 7 0.6 15 0.799215
3 8 0.6 20 0.82579
3 9 0.6 25 0.834651
3 10 0.6 30 0.845777
3 11 0.6 40 0.856165
3 12 0.6 50 0.856165
4 0 0.8 0 0.373139
4 1 0.8 1 0.397664
4 2 0.8 2 0.533488
4 3 0.8 3 0.569088
4 4 0.8 4 0.605099
4 5 0.8 5 0.643343
4 6 0.8 10 0.721969
4 7 0.8 15 0.77748
4 8 0.8 20 0.79444
4 9 0.8 25 0.807056
4 10 0.8 30 0.819186
4 11 0.8 40 0.833135
4 12 0.8 50 0.833135
5 0 1 0 0.712751
5 1 1 1 0.402962
5 2 1 2 0.493104
5 3 1 3 0.528371
5 4 1 4 0.557906
5 5 1 5 0.604749
5 6 1 10 0.696352
5 7 1 15 0.750805
5 8 1 20 0.766577
5 9 1 25 0.78162
5 10 1 30 0.795497
5 11 1 40 0.812166
5 12 1 50 0.812166
6 0 1.2 0 0.940489
6 1 1.2 1 0.411845
6 2 1.2 2 0.456019
6 3 1.2 3 0.494233
6 4 1.2 4 0.524601
6 5 1.2 5 0.57851
6 6 1.2 10 0.682767
6 7 1.2 15 0.720456
6 8 1.2 20 0.737355
6 9 1.2 25 0.755815
6 10 1.2 30 0.771378
6 11 1.2 40 0.789836
6 12 1.2 50 0.789836
7 0 1.4 0 1.2333
7 1 1.4 1 0.669464
7 2 1.4 2 0.608159
7 3 1.4 3 0.632363
7 4 1.4 4 0.617969
7 5 1.4 5 0.675886
7 6 1.4 10 0.755118
7 7 1.4 15 0.779412
7 8 1.4 20 0.800069
7 9 1.4 25 0.812279
7 10 1.4 30 0.826139
7 11 1.4 40 0.84278
7 12 1.4 50 0.84278
8 0 1.6 0 1.24742
8 1 1.6 1 0.84328
8 2 1.6 2 0.727242
8 3 1.6 3 0.697761
8 4 1.6 4 0.696655
8 5 1.6 5 0.755524
8 6 1.6 10 0.804168
8 7 1.6 15 0.823537
8 8 1.6 20 0.839764
8 9 1.6 25 0.848448
8 10 1.6 30 0.859895
8 11 1.6 40 0.870727
8 12 1.6 50 0.870727
9 0 1.8 0 1.19529
9 1 1.8 1 0.845095
9 2 1.8 2 0.749949
9 3 1.8 3 0.727574
9 4 1.8 4 0.741488
9 5 1.8 5 0.798855
9 6 1.8 10 0.829258
9 7 1.8 15 0.846896
9 8 1.8 20 0.858289
9 9 1.8 25 0.867831
9 10 1.8 30 0.876515
9 11 1.8 40 0.885255
9 12 1.8 50 0.885255
10 0 2 0 1.10979
10 1 2 1 0.824542
10 2 2 2 0.75462
10 3 2 3 0.753018
10 4 2 4 0.779348
10 5 2 5 0.826139
10 6 2 10 0.847789
10 7 2 15 0.861638
10 8 2 20 0.871955
10 9 2 25 0.879274
10 10 2 30 0.887488
10 11 2 40 0.893892
10 12 2 50 0.893892
11 0 2.2 0 0.825965
11 1 2.2 1 0.648594
11 2 2.2 2 0.595293
11 3 2.2 3 0.612358
11 4 2.2 4 0.628404
11 5 2.2 5 0.638304
11 6 2.2 10 0.643018
11 7 2.2 15 0.645826
11 8 2.2 20 0.652143
11 9 2.2 25 0.651429
11 10 2.2 30 0.654219
11 11 2.2 40 0.655069
11 12 2.2 50 0.655069
12 0 2.4 0 0.825965
12 1 2.4 1 0.648594
12 2 2.4 2 0.595293
12 3 2.4 3 0.612358
12 4 2.4 4 0.628404
12 5 2.4 5 0.638304
12 6 2.4 10 0.643018
12 7 2.4 15 0.645826
12 8 2.4 20 0.652143
12 9 2.4 25 0.651429
12 10 2.4 30 0.654219
12 11 2.4 40 0.655069
12 12 2.4 50 0.655069
