0 0 0 0 1.19594
0 1 0 1 1.00815
0 2 0 2 0.96801
0 3 0 3 0.911522
0 4 0 4 0.916402
0 5 0 5 0.914187
0 6 0 10 0.920303
0 7 0 15 0.933116
0 8 0 20 0.932952
0 9 0 25 0.942754
0 10 0 30 0.957823
0 11 0 40 0.966465
0 12 0 50 0.966465
1 0 0.2 0 0.819027
1 1 0.2 1 0.970788
1 2 0.2 2 0.974108
1 3 0.2 3 0.937633
1 4 0.2 4 0.947942
1 5 0.2 5 0.923246
1 6 0.2 10 0.927829
1 7 0.2 15 0.921752
1 8 0.2 20 0.935534
1 9 0.2 25 0.942898
1 10 0.2 30 0.955681
1 11 0.2 40 0.964352
1 12 0.2 50 0.964352
2 0 0.4 0 0.996196
2 1 0.4 1 1.03615
2 2 0.4 2 0.960227
2 3 0.4 3 0.962121
2 4 0.4 4 0.912801
2 5 0.4 5 0.909294
2 6 0.4 10 0.91374
2 7 0.4 15 0.920906
2 8 0.4 20 0.942371
2 9 0.4 25 0.938534
2 10 0.4 30 0.949638
2 11 0.4 40 0.956821
2 12 0.4 50 0.956821
3 0 0.6 0 1.0811
3 1 0.6 1 1.00202
3 2 0.6 2 0.920597
3 3 0.6 3 0.899048
3 4 0.6 4 0.918548
3 5 0.6 5 0.90365
3 6 0.6 10 0.918237
3 7 0.6 15 0.924147
3 8 0.6 20 0.930102
3 9 0.6 25 0.943379
3 10 0.6 30 0.944099
3 11 0.6 40 0.950192
3 12 0.6 50 0.950192
4 0 0.8 0 1.17798
4 1 0.8 1 1.0053
4 2 0.8 2 0.931334
4 3 0.8 3 0.897998
4 4 0.8 4 0.850574
4 5 0.8 5 0.882635
4 6 0.8 10 0.891232
4 7 0.8 15 0.89986
4 8 0.8 20 0.914719
4 9 0.8 25 0.922073
4 10 0.8 30 0.932454
4 11 0.8 40 0.940512
4 12 0.8 50 0.940512
5 0 1 0 1.28306
5 1 1 1 1.00676
5 2 1 2 0.92306
5 3 1 3 0.88241
5 4 1 4 0.86256
5 5 1 5 0.866265
5 6 1 10 0.864911
5 7 1 15 0.880758
5 8 1 20 0.895293
5 9 1 25 0.902777
5 10 1 30 0.916213
5 11 1 40 0.926148
5 12 1 50 0.926148
6 0 1.2 0 1.35831
6 1 1.2 1 0.995455
6 2 1.2 2 0.929643
6 3 1.2 3 0.885712
6 4 1.2 4 0.861975
6 5 1.2 5 0.849174
6 6 1.2 10 0.85504
6 7 1.2 15 0.859881
6 8 1.2 20 0.880562
6 9 1.2 25 0.888073
6 10 1.2 30 0.902499
6 11 1.2 40 0.915856
6 12 1.2 50 0.915856
7 0 1.4 0 1.47391
7 1 1.4 1 1.01486
7 2 1.4 2 0.901443
7 3 1.4 3 0.863033
7 4 1.4 4 0.843009
7 5 1.4 5 0.841129
7 6 1.4 10 0.837727
7 7 1.4 15 0.852202
7 8 1.4 20 0.861119
7 9 1.4 25 0.874314
7 10 1.4 30 0.881229
7 11 1.4 40 0.89529
7 12 1.4 50 0.89529
8 0 1.6 0 1.55978
8 1 1.6 1 0.986253
8 2 1.6 2 0.903093
8 3 1.6 3 0.882013
8 4 1.6 4 0.862412
8 5 1.6 5 0.847276
8 6 1.6 10 0.843446
8 7 1.6 15 0.849208
8 8 1.6 20 0.860017
8 9 1.6 25 0.870769
8 10 1.6 30 0.882393
8 11 1.6 40 0.895812
8 12 1.6 50 0.895812
9 0 1.8 0 1.69302
9 1 1.8 1 0.975271
9 2 1.8 2 0.898523
9 3 1.8 3 0.859843
9 4 1.8 4 0.846596
9 5 1.8 5 0.838993
9 6 1.8 10 0.838431
9 7 1.8 15 0.849682
9 8 1.8 20 0.861728
9 9 1.8 25 0.868829
9 10 1.8 30 0.881876
9 11 1.8 40 0.893508
9 12 1.8 50 0.893508
10 0 2 0 1.72291
10 1 2 1 0.934157
10 2 2 2 0.851254
10 3 2 3 0.833398
10 4 2 4 0.815576
10 5 2 5 0.825442
10 6 2 10 0.837396
10 7 2 15 0.853848
10 8 2 20 0.862621
10 9 2 25 0.877603
10 10 2 30 0.888889
10 11 2 40 0.901272
10 12 2 50 0.901272
11 0 2.2 0 1.66402
11 1 2.2 1 0.896702
11 2 2.2 2 0.847133
11 3 2.2 3 0.838902
11 4 2.2 4 0.84485
11 5 2.2 5 0.861616
11 6 2.2 10 0.88241
11 7 2.2 15 0.897763
11 8 2.2 20 0.908909
11 9 2.2 25 0.919023
11 10 2.2 30 0.928513
11 11 2.2 40 0.936544
11 12 2.2 50 0.936544
12 0 2.4 0 1.66402
12 1 2.4 1 0.896702
12 2 2.4 2 0.847133
12 3 2.4 3 0.838902
12 4 2.4 4 0.84485
12 5 2.4 5 0.861616
12 6 2.4 10 0.88241
12 7 2.4 15 0.897763
12 8 2.4 20 0.908909
12 9 2.4 25 0.919023
12 10 2.4 30 0.928513
12 11 2.4 40 0.936544
12 12 2.4 50 0.936544
