0  0   0.0  0  1.00  
0  1   0.0  1  1.00
0  2   0.0  2  1.00
0  3   0.0  3  1.00
0  4   0.0  4  1.00
0  5   0.0  5  1.00
0  6   0.0  10 1.00
0  7   0.0  15 1.00
0  8   0.0  20 1.00
0  9   0.0  25 1.00
0  10  0.0  30 1.00
0  11  0.0  40 1.00
0  12  0.0  50 1.00
1  0   0.2  0  1.00
1  1   0.2  1  1.00
1  2   0.2  2  1.00
1  3   0.2  3  1.00
1  4   0.2  4  1.00
1  5   0.2  5  1.00
1  6   0.2  10 1.00
1  7   0.2  15 1.00
1  8   0.2  20 1.00
1  9   0.2  25 1.00
1  10  0.2  30 1.00
1  11  0.2  40 1.00
1  12  0.2  50 1.00
2  0   0.4  0  1.00
2  1   0.4  1  1.00
2  2   0.4  2  1.00
2  3   0.4  3  1.00
2  4   0.4  4  1.00
2  5   0.4  5  1.00
2  6   0.4  10 1.00
2  7   0.4  15 1.00
2  8   0.4  20 1.00
2  9   0.4  25 1.00
2  10  0.4  30 1.00
2  11  0.4  40 1.00
2  12  0.4  50 1.00
3  0   0.6  0  1.00
3  1   0.6  1  1.00
3  2   0.6  2  1.00
3  3   0.6  3  1.00
3  4   0.6  4  1.00
3  5   0.6  5  1.00
3  6   0.6  10 1.00
3  7   0.6  15 1.00
3  8   0.6  20 1.00
3  9   0.6  25 1.00
3  10  0.6  30 1.00
3  11  0.6  40 1.00
3  12  0.6  50 1.00
4  0   0.8  0  1.00
4  1   0.8  1  1.00
4  2   0.8  2  1.00
4  3   0.8  3  1.00
4  4   0.8  4  1.00
4  5   0.8  5  1.00
4  6   0.8  10 1.00
4  7   0.8  15 1.00
4  8   0.8  20 1.00
4  9   0.8  25 1.00
4  10  0.8  30 1.00
4  11  0.8  40 1.00
4  12  0.8  50 1.00
5  0   1.0  0  1.00
5  1   1.0  1  1.00
5  2   1.0  2  1.00
5  3   1.0  3  1.00
5  4   1.0  4  1.00
5  5   1.0  5  1.00
5  6   1.0  10 1.00
5  7   1.0  15 1.00
5  8   1.0  20 1.00
5  9   1.0  25 1.00
5  10  1.0  30 1.00
5  11  1.0  40 1.00
5  12  1.0  50 1.00
6  0   1.2  0  1.00
6  1   1.2  1  1.00
6  2   1.2  2  1.00
6  3   1.2  3  1.00
6  4   1.2  4  1.00
6  5   1.2  5  1.00
6  6   1.2  10 1.00
6  7   1.2  15 1.00
6  8   1.2  20 1.00
6  9   1.2  25 1.00
6  10  1.2  30 1.00
6  11  1.2  40 1.00
6  12  1.2  50 1.00
7  0   1.4  0  1.00
7  1   1.4  1  1.00
7  2   1.4  2  1.00
7  3   1.4  3  1.00
7  4   1.4  4  1.00
7  5   1.4  5  1.00
7  6   1.4  10 1.00
7  7   1.4  15 1.00
7  8   1.4  20 1.00
7  9   1.4  25 1.00
7  10  1.4  30 1.00
7  11  1.4  40 1.00
7  12  1.4  50 1.00
8  0   1.6  0  1.00
8  1   1.6  1  1.00
8  2   1.6  2  1.00
8  3   1.6  3  1.00
8  4   1.6  4  1.00
8  5   1.6  5  1.00
8  6   1.6  10 1.00
8  7   1.6  15 1.00
8  8   1.6  20 1.00
8  9   1.6  25 1.00
8  10  1.6  30 1.00
8  11  1.6  40 1.00
8  12  1.6  50 1.00
9  0   1.8  0  1.00
9  1   1.8  1  1.00
9  2   1.8  2  1.00
9  3   1.8  3  1.00
9  4   1.8  4  1.00
9  5   1.8  5  1.00
9  6   1.8  10 1.00
9  7   1.8  15 1.00
9  8   1.8  20 1.00
9  9   1.8  25 1.00
9  10  1.8  30 1.00
9  11  1.8  40 1.00
9  12  1.8  50 1.00
10  0  2.0  0  1.00
10  1  2.0  1  1.00
10  2  2.0  2  1.00
10  3  2.0  3  1.00
10  4  2.0  4  1.00
10  5  2.0  5  1.00
10  6  2.0  10 1.00
10  7  2.0  15 1.00
10  8  2.0  20 1.00
10  9  2.0  25 1.00
10  10 2.0  30 1.00
10  11 2.0  40 1.00
10  12 2.0  50 1.00
11  0  2.2  0  1.00
11  1  2.2  1  1.00
11  2  2.2  2  1.00
11  3  2.2  3  1.00
11  4  2.2  4  1.00
11  5  2.2  5  1.00
11  6  2.2  10 1.00
11  7  2.2  15 1.00
11  8  2.2  20 1.00
11  9  2.2  25 1.00
11  10 2.2  30 1.00
11  11 2.2  40 1.00
11  12 2.2  50 1.00
12  0  2.4  0  1.00
12  1  2.4  1  1.00
12  2  2.4  2  1.00
12  3  2.4  3  1.00
12  4  2.4  4  1.00
12  5  2.4  5  1.00
12  6  2.4  10 1.00
12  7  2.4  15 1.00
12  8  2.4  20 1.00
12  9  2.4  25 1.00
12  10 2.4  30 1.00
12  11 2.4  40 1.00
12  12 2.4  50 1.00
