######################################################
## auto generated file containing JER resolutions     
## produced: Mon Jun 21 18:25:11 2010
## by JetMETAnalysis/JetAnalyzers/bin/JERWriter.h  
######################################################

######################################################
## ERA: Spring10  ALG: ak5pfl2l3  TYPE: JetEta
######################################################

[resolution]
{1 JetEta 1 RefPt DSCB Resolution mean:sigma:aone:pone:atwo:ptwo}
-5. 5. 3 0. 99999. 1.
[mean]
{1 JetEta 1 RefPt [0] PAR0 \mu}
-9.9 9.9 3 0. 99999. 1.
[sigma]
{1 JetEta 1 RefPt sqrt(((TMath::Sign(1,[0])*sq([0]/x))+(sq([1])*(x^([3]-1))))+sq([2])) PAR1 \sigma}
-9.9 -4 6 0. 99999. 1.41584 0.209477 0 0.588872
-4 -3.5 6 0. 99999. 1.65966 0.223683 0 0.60873
-3.5 -3 6 0. 99999. 2.81978 0.272373 0 0.579396
-3 -2.5 6 0. 99999. 2.56933 0.305802 0 0.398929
-2.5 -2 6 0. 99999. 1.04792 0.466763 0 0.193137
-2 -1.5 6 0. 99999. -1.12329 0.657891 0 0.139595
-1.5 -1 6 0. 99999. -0.561649 0.420293 0 0.392398
-1 -0.5 6 0. 99999. -0.499735 0.336391 0 0.430689
-0.5 -0 6 0. 99999. -0.349206 0.297831 0 0.471121
0 0.5 6 0. 99999. -0.349206 0.297831 0 0.471121
0.5 1 6 0. 99999. -0.499735 0.336391 0 0.430689
1 1.5 6 0. 99999. -0.561649 0.420293 0 0.392398
1.5 2 6 0. 99999. -1.12329 0.657891 0 0.139595
2 2.5 6 0. 99999. 1.04792 0.466763 0 0.193137
2.5 3 6 0. 99999. 2.56933 0.305802 0 0.398929
3 3.5 6 0. 99999. 2.81978 0.272373 0 0.579396
3.5 4 6 0. 99999. 1.65966 0.223683 0 0.60873
4 4.5 6 0. 99999. 1.41584 0.209477 0 0.588872
4.5 9.9 6 0. 99999. 1.41584 0.209477 0 0.588872
[aone]
{1 JetEta 1 RefPt [0] PAR2 Aone}
-9.9 -4.5 3 0. 99999. 1.68793
-4.5 -4 3 0. 99999. 3.48932
-4 -3.5 3 0. 99999. 2.74656
-3.5 -3 3 0. 99999. 3.67782
-3 -2.5 3 0. 99999. 2.19421
-2.5 -2 3 0. 99999. 2.31637
-2 -1.5 3 0. 99999. 2.35715
-1.5 -1 3 0. 99999. 2.51648
-1 -0.5 3 0. 99999. 2.32177
-0.5 -0 3 0. 99999. 2.05347
0 0.5 3 0. 99999. 2.05347
0.5 1 3 0. 99999. 2.32177
1 1.5 3 0. 99999. 2.51648
1.5 2 3 0. 99999. 2.35715
2 2.5 3 0. 99999. 2.31637
2.5 3 3 0. 99999. 2.19421
3 3.5 3 0. 99999. 3.67782
3.5 4 3 0. 99999. 2.74656
4 4.5 3 0. 99999. 3.48932
4.5 9.9 3 0. 99999. 1.68793
[pone]
{1 JetEta 1 RefPt TMath::Max(0.0,([0]-[3])/(1.+exp([1]*(x-[2])))+[3]) PAR3 Pone}
-9.9 -4.5 6 0. 99999. 25 -0.752307 31.1688 -95.4869
-4.5 -4 6 0. 99999. 25 -1.35806 48.5334 10.1565
-4 -3.5 6 0. 99999. 25 0.211171 89.6498 -18.2509
-3.5 -3 6 0. 99999. 25 0.00957349 263.169 -54.3269
-3 -2.5 6 0. 99999. 25 0.00275175 651.508 -49.5968
-2.5 -2 6 0. 99999. 25 0.45415 89.4014 2.32064
-2 -1.5 6 0. 99999. 25 0.0795501 133.034 2.50984
-1.5 -1 6 0. 99999. 25 0.0238298 132.446 2.26513
-1 -0.5 6 0. 99999. 25 0.183987 130.862 2.74222
-0.5 -0 6 0. 99999. 25 0.0918298 113.477 3.02724
0 0.5 6 0. 99999. 25 0.0918298 113.477 3.02724
0.5 1 6 0. 99999. 25 0.183987 130.862 2.74222
1 1.5 6 0. 99999. 25 0.0238298 132.446 2.26513
1.5 2 6 0. 99999. 25 0.0795501 133.034 2.50984
2 2.5 6 0. 99999. 25 0.45415 89.4014 2.32064
2.5 3 6 0. 99999. 25 0.00275175 651.508 -49.5968
3 3.5 6 0. 99999. 25 0.00957349 263.169 -54.3269
3.5 4 6 0. 99999. 25 0.211171 89.6498 -18.2509
4 4.5 6 0. 99999. 25 -1.35806 48.5334 10.1565
4.5 9.9 6 0. 99999. 25 -0.752307 31.1688 -95.4869
[atwo]
{1 JetEta 1 RefPt [0]*x^[1] PAR4 Atwo}
-9.9 -4.5 4 0. 99999. 0.273381 0.547934
-4.5 -4 4 0. 99999. 0.525624 0.372873
-4 -3.5 4 0. 99999. 2.8556 -0.0613187
-3.5 -3 4 0. 99999. 1.38843 0.105479
-3 -2.5 4 0. 99999. 1.96797 -0.0363123
-2.5 -2 4 0. 99999. 1.67249 0.0970029
-2 -1.5 4 0. 99999. 2.11583 0.00992738
-1.5 -1 4 0. 99999. 2.11255 -0.0243802
-1 -0.5 4 0. 99999. 1.58352 0.0414439
-0.5 -0 4 0. 99999. 1.45329 0.0623363
0 0.5 4 0. 99999. 1.45329 0.0623363
0.5 1 4 0. 99999. 1.58352 0.0414439
1 1.5 4 0. 99999. 2.11255 -0.0243802
1.5 2 4 0. 99999. 2.11583 0.00992738
2 2.5 4 0. 99999. 1.67249 0.0970029
2.5 3 4 0. 99999. 1.96797 -0.0363123
3 3.5 4 0. 99999. 1.38843 0.105479
3.5 4 4 0. 99999. 2.8556 -0.0613187
4 4.5 4 0. 99999. 0.525624 0.372873
4.5 9.9 4 0. 99999. 0.273381 0.547934
[ptwo]
{1 JetEta 1 RefPt TMath::Max(0.0,([0]-[3])/(1.+exp([1]*(x-[2])))+[3]) PAR5 Ptwo}
-9.9 -4 6 0. 99999. 25 0.0639255 112.334 25.0084
-4 -3.5 6 0. 99999. 25 0.264059 127.589 -20.4388
-3.5 -3 6 0. 99999. 25 0.240676 180.819 -4.61746
-3 -2.5 6 0. 99999. 25 0.240676 180.819 -4.61746
-2.5 -2 6 0. 99999. 25 0.00423508 469.267 -15.523
-2 -1.5 6 0. 99999. 25 0.0552103 223.891 7.52056
-1.5 -1 6 0. 99999. 25 0.0552103 223.891 7.52056
-1 -0.5 6 0. 99999. 25 -0.121873 12.1582 -6.18119
-0.5 -0 6 0. 99999. 25 0.272379 749.948 13.5703
0 0.5 6 0. 99999. 25 0.272379 749.948 13.5703
0.5 1 6 0. 99999. 25 -0.121873 12.1582 -6.18119
1 1.5 6 0. 99999. 25 -0.121873 12.1582 -6.18119
1.5 2 6 0. 99999. 25 0.0552103 223.891 7.52056
2 2.5 6 0. 99999. 25 0.00423508 469.267 -15.523
2.5 3 6 0. 99999. 25 0.0536529 51.8656 4.41927
3 3.5 6 0. 99999. 25 0.240676 180.819 -4.61746
3.5 4 6 0. 99999. 25 0.264059 127.589 -20.4388
4 4.5 6 0. 99999. 25 0.0639255 112.334 25.0084
4.5 9.9 6 0. 99999. 25 0.0639255 112.334 25.0084
