######################################################
## auto generated file containing JER resolutions     
## produced: Mon Jun 21 18:25:13 2010
## by JetMETAnalysis/JetAnalyzers/bin/JERWriter.h  
######################################################

######################################################
## ERA: Spring10  ALG: ak5jptl2l3  TYPE: JetEta
######################################################

[resolution]
{1 JetEta 1 RefPt DSCB Resolution mean:sigma:aone:pone:atwo:ptwo}
-5. 5. 3 0. 99999. 1.
[mean]
{1 JetEta 1 RefPt [0] PAR0 \mu}
-9.9 9.9 3 0. 99999. 1.
[sigma]
{1 JetEta 1 RefPt sqrt(((TMath::Sign(1,[0])*sq([0]/x))+(sq([1])*(x^([3]-1))))+sq([2])) PAR1 \sigma}
-9.9 -4.5 6 0. 99999. 2.08652 0.107301 0 1.12386
-4.5 -4 6 0. 99999. 1.33895 0.200438 0 0.605211
-4 -3.5 6 0. 99999. 1.33895 0.200438 0 0.605211
-3.5 -3 6 0. 99999. 2.74575 0.206646 0 0.760942
-3 -2.5 6 0. 99999. 2.28498 0.390866 0 0.297617
-2.5 -2 6 0. 99999. 3.39005 0.499497 0 0.273727
-2 -1.5 6 0. 99999. 2.67972 0.511479 0 0.257115
-1.5 -1 6 0. 99999. 2.42631 0.371536 0 0.439477
-1 -0.5 6 0. 99999. 2.41271 0.332129 0 0.43243
-0.5 -0 6 0. 99999. 2.51562 0.316061 0 0.445628
0 0.5 6 0. 99999. 2.51562 0.316061 0 0.445628
0.5 1 6 0. 99999. 2.41271 0.332129 0 0.43243
1 1.5 6 0. 99999. 2.42631 0.371536 0 0.439477
1.5 2 6 0. 99999. 2.67972 0.511479 0 0.257115
2 2.5 6 0. 99999. 3.39005 0.499497 0 0.273727
2.5 3 6 0. 99999. 2.28498 0.390866 0 0.297617
3 3.5 6 0. 99999. 2.74575 0.206646 0 0.760942
3.5 4 6 0. 99999. 2.74575 0.206646 0 0.760942
4 4.5 6 0. 99999. 1.33895 0.200438 0 0.605211
4.5 9.9 6 0. 99999. 2.08652 0.107301 0 1.12386
[aone]
{1 JetEta 1 RefPt [0] PAR2 Aone}
-9.9 -4.5 3 0. 99999. 1.51084
-4.5 -4 3 0. 99999. 3.22393
-4 -3.5 3 0. 99999. 2.86171
-3.5 -3 3 0. 99999. 3.49425
-3 -2.5 3 0. 99999. 2.17264
-2.5 -2 3 0. 99999. 1.85858
-2 -1.5 3 0. 99999. 2.11326
-1.5 -1 3 0. 99999. 2.17081
-1 -0.5 3 0. 99999. 2.05827
-0.5 -0 3 0. 99999. 1.94217
0 0.5 3 0. 99999. 1.94217
0.5 1 3 0. 99999. 2.05827
1 1.5 3 0. 99999. 2.17081
1.5 2 3 0. 99999. 2.11326
2 2.5 3 0. 99999. 1.85858
2.5 3 3 0. 99999. 2.17264
3 3.5 3 0. 99999. 3.49425
3.5 4 3 0. 99999. 2.86171
4 4.5 3 0. 99999. 3.22393
4.5 9.9 3 0. 99999. 1.51084
[pone]
{1 JetEta 1 RefPt TMath::Max(0.0,([0]-[3])/(1.+exp([1]*(x-[2])))+[3]) PAR3 Pone}
-9.9 -4.5 6 0. 99999. 25 -2.51493 43.3346 6.41227
-4.5 -4 6 0. 99999. 25 0.0156289 -63.8449 -0.898782
-4 -3.5 6 0. 99999. 25 0.0156289 -63.8449 -0.898782
-3.5 -3 6 0. 99999. 25 0.0156289 -63.8449 -0.898782
-3 -2.5 6 0. 99999. 25 0.0229357 147.848 0.948482
-2.5 -2 6 0. 99999. 25 0.0316495 211.619 3.36084
-2 -1.5 6 0. 99999. 25 0.0226131 216.048 2.48362
-1.5 -1 6 0. 99999. 25 0.117805 182.771 3.4235
-1 -0.5 6 0. 99999. 25 0.0459486 156.687 4.04318
-0.5 -0 6 0. 99999. 25 0.0185358 101.205 3.99375
0 0.5 6 0. 99999. 25 0.0185358 101.205 3.99375
0.5 1 6 0. 99999. 25 0.0459486 156.687 4.04318
1 1.5 6 0. 99999. 25 0.117805 182.771 3.4235
1.5 2 6 0. 99999. 25 0.0226131 216.048 2.48362
2 2.5 6 0. 99999. 25 0.0316495 211.619 3.36084
2.5 3 6 0. 99999. 25 0.0229357 147.848 0.948482
3 3.5 6 0. 99999. 25 0.0229357 147.848 0.948482
3.5 4 6 0. 99999. 25 0.0229357 147.848 0.948482
4 4.5 6 0. 99999. 25 0.0156289 -63.8449 -0.898782
4.5 9.9 6 0. 99999. 25 -2.51493 43.3346 6.41227
[atwo]
{1 JetEta 1 RefPt [0]*x^[1] PAR4 Atwo}
-9.9 -4.5 4 0. 99999. 0.98864 0.185928
-4.5 -4 4 0. 99999. 5.21403 -0.294464
-4 -3.5 4 0. 99999. 2.78805 -0.0709592
-3.5 -3 4 0. 99999. 0.445616 0.342986
-3 -2.5 4 0. 99999. 4.12092 -0.101404
-2.5 -2 4 0. 99999. 1.96746 0.127476
-2 -1.5 4 0. 99999. 3.14914 -0.0202449
-1.5 -1 4 0. 99999. 2.47451 0.0235915
-1 -0.5 4 0. 99999. 1.48548 0.127642
-0.5 -0 4 0. 99999. 1.35216 0.131925
0 0.5 4 0. 99999. 1.35216 0.131925
0.5 1 4 0. 99999. 1.48548 0.127642
1 1.5 4 0. 99999. 2.47451 0.0235915
1.5 2 4 0. 99999. 3.14914 -0.0202449
2 2.5 4 0. 99999. 1.96746 0.127476
2.5 3 4 0. 99999. 4.12092 -0.101404
3 3.5 4 0. 99999. 0.445616 0.342986
3.5 4 4 0. 99999. 2.78805 -0.0709592
4 4.5 4 0. 99999. 5.21403 -0.294464
4.5 9.9 4 0. 99999. 0.98864 0.185928
[ptwo]
{1 JetEta 1 RefPt TMath::Max(0.0,([0]-[3])/(1.+exp([1]*(x-[2])))+[3]) PAR5 Ptwo}
-9.9 -4.5 6 0. 99999. 25 0.690929 53.0964 -997.5
-4.5 -4 6 0. 99999. 25 0.0594503 111.023 25.0001
-4 -3.5 6 0. 99999. 25 0.304028 127.136 -19.7647
-3.5 -3 6 0. 99999. 25 1.27289 105.958 12.5069
-3 -2.5 6 0. 99999. 25 -0.706331 170.79 15.638
-2.5 -2 6 0. 99999. 25 0.00819029 210.686 -7.64624
-2 -1.5 6 0. 99999. 25 3.13705 54.4761 4.11291
-1.5 -1 6 0. 99999. 25 0.414474 90.4989 6.19259
-1 -0.5 6 0. 99999. 25 0.383673 92.6484 2.80337
-0.5 -0 6 0. 99999. 25 0.252685 129.914 2.99986
0 0.5 6 0. 99999. 25 0.252685 129.914 2.99986
0.5 1 6 0. 99999. 25 0.383673 92.6484 2.80337
1 1.5 6 0. 99999. 25 0.414474 90.4989 6.19259
1.5 2 6 0. 99999. 25 3.13705 54.4761 4.11291
2 2.5 6 0. 99999. 25 0.00819029 210.686 -7.64624
2.5 3 6 0. 99999. 25 -0.706331 170.79 15.638
3 3.5 6 0. 99999. 25 1.27289 105.958 12.5069
3.5 4 6 0. 99999. 25 0.304028 127.136 -19.7647
4 4.5 6 0. 99999. 25 0.0594503 111.023 25.0001
4.5 9.9 6 0. 99999. 25 0.690929 53.0964 -997.5

