[resolution]
{1 JetEta 1 JetPt GaussAlpha1Alpha2 Resolution mean:sigma:alpha1:alpha2}
-5. 5. 3 0. 99999. 1.
[mean]
{1 JetEta 1 JetPt [0] PAR0 \mu}
-5. 5. 3 0. 99999. 0.
[sigma]
{1 JetEta 1 JetPt (sqrt((sq([0]/x)+(sq([1])/x))+sq([2]))+([3]/x))+(([4]/x)/sqrt(x)) PAR1 \sigma}
       -9.9       -2.5          7     10.5583     237.966      1.02387  3.07531e-08 -7.00711e-10      1.38858     -3.61516
       -2.5         -2          7     10.5817     439.063   0.00448789    0.0745678 -4.66697e-08      1.13198     -1.90513
         -2       -1.5          7     10.5791     827.962     0.130942 -2.48151e-08  -0.00273938      1.24925     -2.93645
       -1.5         -1          7     10.5646     1133.66       89.293    -0.549992   -0.0221272     -88.1204     -2.35315
         -1       -0.5          7      10.593     2611.31       849.95     -1.84799   -0.0563303     -848.806     -2.43501
       -0.5          0          7     10.5852     2738.45      88.5057    -0.634556   -0.0171036     -87.3933     -2.53059
          0        0.5          7     10.5852     2738.45      88.5057    -0.634556   -0.0171036     -87.3933     -2.53059
        0.5          1          7      10.593     2611.31       849.95     -1.84799   -0.0563303     -848.806     -2.43501
          1        1.5          7     10.5646     1133.66       89.293    -0.549992   -0.0221272     -88.1204     -2.35315
        1.5          2          7     10.5791     827.962     0.130942 -2.48151e-08  -0.00273938      1.24925     -2.93645
          2        2.5          7     10.5817     439.063   0.00448789    0.0745678 -4.66697e-08      1.13198     -1.90513
        2.5        9.9          7     10.5583     237.966      1.02387  3.07531e-08 -7.00711e-10      1.38858     -3.61516
[alpha1]
{1 JetEta 1 JetPt ((([0]+([1]*log(x)))+([2]*sq(log(x))))+([3]*(log(x)^3)))+([4]*(log(x)^4)) PAR2 \alpha_1}
       -9.9       -2.5          7     10.5583     237.966     -57.9959      63.0359      -24.324      4.18891    -0.272105
       -2.5         -2          7     10.5817     439.063      7.20052     -5.19708      1.56756    -0.146829    0.0005162
         -2       -1.5          7     10.5791     827.962     -2.61529      2.61483    -0.560796    0.0426471 -0.000456264
       -1.5         -1          7     10.5646     1133.66    -0.237325     0.677758   -0.0293402   -0.0172439   0.00177827
         -1       -0.5          7      10.593     2611.31      -5.3421       5.5188     -1.69617     0.228251   -0.0113188
       -0.5          0          7     10.5852     2738.45     -2.75582       3.1935    -0.939304     0.124438  -0.00621755
          0        0.5          7     10.5852     2738.45     -2.75582       3.1935    -0.939304     0.124438  -0.00621755
        0.5          1          7      10.593     2611.31      -5.3421       5.5188     -1.69617     0.228251   -0.0113188
          1        1.5          7     10.5646     1133.66    -0.237325     0.677758   -0.0293402   -0.0172439   0.00177827
        1.5          2          7     10.5791     827.962     -2.61529      2.61483    -0.560796    0.0426471 -0.000456264
          2        2.5          7     10.5817     439.063      7.20052     -5.19708      1.56756    -0.146829    0.0005162
        2.5        9.9          7     10.5583     237.966     -57.9959      63.0359      -24.324      4.18891    -0.272105
[alpha2]
{1 JetEta 1 JetPt ((([0]+([1]*log(x)))+([2]*sq(log(x))))+([3]*(log(x)^3)))+([4]*(log(x)^4)) PAR3 \alpha_2}
       -9.9       -2.5          7     10.5583     237.966        13004     -15765.4      7130.45     -1426.06      106.431
       -2.5         -2          7     10.5817     439.063       -6.779      10.4871     -5.06465      1.01164   -0.0704533
         -2       -1.5          7     10.5791     827.962     -2.73796      2.78781    -0.681361     0.068202  -0.00205109
       -1.5         -1          7     10.5646     1133.66      3.00629     -2.54543      1.07707     -0.18182    0.0108553
         -1       -0.5          7      10.593     2611.31     -3.84207      3.87701     -1.09909     0.137208  -0.00633445
       -0.5          0          7     10.5852     2738.45    -0.894876     0.936019    -0.147877    0.0133089 -0.000746021
          0        0.5          7     10.5852     2738.45    -0.894876     0.936019    -0.147877    0.0133089 -0.000746021
        0.5          1          7      10.593     2611.31     -3.84207      3.87701     -1.09909     0.137208  -0.00633445
          1        1.5          7     10.5646     1133.66      3.00629     -2.54543      1.07707     -0.18182    0.0108553
        1.5          2          7     10.5791     827.962     -2.73796      2.78781    -0.681361     0.068202  -0.00205109
          2        2.5          7     10.5817     439.063       -6.779      10.4871     -5.06465      1.01164   -0.0704533
        2.5        9.9          7     10.5583     237.966        13004     -15765.4      7130.45     -1426.06      106.431
