######################################################
## auto generated file containing JER resolutions     
## produced: Mon Jun 21 18:25:09 2010
## by JetMETAnalysis/JetAnalyzers/bin/JERWriter.h  
######################################################

######################################################
## ERA: Spring10  ALG: ak5calol2l3  TYPE: JetEta
######################################################

[resolution]
{1 JetEta 1 RefPt DSCB Resolution mean:sigma:aone:pone:atwo:ptwo}
-5. 5. 3 0. 99999. 1.
[mean]
{1 JetEta 1 RefPt [0] PAR0 \mu}
-9.9 9.9 3 0. 99999. 1.
[sigma]
{1 JetEta 1 RefPt sqrt(((TMath::Sign(1,[0])*sq([0]/x))+(sq([1])*(x^([3]-1))))+sq([2])) PAR1 \sigma}
-9.9 -4.5 6 0. 99999. 4.87285 0.000477649 0 -0.841617
-4.5 -4 6 0. 99999. 2.27553 0.103154 0 0.900119
-4 -3.5 6 0. 99999. 2.25641 0.148162 0 0.781471
-3.5 -3 6 0. 99999. 3.78452 0.116713 0 0.988197
-3 -2.5 6 0. 99999. 2.59292 0.357679 0 0.321092
-2.5 -2 6 0. 99999. 4.06368 0.351561 0 0.356167
-2 -1.5 6 0. 99999. 3.37322 0.96262 0 0.0860736
-1.5 -1 6 0. 99999. 4.95729 0.574202 0 0.32344
-1 -0.5 6 0. 99999. 4.93688 0.543349 0 0.310638
-0.5 -0 6 0. 99999. 5.0913 0.511619 0 0.325477
0 0.5 6 0. 99999. 5.0913 0.511619 0 0.325477
0.5 1 6 0. 99999. 4.93688 0.543349 0 0.310638
1 1.5 6 0. 99999. 4.95729 0.574202 0 0.32344
1.5 2 6 0. 99999. 3.37322 0.96262 0 0.0860736
2 2.5 6 0. 99999. 4.06368 0.351561 0 0.356167
2.5 3 6 0. 99999. 2.59292 0.357679 0 0.321092
3 3.5 6 0. 99999. 3.78452 0.116713 0 0.988197
3.5 4 6 0. 99999. 2.25641 0.148162 0 0.781471
4 4.5 6 0. 99999. 2.27553 0.103154 0 0.900119
4.5 9.9 6 0. 99999. 4.87285 0.000477649 0 -0.841617
[aone]
{1 JetEta 1 RefPt [0] PAR2 Aone}
-9.9 -4.5 3 0. 99999. 1.92608
-4.5 -4 3 0. 99999. 3.12286
-4 -3.5 3 0. 99999. 3.16781
-3.5 -3 3 0. 99999. 3.9169
-3 -2.5 3 0. 99999. 2.40618
-2.5 -2 3 0. 99999. 1.97337
-2 -1.5 3 0. 99999. 2.42718
-1.5 -1 3 0. 99999. 2.63871
-1 -0.5 3 0. 99999. 2.50937
-0.5 -0 3 0. 99999. 2.34053
0 0.5 3 0. 99999. 2.34053
0.5 1 3 0. 99999. 2.50937
1 1.5 3 0. 99999. 2.63871
1.5 2 3 0. 99999. 2.42718
2 2.5 3 0. 99999. 1.97337
2.5 3 3 0. 99999. 2.40618
3 3.5 3 0. 99999. 3.9169
3.5 4 3 0. 99999. 3.16781
4 4.5 3 0. 99999. 3.12286
4.5 9.9 3 0. 99999. 1.92608
[pone]
{1 JetEta 1 RefPt TMath::Max(0.0,([0]-[3])/(1.+exp([1]*(x-[2])))+[3]) PAR3 Pone}
-9.9 -4.5 6 0. 99999. 25 0.0480338 31.6931 -11.5904
-4.5 -4 6 0. 99999. 25 -0.645265 48.1782 -44.7748
-4 -3.5 6 0. 99999. 25 0.355157 90.5258 -31.5533
-3.5 -3 6 0. 99999. 25 0.355157 90.5258 -31.5533
-3 -2.5 6 0. 99999. 25 0.00980142 188.986 -6.36574
-2.5 -2 6 0. 99999. 25 0.0370348 133.255 2.60046
-2 -1.5 6 0. 99999. 25 0.00170585 848.163 -24.194
-1.5 -1 6 0. 99999. 25 0.0030133 14.243 0.249956
-1 -0.5 6 0. 99999. 25 0.00611719 77.7063 2.34785
-0.5 -0 6 0. 99999. 25 0.00506323 3.2321 2.26323
0 0.5 6 0. 99999. 25 0.00506323 3.2321 2.26323
0.5 1 6 0. 99999. 25 0.00611719 77.7063 2.34785
1 1.5 6 0. 99999. 25 0.0030133 14.243 0.249956
1.5 2 6 0. 99999. 25 0.00170585 848.163 -24.194
2 2.5 6 0. 99999. 25 0.0370348 133.255 2.60046
2.5 3 6 0. 99999. 25 0.00980142 188.986 -6.36574
3 3.5 6 0. 99999. 25 0.00980142 188.986 -6.36574
3.5 4 6 0. 99999. 25 0.355157 90.5258 -31.5533
4 4.5 6 0. 99999. 25 -0.645265 48.1782 -44.7748
4.5 9.9 6 0. 99999. 25 0.0480338 31.6931 -11.5904
[atwo]
{1 JetEta 1 RefPt [0]*x^[1] PAR4 Atwo}
-9.9 -4.5 4 0. 99999. 0.891537 0.263298
-4.5 -4 4 0. 99999. 40.634 -0.738713
-4 -3.5 4 0. 99999. 3.03917 -0.065167
-3.5 -3 4 0. 99999. 0.763311 0.223152
-3 -2.5 4 0. 99999. 1.72302 0.136958
-2.5 -2 4 0. 99999. 2.75712 0.0430583
-2 -1.5 4 0. 99999. 2.22494 0.0825673
-1.5 -1 4 0. 99999. 0.60303 0.292447
-1 -0.5 4 0. 99999. 1.33406 0.150712
-0.5 -0 4 0. 99999. 1.11332 0.179983
0 0.5 4 0. 99999. 1.11332 0.179983
0.5 1 4 0. 99999. 1.33406 0.150712
1 1.5 4 0. 99999. 0.60303 0.292447
1.5 2 4 0. 99999. 2.22494 0.0825673
2 2.5 4 0. 99999. 2.75712 0.0430583
2.5 3 4 0. 99999. 1.72302 0.136958
3 3.5 4 0. 99999. 0.763311 0.223152
3.5 4 4 0. 99999. 3.03917 -0.065167
4 4.5 4 0. 99999. 40.634 -0.738713
4.5 9.9 4 0. 99999. 0.891537 0.263298
[ptwo]
{1 JetEta 1 RefPt TMath::Max(0.0,([0]-[3])/(1.+exp([1]*(x-[2])))+[3]) PAR5 Ptwo}
-9.9 -4.5 6 0. 99999. 25 0.112576 57.4413 -74.8124
-4.5 -4 6 0. 99999. 25 0.112576 57.4413 -74.8124
-4 -3.5 6 0. 99999. 25 0.311431 127.01 -21.8855
-3.5 -3 6 0. 99999. 25 0.00497848 -1909.74 25
-3 -2.5 6 0. 99999. 25 0.258004 45.5234 6.80867
-2.5 -2 6 0. 99999. 25 1.94062 56.0229 4.75641
-2 -1.5 6 0. 99999. 25 0.882577 105.343 3.83079
-1.5 -1 6 0. 99999. 25 0.252371 178.204 6.1961
-1 -0.5 6 0. 99999. 25 0.0616304 109.189 6.84831
-0.5 -0 6 0. 99999. 25 0.275557 130.795 3.26736
0 0.5 6 0. 99999. 25 0.275557 130.795 3.26736
0.5 1 6 0. 99999. 25 0.0616304 109.189 6.84831
1 1.5 6 0. 99999. 25 0.252371 178.204 6.1961
1.5 2 6 0. 99999. 25 0.882577 105.343 3.83079
2 2.5 6 0. 99999. 25 1.94062 56.0229 4.75641
2.5 3 6 0. 99999. 25 0.258004 45.5234 6.80867
3 3.5 6 0. 99999. 25 0.00497848 -1909.74 25
3.5 4 6 0. 99999. 25 0.311431 127.01 -21.8855
4 4.5 6 0. 99999. 25 0.311431 127.01 -21.8855
4.5 9.9 6 0. 99999. 25 0.112576 57.4413 -74.8124
