######################################################
## auto generated file containing JER resolutions     
## produced: Mon Jun 21 18:25:09 2010
## by JetMETAnalysis/JetAnalyzers/bin/JERWriter.h  
######################################################

######################################################
## ERA: Spring10  ALG: ak5calol2l3  TYPE: JetY
######################################################

[resolution]
{1 JetY 1 RefPt DSCB Resolution mean:sigma:aone:pone:atwo:ptwo}
-5. 5. 3 0. 99999. 1.
[mean]
{1 JetY 1 RefPt [0] PAR0 \mu}
-9.9 9.9 3 0. 99999. 1.
[sigma]
{1 JetY 1 RefPt sqrt(((TMath::Sign(1,[0])*sq([0]/x))+(sq([1])*(x^([3]-1))))+sq([2])) PAR1 \sigma}
-9.9 -4.5 6 0. 99999. 4.92586 0.000273099 0 -0.898778
-4.5 -4 6 0. 99999. 2.33927 0.0947278 0 0.941644
-4 -3.5 6 0. 99999. 2.09257 0.163444 0 0.735771
-3.5 -3 6 0. 99999. 3.88075 0.100687 0 1.05178
-3 -2.5 6 0. 99999. 2.52898 0.375218 0 0.3039
-2.5 -2 6 0. 99999. 3.97474 0.353001 0 0.352717
-2 -1.5 6 0. 99999. 4.04032 0.879244 0 0.112991
-1.5 -1 6 0. 99999. 4.95727 0.580044 0 0.320015
-1 -0.5 6 0. 99999. 4.91585 0.546476 0 0.309186
-0.5 -0 6 0. 99999. 5.06874 0.514631 0 0.323767
0 0.5 6 0. 99999. 5.06874 0.514631 0 0.323767
0.5 1 6 0. 99999. 4.91585 0.546476 0 0.309186
1 1.5 6 0. 99999. 4.95727 0.580044 0 0.320015
1.5 2 6 0. 99999. 4.04032 0.879244 0 0.112991
2 2.5 6 0. 99999. 3.97474 0.353001 0 0.352717
2.5 3 6 0. 99999. 2.52898 0.375218 0 0.3039
3 3.5 6 0. 99999. 3.88075 0.100687 0 1.05178
3.5 4 6 0. 99999. 2.09257 0.163444 0 0.735771
4 4.5 6 0. 99999. 2.33927 0.0947278 0 0.941644
4.5 9.9 6 0. 99999. 4.92586 0.000273099 0 -0.898778
[aone]
{1 JetY 1 RefPt [0] PAR2 Aone}
-9.9 -4.5 3 0. 99999. 1.41013
-4.5 -4 3 0. 99999. 3.19246
-4 -3.5 3 0. 99999. 2.94874
-3.5 -3 3 0. 99999. 4.07017
-3 -2.5 3 0. 99999. 2.29906
-2.5 -2 3 0. 99999. 2.10725
-2 -1.5 3 0. 99999. 2.41922
-1.5 -1 3 0. 99999. 2.81892
-1 -0.5 3 0. 99999. 2.43419
-0.5 -0 3 0. 99999. 2.34435
0 0.5 3 0. 99999. 2.34435
0.5 1 3 0. 99999. 2.43419
1 1.5 3 0. 99999. 2.81892
1.5 2 3 0. 99999. 2.41922
2 2.5 3 0. 99999. 2.10725
2.5 3 3 0. 99999. 2.29906
3 3.5 3 0. 99999. 4.07017
3.5 4 3 0. 99999. 2.94874
4 4.5 3 0. 99999. 3.19246
4.5 9.9 3 0. 99999. 1.41013
[pone]
{1 JetY 1 RefPt TMath::Max(0.0,([0]-[3])/(1.+exp([1]*(x-[2])))+[3]) PAR3 Pone}
-9.9 -4.5 6 0. 99999. 25 0.027584 13.8605 -6.24308
-4.5 -4 6 0. 99999. 25 -0.546702 45.2488 -203.531
-4 -3.5 6 0. 99999. 25 1.49603 73.7239 5.51523
-3.5 -3 6 0. 99999. 25 1.49603 73.7239 5.51523
-3 -2.5 6 0. 99999. 25 0.0223913 153.905 0.410994
-2.5 -2 6 0. 99999. 25 0.0315755 121.657 1.95436
-2 -1.5 6 0. 99999. 25 0.0315755 121.657 1.95436
-1.5 -1 6 0. 99999. 25 0.00464602 93.3876 1.1885
-1 -0.5 6 0. 99999. 25 0.0125762 133.43 5.40784
-0.5 -0 6 0. 99999. 25 0.00506751 2.85905 2.28027
0 0.5 6 0. 99999. 25 0.00506751 2.85905 2.28027
0.5 1 6 0. 99999. 25 0.0125762 133.43 5.40784
1 1.5 6 0. 99999. 25 0.00464602 93.3876 1.1885
1.5 2 6 0. 99999. 25 0.00464602 93.3876 1.1885
2 2.5 6 0. 99999. 25 0.0315755 121.657 1.95436
2.5 3 6 0. 99999. 25 0.0223913 153.905 0.410994
3 3.5 6 0. 99999. 25 0.0223913 153.905 0.410994
3.5 4 6 0. 99999. 25 1.49603 73.7239 5.51523
4 4.5 6 0. 99999. 25 -0.546702 45.2488 -203.531
4.5 9.9 6 0. 99999. 25 0.027584 13.8605 -6.24308
[atwo]
{1 JetY 1 RefPt [0]*x^[1] PAR4 Atwo}
-9.9 -4.5 4 0. 99999. 17.5643 -0.556812
-4.5 -4 4 0. 99999. 77.2635 -0.915231
-4 -3.5 4 0. 99999. 2.91238 -0.0550525
-3.5 -3 4 0. 99999. 0.742695 0.23302
-3 -2.5 4 0. 99999. 1.86998 0.117067
-2.5 -2 4 0. 99999. 3.9657 -0.0387169
-2 -1.5 4 0. 99999. 2.7073 0.0469802
-1.5 -1 4 0. 99999. 0.61794 0.28881
-1 -0.5 4 0. 99999. 1.34042 0.150444
-0.5 -0 4 0. 99999. 1.10351 0.181077
0 0.5 4 0. 99999. 1.10351 0.181077
0.5 1 4 0. 99999. 1.34042 0.150444
1 1.5 4 0. 99999. 0.61794 0.28881
1.5 2 4 0. 99999. 2.7073 0.0469802
2 2.5 4 0. 99999. 3.9657 -0.0387169
2.5 3 4 0. 99999. 1.86998 0.117067
3 3.5 4 0. 99999. 0.742695 0.23302
3.5 4 4 0. 99999. 2.91238 -0.0550525
4 4.5 4 0. 99999. 77.2635 -0.915231
4.5 9.9 4 0. 99999. 17.5643 -0.556812
[ptwo]
{1 JetY 1 RefPt TMath::Max(0.0,([0]-[3])/(1.+exp([1]*(x-[2])))+[3]) PAR5 Ptwo}
-9.9 -4.5 6 0. 99999. 25 0.0649236 38.3078 -12.7623
-4.5 -4 6 0. 99999. 25 0.615756 70.1887 -524.478
-4 -3.5 6 0. 99999. 25 0.32164 126.324 -19.4284
-3.5 -3 6 0. 99999. 25 0.00498907 -1839.42 25
-3 -2.5 6 0. 99999. 25 1.17823 50.4475 6.28518
-2.5 -2 6 0. 99999. 25 2.69538 54.977 5.60175
-2 -1.5 6 0. 99999. 25 0.439627 149.082 4.3369
-1.5 -1 6 0. 99999. 25 0.241784 181.051 6.37724
-1 -0.5 6 0. 99999. 25 0.0792495 104.315 6.82327
-0.5 -0 6 0. 99999. 25 0.271759 131.024 3.27173
0 0.5 6 0. 99999. 25 0.271759 131.024 3.27173
0.5 1 6 0. 99999. 25 0.0792495 104.315 6.82327
1 1.5 6 0. 99999. 25 0.241784 181.051 6.37724
1.5 2 6 0. 99999. 25 0.439627 149.082 4.3369
2 2.5 6 0. 99999. 25 2.69538 54.977 5.60175
2.5 3 6 0. 99999. 25 1.17823 50.4475 6.28518
3 3.5 6 0. 99999. 25 0.00498907 -1839.42 25
3.5 4 6 0. 99999. 25 0.32164 126.324 -19.4284
4 4.5 6 0. 99999. 25 0.615756 70.1887 -524.478
4.5 9.9 6 0. 99999. 25 0.0649236 38.3078 -12.7623
