[resolution]
{1 JetEta 1 JetPt GaussAlpha1Alpha2 Resolution mean:sigma:alpha1:alpha2}
-5. 5. 3 0. 99999. 1.
[mean]
{1 JetEta 1 JetPt [0] PAR0 \mu}
-5. 5. 3 0. 99999. 0.
[sigma]
{1 JetEta 1 JetPt (sqrt((sq([0]/x)+(sq([1])/x))+sq([2]))+([3]/x))+(([4]/x)/sqrt(x)) PAR1 \sigma}
         -5       -4.5          7     10.6208     30.0864 -1.33452e-05    0.0609677  1.95372e-06     0.524578            0
       -4.5         -4          7      10.603      49.836      77.6042 -0.000337583     0.144643     -76.8398    -0.868223
         -4       -3.5          7     10.6259     99.0386      162.233   0.00205935     -0.19098      -161.47     -0.60724
       -3.5         -3          7     10.6351     169.761      3.65904     0.383937  6.35025e-07     -3.16364   -0.0878342
         -3       -2.5          7      10.649     236.322   0.00340658     0.109246  3.64522e-09     0.550857    -0.658283
       -2.5         -2          7     10.6447     438.481      133.096     0.882462   -0.0433742     -132.038     -1.32728
         -2       -1.5          7     10.6372     827.442      1.18805  1.24405e-07  -0.00577936     0.268594     -2.07413
       -1.5         -1          7     10.6496     1131.44      0.92014    0.0539221  -0.00425142     0.434354     -1.48142
         -1       -0.5          7     10.6488     2185.44      6.38329    -0.164786  -0.00649776     -5.16165     -1.23696
       -0.5          0          7     10.6558     2738.11      16.4228    -0.311255  -0.00841299     -15.4203    -0.480515
          0        0.5          7     10.6558     2738.11      16.4228    -0.311255  -0.00841299     -15.4203    -0.480515
        0.5          1          7     10.6488     2185.44      6.38329    -0.164786  -0.00649776     -5.16165     -1.23696
          1        1.5          7     10.6496     1131.44      0.92014    0.0539221  -0.00425142     0.434354     -1.48142
        1.5          2          7     10.6372     827.442      1.18805  1.24405e-07  -0.00577936     0.268594     -2.07413
          2        2.5          7     10.6447     438.481      133.096     0.882462   -0.0433742     -132.038     -1.32728
        2.5          3          7      10.649     236.322   0.00340658     0.109246  3.64522e-09     0.550857    -0.658283
          3        3.5          7     10.6351     169.761      3.65904     0.383937  6.35025e-07     -3.16364   -0.0878342
        3.5          4          7     10.6259     99.0386      162.233   0.00205935     -0.19098      -161.47     -0.60724
          4        4.5          7      10.603      49.836      77.6042 -0.000337583     0.144643     -76.8398    -0.868223
        4.5          5          7     10.6208     30.0864 -1.33452e-05    0.0609677  1.95372e-06     0.524578            0
[alpha1]
{1 JetEta 1 JetPt ((([0]+([1]*log(x)))+([2]*sq(log(x))))+([3]*(log(x)^3)))+([4]*(log(x)^4)) PAR2 \alpha_1}
         -5	  -4.5  	7     10.6208	  30.0864     -119.614      124.252     -41.5407      4.57137		 0
       -4.5	    -4  	7      10.603	   49.836     -396.564      524.942     -256.805      55.4366	  -4.45486
         -4	  -3.5  	7     10.6259	  99.0386     -106.664       126.65     -54.6689      10.3983	 -0.736112
       -3.5	    -3  	7     10.6351	  169.761      8.60439     -8.03668      2.76358    -0.224169   -0.0139827
         -3	  -2.5  	7      10.649	  236.322      54.1466     -61.1486      25.4948     -4.47866	  0.281856
       -2.5	    -2  	7     10.6447	  438.481      25.2156     -27.5073      11.3199       -1.964	  0.123103
         -2	  -1.5  	7     10.6372	  827.442     -2.00406       2.7434     -0.79208     0.116831  -0.00709084
       -1.5	    -1  	7     10.6496	  1131.44      15.3181     -14.3306      5.45533    -0.869108	 0.0494939
         -1	  -0.5  	7     10.6488	  2185.44    -0.293957     0.975031    0.0157158   -0.0418623	 0.0040828
       -0.5	     0  	7     10.6558	  2738.11      1.93522     0.184903   -0.0247023  -0.00957792   0.00164648
          0	   0.5  	7     10.6558	  2738.11      1.93522     0.184903   -0.0247023  -0.00957792   0.00164648
        0.5	     1  	7     10.6488	  2185.44    -0.293957     0.975031    0.0157158   -0.0418623	 0.0040828
          1	   1.5  	7     10.6496	  1131.44      15.3181     -14.3306	 5.45533    -0.869108	 0.0494939
        1.5	     2  	7     10.6372	  827.442     -2.00406       2.7434     -0.79208     0.116831  -0.00709084
          2	   2.5  	7     10.6447	  438.481      25.2156     -27.5073	 11.3199       -1.964	  0.123103
        2.5	     3  	7      10.649	  236.322      54.1466     -61.1486	 25.4948     -4.47866	  0.281856
          3	   3.5  	7     10.6351	  169.761      8.60439     -8.03668	 2.76358    -0.224169   -0.0139827
        3.5	     4  	7     10.6259	  99.0386     -106.664       126.65     -54.6689      10.3983	 -0.736112
          4	   4.5  	7      10.603	   49.836     -396.564      524.942     -256.805      55.4366	  -4.45486
        4.5	     5  	7     10.6208	  30.0864     -119.614      124.252     -41.5407      4.57137		 0
[alpha2]
{1 JetEta 1 JetPt ((([0]+([1]*log(x)))+([2]*sq(log(x))))+([3]*(log(x)^3)))+([4]*(log(x)^4)) PAR3 \alpha_2}
        -5	 -4.5	       7     10.6208	 30.0864       -40.09	   43.3777     -14.6587      1.61709            0
      -4.5	   -4	       7      10.603	  49.836      59.3894	   -76.032      36.3315     -7.49221	 0.566615
        -4	 -3.5	       7     10.6259	 99.0386      -157.24	   195.787     -88.8168      17.6114	 -1.28509
      -3.5	   -3	       7     10.6351	 169.761     -4.29352	   11.6017     -7.65609      2.10926    -0.198454
        -3	 -2.5	       7      10.649	 236.322      72.3504	  -83.7602      36.1994     -6.73909     0.455871
      -2.5	   -2	       7     10.6447	 438.481      14.4889	  -14.9083      6.08424     -1.03571    0.0639329
        -2	 -1.5	       7     10.6372	 827.442    -0.208686	   1.00665    -0.113572  -0.00883921    0.0022331
      -1.5	   -1	       7     10.6496	 1131.44      10.8429	  -9.49752      3.44799    -0.531711    0.0299935
        -1	 -0.5	       7     10.6488	 2185.44    -0.506083	   1.11146    -0.129043   -0.0128437   0.00252816
      -0.5	    0	       7     10.6558	 2738.11      1.10174	 -0.333261      0.29641   -0.0628209    0.0045023
         0	  0.5	       7     10.6558	 2738.11      1.10174	 -0.333261      0.29641   -0.0628209    0.0045023
       0.5	    1	       7     10.6488	 2185.44    -0.506083	   1.11146    -0.129043   -0.0128437   0.00252816
         1	  1.5	       7     10.6496	 1131.44      10.8429	  -9.49752      3.44799    -0.531711    0.0299935
       1.5	    2	       7     10.6372	 827.442    -0.208686	   1.00665    -0.113572  -0.00883921    0.0022331
         2	  2.5	       7     10.6447	 438.481      14.4889	  -14.9083      6.08424     -1.03571    0.0639329
       2.5	    3	       7      10.649	 236.322      72.3504	  -83.7602      36.1994     -6.73909	 0.455871
         3	  3.5	       7     10.6351	 169.761     -4.29352	   11.6017     -7.65609      2.10926   -0.198454
       3.5	    4	       7     10.6259	 99.0386      -157.24	   195.787     -88.8168      17.6114	 -1.28509
         4	  4.5	       7      10.603	  49.836      59.3894	   -76.032      36.3315     -7.49221	 0.566615
       4.5	    5	       7     10.6208	 30.0864       -40.09	   43.3777     -14.6587      1.61709            0
