[resolution]
{1 JetEta 1 JetPt GaussAlpha Resolution mean:sigma:alpha}
-5. 5. 3 0. 99999. 1.
[mean]
{1 JetEta 1 JetPt [0] PAR0 \mu}
-5. 5. 3 0. 99999. 0.
[sigma]
{1 JetEta 1 JetPt (sqrt((sq([0]/x)+(sq([1])/x))+sq([2]))+([3]/x))+(([4]/x)/sqrt(x)) PAR1 \sigma}
       -9.9       -4.5          7     10.6208     30.0864      741.093 -0.000103035    -0.398623     -740.577            0
       -4.5         -4          7      10.603      49.836     0.175297     0.173888  6.71304e-07    -0.675665      1.86947
         -4       -3.5          7     10.6259     99.0386     0.961258 -1.70019e-05    0.0118922     0.294182     -2.71682
       -3.5         -3          7     10.6351     169.761      1.29947  1.04692e-06    0.0268724    -0.510586     0.131677
         -3       -2.5          7      10.649     236.322      5.00456  -4.8372e-06   -0.0185587     -4.05555    -0.389462
       -2.5         -2          7     10.6447     438.481      1.83718     0.133616  -0.00574326    -0.757949     0.167915
         -2       -1.5          7     10.6372     827.442   0.00501511    0.0633078   0.00254891      1.29663      1.85608
       -1.5         -1          7     10.6496     1131.44     0.449059 -3.77552e-07  -0.00280301      1.93043    -0.825798
         -1       -0.5          7     10.6488     2185.44      2.31019    0.0358169  -0.00434855     0.146925     -1.76481
       -0.5          0          7     10.6558     2738.11      132.476    -0.732135   -0.0152018     -130.144     -1.45943
          0        0.5          7     10.6558     2738.11      132.476    -0.732135   -0.0152018     -130.144     -1.45943
        0.5          1          7     10.6488     2185.44      2.31019    0.0358169  -0.00434855     0.146925     -1.76481
          1        1.5          7     10.6496     1131.44     0.449059 -3.77552e-07  -0.00280301      1.93043    -0.825798
        1.5          2          7     10.6372     827.442   0.00501511    0.0633078   0.00254891      1.29663      1.85608
          2        2.5          7     10.6447     438.481      1.83718     0.133616  -0.00574326    -0.757949     0.167915
        2.5          3          7      10.649     236.322      5.00456  -4.8372e-06   -0.0185587     -4.05555    -0.389462
          3        3.5          7     10.6351     169.761      1.29947  1.04692e-06    0.0268724    -0.510586     0.131677
        3.5          4          7     10.6259     99.0386     0.961258 -1.70019e-05    0.0118922     0.294182     -2.71682
          4        4.5          7      10.603      49.836     0.175297     0.173888  6.71304e-07    -0.675665      1.86947
        4.5        9.9          7     10.6208     30.0864      741.093 -0.000103035    -0.398623     -740.577            0
[alpha]
{1 JetEta 1 JetPt ((([0]+([1]*log(x)))+([2]*sq(log(x))))+([3]*(log(x)^3)))+([4]*(log(x)^4)) PAR2 \alpha}
       -9.9       -4.5          7     10.6208     30.0864     -179.978      189.641     -65.0716      7.34109            0
       -4.5         -4          7      10.603      49.836     -200.205      270.555     -134.666      29.5429     -2.40668
         -4       -3.5          7     10.6259     99.0386     -7.30243      8.30361     -3.81883      1.02807     -0.10713
       -3.5         -3          7     10.6351     169.761     -83.9491      109.214     -51.2849      10.4858    -0.780951
         -3       -2.5          7      10.649     236.322      19.4945     -21.8929      9.77227      -1.8755     0.132729
       -2.5         -2          7     10.6447     438.481      36.0046     -35.5631      13.2289     -2.08955     0.119603
         -2       -1.5          7     10.6372     827.442      25.9373     -21.9363      7.18454     -1.00125    0.0504467
       -1.5         -1          7     10.6496     1131.44      11.3157     -7.95028      2.46746    -0.332291    0.0165745
         -1       -0.5          7     10.6488     2185.44      9.24382     -6.58833       2.1853     -0.31235    0.0164071
       -0.5          0          7     10.6558     2738.11      7.25234     -4.57187      1.46378     -0.20185    0.0102628
          0        0.5          7     10.6558     2738.11      7.25234     -4.57187      1.46378     -0.20185    0.0102628
        0.5          1          7     10.6488     2185.44      9.24382     -6.58833       2.1853     -0.31235    0.0164071
          1        1.5          7     10.6496     1131.44      11.3157     -7.95028      2.46746    -0.332291    0.0165745
        1.5          2          7     10.6372     827.442      25.9373     -21.9363      7.18454     -1.00125    0.0504467
          2        2.5          7     10.6447     438.481      36.0046     -35.5631      13.2289     -2.08955     0.119603
        2.5          3          7      10.649     236.322      19.4945     -21.8929      9.77227      -1.8755     0.132729
          3        3.5          7     10.6351     169.761     -83.9491      109.214     -51.2849      10.4858    -0.780951
        3.5          4          7     10.6259     99.0386     -7.30243      8.30361     -3.81883      1.02807     -0.10713
          4        4.5          7      10.603      49.836     -200.205      270.555     -134.666      29.5429     -2.40668
        4.5        9.9          7     10.6208     30.0864     -179.978      189.641     -65.0716      7.34109            0
