[resolution]
{1 JetEta 1 JetPt GaussAlpha Resolution mean:sigma:alpha}
-5. 5. 3 0. 99999. 1.
[mean]
{1 JetEta 1 JetPt [0] PAR0 \mu}
-5. 5. 3 0. 99999. 0.
[sigma]
{1 JetEta 1 JetPt (sqrt((sq([0]/x)+(sq([1])/x))+sq([2]))+([3]/x))+(([4]/x)/sqrt(x)) PAR1 \sigma}
       -9.9       -2.5          7     10.5583     237.966    0.0316506     0.340783  6.94842e-10     -1.69811      4.83703
       -2.5         -2          7     10.5817     439.063 -4.19634e-05    0.0419593  3.35155e-10      1.50105     -3.54161
         -2       -1.5          7     10.5791     827.962      1.02379 -6.32652e-08  -0.00378444     0.296853     -2.90127
       -1.5         -1          7     10.5646     1133.66      439.833      1.35003   -0.0424967     -438.748     -2.22897
         -1       -0.5          7      10.593     2611.31      201.452      1.02266   -0.0210365     -200.481     -1.87634
       -0.5          0          7     10.5852     2738.45      148.235    -0.892746   -0.0180085     -147.288     -1.90561
          0        0.5          7     10.5852     2738.45      148.235    -0.892746   -0.0180085     -147.288     -1.90561
        0.5          1          7      10.593     2611.31      201.452      1.02266   -0.0210365     -200.481     -1.87634
          1        1.5          7     10.5646     1133.66      439.833      1.35003   -0.0424967     -438.748     -2.22897
        1.5          2          7     10.5791     827.962      1.02379 -6.32652e-08  -0.00378444     0.296853     -2.90127
          2        2.5          7     10.5817     439.063 -4.19634e-05    0.0419593  3.35155e-10      1.50105     -3.54161
        2.5        9.9          7     10.5583     237.966    0.0316506     0.340783  6.94842e-10     -1.69811      4.83703
[alpha]
{1 JetEta 1 JetPt ((([0]+([1]*log(x)))+([2]*sq(log(x))))+([3]*(log(x)^3)))+([4]*(log(x)^4)) PAR2 \alpha}
       -9.9       -2.5          7     10.5583     237.966      15.7051     -12.3522      3.56954    -0.399884    0.0126516
       -2.5         -2          7     10.5817     439.063       35.037     -36.7376      14.2432     -2.34614     0.139772
         -2       -1.5          7     10.5791     827.962     -7.09136      6.72365     -1.87923     0.207685  -0.00689969
       -1.5         -1          7     10.5646     1133.66      3.55344     -2.99321        1.201    -0.192436    0.0108659
         -1       -0.5          7      10.593     2611.31      1.36558    -0.491548      0.19472   -0.0222391  0.000591385
       -0.5          0          7     10.5852     2738.45     0.836699  -0.00160451   0.00705814   0.00819404  -0.00111838
          0        0.5          7     10.5852     2738.45     0.836699  -0.00160451   0.00705814   0.00819404  -0.00111838
        0.5          1          7      10.593     2611.31      1.36558    -0.491548      0.19472   -0.0222391  0.000591385
          1        1.5          7     10.5646     1133.66      3.55344     -2.99321        1.201    -0.192436    0.0108659
        1.5          2          7     10.5791     827.962     -7.09136      6.72365     -1.87923     0.207685  -0.00689969
          2        2.5          7     10.5817     439.063       35.037     -36.7376      14.2432     -2.34614     0.139772
        2.5        9.9          7     10.5583     237.966      15.7051     -12.3522      3.56954    -0.399884    0.0126516
