[resolution]
{1 JetEta 1 JetPt GaussAlpha Resolution mean:sigma:alpha}
-5. 5. 3 0. 99999. 1.
[mean]
{1 JetEta 1 JetPt [0] PAR0 \mu}
-5. 5. 3 0. 99999. 0.
[sigma]
{1 JetEta 1 JetPt (sqrt((sq([0]/x)+(sq([1])/x))+sq([2]))+([3]/x))+(([4]/x)/sqrt(x)) PAR1 \sigma}
       -9.9       -4.5          7     10.6035      30.088      259.189   0.00132792    -0.311411     -258.647            0
       -4.5         -4          7     10.6021     49.8305     0.765787 -3.90638e-06 -4.70224e-08      0.11831      -1.4675
         -4       -3.5          7     10.6136      99.049      2.11446     0.203329   -0.0175832     -1.67946  -0.00853474
       -3.5         -3          7     10.6415     130.192       1.9027 -4.56986e-06    0.0304793     -1.09124    -0.136402
         -3       -2.5          7     10.6291     235.896      11.1957     0.643236   0.00711422     -10.7613     0.280927
       -2.5         -2          7     10.6296     439.302   0.00336639    0.0880209   -0.0023084     0.214304    -0.416353
         -2       -1.5          7     10.6291     828.554  2.92001e-07    0.0718389  -0.00385579     0.403668     -0.62698
       -1.5         -1          7     10.6191     1130.72      0.38469    0.0755727   -0.0044353     0.453887      -1.8947
         -1       -0.5          7     10.6399      2183.6  3.32512e-06     0.063941  -0.00387593     0.301932    -0.825352
       -0.5          0          7     10.6361     2738.28      926.978      2.52747    0.0304001     -926.224     -1.94117
          0        0.5          7     10.6361     2738.28      926.978      2.52747    0.0304001     -926.224     -1.94117
        0.5          1          7     10.6399      2183.6  3.32512e-06     0.063941  -0.00387593     0.301932    -0.825352
          1        1.5          7     10.6191     1130.72      0.38469    0.0755727   -0.0044353     0.453887      -1.8947
        1.5          2          7     10.6291     828.554  2.92001e-07    0.0718389  -0.00385579     0.403668     -0.62698
          2        2.5          7     10.6296     439.302   0.00336639    0.0880209   -0.0023084     0.214304    -0.416353
        2.5          3          7     10.6291     235.896      11.1957     0.643236   0.00711422     -10.7613     0.280927
          3        3.5          7     10.6415     130.192       1.9027 -4.56986e-06    0.0304793     -1.09124    -0.136402
        3.5          4          7     10.6136      99.049      2.11446     0.203329   -0.0175832     -1.67946  -0.00853474
          4        4.5          7     10.6021     49.8305     0.765787 -3.90638e-06 -4.70224e-08      0.11831      -1.4675
        4.5        9.9          7     10.6035      30.088      259.189   0.00132792    -0.311411     -258.647            0
[alpha]
{1 JetEta 1 JetPt ((([0]+([1]*log(x)))+([2]*sq(log(x))))+([3]*(log(x)^3)))+([4]*(log(x)^4)) PAR2 \alpha}
       -9.9       -4.5          7     10.6035      30.088     -45.4395      47.4547     -15.6632      1.69591            0
       -4.5         -4          7     10.6021     49.8305      558.001     -724.168      347.722     -72.9171       5.6354
         -4       -3.5          7     10.6136      99.049     -18.2533      29.0097      -15.862       3.8179    -0.332683
       -3.5         -3          7     10.6415     130.192     -147.909      186.923     -86.0925      17.2897     -1.27064
         -3       -2.5          7     10.6291     235.896      17.9229     -18.0852      6.96681     -1.07227    0.0558325
       -2.5         -2          7     10.6296     439.302      12.2587     -13.0731      5.36352    -0.896424    0.0529251
         -2       -1.5          7     10.6291     828.554      4.21254      -3.4698      1.35676    -0.197914   0.00976322
       -1.5         -1          7     10.6191     1130.72      1.78896     -2.55641      1.50902    -0.286196    0.0178388
         -1       -0.5          7     10.6399      2183.6      2.70262     -2.44007      1.02473    -0.148328    0.0072424
       -0.5          0          7     10.6361     2738.28      1.53024     -1.30424     0.592705   -0.0792756   0.00337513
          0        0.5          7     10.6361     2738.28      1.53024     -1.30424     0.592705   -0.0792756   0.00337513
        0.5          1          7     10.6399      2183.6      2.70262     -2.44007      1.02473    -0.148328    0.0072424
          1        1.5          7     10.6191     1130.72      1.78896     -2.55641      1.50902    -0.286196    0.0178388
        1.5          2          7     10.6291     828.554      4.21254      -3.4698      1.35676    -0.197914   0.00976322
          2        2.5          7     10.6296     439.302      12.2587     -13.0731      5.36352    -0.896424    0.0529251
        2.5          3          7     10.6291     235.896      17.9229     -18.0852      6.96681     -1.07227    0.0558325
          3        3.5          7     10.6415     130.192     -147.909      186.923     -86.0925      17.2897     -1.27064
        3.5          4          7     10.6136      99.049     -18.2533      29.0097      -15.862       3.8179    -0.332683
          4        4.5          7     10.6021     49.8305      558.001     -724.168      347.722     -72.9171       5.6354
        4.5        9.9          7     10.6035      30.088     -45.4395      47.4547     -15.6632      1.69591            0
