######################################################
## auto generated file containing JER resolutions     
## produced: Mon Jun 21 18:25:13 2010
## by JetMETAnalysis/JetAnalyzers/bin/JERWriter.h  
######################################################

######################################################
## ERA: Spring10  ALG: ak5jptl2l3  TYPE: JetY
######################################################

[resolution]
{1 JetY 1 RefPt DSCB Resolution mean:sigma:aone:pone:atwo:ptwo}
-5. 5. 3 0. 99999. 1.
[mean]
{1 JetY 1 RefPt [0] PAR0 \mu}
-9.9 9.9 3 0. 99999. 1.
[sigma]
{1 JetY 1 RefPt sqrt(((TMath::Sign(1,[0])*sq([0]/x))+(sq([1])*(x^([3]-1))))+sq([2])) PAR1 \sigma}
-9.9 -4.5 6 0. 99999. 2.06988 0.0851829 0 1.2822
-4.5 -4 6 0. 99999. 1.33443 0.203967 0 0.598893
-4 -3.5 6 0. 99999. 1.82255 0.163117 0 0.763061
-3.5 -3 6 0. 99999. 2.72532 0.209732 0 0.74937
-3 -2.5 6 0. 99999. 2.25123 0.399768 0 0.289003
-2.5 -2 6 0. 99999. 3.30289 0.460055 0 0.294016
-2 -1.5 6 0. 99999. 2.49047 0.572684 0 0.219591
-1.5 -1 6 0. 99999. 2.47904 0.372139 0 0.439266
-1 -0.5 6 0. 99999. 2.39534 0.334475 0 0.430483
-0.5 -0 6 0. 99999. 2.50391 0.31668 0 0.445026
0 0.5 6 0. 99999. 2.50391 0.31668 0 0.445026
0.5 1 6 0. 99999. 2.39534 0.334475 0 0.430483
1 1.5 6 0. 99999. 2.47904 0.372139 0 0.439266
1.5 2 6 0. 99999. 2.49047 0.572684 0 0.219591
2 2.5 6 0. 99999. 3.30289 0.460055 0 0.294016
2.5 3 6 0. 99999. 2.25123 0.399768 0 0.289003
3 3.5 6 0. 99999. 2.72532 0.209732 0 0.74937
3.5 4 6 0. 99999. 1.82255 0.163117 0 0.763061
4 4.5 6 0. 99999. 1.33443 0.203967 0 0.598893
4.5 9.9 6 0. 99999. 2.06988 0.0851829 0 1.2822
[aone]
{1 JetY 1 RefPt [0] PAR2 Aone}
-9.9 -4.5 3 0. 99999. 1.4973
-4.5 -4 3 0. 99999. 3.21182
-4 -3.5 3 0. 99999. 2.91558
-3.5 -3 3 0. 99999. 3.71473
-3 -2.5 3 0. 99999. 2.13978
-2.5 -2 3 0. 99999. 1.87816
-2 -1.5 3 0. 99999. 2.07917
-1.5 -1 3 0. 99999. 2.17614
-1 -0.5 3 0. 99999. 1.93538
-0.5 -0 3 0. 99999. 1.9431
0 0.5 3 0. 99999. 1.9431
0.5 1 3 0. 99999. 1.93538
1 1.5 3 0. 99999. 2.17614
1.5 2 3 0. 99999. 2.07917
2 2.5 3 0. 99999. 1.87816
2.5 3 3 0. 99999. 2.13978
3 3.5 3 0. 99999. 3.71473
3.5 4 3 0. 99999. 2.91558
4 4.5 3 0. 99999. 3.21182
4.5 9.9 3 0. 99999. 1.4973
[pone]
{1 JetY 1 RefPt TMath::Max(0.0,([0]-[3])/(1.+exp([1]*(x-[2])))+[3]) PAR3 Pone}
-9.9 -4.5 6 0. 99999. 25 1.9897 21.8174 3.31298
-4.5 -4 6 0. 99999. 25 1.9897 21.8174 3.31298
-4 -3.5 6 0. 99999. 25 1.9897 21.8174 3.31298
-3.5 -3 6 0. 99999. 25 1.9897 21.8174 3.31298
-3 -2.5 6 0. 99999. 25 0.022485 149.091 0.864288
-2.5 -2 6 0. 99999. 25 0.143551 180.426 3.84212
-2 -1.5 6 0. 99999. 25 0.0265456 251.233 2.27864
-1.5 -1 6 0. 99999. 25 0.106581 183.384 3.42466
-1 -0.5 6 0. 99999. 25 0.0460461 156.777 4.01645
-0.5 -0 6 0. 99999. 25 0.0185526 102.097 3.99667
0 0.5 6 0. 99999. 25 0.0185526 102.097 3.99667
0.5 1 6 0. 99999. 25 0.0460461 156.777 4.01645
1 1.5 6 0. 99999. 25 0.106581 183.384 3.42466
1.5 2 6 0. 99999. 25 0.0265456 251.233 2.27864
2 2.5 6 0. 99999. 25 0.143551 180.426 3.84212
2.5 3 6 0. 99999. 25 0.022485 149.091 0.864288
3 3.5 6 0. 99999. 25 0.022485 149.091 0.864288
3.5 4 6 0. 99999. 25 0.022485 149.091 0.864288
4 4.5 6 0. 99999. 25 0.022485 149.091 0.864288
4.5 9.9 6 0. 99999. 25 1.9897 21.8174 3.31298
[atwo]
{1 JetY 1 RefPt [0]*x^[1] PAR4 Atwo}
-9.9 -4.5 4 0. 99999. 273.67 -1.46916
-4.5 -4 4 0. 99999. 5.82409 -0.326331
-4 -3.5 4 0. 99999. 2.7116 -0.0641172
-3.5 -3 4 0. 99999. 0.446612 0.341741
-3 -2.5 4 0. 99999. 3.51344 -0.0701251
-2.5 -2 4 0. 99999. 1.68137 0.146188
-2 -1.5 4 0. 99999. 3.10029 -0.0171082
-1.5 -1 4 0. 99999. 2.51446 0.0215457
-1 -0.5 4 0. 99999. 1.58418 0.117842
-0.5 -0 4 0. 99999. 1.34802 0.132328
0 0.5 4 0. 99999. 1.34802 0.132328
0.5 1 4 0. 99999. 1.58418 0.117842
1 1.5 4 0. 99999. 2.51446 0.0215457
1.5 2 4 0. 99999. 3.10029 -0.0171082
2 2.5 4 0. 99999. 1.68137 0.146188
2.5 3 4 0. 99999. 3.51344 -0.0701251
3 3.5 4 0. 99999. 0.446612 0.341741
3.5 4 4 0. 99999. 2.7116 -0.0641172
4 4.5 4 0. 99999. 5.82409 -0.326331
4.5 9.9 4 0. 99999. 273.67 -1.46916
[ptwo]
{1 JetY 1 RefPt TMath::Max(0.0,([0]-[3])/(1.+exp([1]*(x-[2])))+[3]) PAR5 Ptwo}
-9.9 -4.5 6 0. 99999. 25 0.604457 53.0166 -487.146
-4.5 -4 6 0. 99999. 25 -1.43371 15.2389 -60.4549
-4 -3.5 6 0. 99999. 25 0.294572 126.954 -19.9855
-3.5 -3 6 0. 99999. 25 0.772303 105.929 12.5097
-3 -2.5 6 0. 99999. 25 -1.05564 178.458 16.3007
-2.5 -2 6 0. 99999. 25 0.039192 37.7731 1.68283
-2 -1.5 6 0. 99999. 25 0.191257 95.5767 3.35805
-1.5 -1 6 0. 99999. 25 0.417912 90.4283 6.01976
-1 -0.5 6 0. 99999. 25 0.380064 92.4965 2.76338
-0.5 -0 6 0. 99999. 25 0.257014 129.868 2.99589
0 0.5 6 0. 99999. 25 0.257014 129.868 2.99589
0.5 1 6 0. 99999. 25 0.380064 92.4965 2.76338
1 1.5 6 0. 99999. 25 0.417912 90.4283 6.01976
1.5 2 6 0. 99999. 25 0.191257 95.5767 3.35805
2 2.5 6 0. 99999. 25 0.039192 37.7731 1.68283
2.5 3 6 0. 99999. 25 -1.05564 178.458 16.3007
3 3.5 6 0. 99999. 25 0.772303 105.929 12.5097
3.5 4 6 0. 99999. 25 0.294572 126.954 -19.9855
4 4.5 6 0. 99999. 25 -1.43371 15.2389 -60.4549
4.5 9.9 6 0. 99999. 25 0.604457 53.0166 -487.146
