1324 1926 2527 1332 1932 2532 1415 2015 2615 1332 1932 2532 726 732 815 732 3128 3725 4325 3132 3732 4332 3214 3815 4415 3131 3732 4331 -999 -999 
-999 -999 1316 2516 3716 1332 1932 2532 3132 3732 4332 116 732 -999 -999 -999 -999 -999 2580 3781 4980 1964 2564 3164 3764 4364 4964 1380 1364 -999 
-999 -999 -999 -999 2580 3780 4980 1964 2564 3164 3764 4364 4964 1380 1364 -999 -999 -999 -999 -999 1326 1923 2527 1332 1932 2532 1415 2015 2614 1331 
1931 2531 725 732 815 731 3123 3724 4326 3132 3732 4332 3214 3814 4415 3131 3731 4331 -999 -999 -999 -999 1316 2516 3715 1332 1932 2532 3132 3731 
4331 116 732 -999 -999 -999 -999 -999 2580 3780 4980 1964 2564 3164 3763 4363 4964 1380 1364 -999 -999 -999 -999 -999 2580 3780 4979 1964 2564 3164 
3763 4363 4963 1380 1363 -999 -999 -999 -999 -999 1323 1926 2525 1331 1932 2532 1415 2015 2615 1331 1931 2531 726 732 816 732 3124 3727 4325 3132 
3732 4332 3215 3815 4415 3131 3731 4332 -999 -999 -999 -999 1316 2516 3716 1332 1932 2532 3131 3731 4332 116 732 -999 -999 -999 -999 -999 2580 3780 
4980 1964 2564 3164 3764 4364 4964 1381 1364 -999 -999 -999 -999 -999 2580 3780 4980 1964 2564 3164 3764 4364 4964 1380 1364 -999 -999 -999 -999 -999 
1324 1929 2531 1332 1932 2532 1416 2015 2615 1331 1932 2531 725 732 815 732 3123 3728 4327 3132 3732 4332 3215 3815 4416 3132 3731 4332 -999 -999 
-999 -999 1316 2516 3716 1332 1932 2532 3132 3733 4332 116 732 -999 -999 -999 -999 -999 2580 3781 4980 1964 2564 3165 3765 4365 4964 1380 1364 -999 
-999 -999 -999 -999 2580 3781 4981 1964 2564 3164 3765 4365 4965 1380 1364 -999 -999 -999 -999 -999 1325 1925 2524 1332 1932 2532 1415 2015 2615 1331 
1931 2531 727 732 815 731 3124 3726 4325 3132 3732 4332 3215 3815 4415 3132 3731 4331 -999 -999 -999 -999 1316 2516 3716 1332 1932 2532 3132 3732 
4332 116 732 -999 -999 -999 -999 -999 2580 3780 4980 1964 2564 3164 3764 4364 4964 1380 1364 -999 -999 -999 -999 -999 2580 3780 4980 1964 2564 3164 
3764 4364 4964 1380 1364 -999 -999 -999 -999 -999 1321 1927 2524 1332 1932 2532 1415 2015 2615 1331 1931 2532 725 732 815 731 3128 3727 4326 3133 
3732 4332 3215 3815 4415 3131 3731 4332 -999 -999 -999 -999 1316 2516 3716 1332 1932 2532 3132 3732 4332 116 732 -999 -999 -999 -999 -999 2580 3780 
4980 1964 2564 3164 3764 4364 4964 1380 1364 -999 -999 -999 -999 -999 2580 3780 4980 1964 2564 3164 3764 4364 4964 1380 1364 -999 -999 -999 -999 -999 
1979 2578 3178 1972 2572 3172 1890 2489 3090 1973 2573 3173 1380 1372 1289 1375 3779 4380 4978 3772 4372 4972 3689 4289 4889 3772 4373 4972 -999 -999 
-999 -999 2588 3788 4988 1972 2572 3172 3772 4372 4972 1388 1372 -999 -999 -999 -999 -999 1324 2524 3724 1340 1940 2540 3140 3740 4340 124 740 -999 
-999 -999 -999 -999 1324 2524 3724 1340 1940 2540 3140 3740 4340 124 740 -999 -999 -999 -999 -999 1979 2578 3179 1972 2572 3172 1889 2489 3089 1973 
2573 3173 1378 1372 1289 1372 3778 4380 4982 3772 4372 4972 3689 4289 4890 3773 4373 4973 -999 -999 -999 -999 2588 3788 4988 1972 2572 3172 3772 4372 
4972 1388 1372 -999 -999 -999 -999 -999 1324 2524 3724 1340 1940 2540 3140 3740 4340 124 740 -999 -999 -999 -999 -999 1324 2524 3724 1340 1940 2540 
3140 3740 4340 124 740 -999 -999 -999 -999 -999 1977 2580 3179 1972 2572 3172 1889 2489 3089 1975 2572 3173 1382 1372 1289 1372 3779 4379 4979 3772 
4372 4972 3688 4289 4889 3773 4373 4973 -999 -999 -999 -999 2588 3788 4988 1972 2572 3172 3772 4372 4972 1388 1372 -999 -999 -999 -999 -999 1324 2524 
3724 1340 1940 2540 3140 3740 4340 124 740 -999 -999 -999 -999 -999 1324 2524 3724 1340 1940 2540 3140 3740 4340 124 740 -999 -999 -999 -999 -999 
1979 2577 3180 1972 2572 3172 1889 2489 3089 1973 2573 3173 1379 1372 1289 1373 3780 4378 4979 3772 4372 4972 3689 4289 4889 3773 4373 4973 -999 -999 
-999 -999 2588 3788 4988 1972 2572 3172 3772 4372 4972 1388 1372 -999 -999 -999 -999 -999 1324 2524 3724 1340 1940 2540 3140 3740 4340 124 740 -999 
-999 -999 -999 -999 1324 2524 3724 1340 1940 2541 3141 3741 4341 124 740 -999 -999 -999 -999 -999 1978 2580 3179 1972 2572 3172 1889 2489 3089 1973 
2573 3173 1380 1372 1290 1373 3780 4378 4981 3772 4372 4972 3689 4290 4889 3775 4372 4977 -999 -999 -999 -999 2588 3787 4987 1972 2572 3172 3772 4372 
4972 1388 1372 -999 -999 -999 -999 -999 1324 2523 3723 1340 1940 2540 3140 3740 4340 124 740 -999 -999 -999 -999 -999 1324 2523 3724 1341 1941 2541 
3141 3741 4341 124 741 -999 -999 -999 -999 -999 1979 2581 3178 1973 2573 3173 1890 2490 3090 1973 2575 3173 1382 1373 1290 1377 3779 4380 4981 3773 
4373 4973 3690 4290 4890 3774 4374 4976 -999 -999 -999 -999 2589 3789 4989 1973 2573 3173 3773 4373 4973 1388 1373 -999 -999 -999 -999 -999 1325 2525 
3725 1341 1941 2541 3141 3741 4341 124 741 -999 -999 -999 -999 -999 1325 2525 3725 1341 1941 2541 3141 3741 4341 124 742 -999 -999 -999 -999 -999 

