0 0 0 0 0 1 1 1 1 1 1 1 1 2 2 2 2 2 2 2 3 3 3 3 3 3 3 4 4 4 
4 4 0 0 0 0 1 1 1 1 1 1 2 2 2 2 2 2 3 3 3 3 3 4 4 4 4 4 5 5 
5 5 5 6 0 0 0 1 1 1 1 1 1 2 2 2 2 2 3 3 3 3 4 4 4 4 5 5 5 5 
6 6 6 6 7 7 0 0 0 0 0 1 1 1 1 1 1 1 1 2 2 2 2 2 2 2 3 3 3 3 
3 3 4 4 4 4 4 5 0 0 0 0 1 1 1 1 1 1 2 2 2 2 2 2 3 3 3 3 3 4 
4 4 4 5 5 5 5 5 6 6 0 0 0 1 1 1 1 1 2 2 2 2 2 3 3 3 3 3 4 4 
4 4 5 5 5 5 6 6 6 7 7 7 0 0 0 0 0 1 1 1 1 1 1 1 1 2 2 2 2 2 
2 2 3 3 3 3 3 3 3 4 4 4 4 4 0 0 0 0 1 1 1 1 1 1 2 2 2 2 2 2 
3 3 3 3 3 4 4 4 4 4 5 5 5 5 5 6 0 0 0 1 1 1 1 1 1 2 2 2 2 2 
3 3 3 3 4 4 4 4 5 5 5 5 6 6 6 6 7 7 0 0 0 0 0 1 1 1 1 1 1 1 
1 2 2 2 2 2 2 2 3 3 3 3 3 3 4 4 4 4 4 5 0 0 0 0 1 1 1 1 1 1 
2 2 2 2 2 2 3 3 3 3 3 4 4 4 4 5 5 5 5 5 6 6 0 0 0 1 1 1 1 1 
2 2 2 2 2 3 3 3 3 3 4 4 4 4 5 5 5 5 6 6 6 7 7 7 0 0 0 0 0 1 
1 1 1 1 1 1 1 2 2 2 2 2 2 2 3 3 3 3 3 3 3 4 4 4 4 4 0 0 0 0 
1 1 1 1 1 1 2 2 2 2 2 2 3 3 3 3 3 4 4 4 4 4 5 5 5 5 5 6 0 0 
0 1 1 1 1 1 1 2 2 2 2 2 3 3 3 3 4 4 4 4 5 5 5 5 6 6 6 6 7 7 
0 0 0 0 0 1 1 1 1 1 1 1 1 2 2 2 2 2 2 2 3 3 3 3 3 3 4 4 4 4 
4 5 0 0 0 0 1 1 1 1 1 1 2 2 2 2 2 2 3 3 3 3 3 4 4 4 4 5 5 5 
5 5 6 6 0 0 0 1 1 1 1 1 2 2 2 2 2 3 3 3 3 3 4 4 4 4 5 5 5 5 
6 6 6 7 7 7 0 0 0 0 0 1 1 1 1 1 1 1 1 2 2 2 2 2 2 2 3 3 3 3 
3 3 3 4 4 4 4 4 0 0 0 0 1 1 1 1 1 1 2 2 2 2 2 2 3 3 3 3 3 4 
4 4 4 4 5 5 5 5 5 6 0 0 0 1 1 1 1 1 1 2 2 2 2 2 3 3 3 3 4 4 
4 4 5 5 5 5 6 6 6 6 7 7 0 0 0 0 0 1 1 1 1 1 1 1 1 2 2 2 2 2 
2 2 3 3 3 3 3 3 4 4 4 4 4 5 0 0 0 0 1 1 1 1 1 1 2 2 2 2 2 2 
3 3 3 3 3 4 4 4 4 5 5 5 5 5 6 6 0 0 0 1 1 1 1 1 2 2 2 2 2 3 
3 3 3 3 4 4 4 4 5 5 5 5 6 6 6 7 7 7 0 0 0 0 0 1 1 1 1 1 1 1 
1 2 2 2 2 2 2 2 3 3 3 3 3 3 3 4 4 4 4 4 0 0 0 0 1 1 1 1 1 1 
2 2 2 2 2 2 3 3 3 3 3 4 4 4 4 4 5 5 5 5 5 6 0 0 0 1 1 1 1 1 
1 2 2 2 2 2 3 3 3 3 4 4 4 4 5 5 5 5 6 6 6 6 7 7 0 0 0 0 0 1 
1 1 1 1 1 1 1 2 2 2 2 2 2 2 3 3 3 3 3 3 4 4 4 4 4 5 0 0 0 0 
1 1 1 1 1 1 2 2 2 2 2 2 3 3 3 3 3 4 4 4 4 5 5 5 5 5 6 6 0 0 
0 1 1 1 1 1 2 2 2 2 2 3 3 3 3 3 4 4 4 4 5 5 5 5 6 6 6 7 7 7 
0 0 0 0 0 1 1 1 1 1 1 1 1 2 2 2 2 2 2 2 3 3 3 3 3 3 3 4 4 4 
4 4 0 0 0 0 1 1 1 1 1 1 2 2 2 2 2 2 3 3 3 3 3 4 4 4 4 4 5 5 
5 5 5 6 0 0 0 1 1 1 1 1 1 2 2 2 2 2 3 3 3 3 4 4 4 4 5 5 5 5 
6 6 6 6 7 7 0 0 0 0 0 1 1 1 1 1 1 1 1 2 2 2 2 2 2 2 3 3 3 3 
3 3 4 4 4 4 4 5 0 0 0 0 1 1 1 1 1 1 2 2 2 2 2 2 3 3 3 3 3 4 
4 4 4 5 5 5 5 5 6 6 0 0 0 1 1 1 1 1 2 2 2 2 2 3 3 3 3 3 4 4 
4 4 5 5 5 5 6 6 6 7 7 7 0 0 0 0 0 1 1 1 1 1 1 1 1 2 2 2 2 2 
2 2 3 3 3 3 3 3 3 4 4 4 4 4 0 0 0 0 1 1 1 1 1 1 2 2 2 2 2 2 
3 3 3 3 3 4 4 4 4 4 5 5 5 5 5 6 0 0 0 1 1 1 1 1 1 2 2 2 2 2 
3 3 3 3 4 4 4 4 5 5 5 5 6 6 6 6 7 7 0 0 0 0 0 1 1 1 1 1 1 1 
1 2 2 2 2 2 2 2 3 3 3 3 3 3 4 4 4 4 4 5 0 0 0 0 1 1 1 1 1 1 
2 2 2 2 2 2 3 3 3 3 3 4 4 4 4 5 5 5 5 5 6 6 0 0 0 1 1 1 1 1 
2 2 2 2 2 3 3 3 3 3 4 4 4 4 5 5 5 5 6 6 6 7 7 7 0 0 0 0 0 1 
1 1 1 1 1 1 1 2 2 2 2 2 2 2 3 3 3 3 3 3 3 4 4 4 4 4 0 0 0 0 
1 1 1 1 1 1 2 2 2 2 2 2 3 3 3 3 3 4 4 4 4 4 5 5 5 5 5 6 0 0 
0 1 1 1 1 1 1 2 2 2 2 2 3 3 3 3 4 4 4 4 5 5 5 5 6 6 6 6 7 7 
0 0 0 0 0 1 1 1 1 1 1 1 1 2 2 2 2 2 2 2 3 3 3 3 3 3 4 4 4 4 
4 5 0 0 0 0 1 1 1 1 1 1 2 2 2 2 2 2 3 3 3 3 3 4 4 4 4 5 5 5 
5 5 6 6 0 0 0 1 1 1 1 1 2 2 2 2 2 3 3 3 3 3 4 4 4 4 5 5 5 5 
6 6 6 7 7 7 0 0 0 0 0 1 1 1 1 1 1 1 1 2 2 2 2 2 2 2 3 3 3 3 
3 3 3 4 4 4 4 4 0 0 0 0 1 1 1 1 1 1 2 2 2 2 2 2 3 3 3 3 3 4 
4 4 4 4 5 5 5 5 5 6 0 0 0 1 1 1 1 1 1 2 2 2 2 2 3 3 3 3 4 4 
4 4 5 5 5 5 6 6 6 6 7 7 0 0 0 0 0 1 1 1 1 1 1 1 1 2 2 2 2 2 
2 2 3 3 3 3 3 3 4 4 4 4 4 5 0 0 0 0 1 1 1 1 1 1 2 2 2 2 2 2 
3 3 3 3 3 4 4 4 4 5 5 5 5 5 6 6 0 0 0 1 1 1 1 1 2 2 2 2 2 3 
3 3 3 3 4 4 4 4 5 5 5 5 6 6 6 7 7 7 0 0 0 0 0 1 1 1 1 1 1 1 
1 2 2 2 2 2 2 2 3 3 3 3 3 3 3 4 4 4 4 4 0 0 0 0 1 1 1 1 1 1 
2 2 2 2 2 2 3 3 3 3 3 4 4 4 4 4 5 5 5 5 5 6 0 0 0 1 1 1 1 1 
1 2 2 2 2 2 3 3 3 3 4 4 4 4 5 5 5 5 6 6 6 6 7 7 0 0 0 0 0 1 
1 1 1 1 1 1 1 2 2 2 2 2 2 2 3 3 3 3 3 3 4 4 4 4 4 5 0 0 0 0 
1 1 1 1 1 1 2 2 2 2 2 2 3 3 3 3 3 4 4 4 4 5 5 5 5 5 6 6 0 0 
0 1 1 1 1 1 2 2 2 2 2 3 3 3 3 3 4 4 4 4 5 5 5 5 6 6 6 7 7 7 
0 0 0 0 0 1 1 1 1 1 1 1 1 2 2 2 2 2 2 2 3 3 3 3 3 3 3 4 4 4 
4 4 0 0 0 0 1 1 1 1 1 1 2 2 2 2 2 2 3 3 3 3 3 4 4 4 4 4 5 5 
5 5 5 6 0 0 0 1 1 1 1 1 1 2 2 2 2 2 3 3 3 3 4 4 4 4 5 5 5 5 
6 6 6 6 7 7 0 0 0 0 0 1 1 1 1 1 1 1 1 2 2 2 2 2 2 2 3 3 3 3 
3 3 4 4 4 4 4 5 0 0 0 0 1 1 1 1 1 1 2 2 2 2 2 2 3 3 3 3 3 4 
4 4 4 5 5 5 5 5 6 6 0 0 0 1 1 1 1 1 2 2 2 2 2 3 3 3 3 3 4 4 
4 4 5 5 5 5 6 6 6 7 7 7 0 0 0 0 0 1 1 1 1 1 1 1 1 2 2 2 2 2 
2 2 3 3 3 3 3 3 3 4 4 4 4 4 0 0 0 0 1 1 1 1 1 1 2 2 2 2 2 2 
3 3 3 3 3 4 4 4 4 4 5 5 5 5 5 6 0 0 0 1 1 1 1 1 1 2 2 2 2 2 
3 3 3 3 4 4 4 4 5 5 5 5 6 6 6 6 7 7 0 0 0 0 0 1 1 1 1 1 1 1 
1 2 2 2 2 2 2 2 3 3 3 3 3 3 4 4 4 4 4 5 0 0 0 0 1 1 1 1 1 1 
2 2 2 2 2 2 3 3 3 3 3 4 4 4 4 5 5 5 5 5 6 6 0 0 0 1 1 1 1 1 
2 2 2 2 2 3 3 3 3 3 4 4 4 4 5 5 5 5 6 6 6 7 7 7 0 0 0 1 1 1 
1 1 1 1 2 2 2 2 2 2 3 3 3 3 3 3 3 3 4 4 4 4 4 4 4 4 0 0 0 1 
1 1 1 2 2 2 2 2 3 3 3 3 3 3 4 4 4 4 4 5 5 5 5 5 5 5 6 6 0 0 
1 1 1 1 2 2 2 2 3 3 3 3 4 4 4 4 4 5 5 5 5 5 6 6 6 6 6 7 7 7 
0 0 0 1 1 1 1 1 1 2 2 2 2 2 2 2 3 3 3 3 3 3 3 4 4 4 4 4 4 4 
4 5 0 0 0 1 1 1 1 2 2 2 2 2 3 3 3 3 3 4 4 4 4 4 5 5 5 5 5 5 
5 6 6 6 0 0 1 1 1 1 2 2 2 2 3 3 3 3 4 4 4 4 5 5 5 5 5 6 6 6 
6 6 7 7 7 7 0 0 0 1 1 1 1 1 1 1 2 2 2 2 2 2 3 3 3 3 3 3 3 3 
4 4 4 4 4 4 4 4 0 0 0 1 1 1 1 2 2 2 2 2 3 3 3 3 3 3 4 4 4 4 
4 4 5 5 5 5 5 5 6 6 0 0 1 1 1 1 2 2 2 2 3 3 3 3 4 4 4 4 4 5 
5 5 5 5 6 6 6 6 6 7 7 7 0 0 0 1 1 1 1 1 1 2 2 2 2 2 2 2 3 3 
3 3 3 3 3 4 4 4 4 4 4 4 4 5 0 0 0 1 1 1 1 2 2 2 2 2 3 3 3 3 
3 4 4 4 4 4 5 5 5 5 5 5 5 6 6 6 0 0 1 1 1 1 2 2 2 2 3 3 3 3 
4 4 4 4 5 5 5 5 5 6 6 6 6 6 7 7 7 7 0 0 0 1 1 1 1 1 1 1 2 2 
2 2 2 2 3 3 3 3 3 3 3 3 4 4 4 4 4 4 4 4 0 0 0 1 1 1 1 2 2 2 
2 2 3 3 3 3 3 3 4 4 4 4 4 5 5 5 5 5 5 5 6 6 0 0 1 1 1 1 2 2 
2 2 3 3 3 3 4 4 4 4 4 5 5 5 5 5 6 6 6 6 6 7 7 7 0 0 0 1 1 1 
1 1 1 2 2 2 2 2 2 2 3 3 3 3 3 3 3 4 4 4 4 4 4 4 4 5 0 0 0 1 
1 1 1 2 2 2 2 2 3 3 3 3 3 4 4 4 4 4 5 5 5 5 5 5 5 6 6 6 0 0 
1 1 1 1 2 2 2 2 3 3 3 3 4 4 4 4 5 5 5 5 5 6 6 6 6 6 7 7 7 7 
0 0 0 1 1 1 1 1 1 1 2 2 2 2 2 2 3 3 3 3 3 3 3 3 4 4 4 4 4 4 
4 4 0 0 0 1 1 1 1 2 2 2 2 2 3 3 3 3 3 3 4 4 4 4 4 5 5 5 5 5 
5 5 6 6 0 0 1 1 1 1 2 2 2 2 3 3 3 3 4 4 4 4 4 5 5 5 5 5 6 6 
6 6 6 7 7 7 0 0 0 1 1 1 1 1 1 2 2 2 2 2 2 2 3 3 3 3 3 3 3 4 
4 4 4 4 4 4 4 5 0 0 0 1 1 1 1 2 2 2 2 2 3 3 3 3 3 4 4 4 4 4 
5 5 5 5 5 5 5 6 6 6 0 0 1 1 1 1 2 2 2 2 3 3 3 3 4 4 4 4 5 5 
5 5 5 6 6 6 6 6 7 7 7 7 0 0 0 1 1 1 1 1 1 1 2 2 2 2 2 2 3 3 
3 3 3 3 3 3 4 4 4 4 4 4 4 4 0 0 0 1 1 1 1 2 2 2 2 2 3 3 3 3 
3 3 4 4 4 4 4 5 5 5 5 5 5 5 6 6 0 0 1 1 1 1 2 2 2 2 3 3 3 3 
4 4 4 4 4 5 5 5 5 5 6 6 6 6 6 7 7 7 0 0 0 1 1 1 1 1 1 2 2 2 
2 2 2 2 3 3 3 3 3 3 3 4 4 4 4 4 4 4 4 5 0 0 0 1 1 1 1 2 2 2 
2 2 3 3 3 3 3 4 4 4 4 4 5 5 5 5 5 5 5 6 6 6 0 0 1 1 1 1 2 2 
2 2 3 3 3 3 4 4 4 4 5 5 5 5 5 6 6 6 6 6 7 7 7 7 0 0 0 1 1 1 
1 1 1 1 2 2 2 2 2 2 3 3 3 3 3 3 3 3 4 4 4 4 4 4 4 4 0 0 0 1 
1 1 1 2 2 2 2 2 3 3 3 3 3 3 4 4 4 4 4 4 5 5 5 5 5 5 6 6 0 0 
1 1 1 1 2 2 2 2 3 3 3 3 4 4 4 4 4 5 5 5 5 5 6 6 6 6 6 7 7 7 
0 0 0 1 1 1 1 1 1 2 2 2 2 2 2 2 3 3 3 3 3 3 3 4 4 4 4 4 4 4 
4 5 0 0 0 1 1 1 1 2 2 2 2 2 3 3 3 3 3 4 4 4 4 4 5 5 5 5 5 5 
5 6 6 6 0 0 1 1 1 1 2 2 2 2 3 3 3 3 4 4 4 4 5 5 5 5 5 6 6 6 
6 6 7 7 7 7 0 0 0 1 1 1 1 1 1 1 2 2 2 2 2 2 3 3 3 3 3 3 3 3 
4 4 4 4 4 4 4 4 0 0 0 1 1 1 1 2 2 2 2 2 3 3 3 3 3 3 4 4 4 4 
4 4 5 5 5 5 5 5 6 6 0 0 1 1 1 1 2 2 2 2 3 3 3 3 4 4 4 4 4 5 
5 5 5 5 6 6 6 6 6 7 7 7 0 0 0 1 1 1 1 1 1 2 2 2 2 2 2 2 3 3 
3 3 3 3 3 4 4 4 4 4 4 4 4 5 0 0 0 1 1 1 1 2 2 2 2 2 3 3 3 3 
3 4 4 4 4 4 5 5 5 5 5 5 5 6 6 6 0 0 1 1 1 1 2 2 2 2 3 3 3 3 
4 4 4 4 5 5 5 5 5 6 6 6 6 6 7 7 7 7 0 0 0 1 1 1 1 1 1 1 2 2 
2 2 2 2 3 3 3 3 3 3 3 3 4 4 4 4 4 4 4 4 0 0 0 1 1 1 1 2 2 2 
2 2 3 3 3 3 3 3 4 4 4 4 4 5 5 5 5 5 5 5 6 6 0 0 1 1 1 1 2 2 
2 2 3 3 3 3 4 4 4 4 4 5 5 5 5 5 6 6 6 6 6 7 7 7 0 0 0 1 1 1 
1 1 1 2 2 2 2 2 2 2 3 3 3 3 3 3 3 4 4 4 4 4 4 4 4 5 0 0 0 1 
1 1 1 2 2 2 2 2 3 3 3 3 3 4 4 4 4 4 5 5 5 5 5 5 5 6 6 6 0 0 
1 1 1 1 2 2 2 2 3 3 3 3 4 4 4 4 5 5 5 5 5 6 6 6 6 6 7 7 7 7 
0 0 0 1 1 1 1 1 1 1 2 2 2 2 2 2 3 3 3 3 3 3 3 3 4 4 4 4 4 4 
4 4 0 0 0 1 1 1 1 2 2 2 2 2 3 3 3 3 3 3 4 4 4 4 4 5 5 5 5 5 
5 5 6 6 0 0 1 1 1 1 2 2 2 2 3 3 3 3 4 4 4 4 4 5 5 5 5 5 6 6 
6 6 6 7 7 7 0 0 0 1 1 1 1 1 1 2 2 2 2 2 2 2 3 3 3 3 3 3 3 4 
4 4 4 4 4 4 4 5 0 0 0 1 1 1 1 2 2 2 2 2 3 3 3 3 3 4 4 4 4 4 
5 5 5 5 5 5 5 6 6 6 0 0 1 1 1 1 2 2 2 2 3 3 3 3 4 4 4 4 5 5 
5 5 5 6 6 6 6 6 7 7 7 7 0 0 0 1 1 1 1 1 1 1 2 2 2 2 2 2 3 3 
3 3 3 3 3 3 4 4 4 4 4 4 4 4 0 0 0 1 1 1 1 2 2 2 2 2 3 3 3 3 
3 3 4 4 4 4 4 4 5 5 5 5 5 5 6 6 0 0 1 1 1 1 2 2 2 2 3 3 3 3 
4 4 4 4 4 5 5 5 5 5 6 6 6 6 6 7 7 7 0 0 0 1 1 1 1 1 1 2 2 2 
2 2 2 2 3 3 3 3 3 3 3 4 4 4 4 4 4 4 4 5 0 0 0 1 1 1 1 2 2 2 
2 2 3 3 3 3 3 4 4 4 4 4 5 5 5 5 5 5 5 6 6 6 0 0 1 1 1 1 2 2 
2 2 3 3 3 3 4 4 4 4 5 5 5 5 5 6 6 6 6 6 7 7 7 7 0 0 0 1 1 1 
1 1 1 1 2 2 2 2 2 2 3 3 3 3 3 3 3 3 4 4 4 4 4 4 4 4 0 0 0 1 
1 1 1 2 2 2 2 2 3 3 3 3 3 3 4 4 4 4 4 4 5 5 5 5 5 5 6 6 0 0 
1 1 1 1 2 2 2 2 3 3 3 3 4 4 4 4 4 5 5 5 5 5 6 6 6 6 6 7 7 7 
0 0 0 1 1 1 1 1 1 2 2 2 2 2 2 2 3 3 3 3 3 3 3 4 4 4 4 4 4 4 
4 5 0 0 0 1 1 1 1 2 2 2 2 2 3 3 3 3 3 4 4 4 4 4 5 5 5 5 5 5 
5 6 6 6 0 0 1 1 1 1 2 2 2 2 3 3 3 3 4 4 4 4 5 5 5 5 5 6 6 6 
6 6 7 7 7 7 0 0 0 1 1 1 1 1 1 1 2 2 2 2 2 2 3 3 3 3 3 3 3 3 
4 4 4 4 4 4 4 4 0 0 0 1 1 1 1 2 2 2 2 2 3 3 3 3 3 3 4 4 4 4 
4 5 5 5 5 5 5 5 6 6 0 0 1 1 1 1 2 2 2 2 3 3 3 3 4 4 4 4 4 5 
5 5 5 5 6 6 6 6 6 7 7 7 0 0 0 1 1 1 1 1 1 2 2 2 2 2 2 2 3 3 
3 3 3 3 3 4 4 4 4 4 4 4 4 5 0 0 0 1 1 1 1 2 2 2 2 2 3 3 3 3 
3 4 4 4 4 4 5 5 5 5 5 5 5 6 6 6 0 0 1 1 1 1 2 2 2 2 3 3 3 3 
4 4 4 4 5 5 5 5 5 6 6 6 6 6 7 7 7 7 0 0 0 0 0 1 1 1 1 1 1 1 
1 2 2 2 2 2 2 2 3 3 3 3 3 3 4 4 4 4 4 5 0 0 0 0 1 1 1 1 1 1 
2 2 2 2 2 2 3 3 3 3 3 4 4 4 4 5 5 5 5 5 6 6 0 0 0 1 1 1 1 1 
2 2 2 2 2 3 3 3 3 3 4 4 4 4 5 5 5 5 6 6 6 7 7 7 0 0 0 0 0 1 
1 1 1 1 1 1 1 2 2 2 2 2 2 2 3 3 3 3 3 3 3 4 4 4 4 4 0 0 0 0 
1 1 1 1 1 1 2 2 2 2 2 2 3 3 3 3 3 4 4 4 4 4 5 5 5 5 5 6 0 0 
0 1 1 1 1 1 1 2 2 2 2 2 3 3 3 3 4 4 4 4 5 5 5 5 6 6 6 6 7 7 
0 0 0 0 0 1 1 1 1 1 1 1 1 2 2 2 2 2 2 2 3 3 3 3 3 3 4 4 4 4 
4 5 0 0 0 0 1 1 1 1 1 1 2 2 2 2 2 2 3 3 3 3 3 4 4 4 4 5 5 5 
5 5 6 6 0 0 0 1 1 1 1 1 2 2 2 2 2 3 3 3 3 3 4 4 4 4 5 5 5 5 
6 6 6 7 7 7 -999 -999 -999 -999 -999 -999 -999 -999 -999 -999 -999 -999 -999 -999 -999 -999 -999 -999 -999 -999 -999 -999 -999 -999 
-999 -999 -999 -999 -999 -999 -999 -999 -999 -999 -999 -999 -999 -999 -999 -999 -999 -999 -999 -999 -999 -999 -999 -999 -999 -999 -999 -999 -999 -999 
-999 -999 -999 -999 -999 -999 -999 -999 -999 -999 -999 -999 -999 -999 -999 -999 -999 -999 -999 -999 -999 -999 -999 -999 -999 -999 -999 -999 -999 -999 
-999 -999 -999 -999 -999 -999 -999 -999 -999 -999 -999 -999 0 0 0 0 0 1 1 1 1 1 1 1 1 2 2 2 2 2 
2 2 3 3 3 3 3 3 4 4 4 4 4 5 0 0 0 0 1 1 1 1 1 1 2 2 2 2 2 2 
3 3 3 3 3 4 4 4 4 5 5 5 5 5 6 6 0 0 0 1 1 1 1 1 2 2 2 2 2 3 
3 3 3 3 4 4 4 4 5 5 5 5 6 6 6 7 7 7 0 0 0 0 0 1 1 1 1 1 1 1 
1 2 2 2 2 2 2 2 3 3 3 3 3 3 3 4 4 4 4 4 0 0 0 0 1 1 1 1 1 1 
2 2 2 2 2 2 3 3 3 3 3 4 4 4 4 4 5 5 5 5 5 6 0 0 0 1 1 1 1 1 
1 2 2 2 2 2 3 3 3 3 4 4 4 4 5 5 5 5 6 6 6 6 7 7 0 0 0 0 0 1 
1 1 1 1 1 1 1 2 2 2 2 2 2 2 3 3 3 3 3 3 4 4 4 4 4 5 0 0 0 0 
1 1 1 1 1 1 2 2 2 2 2 2 3 3 3 3 3 4 4 4 4 5 5 5 5 5 6 6 0 0 
0 1 1 1 1 1 2 2 2 2 2 3 3 3 3 3 4 4 4 4 5 5 5 5 6 6 6 7 7 7 
-999 -999 -999 -999 -999 -999 -999 -999 -999 -999 -999 -999 -999 -999 -999 -999 -999 -999 -999 -999 -999 -999 -999 -999 -999 -999 -999 -999 -999 -999 
-999 -999 -999 -999 -999 -999 -999 -999 -999 -999 -999 -999 -999 -999 -999 -999 -999 -999 -999 -999 -999 -999 -999 -999 -999 -999 -999 -999 -999 -999 
-999 -999 -999 -999 -999 -999 -999 -999 -999 -999 -999 -999 -999 -999 -999 -999 -999 -999 -999 -999 -999 -999 -999 -999 -999 -999 -999 -999 -999 -999 
-999 -999 -999 -999 -999 -999 0 0 0 0 0 1 1 1 1 1 1 1 1 2 2 2 2 2 2 2 3 3 3 3 
3 3 4 4 4 4 4 5 0 0 0 0 1 1 1 1 1 1 2 2 2 2 2 2 3 3 3 3 3 4 
4 4 4 5 5 5 5 5 6 6 0 0 0 1 1 1 1 1 2 2 2 2 2 3 3 3 3 3 4 4 
4 4 5 5 5 5 6 6 6 7 7 7 0 0 0 0 0 1 1 1 1 1 1 1 1 2 2 2 2 2 
2 2 3 3 3 3 3 3 3 4 4 4 4 4 0 0 0 0 1 1 1 1 1 1 2 2 2 2 2 2 
3 3 3 3 3 4 4 4 4 4 5 5 5 5 5 6 0 0 0 1 1 1 1 1 1 2 2 2 2 2 
3 3 3 3 4 4 4 4 5 5 5 5 6 6 6 6 7 7 0 0 0 0 0 1 1 1 1 1 1 1 
1 2 2 2 2 2 2 2 3 3 3 3 3 3 4 4 4 4 4 5 0 0 0 0 1 1 1 1 1 1 
2 2 2 2 2 2 3 3 3 3 3 4 4 4 4 5 5 5 5 5 6 6 0 0 0 1 1 1 1 1 
1 2 2 2 2 3 3 3 3 3 4 4 4 4 5 5 5 5 6 6 6 7 7 7 -999 -999 -999 -999 -999 -999 
-999 -999 -999 -999 -999 -999 -999 -999 -999 -999 -999 -999 -999 -999 -999 -999 -999 -999 -999 -999 -999 -999 -999 -999 -999 -999 -999 -999 -999 -999 
-999 -999 -999 -999 -999 -999 -999 -999 -999 -999 -999 -999 -999 -999 -999 -999 -999 -999 -999 -999 -999 -999 -999 -999 -999 -999 -999 -999 -999 -999 
-999 -999 -999 -999 -999 -999 -999 -999 -999 -999 -999 -999 -999 -999 -999 -999 -999 -999 -999 -999 -999 -999 -999 -999 -999 -999 -999 -999 -999 -999 
0 0 0 0 0 1 1 1 1 1 1 1 1 2 2 2 2 2 2 2 3 3 3 3 3 3 4 4 4 4 
4 5 0 0 0 0 1 1 1 1 1 1 2 2 2 2 2 2 3 3 3 3 3 4 4 4 4 5 5 5 
5 5 6 6 0 0 0 1 1 1 1 1 2 2 2 2 2 3 3 3 3 3 4 4 4 4 5 5 5 5 
6 6 6 7 7 7 0 0 0 0 0 1 1 1 1 1 1 1 1 2 2 2 2 2 2 2 3 3 3 3 
3 3 3 4 4 4 4 4 0 0 0 0 1 1 1 1 1 1 2 2 2 2 2 2 3 3 3 3 3 4 
4 4 4 4 5 5 5 5 5 6 0 0 0 1 1 1 1 1 1 2 2 2 2 2 3 3 3 3 4 4 
4 4 5 5 5 5 6 6 6 6 7 7 0 0 0 0 0 1 1 1 1 1 1 1 1 2 2 2 2 2 
2 2 3 3 3 3 3 3 4 4 4 4 4 5 0 0 0 0 1 1 1 1 1 1 2 2 2 2 2 2 
3 3 3 3 3 4 4 4 4 5 5 5 5 5 6 6 0 0 0 1 1 1 1 1 2 2 2 2 2 3 
3 3 3 3 4 4 4 4 5 5 5 5 6 6 6 7 7 7 -999 -999 -999 -999 -999 -999 -999 -999 -999 -999 -999 -999 
-999 -999 -999 -999 -999 -999 -999 -999 -999 -999 -999 -999 -999 -999 -999 -999 -999 -999 -999 -999 -999 -999 -999 -999 -999 -999 -999 -999 -999 -999 
-999 -999 -999 -999 -999 -999 -999 -999 -999 -999 -999 -999 -999 -999 -999 -999 -999 -999 -999 -999 -999 -999 -999 -999 -999 -999 -999 -999 -999 -999 
-999 -999 -999 -999 -999 -999 -999 -999 -999 -999 -999 -999 -999 -999 -999 -999 -999 -999 -999 -999 -999 -999 -999 -999 0 0 0 0 0 1 
1 1 1 1 1 1 1 2 2 2 2 2 2 2 3 3 3 3 3 3 4 4 4 4 4 5 0 0 0 0 
1 1 1 1 1 1 2 2 2 2 2 2 3 3 3 3 3 4 4 4 4 5 5 5 5 5 6 6 0 0 
0 1 1 1 1 1 2 2 2 2 2 3 3 3 3 3 4 4 4 4 5 5 5 5 6 6 6 7 7 7 
0 0 0 0 0 1 1 1 1 1 1 1 1 2 2 2 2 2 2 2 3 3 3 3 3 3 3 4 4 4 
4 4 0 0 0 0 1 1 1 1 1 1 2 2 2 2 2 2 3 3 3 3 3 4 4 4 4 4 5 5 
5 5 5 6 0 0 0 1 1 1 1 1 1 2 2 2 2 2 3 3 3 3 4 4 4 4 5 5 5 5 
6 6 6 6 7 7 0 0 0 0 0 1 1 1 1 1 1 1 1 2 2 2 2 2 2 2 3 3 3 3 
3 3 4 4 4 4 4 5 0 0 0 0 1 1 1 1 1 1 2 2 2 2 2 2 3 3 3 3 3 4 
4 4 4 5 5 5 5 5 6 6 0 0 0 1 1 1 1 1 2 2 2 2 2 3 3 3 3 3 4 4 
4 4 5 5 5 5 6 6 6 7 7 7 -999 -999 -999 -999 -999 -999 -999 -999 -999 -999 -999 -999 -999 -999 -999 -999 -999 -999 
-999 -999 -999 -999 -999 -999 -999 -999 -999 -999 -999 -999 -999 -999 -999 -999 -999 -999 -999 -999 -999 -999 -999 -999 -999 -999 -999 -999 -999 -999 
-999 -999 -999 -999 -999 -999 -999 -999 -999 -999 -999 -999 -999 -999 -999 -999 -999 -999 -999 -999 -999 -999 -999 -999 -999 -999 -999 -999 -999 -999 
-999 -999 -999 -999 -999 -999 -999 -999 -999 -999 -999 -999 -999 -999 -999 -999 -999 -999 0 0 0 0 0 1 1 1 1 1 1 1 
1 2 2 2 2 2 2 2 3 3 3 3 3 3 4 4 4 4 4 5 0 0 0 0 1 1 1 1 1 1 
2 2 2 2 2 2 3 3 3 3 3 4 4 4 4 5 5 5 5 5 6 6 0 0 0 1 1 1 1 1 
2 2 2 2 2 3 3 3 3 3 4 4 4 4 5 5 5 5 6 6 6 7 7 7 0 0 0 0 0 1 
1 1 1 1 1 1 1 2 2 2 2 2 2 2 3 3 3 3 3 3 3 4 4 4 4 4 0 0 0 0 
1 1 1 1 1 1 2 2 2 2 2 2 3 3 3 3 3 4 4 4 4 4 5 5 5 5 5 6 0 0 
0 1 1 1 1 1 1 2 2 2 2 2 3 3 3 3 4 4 4 4 5 5 5 5 6 6 6 6 7 7 
0 0 0 0 0 1 1 1 1 1 1 1 1 2 2 2 2 2 2 2 3 3 3 3 3 3 4 4 4 4 
4 5 0 0 0 0 1 1 1 1 1 1 2 2 2 2 2 2 3 3 3 3 3 4 4 4 4 5 5 5 
5 5 6 6 0 0 0 1 1 1 1 1 2 2 2 2 2 3 3 3 3 3 4 4 4 4 5 5 5 5 
6 6 6 7 7 7 -999 -999 -999 -999 -999 -999 -999 -999 -999 -999 -999 -999 -999 -999 -999 -999 -999 -999 -999 -999 -999 -999 -999 -999 
-999 -999 -999 -999 -999 -999 -999 -999 -999 -999 -999 -999 -999 -999 -999 -999 -999 -999 -999 -999 -999 -999 -999 -999 -999 -999 -999 -999 -999 -999 
-999 -999 -999 -999 -999 -999 -999 -999 -999 -999 -999 -999 -999 -999 -999 -999 -999 -999 -999 -999 -999 -999 -999 -999 -999 -999 -999 -999 -999 -999 
-999 -999 -999 -999 -999 -999 -999 -999 -999 -999 -999 -999 0 0 0 1 1 1 1 1 1 2 2 2 2 2 2 2 3 3 
3 3 3 3 3 4 4 4 4 4 4 4 4 5 0 0 0 1 1 1 1 2 2 2 2 2 3 3 3 3 
3 4 4 4 4 4 5 5 5 5 5 5 5 6 6 6 0 0 1 1 1 1 2 2 2 2 3 3 3 3 
4 4 4 4 5 5 5 5 5 6 6 6 6 6 7 7 7 7 0 0 0 1 1 1 1 1 1 1 2 2 
2 2 2 2 3 3 3 3 3 3 3 3 4 4 4 4 4 4 4 4 0 0 0 1 1 1 1 2 2 2 
2 2 3 3 3 3 3 3 4 4 4 4 4 5 5 5 5 5 5 5 6 6 0 0 1 1 1 1 2 2 
2 2 3 3 3 3 4 4 4 4 4 5 5 5 5 5 6 6 6 6 6 7 7 7 0 0 0 1 1 1 
1 1 1 2 2 2 2 2 2 2 3 3 3 3 3 3 3 4 4 4 4 4 4 4 4 5 0 0 0 1 
1 1 1 2 2 2 2 2 3 3 3 3 3 4 4 4 4 4 5 5 5 5 5 5 5 6 6 6 0 0 
1 1 1 1 2 2 2 2 3 3 3 3 4 4 4 4 5 5 5 5 5 6 6 6 6 6 7 7 7 7 
-999 -999 -999 -999 -999 -999 -999 -999 -999 -999 -999 -999 -999 -999 -999 -999 -999 -999 -999 -999 -999 -999 -999 -999 -999 -999 -999 -999 -999 -999 
-999 -999 -999 -999 -999 -999 -999 -999 -999 -999 -999 -999 -999 -999 -999 -999 -999 -999 -999 -999 -999 -999 -999 -999 -999 -999 -999 -999 -999 -999 
-999 -999 -999 -999 -999 -999 -999 -999 -999 -999 -999 -999 -999 -999 -999 -999 -999 -999 -999 -999 -999 -999 -999 -999 -999 -999 -999 -999 -999 -999 
-999 -999 -999 -999 -999 -999 0 0 0 1 1 1 1 1 1 2 2 2 2 2 2 2 3 3 3 3 3 3 3 4 
4 4 4 4 4 4 4 5 0 0 0 1 1 1 1 2 2 2 2 2 3 3 3 3 3 4 4 4 4 4 
5 5 5 5 5 5 5 6 6 6 0 0 1 1 1 1 2 2 2 2 3 3 3 3 4 4 4 4 5 5 
5 5 5 6 6 6 6 6 7 7 7 7 0 0 0 1 1 1 1 1 1 2 2 2 2 2 2 2 3 3 
3 3 3 3 3 3 4 4 4 4 4 4 4 4 0 0 0 1 1 1 1 2 2 2 2 2 3 3 3 3 
3 3 4 4 4 4 4 5 5 5 5 5 5 5 6 6 0 0 1 1 1 1 2 2 2 2 3 3 3 3 
4 4 4 4 4 5 5 5 5 5 6 6 6 6 6 7 7 7 0 0 0 1 1 1 1 1 1 2 2 2 
2 2 2 2 3 3 3 3 3 3 3 4 4 4 4 4 4 4 4 5 0 0 0 1 1 1 1 2 2 2 
2 2 3 3 3 3 3 4 4 4 4 4 5 5 5 5 5 5 5 6 6 6 0 0 1 1 1 1 2 2 
2 2 3 3 3 3 4 4 4 4 5 5 5 5 5 6 6 6 6 6 7 7 7 7 -999 -999 -999 -999 -999 -999 
-999 -999 -999 -999 -999 -999 -999 -999 -999 -999 -999 -999 -999 -999 -999 -999 -999 -999 -999 -999 -999 -999 -999 -999 -999 -999 -999 -999 -999 -999 
-999 -999 -999 -999 -999 -999 -999 -999 -999 -999 -999 -999 -999 -999 -999 -999 -999 -999 -999 -999 -999 -999 -999 -999 -999 -999 -999 -999 -999 -999 
-999 -999 -999 -999 -999 -999 -999 -999 -999 -999 -999 -999 -999 -999 -999 -999 -999 -999 -999 -999 -999 -999 -999 -999 -999 -999 -999 -999 -999 -999 
0 0 0 1 1 1 1 1 1 2 2 2 2 2 2 2 3 3 3 3 3 3 3 4 4 4 4 4 4 4 
4 5 0 0 0 1 1 1 1 2 2 2 2 2 3 3 3 3 3 4 4 4 4 4 5 5 5 5 5 5 
5 6 6 6 0 0 1 1 1 1 2 2 2 2 3 3 3 3 4 4 4 4 5 5 5 5 5 6 6 6 
6 6 7 7 7 7 0 0 0 1 1 1 1 1 1 1 2 2 2 2 2 2 3 3 3 3 3 3 3 3 
4 4 4 4 4 4 4 4 0 0 0 1 1 1 1 2 2 2 2 2 3 3 3 3 3 3 4 4 4 4 
4 5 5 5 5 5 5 5 6 6 0 0 1 1 1 1 2 2 2 2 3 3 3 3 4 4 4 4 4 5 
5 5 5 5 6 6 6 6 6 7 7 7 0 0 0 1 1 1 1 1 1 2 2 2 2 2 2 2 3 3 
3 3 3 3 3 4 4 4 4 4 4 4 4 5 0 0 0 1 1 1 1 2 2 2 2 2 3 3 3 3 
3 4 4 4 4 4 5 5 5 5 5 5 5 6 6 6 0 0 1 1 1 1 2 2 2 2 3 3 3 3 
4 4 4 4 5 5 5 5 5 6 6 6 6 6 7 7 7 7 -999 -999 -999 -999 -999 -999 -999 -999 -999 -999 -999 -999 
-999 -999 -999 -999 -999 -999 -999 -999 -999 -999 -999 -999 -999 -999 -999 -999 -999 -999 -999 -999 -999 -999 -999 -999 -999 -999 -999 -999 -999 -999 
-999 -999 -999 -999 -999 -999 -999 -999 -999 -999 -999 -999 -999 -999 -999 -999 -999 -999 -999 -999 -999 -999 -999 -999 -999 -999 -999 -999 -999 -999 
-999 -999 -999 -999 -999 -999 -999 -999 -999 -999 -999 -999 -999 -999 -999 -999 -999 -999 -999 -999 -999 -999 -999 -999 0 0 0 1 1 1 
1 1 1 2 2 2 2 2 2 2 3 3 3 3 3 3 3 4 4 4 4 4 4 4 4 5 0 0 0 1 
1 1 1 2 2 2 2 2 3 3 3 3 3 4 4 4 4 4 5 5 5 5 5 5 5 6 6 6 0 0 
1 1 1 1 2 2 2 2 3 3 3 3 4 4 4 4 5 5 5 5 5 6 6 6 6 6 7 7 7 7 
0 0 0 1 1 1 1 1 1 1 2 2 2 2 2 2 3 3 3 3 3 3 3 3 4 4 4 4 4 4 
4 4 0 0 0 1 1 1 1 2 2 2 2 2 3 3 3 3 3 3 4 4 4 4 4 5 5 5 5 5 
5 5 6 6 0 0 1 1 1 1 2 2 2 2 3 3 3 3 4 4 4 4 4 5 5 5 5 5 6 6 
6 6 6 7 7 7 0 0 0 1 1 1 1 1 1 2 2 2 2 2 2 2 3 3 3 3 3 3 3 4 
4 4 4 4 4 4 4 5 0 0 0 1 1 1 1 2 2 2 2 2 3 3 3 3 3 4 4 4 4 4 
5 5 5 5 5 5 5 6 6 6 0 0 1 1 1 1 2 2 2 2 3 3 3 3 4 4 4 4 5 5 
5 5 5 6 6 6 6 6 7 7 7 7 -999 -999 -999 -999 -999 -999 -999 -999 -999 -999 -999 -999 -999 -999 -999 -999 -999 -999 
-999 -999 -999 -999 -999 -999 -999 -999 -999 -999 -999 -999 -999 -999 -999 -999 -999 -999 -999 -999 -999 -999 -999 -999 -999 -999 -999 -999 -999 -999 
-999 -999 -999 -999 -999 -999 -999 -999 -999 -999 -999 -999 -999 -999 -999 -999 -999 -999 -999 -999 -999 -999 -999 -999 -999 -999 -999 -999 -999 -999 
-999 -999 -999 -999 -999 -999 -999 -999 -999 -999 -999 -999 -999 -999 -999 -999 -999 -999 0 0 0 1 1 1 1 1 1 2 2 2 
2 2 2 2 3 3 3 3 3 3 3 4 4 4 4 4 4 4 4 5 0 0 0 1 1 1 1 2 2 2 
2 2 3 3 3 3 3 4 4 4 4 4 5 5 5 5 5 5 5 6 6 6 0 0 1 1 1 1 2 2 
2 2 3 3 3 3 4 4 4 4 5 5 5 5 5 6 6 6 6 6 7 7 7 7 0 0 0 1 1 1 
1 1 1 1 2 2 2 2 2 2 3 3 3 3 3 3 3 3 4 4 4 4 4 4 4 4 0 0 0 1 
1 1 1 2 2 2 2 2 3 3 3 3 3 3 4 4 4 4 4 4 5 5 5 5 5 5 6 6 0 0 
1 1 1 1 2 2 2 2 3 3 3 3 4 4 4 4 4 5 5 5 5 5 6 6 6 6 6 7 7 7 
0 0 0 1 1 1 1 1 1 2 2 2 2 2 2 2 3 3 3 3 3 3 3 4 4 4 4 4 4 4 
4 5 0 0 0 1 1 1 1 2 2 2 2 2 3 3 3 3 3 4 4 4 4 4 5 5 5 5 5 5 
6 6 6 6 0 0 1 1 1 1 2 2 2 2 3 3 3 3 4 4 4 4 5 5 5 5 5 6 6 6 
6 6 7 7 7 7 -999 -999 -999 -999 -999 -999 -999 -999 -999 -999 -999 -999 -999 -999 -999 -999 -999 -999 -999 -999 -999 -999 -999 -999 
-999 -999 -999 -999 -999 -999 -999 -999 -999 -999 -999 -999 -999 -999 -999 -999 -999 -999 -999 -999 -999 -999 -999 -999 -999 -999 -999 -999 -999 -999 
-999 -999 -999 -999 -999 -999 -999 -999 -999 -999 -999 -999 -999 -999 -999 -999 -999 -999 -999 -999 -999 -999 -999 -999 -999 -999 -999 -999 -999 -999 
-999 -999 -999 -999 -999 -999 -999 -999 -999 -999 -999 -999 0 0 0 1 1 1 1 1 1 2 2 2 2 2 2 2 3 3 
3 3 3 3 3 4 4 4 4 4 4 4 4 5 0 0 0 1 1 1 1 2 2 2 2 2 3 3 3 3 
3 4 4 4 4 4 5 5 5 5 5 5 5 6 6 6 0 0 1 1 1 1 2 2 2 2 3 3 3 3 
4 4 4 4 5 5 5 5 5 6 6 6 6 6 7 7 7 7 0 0 0 1 1 1 1 1 1 1 2 2 
2 2 2 2 3 3 3 3 3 3 3 3 4 4 4 4 4 4 4 4 0 0 0 1 1 1 1 2 2 2 
2 2 3 3 3 3 3 3 4 4 4 4 4 5 5 5 5 5 5 5 6 6 0 0 1 1 1 1 2 2 
2 2 3 3 3 3 4 4 4 4 4 5 5 5 5 5 6 6 6 6 6 7 7 7 0 0 0 1 1 1 
1 1 1 2 2 2 2 2 2 2 3 3 3 3 3 3 3 4 4 4 4 4 4 4 4 5 0 0 0 1 
1 1 1 2 2 2 2 2 3 3 3 3 3 4 4 4 4 4 5 5 5 5 5 5 5 6 6 6 0 0 
1 1 1 1 2 2 2 2 3 3 3 3 4 4 4 4 5 5 5 5 5 6 6 6 6 6 7 7 7 7 
-999 -999 -999 -999 -999 -999 -999 -999 -999 -999 -999 -999 -999 -999 -999 -999 -999 -999 -999 -999 -999 -999 -999 -999 -999 -999 -999 -999 -999 -999 
-999 -999 -999 -999 -999 -999 -999 -999 -999 -999 -999 -999 -999 -999 -999 -999 -999 -999 -999 -999 -999 -999 -999 -999 -999 -999 -999 -999 -999 -999 
-999 -999 -999 -999 -999 -999 -999 -999 -999 -999 -999 -999 -999 -999 -999 -999 -999 -999 -999 -999 -999 -999 -999 -999 -999 -999 -999 -999 -999 -999 
-999 -999 -999 -999 -999 -999 
