5 7 5 46 49 46 98 98 98 5 7 5 7 49 98 7 7 5 7 49 46 49 98 98 98 7 5 7 6 5 
6 53 55 53 55 53 55 5 55 5 6 5 46 44 46 44 46 44 6 44 6 7 6 40 38 40 38 40 38 7 
38 5 7 5 46 49 46 98 98 98 5 7 5 7 49 98 7 7 5 7 49 46 49 98 98 98 7 5 7 5 
6 5 53 55 53 55 53 55 6 55 6 5 6 46 44 46 44 46 44 5 44 7 6 7 40 38 40 38 40 38 
6 38 5 7 5 46 49 46 98 98 98 5 7 5 7 49 98 7 7 5 7 49 46 49 98 98 98 7 5 7 
6 5 6 53 55 53 55 53 55 5 55 5 6 5 46 44 46 44 46 44 6 44 6 7 6 40 38 40 38 40 
38 7 38 5 7 5 46 49 46 98 98 98 5 7 5 7 49 98 7 7 5 7 49 46 49 98 98 98 7 5 
7 5 6 5 53 55 53 55 53 55 6 55 6 5 6 46 44 46 44 46 44 5 44 7 6 7 40 38 40 38 
40 38 6 38 5 7 5 46 49 46 98 98 98 5 7 5 7 49 98 7 7 5 7 49 46 49 98 98 98 7 
5 7 6 5 6 53 55 53 55 53 55 5 55 5 6 5 46 44 46 44 46 44 6 44 6 7 6 40 38 40 
38 40 38 7 38 5 7 5 46 49 46 98 98 98 5 7 5 7 49 98 7 7 5 7 49 46 49 98 98 98 
7 5 7 5 6 5 53 55 53 55 53 55 6 55 6 5 6 46 44 46 44 46 44 5 44 7 6 7 40 38 
40 38 40 38 6 38 5 7 5 46 49 46 98 98 98 5 7 5 7 49 98 7 7 5 7 49 46 49 98 98 
98 7 5 7 6 5 6 53 55 53 55 53 55 5 55 5 6 5 46 44 46 44 46 44 6 44 6 7 6 40 
38 40 38 40 38 7 38 5 7 5 46 49 46 98 98 98 5 7 5 7 49 98 7 7 5 7 49 46 49 98 
98 98 7 5 7 5 6 5 53 55 53 55 53 55 6 55 6 5 6 46 44 46 44 46 44 5 44 7 6 7 
40 38 40 38 40 38 6 38 5 7 5 46 49 46 98 98 98 5 7 5 7 49 98 7 7 5 7 49 46 49 
98 98 98 7 5 7 6 5 6 53 55 53 55 53 55 5 55 5 6 5 46 44 46 44 46 44 6 44 6 7 
6 40 38 40 38 40 38 7 38 5 7 5 46 49 46 98 98 98 5 7 5 7 49 98 7 7 5 7 49 46 
49 98 98 98 7 5 7 5 6 5 53 55 53 55 53 55 6 55 6 5 6 46 44 46 44 46 44 5 44 7 
6 7 40 38 40 38 40 38 6 38 5 7 5 46 49 46 98 98 98 5 7 5 7 49 98 7 7 5 7 49 
46 49 98 98 98 7 5 7 6 5 6 53 55 53 55 53 55 5 55 5 6 5 46 44 46 44 46 44 6 44 
6 7 6 40 38 40 38 40 38 7 38 5 7 5 46 49 46 98 98 98 5 7 5 7 49 98 7 7 5 7 
49 46 49 98 98 98 7 5 7 5 6 5 53 55 53 55 53 55 6 55 6 5 6 46 44 46 44 46 44 5 
44 7 6 7 40 38 40 38 40 38 6 38 
