               -1               1               1              HB  0.6000000  1.0000000   43100401
               -1               1               2              HB  0.4000000  0.6000000   43200401
               -1               1               3              HB  0.4000000  0.6000000   43300401
               -1               1               4              HB  0.5000000  0.8000000   43400401
               -2               1               1              HB  0.6000000  1.0000000   43100801
               -2               1               2              HB  0.4000000  0.6000000   43200801
               -2               1               3              HB  0.4000000  0.6000000   43300801
               -2               1               4              HB  0.5000000  0.8000000   43400801
               -3               1               1              HB  0.6000000  1.0000000   43100C01
               -3               1               2              HB  0.4000000  0.6000000   43200C01
               -3               1               3              HB  0.4000000  0.6000000   43300C01
               -3               1               4              HB  0.5000000  0.8000000   43400C01
               -4               1               1              HB  0.6000000  1.0000000   43101001
               -4               1               2              HB  0.4000000  0.6000000   43201001
               -4               1               3              HB  0.4000000  0.6000000   43301001
               -4               1               4              HB  0.5000000  0.8000000   43401001
               -5               1               1              HB  0.6000000  1.0000000   43101401
               -5               1               2              HB  0.4000000  0.6000000   43201401
               -5               1               3              HB  0.4000000  0.6000000   43301401
               -5               1               4              HB  0.5000000  0.8000000   43401401
               -6               1               1              HB  0.6000000  1.0000000   43101801
               -6               1               2              HB  0.4000000  0.6000000   43201801
               -6               1               3              HB  0.4000000  0.6000000   43301801
               -6               1               4              HB  0.5000000  0.8000000   43401801
               -7               1               1              HB  0.6000000  1.0000000   43101C01
               -7               1               2              HB  0.4000000  0.6000000   43201C01
               -7               1               3              HB  0.4000000  0.6000000   43301C01
               -7               1               4              HB  0.5000000  0.8000000   43401C01
               -8               1               1              HB  0.6000000  1.0000000   43102001
               -8               1               2              HB  0.4000000  0.6000000   43202001
               -8               1               3              HB  0.4000000  0.6000000   43302001
               -8               1               4              HB  0.5000000  0.8000000   43402001
               -9               1               1              HB  0.6000000  1.0000000   43102401
               -9               1               2              HB  0.4000000  0.6000000   43202401
               -9               1               3              HB  0.4000000  0.6000000   43302401
               -9               1               4              HB  0.5000000  0.8000000   43402401
              -10               1               1              HB  0.6000000  1.0000000   43102801
              -10               1               2              HB  0.4000000  0.6000000   43202801
              -10               1               3              HB  0.4000000  0.6000000   43302801
              -10               1               4              HB  0.5000000  0.8000000   43402801
              -11               1               1              HB  0.6000000  1.0000000   43102C01
              -11               1               2              HB  0.4000000  0.6000000   43202C01
              -11               1               3              HB  0.4000000  0.6000000   43302C01
              -11               1               4              HB  0.5000000  0.8000000   43402C01
              -12               1               1              HB  0.6000000  1.0000000   43103001
              -12               1               2              HB  0.4000000  0.6000000   43203001
              -12               1               3              HB  0.4000000  0.6000000   43303001
              -12               1               4              HB  0.5000000  0.8000000   43403001
              -13               1               1              HB  0.6000000  1.0000000   43103401
              -13               1               2              HB  0.4000000  0.6000000   43203401
              -13               1               3              HB  0.4000000  0.6000000   43303401
              -13               1               4              HB  0.5000000  0.8000000   43403401
              -14               1               1              HB  0.6000000  1.0000000   43103801
              -14               1               2              HB  0.4000000  0.6000000   43203801
              -14               1               3              HB  0.4000000  0.6000000   43303801
              -14               1               4              HB  0.5000000  0.8000000   43403801
              -15               1               1              HB  0.6000000  1.0000000   43103C01
              -15               1               2              HB  0.4000000  0.6000000   43203C01
              -15               1               3              HB  0.4000000  0.6000000   43303C01
              -15               1               4              HB  0.5000000  0.8000000   43403C01
              -16               1               1              HB  1.2000000  1.5000000   43104001
              -16               1               2              HB  0.4000000  0.6000000   43204001
              -16               1               3              HB  0.4000000  0.6000000   43304001
                1               1               1              HB  0.6000000  1.0000000   43180401
                1               1               2              HB  0.4000000  0.6000000   43280401
                1               1               3              HB  0.4000000  0.6000000   43380401
                1               1               4              HB  0.5000000  0.8000000   43480401
                2               1               1              HB  0.6000000  1.0000000   43180801
                2               1               2              HB  0.4000000  0.6000000   43280801
                2               1               3              HB  0.4000000  0.6000000   43380801
                2               1               4              HB  0.5000000  0.8000000   43480801
                3               1               1              HB  0.6000000  1.0000000   43180C01
                3               1               2              HB  0.4000000  0.6000000   43280C01
                3               1               3              HB  0.4000000  0.6000000   43380C01
                3               1               4              HB  0.5000000  0.8000000   43480C01
                4               1               1              HB  0.6000000  1.0000000   43181001
                4               1               2              HB  0.4000000  0.6000000   43281001
                4               1               3              HB  0.4000000  0.6000000   43381001
                4               1               4              HB  0.5000000  0.8000000   43481001
                5               1               1              HB  0.6000000  1.0000000   43181401
                5               1               2              HB  0.4000000  0.6000000   43281401
                5               1               3              HB  0.4000000  0.6000000   43381401
                5               1               4              HB  0.5000000  0.8000000   43481401
                6               1               1              HB  0.6000000  1.0000000   43181801
                6               1               2              HB  0.4000000  0.6000000   43281801
                6               1               3              HB  0.4000000  0.6000000   43381801
                6               1               4              HB  0.5000000  0.8000000   43481801
                7               1               1              HB  0.6000000  1.0000000   43181C01
                7               1               2              HB  0.4000000  0.6000000   43281C01
                7               1               3              HB  0.4000000  0.6000000   43381C01
                7               1               4              HB  0.5000000  0.8000000   43481C01
                8               1               1              HB  0.6000000  1.0000000   43182001
                8               1               2              HB  0.4000000  0.6000000   43282001
                8               1               3              HB  0.4000000  0.6000000   43382001
                8               1               4              HB  0.5000000  0.8000000   43482001
                9               1               1              HB  0.6000000  1.0000000   43182401
                9               1               2              HB  0.4000000  0.6000000   43282401
                9               1               3              HB  0.4000000  0.6000000   43382401
                9               1               4              HB  0.5000000  0.8000000   43482401
               10               1               1              HB  0.6000000  1.0000000   43182801
               10               1               2              HB  0.4000000  0.6000000   43282801
               10               1               3              HB  0.4000000  0.6000000   43382801
               10               1               4              HB  0.5000000  0.8000000   43482801
               11               1               1              HB  0.6000000  1.0000000   43182C01
               11               1               2              HB  0.4000000  0.6000000   43282C01
               11               1               3              HB  0.4000000  0.6000000   43382C01
               11               1               4              HB  0.5000000  0.8000000   43482C01
               12               1               1              HB  0.6000000  1.0000000   43183001
               12               1               2              HB  0.4000000  0.6000000   43283001
               12               1               3              HB  0.4000000  0.6000000   43383001
               12               1               4              HB  0.5000000  0.8000000   43483001
               13               1               1              HB  0.6000000  1.0000000   43183401
               13               1               2              HB  0.4000000  0.6000000   43283401
               13               1               3              HB  0.4000000  0.6000000   43383401
               13               1               4              HB  0.5000000  0.8000000   43483401
               14               1               1              HB  0.6000000  1.0000000   43183801
               14               1               2              HB  0.4000000  0.6000000   43283801
               14               1               3              HB  0.4000000  0.6000000   43383801
               14               1               4              HB  0.5000000  0.8000000   43483801
               15               1               1              HB  0.6000000  1.0000000   43183C01
               15               1               2              HB  0.4000000  0.6000000   43283C01
               15               1               3              HB  0.4000000  0.6000000   43383C01
               15               1               4              HB  0.5000000  0.8000000   43483C01
               16               1               1              HB  1.2000000  1.5000000   43184001
               16               1               2              HB  0.4000000  0.6000000   43284001
               16               1               3              HB  0.4000000  0.6000000   43384001
              -16               1               4              HE  0.5000000  0.8000000   45404001
              -17               1               2              HE  0.5000000  0.8000000   45204401
              -17               1               3              HE  0.5000000  0.8000000   45304401
              -18               1               1              HE  0.2000000  0.3000000   45104801
              -18               1               2              HE  0.3000000  0.5000000   45204801
              -18               1               3              HE  0.3000000  0.5000000   45304801
              -18               1               4              HE  0.3000000  0.5000000   45404801
              -18               1               5              HE  0.3000000  0.5000000   45504801
              -19               1               1              HE  0.2000000  0.3000000   45104C01
              -19               1               2              HE  0.3000000  0.5000000   45204C01
              -19               1               3              HE  0.3000000  0.5000000   45304C01
              -19               1               4              HE  0.3000000  0.5000000   45404C01
              -19               1               5              HE  0.3000000  0.5000000   45504C01
              -19               1               6              HE  0.3000000  0.5000000   45604C01
              -20               1               1              HE  0.2000000  0.3000000   45105001
              -20               1               2              HE  0.3000000  0.5000000   45205001
              -20               1               3              HE  0.3000000  0.5000000   45305001
              -20               1               4              HE  0.3000000  0.5000000   45405001
              -20               1               5              HE  0.3000000  0.5000000   45505001
              -20               1               6              HE  0.3000000  0.5000000   45605001
              -21               1               1              HE  0.2000000  0.3000000   45105401
              -21               1               2              HE  0.3000000  0.5000000   45205401
              -21               1               3              HE  0.3000000  0.5000000   45305401
              -21               1               4              HE  0.3000000  0.5000000   45405401
              -21               1               5              HE  0.3000000  0.5000000   45505401
              -21               1               6              HE  0.3000000  0.5000000   45605401
              -22               1               1              HE  0.2000000  0.3000000   45105801
              -22               1               2              HE  0.3000000  0.5000000   45205801
              -22               1               3              HE  0.3000000  0.5000000   45305801
              -22               1               4              HE  0.3000000  0.5000000   45405801
              -22               1               5              HE  0.3000000  0.5000000   45505801
              -22               1               6              HE  0.3000000  0.5000000   45605801
              -23               1               1              HE  0.2000000  0.3000000   45105C01
              -23               1               2              HE  0.3000000  0.5000000   45205C01
              -23               1               3              HE  0.3000000  0.5000000   45305C01
              -23               1               4              HE  0.3000000  0.5000000   45405C01
              -23               1               5              HE  0.3000000  0.5000000   45505C01
              -23               1               6              HE  0.3000000  0.5000000   45605C01
              -24               1               1              HE  0.2000000  0.3000000   45106001
              -24               1               2              HE  0.3000000  0.5000000   45206001
              -24               1               3              HE  0.3000000  0.5000000   45306001
              -24               1               4              HE  0.3000000  0.5000000   45406001
              -24               1               5              HE  0.3000000  0.5000000   45506001
              -24               1               6              HE  0.3000000  0.5000000   45606001
              -25               1               1              HE  0.2000000  0.3000000   45106401
              -25               1               2              HE  0.3000000  0.5000000   45206401
              -25               1               3              HE  0.3000000  0.5000000   45306401
              -25               1               4              HE  0.3000000  0.5000000   45406401
              -25               1               5              HE  0.3000000  0.5000000   45506401
              -25               1               6              HE  0.3000000  0.5000000   45606401
              -26               1               1              HE  0.2000000  0.3000000   45106801
              -26               1               2              HE  0.3000000  0.5000000   45206801
              -26               1               3              HE  0.3000000  0.5000000   45306801
              -26               1               4              HE  0.3000000  0.5000000   45406801
              -26               1               5              HE  0.3000000  0.5000000   45506801
              -26               1               6              HE  0.3000000  0.5000000   45606801
              -26               1               7              HE  0.3000000  0.5000000   45706801
              -27               1               1              HE  0.2000000  0.3000000   45106C01
              -27               1               2              HE  0.3000000  0.5000000   45206C01
              -27               1               3              HE  0.3000000  0.5000000   45306C01
              -27               1               4              HE  0.3000000  0.5000000   45406C01
              -27               1               5              HE  0.3000000  0.5000000   45506C01
              -27               1               6              HE  0.3000000  0.5000000   45606C01
              -27               1               7              HE  0.3000000  0.5000000   45706C01
              -28               1               1              HE  0.2000000  0.3000000   45107001
              -28               1               2              HE  0.3000000  0.5000000   45207001
              -28               1               3              HE  0.3000000  0.5000000   45307001
              -28               1               4              HE  0.3000000  0.5000000   45407001
              -28               1               5              HE  0.3000000  0.5000000   45507001
              -28               1               6              HE  0.3000000  0.5000000   45607001
              -28               1               7              HE  0.3000000  0.5000000   45707001
              -29               1               1              HE  0.2000000  0.3000000   45107401
              -29               1               2              HE  0.3000000  0.5000000   45207401
              -29               1               3              HE  0.3000000  0.5000000   45307401
               16               1               4              HE  0.5000000  0.8000000   45484001
               17               1               2              HE  0.5000000  0.8000000   45284401
               17               1               3              HE  0.5000000  0.8000000   45384401
               18               1               1              HE  0.2000000  0.3000000   45184801
               18               1               2              HE  0.3000000  0.5000000   45284801
               18               1               3              HE  0.3000000  0.5000000   45384801
               18               1               4              HE  0.3000000  0.5000000   45484801
               18               1               5              HE  0.3000000  0.5000000   45584801
               19               1               1              HE  0.2000000  0.3000000   45184C01
               19               1               2              HE  0.3000000  0.5000000   45284C01
               19               1               3              HE  0.3000000  0.5000000   45384C01
               19               1               4              HE  0.3000000  0.5000000   45484C01
               19               1               5              HE  0.3000000  0.5000000   45584C01
               19               1               6              HE  0.3000000  0.5000000   45684C01
               20               1               1              HE  0.2000000  0.3000000   45185001
               20               1               2              HE  0.3000000  0.5000000   45285001
               20               1               3              HE  0.3000000  0.5000000   45385001
               20               1               4              HE  0.3000000  0.5000000   45485001
               20               1               5              HE  0.3000000  0.5000000   45585001
               20               1               6              HE  0.3000000  0.5000000   45685001
               21               1               1              HE  0.2000000  0.3000000   45185401
               21               1               2              HE  0.3000000  0.5000000   45285401
               21               1               3              HE  0.3000000  0.5000000   45385401
               21               1               4              HE  0.3000000  0.5000000   45485401
               21               1               5              HE  0.3000000  0.5000000   45585401
               21               1               6              HE  0.3000000  0.5000000   45685401
               22               1               1              HE  0.2000000  0.3000000   45185801
               22               1               2              HE  0.3000000  0.5000000   45285801
               22               1               3              HE  0.3000000  0.5000000   45385801
               22               1               4              HE  0.3000000  0.5000000   45485801
               22               1               5              HE  0.3000000  0.5000000   45585801
               22               1               6              HE  0.3000000  0.5000000   45685801
               23               1               1              HE  0.2000000  0.3000000   45185C01
               23               1               2              HE  0.3000000  0.5000000   45285C01
               23               1               3              HE  0.3000000  0.5000000   45385C01
               23               1               4              HE  0.3000000  0.5000000   45485C01
               23               1               5              HE  0.3000000  0.5000000   45585C01
               23               1               6              HE  0.3000000  0.5000000   45685C01
               24               1               1              HE  0.2000000  0.3000000   45186001
               24               1               2              HE  0.3000000  0.5000000   45286001
               24               1               3              HE  0.3000000  0.5000000   45386001
               24               1               4              HE  0.3000000  0.5000000   45486001
               24               1               5              HE  0.3000000  0.5000000   45586001
               24               1               6              HE  0.3000000  0.5000000   45686001
               25               1               1              HE  0.2000000  0.3000000   45186401
               25               1               2              HE  0.3000000  0.5000000   45286401
               25               1               3              HE  0.3000000  0.5000000   45386401
               25               1               4              HE  0.3000000  0.5000000   45486401
               25               1               5              HE  0.3000000  0.5000000   45586401
               25               1               6              HE  0.3000000  0.5000000   45686401
               26               1               1              HE  0.2000000  0.3000000   45186801
               26               1               2              HE  0.3000000  0.5000000   45286801
               26               1               3              HE  0.3000000  0.5000000   45386801
               26               1               4              HE  0.3000000  0.5000000   45486801
               26               1               5              HE  0.3000000  0.5000000   45586801
               26               1               6              HE  0.3000000  0.5000000   45686801
               26               1               7              HE  0.3000000  0.5000000   45786801
               27               1               1              HE  0.2000000  0.3000000   45186C01
               27               1               2              HE  0.3000000  0.5000000   45286C01
               27               1               3              HE  0.3000000  0.5000000   45386C01
               27               1               4              HE  0.3000000  0.5000000   45486C01
               27               1               5              HE  0.3000000  0.5000000   45586C01
               27               1               6              HE  0.3000000  0.5000000   45686C01
               27               1               7              HE  0.3000000  0.5000000   45786C01
               28               1               1              HE  0.2000000  0.3000000   45187001
               28               1               2              HE  0.3000000  0.5000000   45287001
               28               1               3              HE  0.3000000  0.5000000   45387001
               28               1               4              HE  0.3000000  0.5000000   45487001
               28               1               5              HE  0.3000000  0.5000000   45587001
               28               1               6              HE  0.3000000  0.5000000   45687001
               28               1               7              HE  0.3000000  0.5000000   45787001
               29               1               1              HE  0.2000000  0.3000000   45187401
               29               1               2              HE  0.3000000  0.5000000   45287401
               29               1               3              HE  0.3000000  0.5000000   45387401
