300553
-511
511
-521
521
523
-523
513
-513
533
-533
-531
531
15
-15
413
-413
423
-423
433
-433
411
-411
421
-421
431
-431
10411
-10411
10421
-10421
10413
-10413
10423
-10423
20413
-20413
20423
-20423
415
-415
425
-425
10431
-10431
10433
-10433
20433
-20433
435
-435
30421
-30421
30411
-30411
30423
-30423
30413
-30413
310
311
-311
313
-313
323
-323
10321
-10321
10311
-10311
10313
-10313
10323
-10323
20323
-20323
20313
-20313
325
-325
315
-315
100313
-100313
100323
-100323
30313
-30313
30323
-30323
30343
-30343
30353
-30353
30363
-30363
111
221
113
213
-213
223
331
333
20213
20113
-20213
215
-215
115
10213
-10213
10113
9000111
9000211
-9000211
9010221
10221
20223
20333
225
9020221
335
10223
10333
100213
-100213
100113
441
100441
443
100443
9000443
9010443
9020443
10441
20443
445
30443
551
553
100553
200553
10551
20553
555
110551
120553
100555
10553
210551
220553
200555
30553
20555
557
130553
120555
100557
110553
210553
10555
110555
4122
-4122
4132
-4132
84
-84
4112
-4112
4212
-4212
4232
-4232
4222
-4222
4322
-4322
4312
-4312
3122
-3122
13122
-13122
3124
-3124
23122
-23122
33122
-33122
13124
-13124
43122
-43122
53122
-53122
3126
-3126
13126
-13126
13212
-13212
13214
-13214
3216
-3216
3222
-3222
2214
-2214
2224
-2224
3324
-3324
2114
-2114
1114
-1114
3112
-3112
3212
-3212
3114
-3114
3224
-3224
3214
-3214
3322
-3322
3312
-3312
3314
-3314
3334
-3334
4114
-4114
4214
-4214
4224
-4224
4314
-4314
4324
-4324
4332
-4332
4334
-4334
43
44
-44
10443
5122
-5122
5132
-5132
5232
-5232
5332
-5332
5222
-5222
5112
-5112
5212
-5212
-541
541
14122
-14122
14124
-14124
5312
-5312
5322
-5322
10521
-10521
20523
-20523
10523
-10523
525
-525
10511
-10511
20513
-20513
10513
-10513
515
-515
10531
-10531
20533
-20533
10533
-10533
535
-535
543
-543
545
-545
5114
-5114
5224
-5224
5214
-5214
5314
-5314
5324
-5324
5334
-5334
10541
-10541
10543
-10543
20543
-20543
4424
-4424
4422
-4422
4414
-4414
4412
-4412
4432
-4432
4434
-4434
130
