 300553 0
 -511 134
 511 134
 -521 137
 521 137
 523 138
 -523 138
 513 135
 -513 135
 533 141
 -533 141
 -531 140
 531 140
 15 15
 -15 15
 413 123
 -413 123
 423 126
 -423 126
 433 129
 -433 129
 411 122
 -411 122
 421 125
 -421 125
 431 128
 -431 128
 10411 262
 -10411 262
 10421 264
 -10421 264
 10413 263
 -10413 263
 10423 265
 -10423 265
 20413 286
 -20413 286
 20423 287
 -20423 287
 415 124
 -415 124
 425 127
 -425 127
 10431 266
 -10431 266
 20433 288
 -20433 288
 10433 267
 -10433 267
 435 130
 -435 130
 30421 0
 -30421 0
 30411 0
 -30411 0
 30423 0
 -30423 0
 30413 0
 -30413 0
 310 112
 311 113
 -311 113
 313 114
 -313 114
 323 117
 -323 117
 10321 258
 -10321 258
 10311 256
 -10311 256
 10313 257
 -10313 257
 10323 259
 -10323 259
 20323 284
 -20323 284
 20313 283
 -20313 283
 325 118
 -325 118
 315 115
 -315 115
 100313 0
 -100313 0
 100323 0
 -100323 0
 30313 0
 -30313 0
 30323 0
 -30323 0
 30343 0
 -30343 0
 30353 0
 -30353 0
 30363 0
 -30363 0
 111 102
 221 109
 113 103
 213 107
 -213 107
 223 110
 331 119
 333 120
 20213 281
 20113 280
 -20213 281
 215 108
 -215 108
 115 104
 10213 253
 -10213 253
 10113 251
 10111 250
 10211 252
 -10211 252
 10221 254
 20221 0
 20223 282
 20333 285
 225 111
 9020221 0
 335 121
 10223 255
 10333 261
 100213 0
 -100213 0
 100113 0
 441 131
 100441 0
 443 132
 100443 295
 9000443 0
 9010443 0
 9020443 0
 10441 268
 20443 289
 445 133
 30443 0
 551 146
 553 147
 100553 296
 200553 0
 10551 278
 20553 294
 555 148
 110551 0
 120553 0
 100555 0
 10553 279
 210551 0
 220553 0
 200555 0
 30553 0
 20555 0
 557 0
 130553 0
 120555 0
 100557 0
 110553 0
 210553 0
 10555 0
 110555 0
 4122 181
 -4122 181
 4132 182
 -4132 182
 84 84
 -84 84
 4112 179
 -4112 179
 4212 185
 -4212 185
 4232 189
 -4232 189
 4222 187
 -4222 187
 4322 194
 -4322 194
 4312 192
 -4312 192
 3122 164
 -3122 164
 13122 0
 -13122 0
 3124 0
 -3124 0
 23122 0
 -23122 0
 33122 0
 -33122 0
 13124 0
 -13124 0
 43122 0
 -43122 0
 53122 0
 -53122 0
 3126 0
 -3126 0
 13126 0
 -13126 0
 13212 0
 -13212 0
 13214 0
 -13214 0
 3216 0
 -3216 0
 3222 169
 -3222 169
 2214 158
 -2214 158
 2224 159
 -2224 159
 3324 175
 -3324 175
 2114 155
 -2114 155
 1114 151
 -1114 151
 3112 162
 -3112 162
 3212 167
 -3212 167
 3114 163
 -3114 163
 3224 170
 -3224 170
 3214 168
 -3214 168
 3322 174
 -3322 174
 3312 172
 -3312 172
 3314 173
 -3314 173
 3334 176
 -3334 176
 4114 180
 -4114 180
 4214 186
 -4214 186
 4224 188
 -4224 188
 4314 193
 -4314 193
 4324 195
 -4324 195
 4332 196
 -4332 196
 4334 197
 -4334 197
 43 43
 44 44
 -44 0
 10443 269
 5122 210
 -5122 210
 5132 211
 -5132 211
 5232 219
 -5232 219
 5332 227
 -5332 227
 5222 217
 -5222 217
 5112 208
 -5112 208
 5212 215
 -5212 215
 -541 143
 541 143
 14122 0
 -14122 0
 14124 0
 -14124 0
 5312 223
 -5312 223
 5322 225
 -5322 225
 10521 272
 -10521 272
 20523 291
 -20523 291
 10523 273
 -10523 273
 525 139
 -525 139
 10511 270
 -10511 270
 20513 290
 -20513 290
 10513 271
 -10513 271
 515 136
 -515 136
 10531 274
 -10531 274
 20533 292
 -20533 292
 10533 275
 -10533 275
 535 142
 -535 142
 543 144
 -543 144
 545 145
 -545 145
 5114 209
 -5114 209
 5224 218
 -5224 218
 5214 216
 -5214 216
 5314 224
 -5314 224
 5324 226
 -5324 226
 5334 228
 -5334 228
 10541 276
 -10541 276
 10543 277
 -10543 277
 20543 293
 -20543 293
 130 105
