-0.3550228 -0.3550228 -0.3550228          0 -0.09205024  0.4029674  0.4077219  0.2572773 0.08915202          0 
-0.3605403 -0.3605403 -0.3605403          0 -0.06752773  0.4102221  0.4057551  0.2514168 0.08175464          0 
-0.3692936 -0.3692936 -0.3692936          0 -0.02540123  0.4180304  0.4022737  0.2419804 0.07099769          0 
-0.3732241 -0.3732241 -0.3732241          0 5.879649e-05  0.4210806  0.3985729  0.2355906 0.06436958          0 
-0.3764706 -0.3764706 -0.3764706          0 0.03057039   0.424661   0.392077  0.2262774 0.05582587          0 
-0.3804191 -0.3804191 -0.3804191          0 0.06268993  0.4275638  0.3860119  0.2176873 0.04730432          0 
-0.3826197 -0.3826197 -0.3826197          0 0.08964073  0.4297879  0.3795996  0.2092973  0.0395336          0 
-0.3830421 -0.3830421 -0.3830421          0  0.1155749  0.4289379  0.3714974  0.2006781 0.03243784          0 
-0.3844273 -0.3844273 -0.3844273          0  0.1431023  0.4292155  0.3639062  0.1922908 0.02476718          0 
-0.3839771 -0.3839771 -0.3839771          0  0.1672862   0.427394  0.3556001  0.1836189 0.01803226          0 
-0.3836795 -0.3836795 -0.3836795          0  0.1952224  0.4262376  0.3460808  0.1735474 0.009950358          0 
-0.3825895 -0.3825895 -0.3825895          0  0.2137568  0.4242338  0.3388848  0.1663618 0.004531481          0 
-0.3812788 -0.3812788 -0.3812788          0   0.235699  0.4228363  0.3298652  0.1575187 -0.002082776          0 
 -0.379944  -0.379944  -0.379944          0  0.2554686   0.420755  0.3215976  0.1498751 -0.007864308          0 
 -0.378062  -0.378062  -0.378062          0  0.2736468   0.418581  0.3136449  0.1421032 -0.01378992          0 
-0.3763315 -0.3763315 -0.3763315          0  0.2855727  0.4168453  0.3076078  0.1365814 -0.01761286          0 
-0.3742432 -0.3742432 -0.3742432          0  0.3003047  0.4144494  0.3004877  0.1299253 -0.02243731          0 
-0.3728704 -0.3728704 -0.3728704          0  0.3156794  0.4139156  0.2935063   0.122973 -0.02746293          0 
-0.3713157 -0.3713157 -0.3713157          0  0.3283633  0.4115626  0.2875374  0.1177636 -0.03127976          0 
-0.3695197 -0.3695197 -0.3695197          0  0.3400439   0.410388     0.2816  0.1120555 -0.03552807          0 
-0.3682894 -0.3682894 -0.3682894          0  0.3537168  0.4086897   0.275685  0.1062661 -0.03948933          0 
-0.3667372 -0.3667372 -0.3667372          0  0.3641942  0.4072483  0.2705122  0.1014542 -0.04319723          0 
-0.3662989 -0.3662989 -0.3662989          0  0.3721701  0.4079624  0.2671232 0.09748807 -0.04584699          0 
-0.3646816 -0.3646816 -0.3646816          0  0.3814887  0.4062255  0.2622265 0.09325869 -0.04915462          0 
-0.3635788 -0.3635788 -0.3635788          0  0.3909708  0.4058681  0.2579524 0.08868195 -0.05273683          0 
         0          0          0          0          0          0          0          0          0          0 
         0          0          0          0          0          0          0          0          0          0 
         0          0          0          0          0          0          0          0          0          0 
         0          0          0          0          0          0          0          0          0          0 
         0          0          0          0          0          0          0          0          0          0 
         0          0          0          0          0          0          0          0          0          0 
         0          0          0          0          0          0          0          0          0          0 
         0          0          0          0          0          0          0          0          0          0 
         0          0          0          0          0          0          0          0          0          0 
         0          0          0          0          0          0          0          0          0          0 
         0          0          0          0          0          0          0          0          0          0 
         0          0          0          0          0          0          0          0          0          0 
         0          0          0          0          0          0          0          0          0          0 
         0          0          0          0          0          0          0          0          0          0 
         0          0          0          0          0          0          0          0          0          0 
         0          0          0          0          0          0          0          0          0          0 
         0          0          0          0          0          0          0          0          0          0 
         0          0          0          0          0          0          0          0          0          0 
         0          0          0          0          0          0          0          0          0          0 
         0          0          0          0          0          0          0          0          0          0 
         0          0          0          0          0          0          0          0          0          0 
         0          0          0          0          0          0          0          0          0          0 
         0          0          0          0          0          0          0          0          0          0 
         0          0          0          0          0          0          0          0          0          0 
         0          0          0          0          0          0          0          0          0          0 
