         0          0          0          0          0  0.3284995    0.33056    0.26536  0.1924975  0.1320604 
         0          0          0          0          0  0.3334231  0.3314907  0.2647257  0.1913318  0.1310585 
         0          0          0          0          0  0.3404184  0.3336056   0.264299  0.1903705   0.130107 
         0          0          0          0          0  0.3441611  0.3344088  0.2637909  0.1896032  0.1294431 
         0          0          0          0          0  0.3490711  0.3348735  0.2626309  0.1883613  0.1282652 
         0          0          0          0          0  0.3549366  0.3366834  0.2627405  0.1878934  0.1278116 
         0          0          0          0          0  0.3603595  0.3380975  0.2625565  0.1872545  0.1272162 
         0          0          0          0          0  0.3641417  0.3383819   0.261776  0.1863267  0.1263998 
         0          0          0          0          0   0.370002  0.3403027  0.2622611  0.1860801  0.1261072 
         0          0          0          0          0  0.3743537  0.3412292  0.2618798  0.1854807  0.1255168 
         0          0          0          0          0  0.3810421  0.3433307  0.2621588  0.1851912  0.1251092 
         0          0          0          0          0  0.3852243  0.3444737  0.2621012   0.184834  0.1246824 
         0          0          0          0          0  0.3914841  0.3462211   0.262314  0.1846119  0.1243146 
         0          0          0          0          0  0.3973062  0.3481044  0.2628958  0.1846256  0.1240361 
         0          0          0          0          0  0.4031544  0.3500497  0.2632382  0.1843459  0.1237492 
         0          0          0          0          0  0.4071215  0.3510521  0.2632677   0.184123   0.123418 
         0          0          0          0          0  0.4123373  0.3527568  0.2635849  0.1839281  0.1230909 
         0          0          0          0          0  0.4195829  0.3553701  0.2644269  0.1842014  0.1231271 
         0          0          0          0          0  0.4246644  0.3573882  0.2652961  0.1844491  0.1231522 
         0          0          0          0          0  0.4305294   0.359435  0.2658421  0.1843721  0.1229629 
         0          0          0          0          0    0.43739  0.3625168  0.2671447  0.1850936  0.1232396 
         0          0          0          0          0  0.4430676  0.3647931  0.2680159  0.1852103  0.1232015 
         0          0          0          0          0  0.4487655  0.3671344  0.2688131  0.1857354   0.123289 
         0          0          0          0          0  0.4540173  0.3692107  0.2696989  0.1858262  0.1232697 
         0          0          0          0          0   0.460665  0.3721084  0.2707668  0.1860999  0.1230775 
         0          0          0          0  0.1154701  0.3328303   0.334918  0.2688584  0.1950353          0 
         0          0          0          0  0.1271631  0.3344993  0.3325607  0.2655802  0.1919494          0 
         0          0          0          0  0.1465225  0.3354556  0.3287422  0.2604459  0.1875952          0 
         0          0          0          0  0.1575364    0.33522  0.3257211  0.2569378  0.1846775          0 
         0          0          0          0  0.1701632  0.3349125  0.3212907  0.2519784  0.1807212          0 
         0          0          0          0  0.1836566  0.3348869  0.3176648  0.2478988  0.1772797          0 
         0          0          0          0  0.1946809  0.3349004  0.3142112  0.2440071  0.1740251          0 
         0          0          0          0  0.2046062   0.333194  0.3096235  0.2395281  0.1704912          0 
         0          0          0          0  0.2157415   0.332752  0.3060428   0.235858  0.1673465          0 
         0          0          0          0  0.2250062   0.331173  0.3018693  0.2316726   0.164086          0 
         0          0          0          0  0.2361516  0.3303897  0.2976913  0.2273097  0.1605735          0 
         0          0          0          0  0.2433612  0.3292542  0.2944243  0.2240199  0.1579791          0 
         0          0          0          0  0.2522048  0.3287018  0.2906976  0.2202467  0.1550057          0 
         0          0          0          0  0.2602875  0.3279947  0.2873763  0.2170326   0.152417          0 
         0          0          0          0  0.2678034  0.3273605  0.2842396  0.2137488  0.1496885          0 
         0          0          0          0  0.2726848  0.3267652  0.2817626  0.2113048  0.1477814          0 
         0          0          0          0  0.2788928   0.326086  0.2789684  0.2084492  0.1454546          0 
         0          0          0          0  0.2859728  0.3267729  0.2767637  0.2059368  0.1434568          0 
         0          0          0          0  0.2916403  0.3263194  0.2746232  0.2038581  0.1417338          0 
         0          0          0          0  0.2970928  0.3265458  0.2726225  0.2016346  0.1398416          0 
         0          0          0          0   0.303723  0.3268482  0.2708977  0.1996291  0.1383148          0 
         0          0          0          0  0.3088484  0.3270405  0.2692639    0.19783  0.1367089          0 
         0          0          0          0  0.3131766  0.3283558  0.2686274   0.196687  0.1359002          0 
         0          0          0          0  0.3178205  0.3283567  0.2670224   0.195053  0.1343941          0 
         0          0          0          0  0.3229595  0.3293357  0.2660254  0.1935749  0.1330454          0 
