         0          0          0          0          0          0          0          0          0          0 
         0          0          0          0          0          0          0          0          0          0 
         0          0          0          0          0          0          0          0          0          0 
         0          0          0          0          0          0          0          0          0          0 
         0          0          0          0          0          0          0          0          0          0 
         0          0          0          0          0  0.6845538 -0.3174248 -0.2548156 -0.1848483 -0.1268129 
         0          0          0          0          0 -0.3174248  0.6805842 -0.2564139 -0.1860078 -0.1276083 
         0          0          0          0          0 -0.2548156 -0.2564139  0.7941615 -0.1493194 -0.1024387 
         0          0          0          0          0 -0.1848483 -0.1860078 -0.1493194  0.8916807 -0.07431109 
         0          0          0          0          0 -0.1268129 -0.1276083 -0.1024387 -0.07431109  0.9490198 
         0          0          0          0          0          0          0          0          0          0 
         0          0          0          0          0          0          0          0          0          0 
         0          0          0          0          0          0          0          0          0          0 
         0          0          0          0          0          0          0          0          0          0 
         0          0          0          0          0          0          0          0          0          0 
         0          0          0          0          0  0.6776915 -0.3204406 -0.2559011 -0.1849538 -0.1266897 
         0          0          0          0          0 -0.3204406  0.6814166 -0.2544181 -0.1838819 -0.1259555 
         0          0          0          0          0 -0.2559011 -0.2544181  0.7968239 -0.1468465  -0.100587 
         0          0          0          0          0 -0.1849538 -0.1838819 -0.1468465   0.893866 -0.07269972 
         0          0          0          0          0 -0.1266897 -0.1259555  -0.100587 -0.07269972  0.9502021 
         0          0          0          0          0          0          0          0          0          0 
         0          0          0          0          0          0          0          0          0          0 
         0          0          0          0          0          0          0          0          0          0 
         0          0          0          0          0          0          0          0          0          0 
         0          0          0          0          0          0          0          0          0          0 
         0          0          0          0          0  0.6690901 -0.3242874 -0.2569166 -0.1850531 -0.1264729 
         0          0          0          0          0 -0.3242874  0.6822025  -0.251775 -0.1813497 -0.1239418 
         0          0          0          0          0 -0.2569166  -0.251775  0.8005313 -0.1436742 -0.09819287 
         0          0          0          0          0 -0.1850531 -0.1813497 -0.1436742  0.8965137 -0.07072682 
         0          0          0          0          0 -0.1264729 -0.1239418 -0.09819287 -0.07072682  0.9516624 
         0          0          0          0          0          0          0          0          0          0 
         0          0          0          0          0          0          0          0          0          0 
         0          0          0          0          0          0          0          0          0          0 
         0          0          0          0          0          0          0          0          0          0 
         0          0          0          0          0          0          0          0          0          0 
         0          0          0          0          0  0.6640441 -0.3264362 -0.2575018 -0.1850829  -0.126357 
         0          0          0          0          0 -0.3264362  0.6828138 -0.2502052 -0.1798383 -0.1227765 
         0          0          0          0          0 -0.2575018 -0.2502052  0.8026313 -0.1418614 -0.09684951 
         0          0          0          0          0 -0.1850829 -0.1798383 -0.1418614  0.8980352 -0.06961188 
         0          0          0          0          0  -0.126357 -0.1227765 -0.09684951 -0.06961188  0.9524756 
         0          0          0          0          0          0          0          0          0          0 
         0          0          0          0          0          0          0          0          0          0 
         0          0          0          0          0          0          0          0          0          0 
         0          0          0          0          0          0          0          0          0          0 
         0          0          0          0          0          0          0          0          0          0 
         0          0          0          0          0    0.65666 -0.3293755  -0.258319 -0.1852688 -0.1261594 
         0          0          0          0          0 -0.3293755   0.684021 -0.2478125 -0.1777334 -0.1210281 
         0          0          0          0          0  -0.258319 -0.2478125  0.8056483 -0.1393908 -0.09491862 
         0          0          0          0          0 -0.1852688 -0.1777334 -0.1393908  0.9000276 -0.06807651 
         0          0          0          0          0 -0.1261594 -0.1210281 -0.09491862 -0.06807651  0.9536431 
         0          0          0          0          0          0          0          0          0          0 
         0          0          0          0          0          0          0          0          0          0 
         0          0          0          0          0          0          0          0          0          0 
         0          0          0          0          0          0          0          0          0          0 
         0          0          0          0          0          0          0          0          0          0 
         0          0          0          0          0  0.6500634 -0.3319405 -0.2590393 -0.1852466 -0.1260111 
         0          0          0          0          0 -0.3319405  0.6851301 -0.2457178   -0.17572 -0.1195308 
         0          0          0          0          0 -0.2590393 -0.2457178  0.8082471 -0.1371281 -0.09327928 
         0          0          0          0          0 -0.1852466   -0.17572 -0.1371281  0.9019357 -0.06670674 
         0          0          0          0          0 -0.1260111 -0.1195308 -0.09327928 -0.06670674  0.9546238 
         0          0          0          0          0          0          0          0          0          0 
         0          0          0          0          0          0          0          0          0          0 
         0          0          0          0          0          0          0          0          0          0 
         0          0          0          0          0          0          0          0          0          0 
         0          0          0          0          0          0          0          0          0          0 
         0          0          0          0          0  0.6435903 -0.3343917 -0.2596788 -0.1852021 -0.1258219 
         0          0          0          0          0 -0.3343917   0.686266 -0.2436365 -0.1737608 -0.1180489 
         0          0          0          0          0 -0.2596788 -0.2436365  0.8107991 -0.1349375 -0.09167332 
         0          0          0          0          0 -0.1852021 -0.1737608 -0.1349375   0.903763 -0.06538112 
         0          0          0          0          0 -0.1258219 -0.1180489 -0.09167332 -0.06538112  0.9555816 
         0          0          0          0          0          0          0          0          0          0 
         0          0          0          0          0          0          0          0          0          0 
         0          0          0          0          0          0          0          0          0          0 
         0          0          0          0          0          0          0          0          0          0 
         0          0          0          0          0          0          0          0          0          0 
         0          0          0          0          0  0.6380263 -0.3363673 -0.2602174 -0.1852174 -0.1256472 
         0          0          0          0          0 -0.3363673  0.6874278 -0.2418093 -0.1721149 -0.1167588 
         0          0          0          0          0 -0.2602174 -0.2418093  0.8129336   -0.13315 -0.09032588 
         0          0          0          0          0 -0.1852174 -0.1721149   -0.13315  0.9052266 -0.06429209 
         0          0          0          0          0 -0.1256472 -0.1167588 -0.09032588 -0.06429209  0.9563857 
         0          0          0          0          0          0          0          0          0          0 
         0          0          0          0          0          0          0          0          0          0 
         0          0          0          0          0          0          0          0          0          0 
         0          0          0          0          0          0          0          0          0          0 
         0          0          0          0          0          0          0          0          0          0 
         0          0          0          0          0  0.6320023 -0.3384594 -0.2608405 -0.1850722 -0.1254241 
         0          0          0          0          0 -0.3384594   0.688708 -0.2399034 -0.1702169 -0.1153565 
         0          0          0          0          0 -0.2608405 -0.2399034  0.8151137  -0.131181 -0.08890182 
         0          0          0          0          0 -0.1850722 -0.1702169  -0.131181  0.9069241 -0.06307784 
         0          0          0          0          0 -0.1254241 -0.1153565 -0.08890182 -0.06307784  0.9572519 
         0          0          0          0          0          0          0          0          0          0 
         0          0          0          0          0          0          0          0          0          0 
         0          0          0          0          0          0          0          0          0          0 
         0          0          0          0          0          0          0          0          0          0 
         0          0          0          0          0          0          0          0          0          0 
         0          0          0          0          0  0.6266068 -0.3403537 -0.2612079 -0.1850049 -0.1251947 
         0          0          0          0          0 -0.3403537  0.6897624  -0.238095 -0.1686348 -0.1141169 
         0          0          0          0          0 -0.2612079  -0.238095  0.8172716 -0.1294205 -0.0875802 
         0          0          0          0          0 -0.1850049 -0.1686348 -0.1294205  0.9083358 -0.06203014 
         0          0          0          0          0 -0.1251947 -0.1141169 -0.0875802 -0.06203014  0.9580236 
         0          0          0          0          0          0          0          0          0          0 
         0          0          0          0          0          0          0          0          0          0 
         0          0          0          0          0          0          0          0          0          0 
         0          0          0          0          0          0          0          0          0          0 
         0          0          0          0          0          0          0          0          0          0 
         0          0          0          0          0  0.6196589 -0.3426991 -0.2616765 -0.1848505  -0.124879 
         0          0          0          0          0 -0.3426991  0.6912176 -0.2357786  -0.166556 -0.1125199 
         0          0          0          0          0 -0.2616765 -0.2357786  0.8199653 -0.1271781 -0.08591738 
         0          0          0          0          0 -0.1848505  -0.166556 -0.1271781  0.9101603 -0.06069277 
         0          0          0          0          0  -0.124879 -0.1125199 -0.08591738 -0.06069277  0.9589979 
         0          0          0          0          0          0          0          0          0          0 
         0          0          0          0          0          0          0          0          0          0 
         0          0          0          0          0          0          0          0          0          0 
         0          0          0          0          0          0          0          0          0          0 
         0          0          0          0          0          0          0          0          0          0 
         0          0          0          0          0  0.6150176 -0.3442575 -0.2619367  -0.184718 -0.1246041 
         0          0          0          0          0 -0.3442575  0.6921595  -0.234228 -0.1651778  -0.111423 
         0          0          0          0          0 -0.2619367  -0.234228  0.8217819 -0.1256796 -0.08477893 
         0          0          0          0          0  -0.184718 -0.1651778 -0.1256796  0.9113707 -0.05978618 
         0          0          0          0          0 -0.1246041  -0.111423 -0.08477893 -0.05978618  0.9596704 
         0          0          0          0          0          0          0          0          0          0 
         0          0          0          0          0          0          0          0          0          0 
         0          0          0          0          0          0          0          0          0          0 
         0          0          0          0          0          0          0          0          0          0 
         0          0          0          0          0          0          0          0          0          0 
         0          0          0          0          0  0.6085049 -0.3462308 -0.2623214 -0.1846171  -0.124318 
         0          0          0          0          0 -0.3462308  0.6938001  -0.231992 -0.1632718 -0.1099445 
         0          0          0          0          0 -0.2623214  -0.231992  0.8242315 -0.1237027 -0.08329934 
         0          0          0          0          0 -0.1846171 -0.1632718 -0.1237027  0.9129402 -0.05862458 
         0          0          0          0          0  -0.124318 -0.1099445 -0.08329934 -0.05862458  0.9605232 
         0          0          0          0          0          0          0          0          0          0 
         0          0          0          0          0          0          0          0          0          0 
         0          0          0          0          0          0          0          0          0          0 
         0          0          0          0          0          0          0          0          0          0 
         0          0          0          0          0          0          0          0          0          0 
         0          0          0          0          0   0.603002 -0.3478343 -0.2626919 -0.1844824 -0.1239399 
         0          0          0          0          0 -0.3478343   0.695241 -0.2301605 -0.1616364 -0.1085913 
         0          0          0          0          0 -0.2626919 -0.2301605  0.8261779 -0.1220712 -0.08201049 
         0          0          0          0          0 -0.1844824 -0.1616364 -0.1220712  0.9142722 -0.05759407 
         0          0          0          0          0 -0.1239399 -0.1085913 -0.08201049 -0.05759407  0.9613069 
         0          0          0          0          0          0          0          0          0          0 
         0          0          0          0          0          0          0          0          0          0 
         0          0          0          0          0          0          0          0          0          0 
         0          0          0          0          0          0          0          0          0          0 
         0          0          0          0          0          0          0          0          0          0 
         0          0          0          0          0  0.5973505 -0.3496114 -0.2629085 -0.1841151 -0.1235942 
         0          0          0          0          0 -0.3496114  0.6964405 -0.2282775 -0.1598629  -0.107314 
         0          0          0          0          0 -0.2629085 -0.2282775  0.8283348 -0.1202173 -0.08070039 
         0          0          0          0          0 -0.1841151 -0.1598629 -0.1202173  0.9158118 -0.05651455 
         0          0          0          0          0 -0.1235942  -0.107314 -0.08070039 -0.05651455  0.9620625 
         0          0          0          0          0          0          0          0          0          0 
         0          0          0          0          0          0          0          0          0          0 
         0          0          0          0          0          0          0          0          0          0 
         0          0          0          0          0          0          0          0          0          0 
         0          0          0          0          0          0          0          0          0          0 
         0          0          0          0          0  0.5931854 -0.3507874 -0.2630692 -0.1839841  -0.123325 
         0          0          0          0          0 -0.3507874  0.6975235 -0.2268389 -0.1586456 -0.1063405 
         0          0          0          0          0 -0.2630692 -0.2268389  0.8298846 -0.1189745 -0.0797489 
         0          0          0          0          0 -0.1839841 -0.1586456 -0.1189745  0.9167922 -0.05577442 
         0          0          0          0          0  -0.123325 -0.1063405 -0.0797489 -0.05577442  0.9626143 
         0          0          0          0          0          0          0          0          0          0 
         0          0          0          0          0          0          0          0          0          0 
         0          0          0          0          0          0          0          0          0          0 
         0          0          0          0          0          0          0          0          0          0 
         0          0          0          0          0          0          0          0          0          0 
         0          0          0          0          0  0.5882419 -0.3522613 -0.2632146 -0.1836697  -0.122918 
         0          0          0          0          0 -0.3522613  0.6986385 -0.2251816 -0.1571304  -0.105157 
         0          0          0          0          0 -0.2632146 -0.2251816  0.8317411 -0.1174101 -0.07857484 
         0          0          0          0          0 -0.1836697 -0.1571304 -0.1174101  0.9180719 -0.05482908 
         0          0          0          0          0  -0.122918  -0.105157 -0.07857484 -0.05482908  0.9633065 
         0          0          0          0          0          0          0          0          0          0 
         0          0          0          0          0          0          0          0          0          0 
         0          0          0          0          0          0          0          0          0          0 
         0          0          0          0          0          0          0          0          0          0 
         0          0          0          0          0          0          0          0          0          0 
         0          0          0          0          0  0.5821766 -0.3538799 -0.2633181  -0.183429 -0.1226108 
         0          0          0          0          0 -0.3538799  0.7002777   -0.22302 -0.1553571 -0.1038465 
         0          0          0          0          0 -0.2633181   -0.22302  0.8340533 -0.1155995 -0.07727103 
         0          0          0          0          0  -0.183429 -0.1553571 -0.1155995  0.9194727 -0.05382746 
         0          0          0          0          0 -0.1226108 -0.1038465 -0.07727103 -0.05382746  0.9640197 
         0          0          0          0          0          0          0          0          0          0 
         0          0          0          0          0          0          0          0          0          0 
         0          0          0          0          0          0          0          0          0          0 
         0          0          0          0          0          0          0          0          0          0 
         0          0          0          0          0          0          0          0          0          0 
         0          0          0          0          0  0.5782866 -0.3549046 -0.2634525 -0.1831673 -0.1222963 
         0          0          0          0          0 -0.3549046  0.7013201 -0.2217158 -0.1541496 -0.1029219 
         0          0          0          0          0 -0.2634525 -0.2217158  0.8354161 -0.1144282 -0.07640091 
         0          0          0          0          0 -0.1831673 -0.1541496 -0.1144282   0.920443 -0.05311829 
         0          0          0          0          0 -0.1222963 -0.1029219 -0.07640091 -0.05311829  0.9645342 
         0          0          0          0          0          0          0          0          0          0 
         0          0          0          0          0          0          0          0          0          0 
         0          0          0          0          0          0          0          0          0          0 
         0          0          0          0          0          0          0          0          0          0 
         0          0          0          0          0          0          0          0          0          0 
         0          0          0          0          0   0.573242 -0.3562865 -0.2635134 -0.1827571 -0.1218858 
         0          0          0          0          0 -0.3562865   0.702548 -0.2199988 -0.1525779 -0.1017585 
         0          0          0          0          0 -0.2635134 -0.2199988  0.8372865 -0.1128483 -0.07526168 
         0          0          0          0          0 -0.1827571 -0.1525779 -0.1128483  0.9217352 -0.05219699 
         0          0          0          0          0 -0.1218858 -0.1017585 -0.07526168 -0.05219699  0.9651884 
         0          0          0          0          0          0          0          0          0          0 
         0          0          0          0          0          0          0          0          0          0 
         0          0          0          0          0          0          0          0          0          0 
         0          0          0          0          0          0          0          0          0          0 
         0          0          0          0          0          0          0          0          0          0 
         0          0          0          0          0   0.568677 -0.3574883 -0.2634392 -0.1825262 -0.1215301 
         0          0          0          0          0 -0.3574883  0.7037072 -0.2183432  -0.151281 -0.1007264 
         0          0          0          0          0 -0.2634392 -0.2183432  0.8390993 -0.1114815 -0.07422697 
         0          0          0          0          0 -0.1825262  -0.151281 -0.1114815   0.922759 -0.05142882 
         0          0          0          0          0 -0.1215301 -0.1007264 -0.07422697 -0.05142882  0.9657575 
         0          0          0          0          0          0          0          0          0          0 
         0          0          0          0          0          0          0          0          0          0 
         0          0          0          0          0          0          0          0          0          0 
         0          0          0          0          0          0          0          0          0          0 
         0          0          0          0          0          0          0          0          0          0 
         0          0          0          0          0  0.5644325  -0.358618  -0.263479 -0.1820751  -0.121116 
         0          0          0          0          0  -0.358618  0.7047373 -0.2169315 -0.1499088 -0.09971902 
         0          0          0          0          0  -0.263479 -0.2169315   0.840619  -0.110139 -0.07326423 
         0          0          0          0          0 -0.1820751 -0.1499088  -0.110139  0.9238893 -0.05062867 
         0          0          0          0          0  -0.121116 -0.09971902 -0.07326423 -0.05062867  0.9663219 
         0          0          0          0          0          0          0          0          0          0 
         0          0          0          0          0          0          0          0          0          0 
         0          0          0          0          0          0          0          0          0          0 
         0          0          0          0          0          0          0          0          0          0 
         0          0          0          0          0          0          0          0          0          0 
         0          0          0          0          0  0.5604138 -0.3596248 -0.2633147 -0.1819363 -0.1207672 
         0          0          0          0          0 -0.3596248  0.7057914 -0.2154173 -0.1488418 -0.09879949 
         0          0          0          0          0 -0.2633147 -0.2154173   0.842273 -0.1089809 -0.07234026 
         0          0          0          0          0 -0.1819363 -0.1488418 -0.1089809  0.9247001 -0.04998324 
         0          0          0          0          0 -0.1207672 -0.09879949 -0.07234026 -0.04998324  0.9668217 
         0          0          0          0          0          0          0          0          0          0 
         0          0          0          0          0          0          0          0          0          0 
         0          0          0          0          0          0          0          0          0          0 
         0          0          0          0          0          0          0          0          0          0 
         0          0          0          0          0          0          0          0          0          0 
         0          0          0          0          0  0.5566226 -0.3605582 -0.2633785 -0.1814713 -0.1203809 
         0          0          0          0          0 -0.3605582   0.706791 -0.2141816  -0.147574 -0.09789476 
         0          0          0          0          0 -0.2633785 -0.2141816  0.8435458  -0.107799 -0.07150961 
         0          0          0          0          0 -0.1814713  -0.147574  -0.107799   0.925725 -0.04927108 
         0          0          0          0          0 -0.1203809 -0.09789476 -0.07150961 -0.04927108  0.9673155 
         0          0          0          0          0          0          0          0          0          0 
         0          0          0          0          0          0          0          0          0          0 
         0          0          0          0          0          0          0          0          0          0 
         0          0          0          0          0          0          0          0          0          0 
         0          0          0          0          0          0          0          0          0          0 
         0          0          0          0          0  0.5520802 -0.3618133 -0.2632755 -0.1809511 -0.1196723 
         0          0          0          0          0 -0.3618133  0.7077404 -0.2126644 -0.1461657 -0.09666694 
         0          0          0          0          0 -0.2632755 -0.2126644  0.8452535 -0.1063583 -0.07034026 
         0          0          0          0          0 -0.1809511 -0.1461657 -0.1063583  0.9268992 -0.04834535 
         0          0          0          0          0 -0.1196723 -0.09666694 -0.07034026 -0.04834535  0.9680267 
         0          0          0          0          0          0          0          0          0          0 
         0          0          0          0          0          0          0          0          0          0 
         0          0          0          0          0          0          0          0          0          0 
         0          0          0          0          0          0          0          0          0          0 
         0          0          0          0  0.9615313 -0.1108818 -0.1115773 -0.08956967 -0.06497564          0 
         0          0          0          0 -0.1108818  0.6803951 -0.3216096  -0.258175 -0.1872853          0 
         0          0          0          0 -0.1115773 -0.3216096  0.6763731 -0.2597944 -0.1884601          0 
         0          0          0          0 -0.08956967  -0.258175 -0.2597944  0.7914478  -0.151288          0 
         0          0          0          0 -0.06497564 -0.1872853 -0.1884601  -0.151288  0.8902526          0 
         0          0          0          0          0          0          0          0          0          0 
         0          0          0          0          0          0          0          0          0          0 
         0          0          0          0          0          0          0          0          0          0 
         0          0          0          0          0          0          0          0          0          0 
         0          0          0          0          0          0          0          0          0          0 
         0          0          0          0  0.9532692 -0.1229241 -0.1222117 -0.09759724 -0.07053888          0 
         0          0          0          0 -0.1229241  0.6766511 -0.3214749 -0.2567272 -0.1855508          0 
         0          0          0          0 -0.1222117 -0.3214749  0.6803882 -0.2552393 -0.1844754          0 
         0          0          0          0 -0.09759724 -0.2567272 -0.2552393  0.7961681 -0.1473205          0 
         0          0          0          0 -0.07053888 -0.1855508 -0.1844754 -0.1473205  0.8935234          0 
         0          0          0          0          0          0          0          0          0          0 
         0          0          0          0          0          0          0          0          0          0 
         0          0          0          0          0          0          0          0          0          0 
         0          0          0          0          0          0          0          0          0          0 
         0          0          0          0          0          0          0          0          0          0 
         0          0          0          0  0.9377886 -0.1424298 -0.1395794 -0.1105817 -0.07965032          0 
         0          0          0          0 -0.1424298  0.6739143 -0.3195598 -0.2531712 -0.1823553          0 
         0          0          0          0 -0.1395794 -0.3195598  0.6868355 -0.2481045 -0.1787059          0 
         0          0          0          0 -0.1105817 -0.2531712 -0.2481045  0.8034393 -0.1415797          0 
         0          0          0          0 -0.07965032 -0.1823553 -0.1787059 -0.1415797  0.8980223          0 
         0          0          0          0          0          0          0          0          0          0 
         0          0          0          0          0          0          0          0          0          0 
         0          0          0          0          0          0          0          0          0          0 
         0          0          0          0          0          0          0          0          0          0 
         0          0          0          0          0          0          0          0          0          0 
         0          0          0          0  0.9277309 -0.1537806  -0.149423  -0.117869 -0.0847199          0 
         0          0          0          0 -0.1537806   0.672772 -0.3179556 -0.2508121 -0.1802746          0 
         0          0          0          0  -0.149423 -0.3179556  0.6910541  -0.243705 -0.1751662          0 
         0          0          0          0  -0.117869 -0.2508121  -0.243705  0.8077588 -0.1381759          0 
         0          0          0          0 -0.0847199 -0.1802746 -0.1751662 -0.1381759  0.9006842          0 
         0          0          0          0          0          0          0          0          0          0 
         0          0          0          0          0          0          0          0          0          0 
         0          0          0          0          0          0          0          0          0          0 
         0          0          0          0          0          0          0          0          0          0 
         0          0          0          0          0          0          0          0          0          0 
         0          0          0          0  0.9149625 -0.1673694 -0.1605621 -0.1259239 -0.09031376          0 
         0          0          0          0 -0.1673694  0.6705861 -0.3160158 -0.2478414 -0.1777541          0 
         0          0          0          0 -0.1605621 -0.3160158  0.6968374  -0.237761 -0.1705244          0 
         0          0          0          0 -0.1259239 -0.2478414  -0.237761  0.8135314  -0.133737          0 
         0          0          0          0 -0.09031376 -0.1777541 -0.1705244  -0.133737  0.9040826          0 
         0          0          0          0          0          0          0          0          0          0 
         0          0          0          0          0          0          0          0          0          0 
         0          0          0          0          0          0          0          0          0          0 
         0          0          0          0          0          0          0          0          0          0 
         0          0          0          0          0          0          0          0          0          0 
         0          0          0          0   0.900699 -0.1810695 -0.1717577  -0.134036 -0.09585308          0 
         0          0          0          0 -0.1810695  0.6698306 -0.3131899 -0.2444067 -0.1747824          0 
         0          0          0          0 -0.1717577 -0.3131899  0.7029165 -0.2318377 -0.1657939          0 
         0          0          0          0  -0.134036 -0.2444067 -0.2318377  0.8190788  -0.129382          0 
         0          0          0          0 -0.09585308 -0.1747824 -0.1657939  -0.129382  0.9074751          0 
         0          0          0          0          0          0          0          0          0          0 
         0          0          0          0          0          0          0          0          0          0 
         0          0          0          0          0          0          0          0          0          0 
         0          0          0          0          0          0          0          0          0          0 
         0          0          0          0          0          0          0          0          0          0 
         0          0          0          0  0.8880705  -0.192547  -0.180652  -0.140289 -0.1000537          0 
         0          0          0          0  -0.192547  0.6687703 -0.3107672 -0.2413327 -0.1721177          0 
         0          0          0          0  -0.180652 -0.3107672  0.7084311 -0.2264238 -0.1614847          0 
         0          0          0          0  -0.140289 -0.2413327 -0.2264238   0.824166 -0.1254043          0 
         0          0          0          0 -0.1000537 -0.1721177 -0.1614847 -0.1254043  0.9105621          0 
         0          0          0          0          0          0          0          0          0          0 
         0          0          0          0          0          0          0          0          0          0 
         0          0          0          0          0          0          0          0          0          0 
         0          0          0          0          0          0          0          0          0          0 
         0          0          0          0          0          0          0          0          0          0 
         0          0          0          0  0.8751044 -0.2033881 -0.1890002 -0.1462126 -0.1040711          0 
         0          0          0          0 -0.2033881  0.6687897 -0.3077801 -0.2381021 -0.1694761          0 
         0          0          0          0 -0.1890002 -0.3077801  0.7139927 -0.2212584 -0.1574872          0 
         0          0          0          0 -0.1462126 -0.2381021 -0.2212584   0.828832 -0.1218338          0 
         0          0          0          0 -0.1040711 -0.1694761 -0.1574872 -0.1218338  0.9132812          0 
         0          0          0          0          0          0          0          0          0          0 
         0          0          0          0          0          0          0          0          0          0 
         0          0          0          0          0          0          0          0          0          0 
         0          0          0          0          0          0          0          0          0          0 
         0          0          0          0          0          0          0          0          0          0 
         0          0          0          0  0.8608806 -0.2145729 -0.1973496 -0.1520914 -0.1079123          0 
         0          0          0          0 -0.2145729  0.6690505  -0.304385 -0.2345803   -0.16644          0 
         0          0          0          0 -0.1973496  -0.304385  0.7200473 -0.2157511 -0.1530803          0 
         0          0          0          0 -0.1520914 -0.2345803 -0.2157511  0.8337271 -0.1179744          0 
         0          0          0          0 -0.1079123   -0.16644 -0.1530803 -0.1179744  0.9162945          0 
         0          0          0          0          0          0          0          0          0          0 
         0          0          0          0          0          0          0          0          0          0 
         0          0          0          0          0          0          0          0          0          0 
         0          0          0          0          0          0          0          0          0          0 
         0          0          0          0          0          0          0          0          0          0 
         0          0          0          0  0.8475181 -0.2244289 -0.2045704 -0.1569996 -0.1111976          0 
         0          0          0          0 -0.2244289  0.6696767 -0.3010948 -0.2310783  -0.163665          0 
         0          0          0          0 -0.2045704 -0.3010948  0.7255474 -0.2106314 -0.1491832          0 
         0          0          0          0 -0.1569996 -0.2310783 -0.2106314  0.8383488 -0.1144922          0 
         0          0          0          0 -0.1111976  -0.163665 -0.1491832 -0.1144922   0.918909          0 
         0          0          0          0          0          0          0          0          0          0 
         0          0          0          0          0          0          0          0          0          0 
         0          0          0          0          0          0          0          0          0          0 
         0          0          0          0          0          0          0          0          0          0 
         0          0          0          0          0          0          0          0          0          0 
         0          0          0          0  0.8315172 -0.2357171 -0.2123884 -0.1621746 -0.1145615          0 
         0          0          0          0 -0.2357171  0.6702181 -0.2971437 -0.2268916 -0.1602781          0 
         0          0          0          0 -0.2123884 -0.2971437  0.7322644 -0.2044363 -0.1444155          0 
         0          0          0          0 -0.1621746 -0.2268916 -0.2044363  0.8438975 -0.1102721          0 
         0          0          0          0 -0.1145615 -0.1602781 -0.1444155 -0.1102721  0.9221028          0 
         0          0          0          0          0          0          0          0          0          0 
         0          0          0          0          0          0          0          0          0          0 
         0          0          0          0          0          0          0          0          0          0 
         0          0          0          0          0          0          0          0          0          0 
         0          0          0          0          0          0          0          0          0          0 
         0          0          0          0  0.8202377 -0.2432084 -0.2174809 -0.1654756 -0.1166936          0 
         0          0          0          0 -0.2432084  0.6709526 -0.2942395 -0.2238793 -0.1578799          0 
         0          0          0          0 -0.2174809 -0.2942395  0.7368863 -0.2001965 -0.1411787          0 
         0          0          0          0 -0.1654756 -0.2238793 -0.2001965  0.8476756 -0.1074193          0 
         0          0          0          0 -0.1166936 -0.1578799 -0.1411787 -0.1074193  0.9242478          0 
         0          0          0          0          0          0          0          0          0          0 
         0          0          0          0          0          0          0          0          0          0 
         0          0          0          0          0          0          0          0          0          0 
         0          0          0          0          0          0          0          0          0          0 
         0          0          0          0          0          0          0          0          0          0 
         0          0          0          0   0.806484 -0.2522119 -0.2230514 -0.1689946 -0.1189354          0 
         0          0          0          0 -0.2522119   0.671289 -0.2907057 -0.2202529   -0.15501          0 
         0          0          0          0 -0.2230514 -0.2907057  0.7429054 -0.1947874 -0.1370879          0 
         0          0          0          0 -0.1689946 -0.2202529 -0.1947874  0.8524195 -0.1038645          0 
         0          0          0          0 -0.1189354   -0.15501 -0.1370879 -0.1038645   0.926902          0 
         0          0          0          0          0          0          0          0          0          0 
         0          0          0          0          0          0          0          0          0          0 
         0          0          0          0          0          0          0          0          0          0 
         0          0          0          0          0          0          0          0          0          0 
         0          0          0          0          0          0          0          0          0          0 
         0          0          0          0  0.7936033 -0.2600856 -0.2278769 -0.1720975 -0.1208601          0 
         0          0          0          0 -0.2600856  0.6722598 -0.2871533 -0.2168643 -0.1522988          0 
         0          0          0          0 -0.2278769 -0.2871533  0.7484073 -0.1900081 -0.1334383          0 
         0          0          0          0 -0.1720975 -0.2168643 -0.1900081  0.8565019 -0.1007754          0 
         0          0          0          0 -0.1208601 -0.1522988 -0.1334383 -0.1007754  0.9292277          0 
         0          0          0          0          0          0          0          0          0          0 
         0          0          0          0          0          0          0          0          0          0 
         0          0          0          0          0          0          0          0          0          0 
         0          0          0          0          0          0          0          0          0          0 
         0          0          0          0          0          0          0          0          0          0 
         0          0          0          0  0.7811927 -0.2674681 -0.2322364 -0.1746423 -0.1223021          0 
         0          0          0          0 -0.2674681  0.6730494 -0.2838837 -0.2134812  -0.149501          0 
         0          0          0          0 -0.2322364 -0.2838837  0.7535103 -0.1853608 -0.1298083          0 
         0          0          0          0 -0.1746423 -0.2134812 -0.1853608  0.8606082 -0.09761616          0 
         0          0          0          0 -0.1223021  -0.149501 -0.1298083 -0.09761616  0.9316393          0 
         0          0          0          0          0          0          0          0          0          0 
         0          0          0          0          0          0          0          0          0          0 
         0          0          0          0          0          0          0          0          0          0 
         0          0          0          0          0          0          0          0          0          0 
         0          0          0          0          0          0          0          0          0          0 
         0          0          0          0  0.7726167 -0.2724792  -0.234953 -0.1762004 -0.1232302          0 
         0          0          0          0 -0.2724792  0.6734811 -0.2815502 -0.2111455   -0.14767          0 
         0          0          0          0  -0.234953 -0.2815502  0.7572253 -0.1820662 -0.1273326          0 
         0          0          0          0 -0.1762004 -0.2111455 -0.1820662  0.8634614 -0.09549173          0 
         0          0          0          0 -0.1232302   -0.14767 -0.1273326 -0.09549173  0.9332154          0 
         0          0          0          0          0          0          0          0          0          0 
         0          0          0          0          0          0          0          0          0          0 
         0          0          0          0          0          0          0          0          0          0 
         0          0          0          0          0          0          0          0          0          0 
         0          0          0          0          0          0          0          0          0          0 
         0          0          0          0  0.7618055  -0.278501 -0.2382591 -0.1780306 -0.1242287          0 
         0          0          0          0  -0.278501   0.674372 -0.2785765 -0.2081563 -0.1452503          0 
         0          0          0          0 -0.2382591 -0.2785765  0.7616762 -0.1780789 -0.1242624          0 
         0          0          0          0 -0.1780306 -0.2081563 -0.1780789  0.8669369 -0.09285067          0 
         0          0          0          0 -0.1242287 -0.1452503 -0.1242624 -0.09285067  0.9352093          0 
         0          0          0          0          0          0          0          0          0          0 
         0          0          0          0          0          0          0          0          0          0 
         0          0          0          0          0          0          0          0          0          0 
         0          0          0          0          0          0          0          0          0          0 
         0          0          0          0          0          0          0          0          0          0 
         0          0          0          0  0.7507825 -0.2847736  -0.241192 -0.1794683 -0.1250187          0 
         0          0          0          0 -0.2847736  0.6745974 -0.2756032 -0.2050732 -0.1428552          0 
         0          0          0          0  -0.241192 -0.2756032   0.766575 -0.1736889 -0.1209927          0 
         0          0          0          0 -0.1794683 -0.2050732 -0.1736889    0.87076 -0.09002933          0 
         0          0          0          0 -0.1250187 -0.1428552 -0.1209927 -0.09002933   0.937285          0 
         0          0          0          0          0          0          0          0          0          0 
         0          0          0          0          0          0          0          0          0          0 
         0          0          0          0          0          0          0          0          0          0 
         0          0          0          0          0          0          0          0          0          0 
         0          0          0          0          0          0          0          0          0          0 
         0          0          0          0  0.7411646 -0.2896136 -0.2437324 -0.1809273  -0.125791          0 
         0          0          0          0 -0.2896136  0.6759482 -0.2727148 -0.2024414 -0.1407489          0 
         0          0          0          0 -0.2437324 -0.2727148  0.7704892 -0.1703702 -0.1184512          0 
         0          0          0          0 -0.1809273 -0.2024414 -0.1703702  0.8735309 -0.08792857          0 
         0          0          0          0  -0.125791 -0.1407489 -0.1184512 -0.08792857   0.938867          0 
         0          0          0          0          0          0          0          0          0          0 
         0          0          0          0          0          0          0          0          0          0 
         0          0          0          0          0          0          0          0          0          0 
         0          0          0          0          0          0          0          0          0          0 
         0          0          0          0          0          0          0          0          0          0 
         0          0          0          0  0.7320713 -0.2944904 -0.2458605 -0.1818411 -0.1261141          0 
         0          0          0          0 -0.2944904  0.6763147 -0.2702344 -0.1998683 -0.1386167          0 
         0          0          0          0 -0.2458605 -0.2702344  0.7743901 -0.1668636 -0.1157266          0 
         0          0          0          0 -0.1818411 -0.1998683 -0.1668636  0.8765859 -0.08559262          0 
         0          0          0          0 -0.1261141 -0.1386167 -0.1157266 -0.08559262  0.9406381          0 
         0          0          0          0          0          0          0          0          0          0 
         0          0          0          0          0          0          0          0          0          0 
         0          0          0          0          0          0          0          0          0          0 
         0          0          0          0          0          0          0          0          0          0 
         0          0          0          0          0          0          0          0          0          0 
         0          0          0          0   0.721681   -0.29951 -0.2482393 -0.1829317 -0.1267459          0 
         0          0          0          0   -0.29951  0.6776856 -0.2671401   -0.19686 -0.1363962          0 
         0          0          0          0 -0.2482393 -0.2671401  0.7785895 -0.1631611 -0.1130477          0 
         0          0          0          0 -0.1829317   -0.19686 -0.1631611  0.8797638 -0.08330672          0 
         0          0          0          0 -0.1267459 -0.1363962 -0.1130477 -0.08330672  0.9422802          0 
         0          0          0          0          0          0          0          0          0          0 
         0          0          0          0          0          0          0          0          0          0 
         0          0          0          0          0          0          0          0          0          0 
         0          0          0          0          0          0          0          0          0          0 
         0          0          0          0          0          0          0          0          0          0 
         0          0          0          0   0.713269 -0.3036203 -0.2499812 -0.1836629 -0.1269188          0 
         0          0          0          0 -0.3036203  0.6784956 -0.2647059 -0.1944812 -0.1343947          0 
         0          0          0          0 -0.2499812 -0.2647059  0.7820584 -0.1601232 -0.1106519          0 
         0          0          0          0 -0.1836629 -0.1944812 -0.1601232  0.8823564 -0.08129666          0 
         0          0          0          0 -0.1269188 -0.1343947 -0.1106519 -0.08129666  0.9438206          0 
         0          0          0          0          0          0          0          0          0          0 
         0          0          0          0          0          0          0          0          0          0 
         0          0          0          0          0          0          0          0          0          0 
         0          0          0          0          0          0          0          0          0          0 
         0          0          0          0          0          0          0          0          0          0 
         0          0          0          0  0.7074106 -0.3067707 -0.2509687 -0.1837574 -0.1269665          0 
         0          0          0          0 -0.3067707  0.6783606 -0.2631327 -0.1926638 -0.1331204          0 
         0          0          0          0 -0.2509687 -0.2631327  0.7847315  -0.157618 -0.1089056          0 
         0          0          0          0 -0.1837574 -0.1926638  -0.157618  0.8845933 -0.07973987          0 
         0          0          0          0 -0.1269665 -0.1331204 -0.1089056 -0.07973987   0.944904          0 
         0          0          0          0          0          0          0          0          0          0 
         0          0          0          0          0          0          0          0          0          0 
         0          0          0          0          0          0          0          0          0          0 
         0          0          0          0          0          0          0          0          0          0 
         0          0          0          0          0          0          0          0          0          0 
         0          0          0          0  0.6995868 -0.3103723 -0.2523974 -0.1843698 -0.1270333          0 
         0          0          0          0 -0.3103723  0.6793383 -0.2607647  -0.190482 -0.1312446          0 
         0          0          0          0 -0.2523974 -0.2607647  0.7879439 -0.1549015 -0.1067292          0 
         0          0          0          0 -0.1843698  -0.190482 -0.1549015  0.8868484 -0.07796296          0 
         0          0          0          0 -0.1270333 -0.1312446 -0.1067292 -0.07796296  0.9462825          0 
         0          0          0          0          0          0          0          0          0          0 
         0          0          0          0          0          0          0          0          0          0 
         0          0          0          0          0          0          0          0          0          0 
         0          0          0          0          0          0          0          0          0          0 
         0          0          0          0          0          0          0          0          0          0 
         0          0          0          0  0.6920556 -0.3140242 -0.2536573 -0.1845752 -0.1268598          0 
         0          0          0          0 -0.3140242   0.679776 -0.2586653 -0.1882193 -0.1293644          0 
         0          0          0          0 -0.2536573 -0.2586653  0.7910596 -0.1520367 -0.1044959          0 
         0          0          0          0 -0.1845752 -0.1882193 -0.1520367  0.8893696 -0.07603704          0 
         0          0          0          0 -0.1268598 -0.1293644 -0.1044959 -0.07603704  0.9477392          0 
         0          0          0          0          0          0          0          0          0          0 
