  0.694208  -0.305792  -0.305792          0          0          0          0          0          0          0 
 -0.305792   0.694208  -0.305792          0          0          0          0          0          0          0 
 -0.305792  -0.305792   0.694208          0          0          0          0          0          0          0 
         0          0          0          0          0          0          0          0          0          0 
         0          0          0          0  0.8059109 -0.2489435 -0.2216915 -0.1711725 -0.1243895          0 
         0          0          0          0 -0.2489435  0.6526494 -0.2984613  -0.207832 -0.1239048          0 
         0          0          0          0 -0.2216915 -0.2984613  0.7396785 -0.1896194 -0.1241456          0 
         0          0          0          0 -0.1711725  -0.207832 -0.1896194  0.8441427  -0.124592          0 
         0          0          0          0 -0.1243895 -0.1239048 -0.1241456  -0.124592  0.8749946          0 
         0          0          0          0          0          0          0          0          0          0 
