          0          0          0  -0.034223   -0.28593  -0.017563 
          0          0          0  0.0039431   -0.31206   0.011618 
          0          0          0   0.044774   -0.40944  -0.041151 
          0          0          0  -0.038121   -0.42382  -0.054346 
          0          0          0   0.020883   -0.52338  -0.066333 
          0          0          0  -0.049104   -0.56342  -0.056034 
          0          0          0   0.028633   -0.45665  -0.081459 
          0          0          0   0.002744   -0.33699  -0.032223 
          0          0          0    0.03076   -0.31652  -0.070976 
          0          0          0   -0.11627    -0.2518   -0.12576 
          0          0          0   0.080911   -0.24423  -0.094434 
          0          0          0    0.12307   -0.13983 -0.0054441 
          0          0          0   0.042039  -0.058385   0.054147 
          0          0          0  -0.037558  -0.093878    0.04518 
          0          0          0   -0.12737  -0.058186   0.020768 
          0          0          0   -0.07848  -0.058563   0.033196 
          0          0          0   -0.19003    -0.1753   0.012549 
          0          0          0   -0.13311   -0.19829  -0.031179 
          0          0          0   -0.17706   -0.20923  -0.064801 
          0          0          0   -0.15267     -0.258   -0.17314 
          0          0          0   -0.15557   -0.34763   -0.19438 
          0          0          0  -0.099019   -0.37587   -0.19039 
          0          0          0  -0.060424    -0.4266   -0.12047 
          0          0          0 -0.0063939   -0.36387   -0.17126 
          0          0          0   0.069456   -0.30895   -0.12583 
          0          0          0   0.026041   -0.23906   -0.16838 
          0          0          0  0.0011744   -0.19449   -0.12895 
          0          0          0    0.04594   -0.20264  -0.096879 
          0          0          0    0.14654   -0.15102  -0.076089 
          0          0          0    0.10405   -0.11861  -0.062105 
          0          0          0   0.074751  -0.055344  -0.053866 
          0          0          0   0.010904  -0.069639  -0.043928 
          0          0          0   0.039073   -0.28638   -0.11031 
          0          0          0  -0.078325  -0.099408  -0.030385 
          0          0          0   -0.14247   -0.14605  -0.063662 
          0          0          0   -0.17623   -0.18718   -0.11225 
