 0.2846759  0.2846759  0.2846759          0  0.1664007 -0.05623958 -0.05837796 0.00928635 0.08490277          0 
 0.2880284  0.2880284  0.2880284          0  0.1555346 -0.06049341 -0.05847354 0.01131486 0.08803235          0 
 0.2933786  0.2933786  0.2933786          0  0.1365816 -0.06559999 -0.05841579 0.01466958 0.09262876          0 
 0.2961878  0.2961878  0.2961878          0   0.124973 -0.06813825 -0.05781458 0.01694097 0.09547541          0 
 0.2990078  0.2990078  0.2990078          0  0.1108701 -0.07128185 -0.05622122  0.0204127 0.09919682          0 
 0.3015879  0.3015879  0.3015879          0 0.09589976 -0.07347221 -0.05418408 0.02395103  0.1030417          0 
 0.3032273  0.3032273  0.3032273          0 0.08324463 -0.07519864 -0.05182055 0.02750764  0.1065849          0 
 0.3046198  0.3046198  0.3046198          0 0.07080351 -0.07614175 -0.04920619 0.03089608  0.1097889          0 
 0.3056491  0.3056491  0.3056491          0 0.05775376 -0.07669584 -0.04600587 0.03463918  0.1133615          0 
  0.306249   0.306249   0.306249          0 0.04603581 -0.07674304 -0.04285415 0.03832624  0.1164882          0 
 0.3064249  0.3064249  0.3064249          0 0.03268806 -0.07654876 -0.03864618 0.04293716  0.1202949          0 
 0.3063072  0.3063072  0.3063072          0 0.02370179 -0.07604216 -0.03559571 0.04616201  0.1228526          0 
  0.305792   0.305792   0.305792          0 0.01323796 -0.07549743 -0.03141308 0.05030892  0.1259876          0 
 0.3051494  0.3051494  0.3051494          0 0.003870272 -0.07449983 -0.0274846 0.05393715  0.1287288          0 
 0.3041918  0.3041918  0.3041918          0 -0.00470164 -0.07339678 -0.02365972 0.05764671  0.1315361          0 
   0.30342    0.30342    0.30342          0 -0.01039099 -0.07262776 -0.0208379 0.06024632  0.1333503          0 
  0.302333   0.302333   0.302333          0 -0.01729768 -0.0713845 -0.01738438 0.06343564  0.1356318          0 
 0.3009682  0.3009682  0.3009682          0 -0.02397814 -0.07033864 -0.01351401 0.06696553  0.1379605          0 
 0.2998896  0.2998896  0.2998896          0  -0.029659 -0.06884582 -0.01042999  0.0695334  0.1397328          0 
 0.2985446  0.2985446  0.2985446          0 -0.03470126 -0.06773829 -0.007253126 0.07237326  0.1416857          0 
 0.2971483  0.2971483  0.2971483          0 -0.04033671 -0.06603251 -0.003862543 0.07532836  0.1434584          0 
 0.2958294  0.2958294  0.2958294          0 -0.04464483 -0.0646998 -0.001006929 0.07774176  0.1451216          0 
 0.2947494  0.2947494  0.2947494          0 -0.0474702 -0.06405701 0.001210384  0.0798223  0.1462463          0 
 0.2934716  0.2934716  0.2934716          0 -0.05123601 -0.06266362 0.003859462 0.08191737  0.1477079          0 
  0.292045   0.292045   0.292045          0 -0.05463019 -0.06147468 0.006484657 0.08425538  0.1492298          0 
         0          0          0          0          0          0          0          0          0          0 
         0          0          0          0          0          0          0          0          0          0 
         0          0          0          0          0          0          0          0          0          0 
         0          0          0          0          0          0          0          0          0          0 
         0          0          0          0          0          0          0          0          0          0 
         0          0          0          0          0          0          0          0          0          0 
         0          0          0          0          0          0          0          0          0          0 
         0          0          0          0          0          0          0          0          0          0 
         0          0          0          0          0          0          0          0          0          0 
         0          0          0          0          0          0          0          0          0          0 
         0          0          0          0          0          0          0          0          0          0 
         0          0          0          0          0          0          0          0          0          0 
         0          0          0          0          0          0          0          0          0          0 
         0          0          0          0          0          0          0          0          0          0 
         0          0          0          0          0          0          0          0          0          0 
         0          0          0          0          0          0          0          0          0          0 
         0          0          0          0          0          0          0          0          0          0 
         0          0          0          0          0          0          0          0          0          0 
         0          0          0          0          0          0          0          0          0          0 
         0          0          0          0          0          0          0          0          0          0 
         0          0          0          0          0          0          0          0          0          0 
         0          0          0          0          0          0          0          0          0          0 
         0          0          0          0          0          0          0          0          0          0 
         0          0          0          0          0          0          0          0          0          0 
         0          0          0          0          0          0          0          0          0          0 
