128
0
1
2
3
4
5
6
7
8
9
10
11
12
13
14
15.5
17.5
19.5
21.5
23.5
25.5
27.5
30
33
36
39
42.5
46.5
50.5
55
60
65
60
65
70
75
80
85
90
95
100
105
110
115
120
125
130
137.5
147.5
157.5
167.5
177.5
187.5
197.5
210
225
240
255
272.5
292.5
312.5
335
360
385
360
385
410
435
460
485
510
535
560
585
610
635
660
685
710
747.5
797.5
847.5
897.5
947.5
997.5
1047.5
1110
1185
1260
1335
1422.5
1522.5
1622.5
1735
1860
1985
1860
1985
2110
2235
2360
2485
2610
2735
2860
2985
3110
3235
3360
3485
3610
3797.5
4047.5
4297.5
4547.5
4797.5
5047.5
5297.5
5610
5985
6360
6735
7172.5
7672.5
8172.5
8735
9360
9985
