Physics Running																																																										
HB	HE	HE	HE	HE	HE	HE	HF	HF	HF	HF	HF	HF	HF	HF	HF	HF	HF	HF	HF	HF	HF	HF	HF	HF	HF	HF	HF	HF	HF	HF	HF	HF	HF	HF	HF	HF	HF	HF	HF	HF	HF	HF	HF	HF	HF	HF	HF	HF	HF	HF	HF	HF	HF	HF	HF	HF	HF	HF
-16	16	21	27	-29	-26	-20	29	30	31	32	33	34	35	36	37	38	39	40	41	29	30	31	32	33	34	35	36	37	38	39	40	41	-29	-30	-31	-32	-33	-34	-35	-36	-37	-38	-39	-40	-41	-29	-30	-31	-32	-33	-34	-35	-36	-37	-38	-39	-40	-41
16	20	26	29	-27	-21	-16	29	30	31	32	33	34	35	36	37	38	39	40	41	29	30	31	32	33	34	35	36	37	38	39	40	41	-29	-30	-31	-32	-33	-34	-35	-36	-37	-38	-39	-40	-41	-29	-30	-31	-32	-33	-34	-35	-36	-37	-38	-39	-40	-41
1	1	1	1	1	1	1	1	1	1	1	1	1	1	1	1	1	1	1	1	1	1	1	1	1	1	1	1	1	1	1	1	1	1	1	1	1	1	1	1	1	1	1	1	1	1	1	1	1	1	1	1	1	1	1	1	1	1	1
72	72	72	72	72	72	72	72	72	72	72	72	72	72	72	72	72	72	72	72	72	72	72	72	72	72	72	72	72	72	72	72	72	72	72	72	72	72	72	72	72	72	72	72	72	72	72	72	72	72	72	72	72	72	72	72	72	72	72
1	1	1	1	1	1	1	1	1	1	1	1	1	1	1	1	1	1	1	1	2	2	2	2	2	2	2	2	2	2	2	2	2	1	1	1	1	1	1	1	1	1	1	1	1	1	2	2	2	2	2	2	2	2	2	2	2	2	2
2	3	2	3	3	2	3	1	1	1	1	1	1	1	1	1	1	1	1	1	2	2	2	2	2	2	2	2	2	2	2	2	2	1	1	1	1	1	1	1	1	1	1	1	1	1	2	2	2	2	2	2	2	2	2	2	2	2	2
0	0	0	0	0	0	0	0	0	0	0	0	0	0	0	0	0	0	0	0	0	0	0	0	0	0	0	0	0	0	0	0	0	0	0	0	0	0	0	0	0	0	0	0	0	0	0	0	0	0	0	0	0	0	0	0	0	0	0
0	0	0	0	0	0	0	0	0	0	0	0	0	0	0	0	0	0	0	0	0	0	0	0	0	0	0	0	0	0	0	0	0	0	0	0	0	0	0	0	0	0	0	0	0	0	0	0	0	0	0	0	0	0	0	0	0	0	0
0	0	0	0	0	0	0	0	0	0	0	0	0	0	0	0	0	0	0	0	0	0	0	0	0	0	0	0	0	0	0	0	0	0	0	0	0	0	0	0	0	0	0	0	0	0	0	0	0	0	0	0	0	0	0	0	0	0	0
0	0	0	0	0	0	0	0	0	0	0	0	0	0	0	0	0	0	0	0	0	0	0	0	0	0	0	0	0	0	0	0	0	0	0	0	0	0	0	0	0	0	0	0	0	0	0	0	0	0	0	0	0	0	0	0	0	0	0
0	0	0	0	0	0	0	1	0	0	0	0	0	0	0	0	0	0	0	0	1	0	0	0	0	0	0	0	0	0	0	0	0	1	0	0	0	0	0	0	0	0	0	0	0	0	1	0	0	0	0	0	0	0	0	0	0	0	0
0	0	0	0	0	0	0	1	1	0	0	0	0	0	0	0	0	0	0	0	1	1	0	0	0	0	0	0	0	0	0	0	0	1	1	0	0	0	0	0	0	0	0	0	0	0	1	1	0	0	0	0	0	0	0	0	0	0	0
1	1	0	0	0	0	1	1	1	1	1	0	0	0	0	0	0	0	0	0	1	1	1	1	0	0	0	0	0	0	0	0	0	1	1	1	1	0	0	0	0	0	0	0	0	0	1	1	1	1	0	0	0	0	0	0	0	0	0
2	2	1	0	0	1	2	1	1	1	1	1	0	0	0	0	0	0	0	0	1	1	1	1	1	0	0	0	0	0	0	0	0	1	1	1	1	1	0	0	0	0	0	0	0	0	1	1	1	1	1	0	0	0	0	0	0	0	0
3	3	1	0	0	1	3	2	1	1	1	1	1	0	0	0	0	0	0	0	2	1	1	1	1	1	0	0	0	0	0	0	0	2	1	1	1	1	1	0	0	0	0	0	0	0	2	1	1	1	1	1	0	0	0	0	0	0	0
4	4	2	0	0	2	4	2	2	1	1	1	1	1	0	0	0	0	0	0	2	2	1	1	1	1	1	0	0	0	0	0	0	2	2	1	1	1	1	1	0	0	0	0	0	0	2	2	1	1	1	1	1	0	0	0	0	0	0
5	5	2	1	1	2	5	2	2	2	1	1	1	1	0	0	0	0	0	0	2	2	2	1	1	1	1	0	0	0	0	0	0	2	2	2	1	1	1	1	0	0	0	0	0	0	2	2	2	1	1	1	1	0	0	0	0	0	0
6	6	3	1	1	3	6	3	2	2	2	1	1	1	1	0	0	0	0	0	3	2	2	2	1	1	1	1	0	0	0	0	0	3	2	2	2	1	1	1	1	0	0	0	0	0	3	2	2	2	1	1	1	1	0	0	0	0	0
7	7	3	1	1	3	7	3	3	2	2	1	1	1	1	0	0	0	0	0	3	3	2	2	1	1	1	1	0	0	0	0	0	3	3	2	2	1	1	1	1	0	0	0	0	0	3	3	2	2	1	1	1	1	0	0	0	0	0
8	8	4	1	1	4	8	3	3	2	2	2	1	1	1	1	0	0	0	0	3	3	2	2	2	1	1	1	1	0	0	0	0	3	3	2	2	2	1	1	1	1	0	0	0	0	3	3	2	2	2	1	1	1	1	0	0	0	0
9	9	4	1	1	4	9	4	3	2	2	2	1	1	1	1	0	0	0	0	4	3	2	2	2	1	1	1	1	0	0	0	0	4	3	2	2	2	1	1	1	1	0	0	0	0	4	3	2	2	2	1	1	1	1	0	0	0	0
11	11	5	2	2	5	11	4	3	3	3	2	2	1	1	1	1	0	0	0	4	3	3	3	2	2	1	1	1	1	0	0	0	4	3	3	3	2	2	1	1	1	1	0	0	0	4	3	3	3	2	2	1	1	1	1	0	0	0
13	13	6	2	2	6	13	5	4	3	3	2	2	2	1	1	1	0	0	0	5	4	3	3	2	2	2	1	1	1	0	0	0	5	4	3	3	2	2	2	1	1	1	0	0	0	5	4	3	3	2	2	2	1	1	1	0	0	0
15	15	7	3	3	7	15	5	5	4	3	3	2	2	1	1	1	1	0	0	5	5	4	3	3	2	2	1	1	1	1	0	0	5	5	4	3	3	2	2	1	1	1	1	0	0	5	5	4	3	3	2	2	1	1	1	1	0	0
17	17	8	3	3	8	17	6	5	4	4	3	3	2	2	1	1	1	1	0	6	5	4	4	3	3	2	2	1	1	1	1	0	6	5	4	4	3	3	2	2	1	1	1	1	0	6	5	4	4	3	3	2	2	1	1	1	1	0
19	19	9	3	3	9	19	6	6	5	4	3	3	2	2	1	1	1	1	0	6	6	5	4	3	3	2	2	1	1	1	1	0	6	6	5	4	3	3	2	2	1	1	1	1	0	6	6	5	4	3	3	2	2	1	1	1	1	0
21	21	10	4	4	10	21	7	6	5	5	4	3	3	2	2	1	1	1	0	7	6	5	5	4	3	3	2	2	1	1	1	0	7	6	5	5	4	3	3	2	2	1	1	1	0	7	6	5	5	4	3	3	2	2	1	1	1	0
23	23	11	4	4	11	23	8	7	5	5	4	3	3	2	2	1	1	1	1	8	7	5	5	4	3	3	2	2	1	1	1	1	8	7	5	5	4	3	3	2	2	1	1	1	1	8	7	5	5	4	3	3	2	2	1	1	1	1
25	25	12	5	5	12	25	8	7	6	6	5	4	3	3	2	2	1	1	1	8	7	6	6	5	4	3	3	2	2	1	1	1	8	7	6	6	5	4	3	3	2	2	1	1	1	8	7	6	6	5	4	3	3	2	2	1	1	1
28	28	14	5	5	14	28	9	8	7	6	5	4	3	3	2	2	1	1	1	9	8	7	6	5	4	3	3	2	2	1	1	1	9	8	7	6	5	4	3	3	2	2	1	1	1	9	8	7	6	5	4	3	3	2	2	1	1	1
31	31	15	6	6	15	31	10	9	7	7	6	5	4	3	3	2	2	1	1	10	9	7	7	6	5	4	3	3	2	2	1	1	10	9	7	7	6	5	4	3	3	2	2	1	1	10	9	7	7	6	5	4	3	3	2	2	1	1
34	34	17	6	6	17	34	11	10	8	7	6	5	4	3	3	2	2	1	1	11	10	8	7	6	5	4	3	3	2	2	1	1	11	10	8	7	6	5	4	3	3	2	2	1	1	11	10	8	7	6	5	4	3	3	2	2	1	1
38	38	19	7	7	19	38	12	11	9	8	7	6	5	4	3	2	2	2	1	12	11	9	8	7	6	5	4	3	2	2	2	1	12	11	9	8	7	6	5	4	3	2	2	2	1	12	11	9	8	7	6	5	4	3	2	2	2	1
42	42	21	8	8	21	42	14	12	10	9	8	6	5	4	3	3	2	2	1	14	12	10	9	8	6	5	4	3	3	2	2	1	14	12	10	9	8	6	5	4	3	3	2	2	1	14	12	10	9	8	6	5	4	3	3	2	2	1
46	46	23	9	9	23	46	15	13	11	10	8	7	6	5	4	3	2	2	1	15	13	11	10	8	7	6	5	4	3	2	2	1	15	13	11	10	8	7	6	5	4	3	2	2	1	15	13	11	10	8	7	6	5	4	3	2	2	1
50	50	25	10	10	25	50	16	14	12	11	9	7	6	5	4	3	3	2	2	16	14	12	11	9	7	6	5	4	3	3	2	2	16	14	12	11	9	7	6	5	4	3	3	2	2	16	14	12	11	9	7	6	5	4	3	3	2	2
55	55	27	11	11	27	55	18	15	13	12	10	8	7	6	5	4	3	2	2	18	15	13	12	10	8	7	6	5	4	3	2	2	18	15	13	12	10	8	7	6	5	4	3	2	2	18	15	13	12	10	8	7	6	5	4	3	2	2
60	60	30	12	12	30	60	19	17	14	13	11	9	7	6	5	4	3	3	2	19	17	14	13	11	9	7	6	5	4	3	3	2	19	17	14	13	11	9	7	6	5	4	3	3	2	19	17	14	13	11	9	7	6	5	4	3	3	2
55	55	27	11	11	27	55	18	15	13	12	10	8	7	6	5	4	3	2	2	18	15	13	12	10	8	7	6	5	4	3	2	2	18	15	13	12	10	8	7	6	5	4	3	2	2	18	15	13	12	10	8	7	6	5	4	3	2	2
60	60	30	12	12	30	60	19	17	14	13	11	9	7	6	5	4	3	3	2	19	17	14	13	11	9	7	6	5	4	3	3	2	19	17	14	13	11	9	7	6	5	4	3	3	2	19	17	14	13	11	9	7	6	5	4	3	3	2
65	65	32	13	13	32	65	21	18	15	14	12	10	8	7	6	4	4	3	2	21	18	15	14	12	10	8	7	6	4	4	3	2	21	18	15	14	12	10	8	7	6	4	4	3	2	21	18	15	14	12	10	8	7	6	4	4	3	2
70	70	35	14	14	35	70	22	19	16	15	12	10	9	7	6	5	4	3	2	22	19	16	15	12	10	9	7	6	5	4	3	2	22	19	16	15	12	10	9	7	6	5	4	3	2	22	19	16	15	12	10	9	7	6	5	4	3	2
75	75	37	15	15	37	75	24	21	17	16	13	11	9	8	6	5	4	3	3	24	21	17	16	13	11	9	8	6	5	4	3	3	24	21	17	16	13	11	9	8	6	5	4	3	3	24	21	17	16	13	11	9	8	6	5	4	3	3
80	80	40	16	16	40	80	25	22	18	17	14	12	10	8	7	5	4	4	3	25	22	18	17	14	12	10	8	7	5	4	4	3	25	22	18	17	14	12	10	8	7	5	4	4	3	25	22	18	17	14	12	10	8	7	5	4	4	3
85	85	42	17	17	42	85	27	23	19	18	15	13	10	9	7	6	5	4	3	27	23	19	18	15	13	10	9	7	6	5	4	3	27	23	19	18	15	13	10	9	7	6	5	4	3	27	23	19	18	15	13	10	9	7	6	5	4	3
90	90	45	18	18	45	90	28	25	21	19	16	13	11	9	8	6	5	4	3	28	25	21	19	16	13	11	9	8	6	5	4	3	28	25	21	19	16	13	11	9	8	6	5	4	3	28	25	21	19	16	13	11	9	8	6	5	4	3
95	95	47	19	19	47	95	30	26	22	20	17	14	12	10	8	6	5	4	3	30	26	22	20	17	14	12	10	8	6	5	4	3	30	26	22	20	17	14	12	10	8	6	5	4	3	30	26	22	20	17	14	12	10	8	6	5	4	3
100	100	50	20	20	50	100	31	27	23	21	18	15	12	10	9	7	6	5	4	31	27	23	21	18	15	12	10	9	7	6	5	4	31	27	23	21	18	15	12	10	9	7	6	5	4	31	27	23	21	18	15	12	10	9	7	6	5	4
105	105	52	21	21	52	105	33	28	24	22	19	16	13	11	9	7	6	5	4	33	28	24	22	19	16	13	11	9	7	6	5	4	33	28	24	22	19	16	13	11	9	7	6	5	4	33	28	24	22	19	16	13	11	9	7	6	5	4
110	110	55	22	22	55	110	34	30	25	23	19	16	14	11	9	7	6	5	4	34	30	25	23	19	16	14	11	9	7	6	5	4	34	30	25	23	19	16	14	11	9	7	6	5	4	34	30	25	23	19	16	14	11	9	7	6	5	4
115	115	57	23	23	57	115	36	31	26	24	20	17	14	12	10	8	6	5	4	36	31	26	24	20	17	14	12	10	8	6	5	4	36	31	26	24	20	17	14	12	10	8	6	5	4	36	31	26	24	20	17	14	12	10	8	6	5	4
120	120	60	24	24	60	120	38	32	27	25	21	18	15	12	10	8	7	6	4	38	32	27	25	21	18	15	12	10	8	7	6	4	38	32	27	25	21	18	15	12	10	8	7	6	4	38	32	27	25	21	18	15	12	10	8	7	6	4
125	125	62	25	25	62	125	39	34	28	26	22	18	15	13	11	8	7	6	4	39	34	28	26	22	18	15	13	11	8	7	6	4	39	34	28	26	22	18	15	13	11	8	7	6	4	39	34	28	26	22	18	15	13	11	8	7	6	4
133	133	66	26	26	66	133	41	36	30	28	23	20	16	14	11	9	7	6	5	41	36	30	28	23	20	16	14	11	9	7	6	5	41	36	30	28	23	20	16	14	11	9	7	6	5	41	36	30	28	23	20	16	14	11	9	7	6	5
143	143	71	28	28	71	143	44	38	32	30	25	21	18	15	12	10	8	7	5	44	38	32	30	25	21	18	15	12	10	8	7	5	44	38	32	30	25	21	18	15	12	10	8	7	5	44	38	32	30	25	21	18	15	12	10	8	7	5
153	153	76	30	30	76	153	47	41	34	32	27	22	19	16	13	10	9	7	6	47	41	34	32	27	22	19	16	13	10	9	7	6	47	41	34	32	27	22	19	16	13	10	9	7	6	47	41	34	32	27	22	19	16	13	10	9	7	6
163	163	81	32	32	81	163	50	44	37	34	29	24	20	17	14	11	9	8	6	50	44	37	34	29	24	20	17	14	11	9	8	6	50	44	37	34	29	24	20	17	14	11	9	8	6	50	44	37	34	29	24	20	17	14	11	9	8	6
173	173	86	34	34	86	173	54	46	39	36	30	25	21	18	15	12	10	8	6	54	46	39	36	30	25	21	18	15	12	10	8	6	54	46	39	36	30	25	21	18	15	12	10	8	6	54	46	39	36	30	25	21	18	15	12	10	8	6
183	183	91	36	36	91	183	57	49	41	38	32	27	22	19	16	12	10	9	7	57	49	41	38	32	27	22	19	16	12	10	9	7	57	49	41	38	32	27	22	19	16	12	10	9	7	57	49	41	38	32	27	22	19	16	12	10	9	7
193	193	96	38	38	96	193	60	52	43	40	34	28	24	20	17	13	11	9	7	60	52	43	40	34	28	24	20	17	13	11	9	7	60	52	43	40	34	28	24	20	17	13	11	9	7	60	52	43	40	34	28	24	20	17	13	11	9	7
205	205	102	41	41	102	205	63	55	46	43	36	30	25	21	18	14	12	10	8	63	55	46	43	36	30	25	21	18	14	12	10	8	63	55	46	43	36	30	25	21	18	14	12	10	8	63	55	46	43	36	30	25	21	18	14	12	10	8
220	220	110	44	44	110	220	68	59	49	46	39	32	27	23	19	15	13	10	8	68	59	49	46	39	32	27	23	19	15	13	10	8	68	59	49	46	39	32	27	23	19	15	13	10	8	68	59	49	46	39	32	27	23	19	15	13	10	8
235	235	117	47	47	117	235	73	63	53	49	41	35	29	24	20	16	13	11	9	73	63	53	49	41	35	29	24	20	16	13	11	9	73	63	53	49	41	35	29	24	20	16	13	11	9	73	63	53	49	41	35	29	24	20	16	13	11	9
250	250	125	50	50	125	250	77	67	56	52	44	37	31	26	22	17	14	12	9	77	67	56	52	44	37	31	26	22	17	14	12	9	77	67	56	52	44	37	31	26	22	17	14	12	9	77	67	56	52	44	37	31	26	22	17	14	12	9
268	268	134	53	53	134	268	83	72	60	56	47	39	33	28	23	18	15	13	10	83	72	60	56	47	39	33	28	23	18	15	13	10	83	72	60	56	47	39	33	28	23	18	15	13	10	83	72	60	56	47	39	33	28	23	18	15	13	10
288	288	144	57	57	144	288	89	77	64	60	50	42	35	30	25	20	16	14	11	89	77	64	60	50	42	35	30	25	20	16	14	11	89	77	64	60	50	42	35	30	25	20	16	14	11	89	77	64	60	50	42	35	30	25	20	16	14	11
308	308	154	61	61	154	308	95	82	69	64	54	45	38	32	27	21	18	15	11	95	82	69	64	54	45	38	32	27	21	18	15	11	95	82	69	64	54	45	38	32	27	21	18	15	11	95	82	69	64	54	45	38	32	27	21	18	15	11
330	330	165	66	66	165	330	102	88	74	69	58	48	41	34	28	23	19	16	12	102	88	74	69	58	48	41	34	28	23	19	16	12	102	88	74	69	58	48	41	34	28	23	19	16	12	102	88	74	69	58	48	41	34	28	23	19	16	12
355	355	177	71	71	177	355	109	95	79	74	62	52	44	37	31	24	20	17	13	109	95	79	74	62	52	44	37	31	24	20	17	13	109	95	79	74	62	52	44	37	31	24	20	17	13	109	95	79	74	62	52	44	37	31	24	20	17	13
380	380	190	76	76	190	380	117	101	85	79	67	56	47	39	33	26	22	18	14	117	101	85	79	67	56	47	39	33	26	22	18	14	117	101	85	79	67	56	47	39	33	26	22	18	14	117	101	85	79	67	56	47	39	33	26	22	18	14
355	355	177	71	71	177	355	109	95	79	74	62	52	44	37	31	24	20	17	13	109	95	79	74	62	52	44	37	31	24	20	17	13	109	95	79	74	62	52	44	37	31	24	20	17	13	109	95	79	74	62	52	44	37	31	24	20	17	13
380	380	190	76	76	190	380	117	101	85	79	67	56	47	39	33	26	22	18	14	117	101	85	79	67	56	47	39	33	26	22	18	14	117	101	85	79	67	56	47	39	33	26	22	18	14	117	101	85	79	67	56	47	39	33	26	22	18	14
405	405	202	81	81	202	405	125	108	91	85	71	59	50	42	35	28	23	19	15	125	108	91	85	71	59	50	42	35	28	23	19	15	125	108	91	85	71	59	50	42	35	28	23	19	15	125	108	91	85	71	59	50	42	35	28	23	19	15
430	430	215	86	86	215	430	132	115	96	90	75	63	53	44	37	30	25	21	16	132	115	96	90	75	63	53	44	37	30	25	21	16	132	115	96	90	75	63	53	44	37	30	25	21	16	132	115	96	90	75	63	53	44	37	30	25	21	16
455	455	227	91	91	227	455	140	121	102	95	80	67	56	47	39	31	26	22	17	140	121	102	95	80	67	56	47	39	31	26	22	17	140	121	102	95	80	67	56	47	39	31	26	22	17	140	121	102	95	80	67	56	47	39	31	26	22	17
480	480	240	96	96	240	480	147	128	107	100	84	70	59	49	41	33	28	23	18	147	128	107	100	84	70	59	49	41	33	28	23	18	147	128	107	100	84	70	59	49	41	33	28	23	18	147	128	107	100	84	70	59	49	41	33	28	23	18
505	505	252	101	101	252	505	155	134	113	105	88	74	62	52	44	35	29	24	19	155	134	113	105	88	74	62	52	44	35	29	24	19	155	134	113	105	88	74	62	52	44	35	29	24	19	155	134	113	105	88	74	62	52	44	35	29	24	19
530	530	265	106	106	265	530	163	141	118	110	93	78	65	55	46	36	30	26	20	163	141	118	110	93	78	65	55	46	36	30	26	20	163	141	118	110	93	78	65	55	46	36	30	26	20	163	141	118	110	93	78	65	55	46	36	30	26	20
555	555	277	111	111	277	555	170	148	124	116	97	81	68	57	48	38	32	27	21	170	148	124	116	97	81	68	57	48	38	32	27	21	170	148	124	116	97	81	68	57	48	38	32	27	21	170	148	124	116	97	81	68	57	48	38	32	27	21
580	580	290	116	116	290	580	178	154	130	121	101	85	71	60	50	40	33	28	22	178	154	130	121	101	85	71	60	50	40	33	28	22	178	154	130	121	101	85	71	60	50	40	33	28	22	178	154	130	121	101	85	71	60	50	40	33	28	22
605	605	302	121	121	302	605	186	161	135	126	106	89	74	62	52	42	35	29	23	186	161	135	126	106	89	74	62	52	42	35	29	23	186	161	135	126	106	89	74	62	52	42	35	29	23	186	161	135	126	106	89	74	62	52	42	35	29	23
630	630	315	126	126	315	630	193	168	141	131	110	92	78	65	54	43	36	30	24	193	168	141	131	110	92	78	65	54	43	36	30	24	193	168	141	131	110	92	78	65	54	43	36	30	24	193	168	141	131	110	92	78	65	54	43	36	30	24
655	655	327	131	131	327	655	201	174	146	136	115	96	81	68	57	45	38	32	25	201	174	146	136	115	96	81	68	57	45	38	32	25	201	174	146	136	115	96	81	68	57	45	38	32	25	201	174	146	136	115	96	81	68	57	45	38	32	25
680	680	340	136	136	340	680	209	181	152	142	119	100	84	70	59	47	39	33	26	209	181	152	142	119	100	84	70	59	47	39	33	26	209	181	152	142	119	100	84	70	59	47	39	33	26	209	181	152	142	119	100	84	70	59	47	39	33	26
705	705	352	141	141	352	705	216	187	157	147	123	103	87	73	61	49	41	34	27	216	187	157	147	123	103	87	73	61	49	41	34	27	216	187	157	147	123	103	87	73	61	49	41	34	27	216	187	157	147	123	103	87	73	61	49	41	34	27
743	743	371	148	148	371	743	228	197	166	155	130	109	91	77	64	51	43	36	28	228	197	166	155	130	109	91	77	64	51	43	36	28	228	197	166	155	130	109	91	77	64	51	43	36	28	228	197	166	155	130	109	91	77	64	51	43	36	28
793	793	396	158	158	396	793	243	211	177	165	138	116	98	82	69	55	46	38	30	243	211	177	165	138	116	98	82	69	55	46	38	30	243	211	177	165	138	116	98	82	69	55	46	38	30	243	211	177	165	138	116	98	82	69	55	46	38	30
843	843	421	168	168	421	843	258	224	188	175	147	124	104	87	73	58	49	41	32	258	224	188	175	147	124	104	87	73	58	49	41	32	258	224	188	175	147	124	104	87	73	58	49	41	32	258	224	188	175	147	124	104	87	73	58	49	41	32
893	893	446	178	178	446	893	273	237	199	186	156	131	110	92	77	62	52	43	34	273	237	199	186	156	131	110	92	77	62	52	43	34	273	237	199	186	156	131	110	92	77	62	52	43	34	273	237	199	186	156	131	110	92	77	62	52	43	34
943	943	471	188	188	471	943	289	250	210	196	165	138	116	97	82	65	54	46	36	289	250	210	196	165	138	116	97	82	65	54	46	36	289	250	210	196	165	138	116	97	82	65	54	46	36	289	250	210	196	165	138	116	97	82	65	54	46	36
993	993	496	198	198	496	993	304	264	221	207	173	145	122	102	86	68	57	48	38	304	264	221	207	173	145	122	102	86	68	57	48	38	304	264	221	207	173	145	122	102	86	68	57	48	38	304	264	221	207	173	145	122	102	86	68	57	48	38
1043	1043	521	208	208	521	1043	319	277	233	217	182	153	128	108	90	72	60	50	40	319	277	233	217	182	153	128	108	90	72	60	50	40	319	277	233	217	182	153	128	108	90	72	60	50	40	319	277	233	217	182	153	128	108	90	72	60	50	40
1105	1105	552	221	221	552	1105	338	293	246	230	193	162	136	114	96	76	64	53	42	338	293	246	230	193	162	136	114	96	76	64	53	42	338	293	246	230	193	162	136	114	96	76	64	53	42	338	293	246	230	193	162	136	114	96	76	64	53	42
1180	1180	590	236	236	590	1180	361	313	263	246	206	173	145	122	102	81	68	57	45	361	313	263	246	206	173	145	122	102	81	68	57	45	361	313	263	246	206	173	145	122	102	81	68	57	45	361	313	263	246	206	173	145	122	102	81	68	57	45
1255	1255	627	251	251	627	1255	384	333	280	261	219	184	154	129	109	87	73	61	48	384	333	280	261	219	184	154	129	109	87	73	61	48	384	333	280	261	219	184	154	129	109	87	73	61	48	384	333	280	261	219	184	154	129	109	87	73	61	48
1330	1330	665	266	266	665	1330	407	353	297	277	232	195	164	137	115	92	77	64	51	407	353	297	277	232	195	164	137	115	92	77	64	51	407	353	297	277	232	195	164	137	115	92	77	64	51	407	353	297	277	232	195	164	137	115	92	77	64	51
1418	1418	709	283	283	709	1418	434	376	316	295	248	208	174	146	123	98	82	69	54	434	376	316	295	248	208	174	146	123	98	82	69	54	434	376	316	295	248	208	174	146	123	98	82	69	54	434	376	316	295	248	208	174	146	123	98	82	69	54
1518	1518	759	303	303	759	1518	464	403	338	316	265	222	187	157	131	105	88	74	58	464	403	338	316	265	222	187	157	131	105	88	74	58	464	403	338	316	265	222	187	157	131	105	88	74	58	464	403	338	316	265	222	187	157	131	105	88	74	58
1618	1618	809	323	323	809	1618	495	429	361	336	282	237	199	167	140	112	94	78	62	495	429	361	336	282	237	199	167	140	112	94	78	62	495	429	361	336	282	237	199	167	140	112	94	78	62	495	429	361	336	282	237	199	167	140	112	94	78	62
1730	1730	865	346	346	865	1730	529	459	386	360	302	254	213	178	150	119	100	84	66	529	459	386	360	302	254	213	178	150	119	100	84	66	529	459	386	360	302	254	213	178	150	119	100	84	66	529	459	386	360	302	254	213	178	150	119	100	84	66
1855	1855	927	371	371	927	1855	568	492	413	386	324	272	228	191	161	128	107	90	71	568	492	413	386	324	272	228	191	161	128	107	90	71	568	492	413	386	324	272	228	191	161	128	107	90	71	568	492	413	386	324	272	228	191	161	128	107	90	71
1980	1980	990	396	396	990	1980	606	525	441	412	346	290	244	204	171	137	115	96	76	606	525	441	412	346	290	244	204	171	137	115	96	76	606	525	441	412	346	290	244	204	171	137	115	96	76	606	525	441	412	346	290	244	204	171	137	115	96	76
1855	1855	927	371	371	927	1855	568	492	413	386	324	272	228	191	161	128	107	90	71	568	492	413	386	324	272	228	191	161	128	107	90	71	568	492	413	386	324	272	228	191	161	128	107	90	71	568	492	413	386	324	272	228	191	161	128	107	90	71
1980	1980	990	396	396	990	1980	606	525	441	412	346	290	244	204	171	137	115	96	76	606	525	441	412	346	290	244	204	171	137	115	96	76	606	525	441	412	346	290	244	204	171	137	115	96	76	606	525	441	412	346	290	244	204	171	137	115	96	76
2105	2105	1052	421	421	1052	2105	644	558	469	438	367	308	259	217	182	145	122	102	80	644	558	469	438	367	308	259	217	182	145	122	102	80	644	558	469	438	367	308	259	217	182	145	122	102	80	644	558	469	438	367	308	259	217	182	145	122	102	80
2230	2230	1115	446	446	1115	2230	682	592	497	464	389	327	274	230	193	154	129	108	85	682	592	497	464	389	327	274	230	193	154	129	108	85	682	592	497	464	389	327	274	230	193	154	129	108	85	682	592	497	464	389	327	274	230	193	154	129	108	85
2355	2355	1177	471	471	1177	2355	720	625	525	490	411	345	290	243	204	163	136	114	90	720	625	525	490	411	345	290	243	204	163	136	114	90	720	625	525	490	411	345	290	243	204	163	136	114	90	720	625	525	490	411	345	290	243	204	163	136	114	90
2480	2480	1240	496	496	1240	2480	758	658	552	516	433	363	305	256	215	171	144	120	95	758	658	552	516	433	363	305	256	215	171	144	120	95	758	658	552	516	433	363	305	256	215	171	144	120	95	758	658	552	516	433	363	305	256	215	171	144	120	95
2605	2605	1302	521	521	1302	2605	797	691	580	541	455	382	321	269	226	180	151	126	100	797	691	580	541	455	382	321	269	226	180	151	126	100	797	691	580	541	455	382	321	269	226	180	151	126	100	797	691	580	541	455	382	321	269	226	180	151	126	100
2730	2730	1365	546	546	1365	2730	835	724	608	567	476	400	336	282	236	189	158	133	104	835	724	608	567	476	400	336	282	236	189	158	133	104	835	724	608	567	476	400	336	282	236	189	158	133	104	835	724	608	567	476	400	336	282	236	189	158	133	104
2855	2855	1427	571	571	1427	2855	873	757	636	593	498	418	351	295	247	197	165	139	109	873	757	636	593	498	418	351	295	247	197	165	139	109	873	757	636	593	498	418	351	295	247	197	165	139	109	873	757	636	593	498	418	351	295	247	197	165	139	109
2980	2980	1490	596	596	1490	2980	911	790	664	619	520	437	367	307	258	206	173	145	114	911	790	664	619	520	437	367	307	258	206	173	145	114	911	790	664	619	520	437	367	307	258	206	173	145	114	911	790	664	619	520	437	367	307	258	206	173	145	114
3105	3105	1552	621	621	1552	3105	949	823	692	645	542	455	382	320	269	215	180	151	119	949	823	692	645	542	455	382	320	269	215	180	151	119	949	823	692	645	542	455	382	320	269	215	180	151	119	949	823	692	645	542	455	382	320	269	215	180	151	119
3230	3230	1615	646	646	1615	3230	988	857	719	671	564	473	397	333	280	223	187	157	124	988	857	719	671	564	473	397	333	280	223	187	157	124	988	857	719	671	564	473	397	333	280	223	187	157	124	988	857	719	671	564	473	397	333	280	223	187	157	124
3355	3355	1677	671	671	1677	3355	1026	890	747	697	585	491	413	346	290	232	194	163	128	1026	890	747	697	585	491	413	346	290	232	194	163	128	1026	890	747	697	585	491	413	346	290	232	194	163	128	1026	890	747	697	585	491	413	346	290	232	194	163	128
3480	3480	1740	696	696	1740	3480	1064	923	775	723	607	510	428	359	301	241	202	169	133	1064	923	775	723	607	510	428	359	301	241	202	169	133	1064	923	775	723	607	510	428	359	301	241	202	169	133	1064	923	775	723	607	510	428	359	301	241	202	169	133
3605	3605	1802	721	721	1802	3605	1102	956	803	749	629	528	444	372	312	249	209	175	138	1102	956	803	749	629	528	444	372	312	249	209	175	138	1102	956	803	749	629	528	444	372	312	249	209	175	138	1102	956	803	749	629	528	444	372	312	249	209	175	138
3793	3793	1896	758	758	1896	3793	1159	1006	845	788	662	556	467	391	328	262	220	184	145	1159	1006	845	788	662	556	467	391	328	262	220	184	145	1159	1006	845	788	662	556	467	391	328	262	220	184	145	1159	1006	845	788	662	556	467	391	328	262	220	184	145
4043	4043	2021	808	808	2021	4043	1236	1072	900	840	705	592	497	417	350	279	234	196	155	1236	1072	900	840	705	592	497	417	350	279	234	196	155	1236	1072	900	840	705	592	497	417	350	279	234	196	155	1236	1072	900	840	705	592	497	417	350	279	234	196	155
4293	4293	2146	858	858	2146	4293	1312	1138	956	892	749	629	528	443	372	297	249	209	164	1312	1138	956	892	749	629	528	443	372	297	249	209	164	1312	1138	956	892	749	629	528	443	372	297	249	209	164	1312	1138	956	892	749	629	528	443	372	297	249	209	164
4543	4543	2271	908	908	2271	4543	1389	1204	1012	944	793	665	559	469	393	314	263	221	174	1389	1204	1012	944	793	665	559	469	393	314	263	221	174	1389	1204	1012	944	793	665	559	469	393	314	263	221	174	1389	1204	1012	944	793	665	559	469	393	314	263	221	174
4793	4793	2396	958	958	2396	4793	1465	1271	1067	996	836	702	590	494	415	331	278	233	184	1465	1271	1067	996	836	702	590	494	415	331	278	233	184	1465	1271	1067	996	836	702	590	494	415	331	278	233	184	1465	1271	1067	996	836	702	590	494	415	331	278	233	184
5043	5043	2521	1008	1008	2521	5043	1541	1337	1123	1048	880	739	620	520	437	349	292	245	193	1541	1337	1123	1048	880	739	620	520	437	349	292	245	193	1541	1337	1123	1048	880	739	620	520	437	349	292	245	193	1541	1337	1123	1048	880	739	620	520	437	349	292	245	193
5293	5293	2646	1058	1058	2646	5293	1618	1403	1179	1100	923	775	651	546	458	366	307	257	203	1618	1403	1179	1100	923	775	651	546	458	366	307	257	203	1618	1403	1179	1100	923	775	651	546	458	366	307	257	203	1618	1403	1179	1100	923	775	651	546	458	366	307	257	203
5605	5605	2802	1121	1121	2802	5605	1713	1486	1248	1165	978	821	690	578	485	388	325	272	215	1713	1486	1248	1165	978	821	690	578	485	388	325	272	215	1713	1486	1248	1165	978	821	690	578	485	388	325	272	215	1713	1486	1248	1165	978	821	690	578	485	388	325	272	215
5980	5980	2990	1196	1196	2990	5980	1828	1585	1332	1242	1043	876	736	617	518	414	347	291	229	1828	1585	1332	1242	1043	876	736	617	518	414	347	291	229	1828	1585	1332	1242	1043	876	736	617	518	414	347	291	229	1828	1585	1332	1242	1043	876	736	617	518	414	347	291	229
6355	6355	3177	1271	1271	3177	6355	1942	1685	1415	1320	1109	931	782	656	550	439	368	309	244	1942	1685	1415	1320	1109	931	782	656	550	439	368	309	244	1942	1685	1415	1320	1109	931	782	656	550	439	368	309	244	1942	1685	1415	1320	1109	931	782	656	550	439	368	309	244
6730	6730	3365	1346	1346	3365	6730	2057	1784	1498	1398	1174	986	828	694	583	465	390	327	258	2057	1784	1498	1398	1174	986	828	694	583	465	390	327	258	2057	1784	1498	1398	1174	986	828	694	583	465	390	327	258	2057	1784	1498	1398	1174	986	828	694	583	465	390	327	258
7168	7168	3584	1433	1433	3584	7168	2190	1900	1596	1489	1250	1050	882	739	621	496	415	348	275	2190	1900	1596	1489	1250	1050	882	739	621	496	415	348	275	2190	1900	1596	1489	1250	1050	882	739	621	496	415	348	275	2190	1900	1596	1489	1250	1050	882	739	621	496	415	348	275
7668	7668	3834	1533	1533	3834	7668	2343	2032	1707	1593	1338	1123	943	791	664	530	444	373	294	2343	2032	1707	1593	1338	1123	943	791	664	530	444	373	294	2343	2032	1707	1593	1338	1123	943	791	664	530	444	373	294	2343	2032	1707	1593	1338	1123	943	791	664	530	444	373	294
8168	8168	4084	1633	1633	4084	8168	2496	2165	1818	1697	1425	1196	1005	843	707	565	473	397	313	2496	2165	1818	1697	1425	1196	1005	843	707	565	473	397	313	2496	2165	1818	1697	1425	1196	1005	843	707	565	473	397	313	2496	2165	1818	1697	1425	1196	1005	843	707	565	473	397	313
8730	8730	4365	1746	1746	4365	8730	2668	2314	1944	1814	1523	1279	1074	901	756	604	506	425	335	2668	2314	1944	1814	1523	1279	1074	901	756	604	506	425	335	2668	2314	1944	1814	1523	1279	1074	901	756	604	506	425	335	2668	2314	1944	1814	1523	1279	1074	901	756	604	506	425	335
9355	9355	4677	1871	1871	4677	9355	2859	2480	2083	1944	1632	1370	1151	965	810	647	542	455	359	2859	2480	2083	1944	1632	1370	1151	965	810	647	542	455	359	2859	2480	2083	1944	1632	1370	1151	965	810	647	542	455	359	2859	2480	2083	1944	1632	1370	1151	965	810	647	542	455	359
9980	9980	4990	1996	1996	4990	9980	3050	2645	2222	2073	1741	1462	1228	1030	864	690	579	485	383	3050	2645	2222	2073	1741	1462	1228	1030	864	690	579	485	383	3050	2645	2222	2073	1741	1462	1228	1030	864	690	579	485	383	3050	2645	2222	2073	1741	1462	1228	1030	864	690	579	485	383
