 1 0 0 0 0 0 0 0 0 0 0 0 0 0
 2 1 0 0 0 0 0 0 0 0 0 0 0 0
 3 0 0 0 0 0 0 0 0 0 0 0 0 0
 4 1 0 0 0 0 0 0 0 0 0 0 0 0
 5 0 0 0 0 0 0 0 0 0 0 0 0 0
 6 1 0 0 0 0 0 0 0 0 0 0 0 0
 7 0 0 0 0 0 0 0 0 0 0 0 0 0
 8 1 0 0 0 0 0 0 0 0 0 0 0 0
 9 0 0 0 0 0 0 0 0 0 0 0 0 0
10 1 0 0 0 0 0 0 0 0 0 0 0 0
11 0 0 0 0 0 0 0 0 0 0 0 0 0
12 1 0 0 0 0 0 0 0 0 0 0 0 0
13 0 0 0 0 0 0 0 0 0 0 0 0 0
14 1 0 0 0 0 0 0 0 0 0 0 0 0
15 0 0 0 0 0 0 0 0 0 0 0 0 0
16 1 0 0 0 0 0 0 0 0 0 0 0 0
17 0 0 0 0 0 0 0 0 0 0 0 0 0
18 1 0 0 0 0 0 0 0 0 0 0 0 0
19 0 0 0 0 0 0 0 0 0 0 0 0 0
20 1 0 0 0 0 0 0 0 0 0 0 0 0
21 0 0 0 0 0 0 0 0 0 0 0 0 0
22 1 0 0 0 0 0 0 0 0 0 0 0 0
23 0 0 0 0 0 0 0 0 0 0 0 0 0
24 1 0 0 0 0 0 0 0 0 0 0 0 0
25 0 0 0 0 0 0 0 0 0 0 0 0 0
26 1 0 0 0 0 0 0 0 0 0 0 0 0
27 2 0 0 0 0 0 0 0 0 0 0 0 0 0 0 0 0 0 0 0 0 0 0 0 0
28 3 0 0 0 0 0 0 0 0 0 0 0 0 0 0 0 0 0 0 0 0 0 0 0 0
29 2 0 0 0 0 0 0 0 0 0 0 0 0 0 0 0 0 0 0 0 0 0 0 0 0
30 3 0 0 0 0 0 0 0 0 0 0 0 0 0 0 0 0 0 0 0 0 0 0 0 0
31 2 0 0 0 0 0 0 0 0 0 0 0 0 0 0 0 0 0 0 0 0 0 0 0 0
32 3 0 0 0 0 0 0 0 0 0 0 0 0 0 0 0 0 0 0 0 0 0 0 0 0
33 2 0 0 0 0 0 0 0 0 0 0 0 0 0 0 0 0 0 0 0 0 0 0 0 0
34 3 0 0 0 0 0 0 0 0 0 0 0 0 0 0 0 0 0 0 0 0 0 0 0 0
35 2 0 0 0 0 0 0 0 0 0 0 0 0 0 0 0 0 0 0 0 0 0 0 0 0
36 3 0 0 0 0 0 0 0 0 0 0 0 0 0 0 0 0 0 0 0 0 0 0 0 0
37 2 0 0 0 0 0 0 0 0 0 0 0 0 0 0 0 0 0 0 0 0 0 0 0 0
38 3 0 0 0 0 0 0 0 0 0 0 0 0 0 0 0 0 0 0 0 0 0 0 0 0
39 2 0 0 0 0 0 0 0 0 0 0 0 0 0 0 0 0 0 0 0 0 0 0 0 0
40 3 0 0 0 0 0 0 0 0 0 0 0 0 0 0 0 0 0 0 0 0 0 0 0 0
41 2 0 0 0 0 0 0 0 0 0 0 0 0 0 0 0 0 0 0 0 0 0 0 0 0
42 3 0 0 0 0 0 0 0 0 0 0 0 0 0 0 0 0 0 0 0 0 0 0 0 0
43 2 0 0 0 0 0 0 0 0 0 0 0 0 0 0 0 0 0 0 0 0 0 0 0 0
44 3 0 0 0 0 0 0 0 0 0 0 0 0 0 0 0 0 0 0 0 0 0 0 0 0
45 2 0 0 0 0 0 0 0 0 0 0 0 0 0 0 0 0 0 0 0 0 0 0 0 0
46 3 0 0 0 0 0 0 0 0 0 0 0 0 0 0 0 0 0 0 0 0 0 0 0 0
47 2 0 0 0 0 0 0 0 0 0 0 0 0 0 0 0 0 0 0 0 0 0 0 0 0
 1 0 h120   0.00  0.00 1 -4  0 1
 1 0 h120   0.00  0.00 1 -2  0 1
 1 0 h120   0.00  0.00 1  0  0 1
 1 0 h120   0.00  0.00 1  2  0 1
 1 0 h120   0.00  0.00 1  4  0 1
 1 0 h120   0.00  0.00 1 -3  1 1
 1 0 h120   0.00  0.00 1 -1  1 1
 1 0 h120   0.00  0.00 1  1  1 1
 1 0 h120   0.00  0.00 1  3  1 1
 1 0 h120   0.00  0.00 1 -2  2 1
 1 0 h120   0.00  0.00 1  0  2 1
 1 0 h120   0.00  0.00 1  2  2 1
 1 0 h120   0.00  0.00 1 -1  3 1
 1 0 h120   0.00  0.00 1  1  3 1
 1 0 h120   0.00  0.00 1  0  4 1
 1 0 h120   0.00  0.00 1 -3 -1 1
 1 0 h120   0.00  0.00 1 -1 -1 1
 1 0 h120   0.00  0.00 1  1 -1 1
 1 0 h120   0.00  0.00 1  3 -1 1
 1 0 h120   0.00  0.00 1 -2 -2 1
 1 0 h120   0.00  0.00 1  0 -2 1
 1 0 h120   0.00  0.00 1  2 -2 1
 1 0 h120   0.00  0.00 1 -1 -3 1
 1 0 h120   0.00  0.00 1  1 -3 1
 1 0 h120   0.00  0.00 1  0 -4 1
 2 0 h120   0.00  0.00 1 -4  0 1
 2 0 h120   0.00  0.00 1 -2  0 1
 2 0 h120   0.00  0.00 1  0  0 1
 2 0 h120   0.00  0.00 1  2  0 1
 2 0 h120   0.00  0.00 1  4  0 1
 2 0 h120   0.00  0.00 1 -3  1 1
 2 0 h120   0.00  0.00 1 -1  1 1
 2 0 h120   0.00  0.00 1  1  1 1
 2 0 h120   0.00  0.00 1  3  1 1
 2 0 h120   0.00  0.00 1 -2  2 1
 2 0 h120   0.00  0.00 1  0  2 1
 2 0 h120   0.00  0.00 1  2  2 1
 2 0 h120   0.00  0.00 1 -1  3 1
 2 0 h120   0.00  0.00 1  1  3 1
 2 0 h120   0.00  0.00 1  0  4 1
 2 0 h120   0.00  0.00 1 -3 -1 1
 2 0 h120   0.00  0.00 1 -1 -1 1
 2 0 h120   0.00  0.00 1  1 -1 1
 2 0 h120   0.00  0.00 1  3 -1 1
 2 0 h120   0.00  0.00 1 -2 -2 1
 2 0 h120   0.00  0.00 1  0 -2 1
 2 0 h120   0.00  0.00 1  2 -2 1
 2 0 h120   0.00  0.00 1 -1 -3 1
 2 0 h120   0.00  0.00 1  1 -3 1
 2 0 h120   0.00  0.00 1  0 -4 1
 3 0 h120   0.00  0.00 1 -4  0 1
 3 0 h120   0.00  0.00 1 -2  0 1
 3 0 h120   0.00  0.00 1  0  0 1
 3 0 h120   0.00  0.00 1  2  0 1
 3 0 h120   0.00  0.00 1  4  0 1
 3 0 h120   0.00  0.00 1 -3  1 1
 3 0 h120   0.00  0.00 1 -1  1 1
 3 0 h120   0.00  0.00 1  1  1 1
 3 0 h120   0.00  0.00 1  3  1 1
 3 0 h120   0.00  0.00 1 -2  2 1
 3 0 h120   0.00  0.00 1  0  2 1
 3 0 h120   0.00  0.00 1  2  2 1
 3 0 h120   0.00  0.00 1 -1  3 1
 3 0 h120   0.00  0.00 1  1  3 1
 3 0 h120   0.00  0.00 1  0  4 1
 3 0 h120   0.00  0.00 1 -3 -1 1
 3 0 h120   0.00  0.00 1 -1 -1 1
 3 0 h120   0.00  0.00 1  1 -1 1
 3 0 h120   0.00  0.00 1  3 -1 1
 3 0 h120   0.00  0.00 1 -2 -2 1
 3 0 h120   0.00  0.00 1  0 -2 1
 3 0 h120   0.00  0.00 1  2 -2 1
 3 0 h120   0.00  0.00 1 -1 -3 1
 3 0 h120   0.00  0.00 1  1 -3 1
 3 0 h120   0.00  0.00 1  0 -4 1
 4 0 h120   0.00  0.00 1 -4  0 1
 4 0 h120   0.00  0.00 1 -2  0 1
 4 0 h120   0.00  0.00 1  0  0 1
 4 0 h120   0.00  0.00 1  2  0 1
 4 0 h120   0.00  0.00 1  4  0 1
 4 0 h120   0.00  0.00 1 -3  1 1
 4 0 h120   0.00  0.00 1 -1  1 1
 4 0 h120   0.00  0.00 1  1  1 1
 4 0 h120   0.00  0.00 1  3  1 1
 4 0 h120   0.00  0.00 1 -2  2 1
 4 0 h120   0.00  0.00 1  0  2 1
 4 0 h120   0.00  0.00 1  2  2 1
 4 0 h120   0.00  0.00 1 -1  3 1
 4 0 h120   0.00  0.00 1  1  3 1
 4 0 h120   0.00  0.00 1  0  4 1
 4 0 h120   0.00  0.00 1 -3 -1 1
 4 0 h120   0.00  0.00 1 -1 -1 1
 4 0 h120   0.00  0.00 1  1 -1 1
 4 0 h120   0.00  0.00 1  3 -1 1
 4 0 h120   0.00  0.00 1 -2 -2 1
 4 0 h120   0.00  0.00 1  0 -2 1
 4 0 h120   0.00  0.00 1  2 -2 1
 4 0 h120   0.00  0.00 1 -1 -3 1
 4 0 h120   0.00  0.00 1  1 -3 1
 4 0 h120   0.00  0.00 1  0 -4 1
 5 0 h120   0.00  0.00 1 -4  0 1
 5 0 h120   0.00  0.00 1 -2  0 1
 5 0 h120   0.00  0.00 1  0  0 1
 5 0 h120   0.00  0.00 1  2  0 1
 5 0 h120   0.00  0.00 1  4  0 1
 5 0 h120   0.00  0.00 1 -3  1 1
 5 0 h120   0.00  0.00 1 -1  1 1
 5 0 h120   0.00  0.00 1  1  1 1
 5 0 h120   0.00  0.00 1  3  1 1
 5 0 h120   0.00  0.00 1 -2  2 1
 5 0 h120   0.00  0.00 1  0  2 1
 5 0 h120   0.00  0.00 1  2  2 1
 5 0 h120   0.00  0.00 1 -1  3 1
 5 0 h120   0.00  0.00 1  1  3 1
 5 0 h120   0.00  0.00 1  0  4 1
 5 0 h120   0.00  0.00 1 -3 -1 1
 5 0 h120   0.00  0.00 1 -1 -1 1
 5 0 h120   0.00  0.00 1  1 -1 1
 5 0 h120   0.00  0.00 1  3 -1 1
 5 0 h120   0.00  0.00 1 -2 -2 1
 5 0 h120   0.00  0.00 1  0 -2 1
 5 0 h120   0.00  0.00 1  2 -2 1
 5 0 h120   0.00  0.00 1 -1 -3 1
 5 0 h120   0.00  0.00 1  1 -3 1
 5 0 h120   0.00  0.00 1  0 -4 1
 6 0 h120   0.00  0.00 1 -4  0 1
 6 0 h120   0.00  0.00 1 -2  0 1
 6 0 h120   0.00  0.00 1  0  0 1
 6 0 h120   0.00  0.00 1  2  0 1
 6 0 h120   0.00  0.00 1  4  0 1
 6 0 h120   0.00  0.00 1 -3  1 1
 6 0 h120   0.00  0.00 1 -1  1 1
 6 0 h120   0.00  0.00 1  1  1 1
 6 0 h120   0.00  0.00 1  3  1 1
 6 0 h120   0.00  0.00 1 -2  2 1
 6 0 h120   0.00  0.00 1  0  2 1
 6 0 h120   0.00  0.00 1  2  2 1
 6 0 h120   0.00  0.00 1 -1  3 1
 6 0 h120   0.00  0.00 1  1  3 1
 6 0 h120   0.00  0.00 1  0  4 1
 6 0 h120   0.00  0.00 1 -3 -1 1
 6 0 h120   0.00  0.00 1 -1 -1 1
 6 0 h120   0.00  0.00 1  1 -1 1
 6 0 h120   0.00  0.00 1  3 -1 1
 6 0 h120   0.00  0.00 1 -2 -2 1
 6 0 h120   0.00  0.00 1  0 -2 1
 6 0 h120   0.00  0.00 1  2 -2 1
 6 0 h120   0.00  0.00 1 -1 -3 1
 6 0 h120   0.00  0.00 1  1 -3 1
 6 0 h120   0.00  0.00 1  0 -4 1
 7 0 h120   0.00  0.00 1 -4  0 1
 7 0 h120   0.00  0.00 1 -2  0 1
 7 0 h120   0.00  0.00 1  0  0 1
 7 0 h120   0.00  0.00 1  2  0 1
 7 0 h120   0.00  0.00 1  4  0 1
 7 0 h120   0.00  0.00 1 -3  1 1
 7 0 h120   0.00  0.00 1 -1  1 1
 7 0 h120   0.00  0.00 1  1  1 1
 7 0 h120   0.00  0.00 1  3  1 1
 7 0 h120   0.00  0.00 1 -2  2 1
 7 0 h120   0.00  0.00 1  0  2 1
 7 0 h120   0.00  0.00 1  2  2 1
 7 0 h120   0.00  0.00 1 -1  3 1
 7 0 h120   0.00  0.00 1  1  3 1
 7 0 h120   0.00  0.00 1  0  4 1
 7 0 h120   0.00  0.00 1 -3 -1 1
 7 0 h120   0.00  0.00 1 -1 -1 1
 7 0 h120   0.00  0.00 1  1 -1 1
 7 0 h120   0.00  0.00 1  3 -1 1
 7 0 h120   0.00  0.00 1 -2 -2 1
 7 0 h120   0.00  0.00 1  0 -2 1
 7 0 h120   0.00  0.00 1  2 -2 1
 7 0 h120   0.00  0.00 1 -1 -3 1
 7 0 h120   0.00  0.00 1  1 -3 1
 7 0 h120   0.00  0.00 1  0 -4 1
 8 0 h120   0.00  0.00 1 -4  0 1
 8 0 h120   0.00  0.00 1 -2  0 1
 8 0 h120   0.00  0.00 1  0  0 1
 8 0 h120   0.00  0.00 1  2  0 1
 8 0 h120   0.00  0.00 1  4  0 1
 8 0 h120   0.00  0.00 1 -3  1 1
 8 0 h120   0.00  0.00 1 -1  1 1
 8 0 h120   0.00  0.00 1  1  1 1
 8 0 h120   0.00  0.00 1  3  1 1
 8 0 h120   0.00  0.00 1 -2  2 1
 8 0 h120   0.00  0.00 1  0  2 1
 8 0 h120   0.00  0.00 1  2  2 1
 8 0 h120   0.00  0.00 1 -1  3 1
 8 0 h120   0.00  0.00 1  1  3 1
 8 0 h120   0.00  0.00 1  0  4 1
 8 0 h120   0.00  0.00 1 -3 -1 1
 8 0 h120   0.00  0.00 1 -1 -1 1
 8 0 h120   0.00  0.00 1  1 -1 1
 8 0 h120   0.00  0.00 1  3 -1 1
 8 0 h120   0.00  0.00 1 -2 -2 1
 8 0 h120   0.00  0.00 1  0 -2 1
 8 0 h120   0.00  0.00 1  2 -2 1
 8 0 h120   0.00  0.00 1 -1 -3 1
 8 0 h120   0.00  0.00 1  1 -3 1
 8 0 h120   0.00  0.00 1  0 -4 1
 9 0 h120   0.00  0.00 1 -4  0 1
 9 0 h120   0.00  0.00 1 -2  0 1
 9 0 h120   0.00  0.00 1  0  0 1
 9 0 h120   0.00  0.00 1  2  0 1
 9 0 h120   0.00  0.00 1  4  0 1
 9 0 h120   0.00  0.00 1 -3  1 1
 9 0 h120   0.00  0.00 1 -1  1 1
 9 0 h120   0.00  0.00 1  1  1 1
 9 0 h120   0.00  0.00 1  3  1 1
 9 0 h120   0.00  0.00 1 -2  2 1
 9 0 h120   0.00  0.00 1  0  2 1
 9 0 h120   0.00  0.00 1  2  2 1
 9 0 h120   0.00  0.00 1 -1  3 1
 9 0 h120   0.00  0.00 1  1  3 1
 9 0 h120   0.00  0.00 1  0  4 1
 9 0 h120   0.00  0.00 1 -3 -1 1
 9 0 h120   0.00  0.00 1 -1 -1 1
 9 0 h120   0.00  0.00 1  1 -1 1
 9 0 h120   0.00  0.00 1  3 -1 1
 9 0 h120   0.00  0.00 1 -2 -2 1
 9 0 h120   0.00  0.00 1  0 -2 1
 9 0 h120   0.00  0.00 1  2 -2 1
 9 0 h120   0.00  0.00 1 -1 -3 1
 9 0 h120   0.00  0.00 1  1 -3 1
 9 0 h120   0.00  0.00 1  0 -4 1
10 0 h120   0.00  0.00 1 -4  0 1
10 0 h120   0.00  0.00 1 -2  0 1
10 0 h120   0.00  0.00 1  0  0 1
10 0 h120   0.00  0.00 1  2  0 1
10 0 h120   0.00  0.00 1  4  0 1
10 0 h120   0.00  0.00 1 -3  1 1
10 0 h120   0.00  0.00 1 -1  1 1
10 0 h120   0.00  0.00 1  1  1 1
10 0 h120   0.00  0.00 1  3  1 1
10 0 h120   0.00  0.00 1 -2  2 1
10 0 h120   0.00  0.00 1  0  2 1
10 0 h120   0.00  0.00 1  2  2 1
10 0 h120   0.00  0.00 1 -1  3 1
10 0 h120   0.00  0.00 1  1  3 1
10 0 h120   0.00  0.00 1  0  4 1
10 0 h120   0.00  0.00 1 -3 -1 1
10 0 h120   0.00  0.00 1 -1 -1 1
10 0 h120   0.00  0.00 1  1 -1 1
10 0 h120   0.00  0.00 1  3 -1 1
10 0 h120   0.00  0.00 1 -2 -2 1
10 0 h120   0.00  0.00 1  0 -2 1
10 0 h120   0.00  0.00 1  2 -2 1
10 0 h120   0.00  0.00 1 -1 -3 1
10 0 h120   0.00  0.00 1  1 -3 1
10 0 h120   0.00  0.00 1  0 -4 1
11 0 h120   0.00  0.00 1 -4  0 1
11 0 h120   0.00  0.00 1 -2  0 1
11 0 h120   0.00  0.00 1  0  0 1
11 0 h120   0.00  0.00 1  2  0 1
11 0 h120   0.00  0.00 1  4  0 1
11 0 h120   0.00  0.00 1 -3  1 1
11 0 h120   0.00  0.00 1 -1  1 1
11 0 h120   0.00  0.00 1  1  1 1
11 0 h120   0.00  0.00 1  3  1 1
11 0 h120   0.00  0.00 1 -2  2 1
11 0 h120   0.00  0.00 1  0  2 1
11 0 h120   0.00  0.00 1  2  2 1
11 0 h120   0.00  0.00 1 -1  3 1
11 0 h120   0.00  0.00 1  1  3 1
11 0 h120   0.00  0.00 1  0  4 1
11 0 h120   0.00  0.00 1 -3 -1 1
11 0 h120   0.00  0.00 1 -1 -1 1
11 0 h120   0.00  0.00 1  1 -1 1
11 0 h120   0.00  0.00 1  3 -1 1
11 0 h120   0.00  0.00 1 -2 -2 1
11 0 h120   0.00  0.00 1  0 -2 1
11 0 h120   0.00  0.00 1  2 -2 1
11 0 h120   0.00  0.00 1 -1 -3 1
11 0 h120   0.00  0.00 1  1 -3 1
11 0 h120   0.00  0.00 1  0 -4 1
12 0 h120   0.00  0.00 1 -4  0 1
12 0 h120   0.00  0.00 1 -2  0 1
12 0 h120   0.00  0.00 1  0  0 1
12 0 h120   0.00  0.00 1  2  0 1
12 0 h120   0.00  0.00 1  4  0 1
12 0 h120   0.00  0.00 1 -3  1 1
12 0 h120   0.00  0.00 1 -1  1 1
12 0 h120   0.00  0.00 1  1  1 1
12 0 h120   0.00  0.00 1  3  1 1
12 0 h120   0.00  0.00 1 -2  2 1
12 0 h120   0.00  0.00 1  0  2 1
12 0 h120   0.00  0.00 1  2  2 1
12 0 h120   0.00  0.00 1 -1  3 1
12 0 h120   0.00  0.00 1  1  3 1
12 0 h120   0.00  0.00 1  0  4 1
12 0 h120   0.00  0.00 1 -3 -1 1
12 0 h120   0.00  0.00 1 -1 -1 1
12 0 h120   0.00  0.00 1  1 -1 1
12 0 h120   0.00  0.00 1  3 -1 1
12 0 h120   0.00  0.00 1 -2 -2 1
12 0 h120   0.00  0.00 1  0 -2 1
12 0 h120   0.00  0.00 1  2 -2 1
12 0 h120   0.00  0.00 1 -1 -3 1
12 0 h120   0.00  0.00 1  1 -3 1
12 0 h120   0.00  0.00 1  0 -4 1
13 0 h120   0.00  0.00 1 -4  0 1
13 0 h120   0.00  0.00 1 -2  0 1
13 0 h120   0.00  0.00 1  0  0 1
13 0 h120   0.00  0.00 1  2  0 1
13 0 h120   0.00  0.00 1  4  0 1
13 0 h120   0.00  0.00 1 -3  1 1
13 0 h120   0.00  0.00 1 -1  1 1
13 0 h120   0.00  0.00 1  1  1 1
13 0 h120   0.00  0.00 1  3  1 1
13 0 h120   0.00  0.00 1 -2  2 1
13 0 h120   0.00  0.00 1  0  2 1
13 0 h120   0.00  0.00 1  2  2 1
13 0 h120   0.00  0.00 1 -1  3 1
13 0 h120   0.00  0.00 1  1  3 1
13 0 h120   0.00  0.00 1  0  4 1
13 0 h120   0.00  0.00 1 -3 -1 1
13 0 h120   0.00  0.00 1 -1 -1 1
13 0 h120   0.00  0.00 1  1 -1 1
13 0 h120   0.00  0.00 1  3 -1 1
13 0 h120   0.00  0.00 1 -2 -2 1
13 0 h120   0.00  0.00 1  0 -2 1
13 0 h120   0.00  0.00 1  2 -2 1
13 0 h120   0.00  0.00 1 -1 -3 1
13 0 h120   0.00  0.00 1  1 -3 1
13 0 h120   0.00  0.00 1  0 -4 1
14 0 h120   0.00  0.00 1 -4  0 1
14 0 h120   0.00  0.00 1 -2  0 1
14 0 h120   0.00  0.00 1  0  0 1
14 0 h120   0.00  0.00 1  2  0 1
14 0 h120   0.00  0.00 1  4  0 1
14 0 h120   0.00  0.00 1 -3  1 1
14 0 h120   0.00  0.00 1 -1  1 1
14 0 h120   0.00  0.00 1  1  1 1
14 0 h120   0.00  0.00 1  3  1 1
14 0 h120   0.00  0.00 1 -2  2 1
14 0 h120   0.00  0.00 1  0  2 1
14 0 h120   0.00  0.00 1  2  2 1
14 0 h120   0.00  0.00 1 -1  3 1
14 0 h120   0.00  0.00 1  1  3 1
14 0 h120   0.00  0.00 1  0  4 1
14 0 h120   0.00  0.00 1 -3 -1 1
14 0 h120   0.00  0.00 1 -1 -1 1
14 0 h120   0.00  0.00 1  1 -1 1
14 0 h120   0.00  0.00 1  3 -1 1
14 0 h120   0.00  0.00 1 -2 -2 1
14 0 h120   0.00  0.00 1  0 -2 1
14 0 h120   0.00  0.00 1  2 -2 1
14 0 h120   0.00  0.00 1 -1 -3 1
14 0 h120   0.00  0.00 1  1 -3 1
14 0 h120   0.00  0.00 1  0 -4 1
15 0 h120   0.00  0.00 1 -4  0 1
15 0 h120   0.00  0.00 1 -2  0 1
15 0 h120   0.00  0.00 1  0  0 1
15 0 h120   0.00  0.00 1  2  0 1
15 0 h120   0.00  0.00 1  4  0 1
15 0 h120   0.00  0.00 1 -3  1 1
15 0 h120   0.00  0.00 1 -1  1 1
15 0 h120   0.00  0.00 1  1  1 1
15 0 h120   0.00  0.00 1  3  1 1
15 0 h120   0.00  0.00 1 -2  2 1
15 0 h120   0.00  0.00 1  0  2 1
15 0 h120   0.00  0.00 1  2  2 1
15 0 h120   0.00  0.00 1 -1  3 1
15 0 h120   0.00  0.00 1  1  3 1
15 0 h120   0.00  0.00 1  0  4 1
15 0 h120   0.00  0.00 1 -3 -1 1
15 0 h120   0.00  0.00 1 -1 -1 1
15 0 h120   0.00  0.00 1  1 -1 1
15 0 h120   0.00  0.00 1  3 -1 1
15 0 h120   0.00  0.00 1 -2 -2 1
15 0 h120   0.00  0.00 1  0 -2 1
15 0 h120   0.00  0.00 1  2 -2 1
15 0 h120   0.00  0.00 1 -1 -3 1
15 0 h120   0.00  0.00 1  1 -3 1
15 0 h120   0.00  0.00 1  0 -4 1
16 0 h120   0.00  0.00 1 -4  0 1
16 0 h120   0.00  0.00 1 -2  0 1
16 0 h120   0.00  0.00 1  0  0 1
16 0 h120   0.00  0.00 1  2  0 1
16 0 h120   0.00  0.00 1  4  0 1
16 0 h120   0.00  0.00 1 -3  1 1
16 0 h120   0.00  0.00 1 -1  1 1
16 0 h120   0.00  0.00 1  1  1 1
16 0 h120   0.00  0.00 1  3  1 1
16 0 h120   0.00  0.00 1 -2  2 1
16 0 h120   0.00  0.00 1  0  2 1
16 0 h120   0.00  0.00 1  2  2 1
16 0 h120   0.00  0.00 1 -1  3 1
16 0 h120   0.00  0.00 1  1  3 1
16 0 h120   0.00  0.00 1  0  4 1
16 0 h120   0.00  0.00 1 -3 -1 1
16 0 h120   0.00  0.00 1 -1 -1 1
16 0 h120   0.00  0.00 1  1 -1 1
16 0 h120   0.00  0.00 1  3 -1 1
16 0 h120   0.00  0.00 1 -2 -2 1
16 0 h120   0.00  0.00 1  0 -2 1
16 0 h120   0.00  0.00 1  2 -2 1
16 0 h120   0.00  0.00 1 -1 -3 1
16 0 h120   0.00  0.00 1  1 -3 1
16 0 h120   0.00  0.00 1  0 -4 1
17 0 h120   0.00  0.00 1 -4  0 1
17 0 h120   0.00  0.00 1 -2  0 1
17 0 h120   0.00  0.00 1  0  0 1
17 0 h120   0.00  0.00 1  2  0 1
17 0 h120   0.00  0.00 1  4  0 1
17 0 h120   0.00  0.00 1 -3  1 1
17 0 h120   0.00  0.00 1 -1  1 1
17 0 h120   0.00  0.00 1  1  1 1
17 0 h120   0.00  0.00 1  3  1 1
17 0 h120   0.00  0.00 1 -2  2 1
17 0 h120   0.00  0.00 1  0  2 1
17 0 h120   0.00  0.00 1  2  2 1
17 0 h120   0.00  0.00 1 -1  3 1
17 0 h120   0.00  0.00 1  1  3 1
17 0 h120   0.00  0.00 1  0  4 1
17 0 h120   0.00  0.00 1 -3 -1 1
17 0 h120   0.00  0.00 1 -1 -1 1
17 0 h120   0.00  0.00 1  1 -1 1
17 0 h120   0.00  0.00 1  3 -1 1
17 0 h120   0.00  0.00 1 -2 -2 1
17 0 h120   0.00  0.00 1  0 -2 1
17 0 h120   0.00  0.00 1  2 -2 1
17 0 h120   0.00  0.00 1 -1 -3 1
17 0 h120   0.00  0.00 1  1 -3 1
17 0 h120   0.00  0.00 1  0 -4 1
18 0 h120   0.00  0.00 1 -4  0 1
18 0 h120   0.00  0.00 1 -2  0 1
18 0 h120   0.00  0.00 1  0  0 1
18 0 h120   0.00  0.00 1  2  0 1
18 0 h120   0.00  0.00 1  4  0 1
18 0 h120   0.00  0.00 1 -3  1 1
18 0 h120   0.00  0.00 1 -1  1 1
18 0 h120   0.00  0.00 1  1  1 1
18 0 h120   0.00  0.00 1  3  1 1
18 0 h120   0.00  0.00 1 -2  2 1
18 0 h120   0.00  0.00 1  0  2 1
18 0 h120   0.00  0.00 1  2  2 1
18 0 h120   0.00  0.00 1 -1  3 1
18 0 h120   0.00  0.00 1  1  3 1
18 0 h120   0.00  0.00 1  0  4 1
18 0 h120   0.00  0.00 1 -3 -1 1
18 0 h120   0.00  0.00 1 -1 -1 1
18 0 h120   0.00  0.00 1  1 -1 1
18 0 h120   0.00  0.00 1  3 -1 1
18 0 h120   0.00  0.00 1 -2 -2 1
18 0 h120   0.00  0.00 1  0 -2 1
18 0 h120   0.00  0.00 1  2 -2 1
18 0 h120   0.00  0.00 1 -1 -3 1
18 0 h120   0.00  0.00 1  1 -3 1
18 0 h120   0.00  0.00 1  0 -4 1
19 0 h120   0.00  0.00 1 -4  0 1
19 0 h120   0.00  0.00 1 -2  0 1
19 0 h120   0.00  0.00 1  0  0 1
19 0 h120   0.00  0.00 1  2  0 1
19 0 h120   0.00  0.00 1  4  0 1
19 0 h120   0.00  0.00 1 -3  1 1
19 0 h120   0.00  0.00 1 -1  1 1
19 0 h120   0.00  0.00 1  1  1 1
19 0 h120   0.00  0.00 1  3  1 1
19 0 h120   0.00  0.00 1 -2  2 1
19 0 h120   0.00  0.00 1  0  2 1
19 0 h120   0.00  0.00 1  2  2 1
19 0 h120   0.00  0.00 1 -1  3 1
19 0 h120   0.00  0.00 1  1  3 1
19 0 h120   0.00  0.00 1  0  4 1
19 0 h120   0.00  0.00 1 -3 -1 1
19 0 h120   0.00  0.00 1 -1 -1 1
19 0 h120   0.00  0.00 1  1 -1 1
19 0 h120   0.00  0.00 1  3 -1 1
19 0 h120   0.00  0.00 1 -2 -2 1
19 0 h120   0.00  0.00 1  0 -2 1
19 0 h120   0.00  0.00 1  2 -2 1
19 0 h120   0.00  0.00 1 -1 -3 1
19 0 h120   0.00  0.00 1  1 -3 1
19 0 h120   0.00  0.00 1  0 -4 1
20 0 h120   0.00  0.00 1 -4  0 1
20 0 h120   0.00  0.00 1 -2  0 1
20 0 h120   0.00  0.00 1  0  0 1
20 0 h120   0.00  0.00 1  2  0 1
20 0 h120   0.00  0.00 1  4  0 1
20 0 h120   0.00  0.00 1 -3  1 1
20 0 h120   0.00  0.00 1 -1  1 1
20 0 h120   0.00  0.00 1  1  1 1
20 0 h120   0.00  0.00 1  3  1 1
20 0 h120   0.00  0.00 1 -2  2 1
20 0 h120   0.00  0.00 1  0  2 1
20 0 h120   0.00  0.00 1  2  2 1
20 0 h120   0.00  0.00 1 -1  3 1
20 0 h120   0.00  0.00 1  1  3 1
20 0 h120   0.00  0.00 1  0  4 1
20 0 h120   0.00  0.00 1 -3 -1 1
20 0 h120   0.00  0.00 1 -1 -1 1
20 0 h120   0.00  0.00 1  1 -1 1
20 0 h120   0.00  0.00 1  3 -1 1
20 0 h120   0.00  0.00 1 -2 -2 1
20 0 h120   0.00  0.00 1  0 -2 1
20 0 h120   0.00  0.00 1  2 -2 1
20 0 h120   0.00  0.00 1 -1 -3 1
20 0 h120   0.00  0.00 1  1 -3 1
20 0 h120   0.00  0.00 1  0 -4 1
21 0 h120   0.00  0.00 1 -4  0 1
21 0 h120   0.00  0.00 1 -2  0 1
21 0 h120   0.00  0.00 1  0  0 1
21 0 h120   0.00  0.00 1  2  0 1
21 0 h120   0.00  0.00 1  4  0 1
21 0 h120   0.00  0.00 1 -3  1 1
21 0 h120   0.00  0.00 1 -1  1 1
21 0 h120   0.00  0.00 1  1  1 1
21 0 h120   0.00  0.00 1  3  1 1
21 0 h120   0.00  0.00 1 -2  2 1
21 0 h120   0.00  0.00 1  0  2 1
21 0 h120   0.00  0.00 1  2  2 1
21 0 h120   0.00  0.00 1 -1  3 1
21 0 h120   0.00  0.00 1  1  3 1
21 0 h120   0.00  0.00 1  0  4 1
21 0 h120   0.00  0.00 1 -3 -1 1
21 0 h120   0.00  0.00 1 -1 -1 1
21 0 h120   0.00  0.00 1  1 -1 1
21 0 h120   0.00  0.00 1  3 -1 1
21 0 h120   0.00  0.00 1 -2 -2 1
21 0 h120   0.00  0.00 1  0 -2 1
21 0 h120   0.00  0.00 1  2 -2 1
21 0 h120   0.00  0.00 1 -1 -3 1
21 0 h120   0.00  0.00 1  1 -3 1
21 0 h120   0.00  0.00 1  0 -4 1
22 0 h120   0.00  0.00 1 -4  0 1
22 0 h120   0.00  0.00 1 -2  0 1
22 0 h120   0.00  0.00 1  0  0 1
22 0 h120   0.00  0.00 1  2  0 1
22 0 h120   0.00  0.00 1  4  0 1
22 0 h120   0.00  0.00 1 -3  1 1
22 0 h120   0.00  0.00 1 -1  1 1
22 0 h120   0.00  0.00 1  1  1 1
22 0 h120   0.00  0.00 1  3  1 1
22 0 h120   0.00  0.00 1 -2  2 1
22 0 h120   0.00  0.00 1  0  2 1
22 0 h120   0.00  0.00 1  2  2 1
22 0 h120   0.00  0.00 1 -1  3 1
22 0 h120   0.00  0.00 1  1  3 1
22 0 h120   0.00  0.00 1  0  4 1
22 0 h120   0.00  0.00 1 -3 -1 1
22 0 h120   0.00  0.00 1 -1 -1 1
22 0 h120   0.00  0.00 1  1 -1 1
22 0 h120   0.00  0.00 1  3 -1 1
22 0 h120   0.00  0.00 1 -2 -2 1
22 0 h120   0.00  0.00 1  0 -2 1
22 0 h120   0.00  0.00 1  2 -2 1
22 0 h120   0.00  0.00 1 -1 -3 1
22 0 h120   0.00  0.00 1  1 -3 1
22 0 h120   0.00  0.00 1  0 -4 1
23 0 h120   0.00  0.00 1 -4  0 1
23 0 h120   0.00  0.00 1 -2  0 1
23 0 h120   0.00  0.00 1  0  0 1
23 0 h120   0.00  0.00 1  2  0 1
23 0 h120   0.00  0.00 1  4  0 1
23 0 h120   0.00  0.00 1 -3  1 1
23 0 h120   0.00  0.00 1 -1  1 1
23 0 h120   0.00  0.00 1  1  1 1
23 0 h120   0.00  0.00 1  3  1 1
23 0 h120   0.00  0.00 1 -2  2 1
23 0 h120   0.00  0.00 1  0  2 1
23 0 h120   0.00  0.00 1  2  2 1
23 0 h120   0.00  0.00 1 -1  3 1
23 0 h120   0.00  0.00 1  1  3 1
23 0 h120   0.00  0.00 1  0  4 1
23 0 h120   0.00  0.00 1 -3 -1 1
23 0 h120   0.00  0.00 1 -1 -1 1
23 0 h120   0.00  0.00 1  1 -1 1
23 0 h120   0.00  0.00 1  3 -1 1
23 0 h120   0.00  0.00 1 -2 -2 1
23 0 h120   0.00  0.00 1  0 -2 1
23 0 h120   0.00  0.00 1  2 -2 1
23 0 h120   0.00  0.00 1 -1 -3 1
23 0 h120   0.00  0.00 1  1 -3 1
23 0 h120   0.00  0.00 1  0 -4 1
24 0 h120   0.00  0.00 1 -4  0 1
24 0 h120   0.00  0.00 1 -2  0 1
24 0 h120   0.00  0.00 1  0  0 1
24 0 h120   0.00  0.00 1  2  0 1
24 0 h120   0.00  0.00 1  4  0 1
24 0 h120   0.00  0.00 1 -3  1 1
24 0 h120   0.00  0.00 1 -1  1 1
24 0 h120   0.00  0.00 1  1  1 1
24 0 h120   0.00  0.00 1  3  1 1
24 0 h120   0.00  0.00 1 -2  2 1
24 0 h120   0.00  0.00 1  0  2 1
24 0 h120   0.00  0.00 1  2  2 1
24 0 h120   0.00  0.00 1 -1  3 1
24 0 h120   0.00  0.00 1  1  3 1
24 0 h120   0.00  0.00 1  0  4 1
24 0 h120   0.00  0.00 1 -3 -1 1
24 0 h120   0.00  0.00 1 -1 -1 1
24 0 h120   0.00  0.00 1  1 -1 1
24 0 h120   0.00  0.00 1  3 -1 1
24 0 h120   0.00  0.00 1 -2 -2 1
24 0 h120   0.00  0.00 1  0 -2 1
24 0 h120   0.00  0.00 1  2 -2 1
24 0 h120   0.00  0.00 1 -1 -3 1
24 0 h120   0.00  0.00 1  1 -3 1
24 0 h120   0.00  0.00 1  0 -4 1
25 0 h120   0.00  0.00 1 -4  0 1
25 0 h120   0.00  0.00 1 -2  0 1
25 0 h120   0.00  0.00 1  0  0 1
25 0 h120   0.00  0.00 1  2  0 1
25 0 h120   0.00  0.00 1  4  0 1
25 0 h120   0.00  0.00 1 -3  1 1
25 0 h120   0.00  0.00 1 -1  1 1
25 0 h120   0.00  0.00 1  1  1 1
25 0 h120   0.00  0.00 1  3  1 1
25 0 h120   0.00  0.00 1 -2  2 1
25 0 h120   0.00  0.00 1  0  2 1
25 0 h120   0.00  0.00 1  2  2 1
25 0 h120   0.00  0.00 1 -1  3 1
25 0 h120   0.00  0.00 1  1  3 1
25 0 h120   0.00  0.00 1  0  4 1
25 0 h120   0.00  0.00 1 -3 -1 1
25 0 h120   0.00  0.00 1 -1 -1 1
25 0 h120   0.00  0.00 1  1 -1 1
25 0 h120   0.00  0.00 1  3 -1 1
25 0 h120   0.00  0.00 1 -2 -2 1
25 0 h120   0.00  0.00 1  0 -2 1
25 0 h120   0.00  0.00 1  2 -2 1
25 0 h120   0.00  0.00 1 -1 -3 1
25 0 h120   0.00  0.00 1  1 -3 1
25 0 h120   0.00  0.00 1  0 -4 1
26 0 h120   0.00  0.00 1 -4  0 1
26 0 h120   0.00  0.00 1 -2  0 1
26 0 h120   0.00  0.00 1  0  0 1
26 0 h120   0.00  0.00 1  2  0 1
26 0 h120   0.00  0.00 1  4  0 1
26 0 h120   0.00  0.00 1 -3  1 1
26 0 h120   0.00  0.00 1 -1  1 1
26 0 h120   0.00  0.00 1  1  1 1
26 0 h120   0.00  0.00 1  3  1 1
26 0 h120   0.00  0.00 1 -2  2 1
26 0 h120   0.00  0.00 1  0  2 1
26 0 h120   0.00  0.00 1  2  2 1
26 0 h120   0.00  0.00 1 -1  3 1
26 0 h120   0.00  0.00 1  1  3 1
26 0 h120   0.00  0.00 1  0  4 1
26 0 h120   0.00  0.00 1 -3 -1 1
26 0 h120   0.00  0.00 1 -1 -1 1
26 0 h120   0.00  0.00 1  1 -1 1
26 0 h120   0.00  0.00 1  3 -1 1
26 0 h120   0.00  0.00 1 -2 -2 1
26 0 h120   0.00  0.00 1  0 -2 1
26 0 h120   0.00  0.00 1  2 -2 1
26 0 h120   0.00  0.00 1 -1 -3 1
26 0 h120   0.00  0.00 1  1 -3 1
26 0 h120   0.00  0.00 1  0 -4 1
27 0 h120   0.00  0.00 1 -4  0 1
27 0 h120   0.00  0.00 1 -2  0 1
27 0 h120   0.00  0.00 1  0  0 1
27 0 h120   0.00  0.00 1  2  0 1
27 0 h120   0.00  0.00 1  4  0 1
27 0 h120   0.00  0.00 1 -3  1 1
27 0 h120   0.00  0.00 1 -1  1 1
27 0 h120   0.00  0.00 1  1  1 1
27 0 h120   0.00  0.00 1  3  1 1
27 0 h120   0.00  0.00 1 -2  2 1
27 0 h120   0.00  0.00 1  0  2 1
27 0 h120   0.00  0.00 1  2  2 1
27 0 h120   0.00  0.00 1 -1  3 1
27 0 h120   0.00  0.00 1  1  3 1
27 0 h120   0.00  0.00 1  0  4 1
27 0 h120   0.00  0.00 1 -3 -1 1
27 0 h120   0.00  0.00 1 -1 -1 1
27 0 h120   0.00  0.00 1  1 -1 1
27 0 h120   0.00  0.00 1  3 -1 1
27 0 h120   0.00  0.00 1 -2 -2 1
27 0 h120   0.00  0.00 1  0 -2 1
27 0 h120   0.00  0.00 1  2 -2 1
27 0 h120   0.00  0.00 1 -1 -3 1
27 0 h120   0.00  0.00 1  1 -3 1
27 0 h120   0.00  0.00 1  0 -4 1
28 0 l300   0.00  0.00 1 -4  0 1
28 0 l300   0.00  0.00 1 -2  0 1
28 0 l300   0.00  0.00 1  0  0 1
28 0 l300   0.00  0.00 1  2  0 1
28 0 l300   0.00  0.00 1  4  0 1
28 0 l300   0.00  0.00 1 -3  1 1
28 0 l300   0.00  0.00 1 -1  1 1
28 0 l300   0.00  0.00 1  1  1 1
28 0 l300   0.00  0.00 1  3  1 1
28 0 l300   0.00  0.00 1 -2  2 1
28 0 l300   0.00  0.00 1  0  2 1
28 0 l300   0.00  0.00 1  2  2 1
28 0 l300   0.00  0.00 1 -1  3 1
28 0 l300   0.00  0.00 1  1  3 1
28 0 l300   0.00  0.00 1  0  4 1
28 0 l300   0.00  0.00 1 -3 -1 1
28 0 l300   0.00  0.00 1 -1 -1 1
28 0 l300   0.00  0.00 1  1 -1 1
28 0 l300   0.00  0.00 1  3 -1 1
28 0 l300   0.00  0.00 1 -2 -2 1
28 0 l300   0.00  0.00 1  0 -2 1
28 0 l300   0.00  0.00 1  2 -2 1
28 0 l300   0.00  0.00 1 -1 -3 1
28 0 l300   0.00  0.00 1  1 -3 1
28 0 l300   0.00  0.00 1  0 -4 1
29 0 l300   0.00  0.00 1 -4  0 1
29 0 l300   0.00  0.00 1 -2  0 1
29 0 l300   0.00  0.00 1  0  0 1
29 0 l300   0.00  0.00 1  2  0 1
29 0 l300   0.00  0.00 1  4  0 1
29 0 l300   0.00  0.00 1 -3  1 1
29 0 l300   0.00  0.00 1 -1  1 1
29 0 l300   0.00  0.00 1  1  1 1
29 0 l300   0.00  0.00 1  3  1 1
29 0 l300   0.00  0.00 1 -2  2 1
29 0 l300   0.00  0.00 1  0  2 1
29 0 l300   0.00  0.00 1  2  2 1
29 0 l300   0.00  0.00 1 -1  3 1
29 0 l300   0.00  0.00 1  1  3 1
29 0 l300   0.00  0.00 1  0  4 1
29 0 l300   0.00  0.00 1 -3 -1 1
29 0 l300   0.00  0.00 1 -1 -1 1
29 0 l300   0.00  0.00 1  1 -1 1
29 0 l300   0.00  0.00 1  3 -1 1
29 0 l300   0.00  0.00 1 -2 -2 1
29 0 l300   0.00  0.00 1  0 -2 1
29 0 l300   0.00  0.00 1  2 -2 1
29 0 l300   0.00  0.00 1 -1 -3 1
29 0 l300   0.00  0.00 1  1 -3 1
29 0 l300   0.00  0.00 1  0 -4 1
30 0 l300   0.00  0.00 1 -4  0 1
30 0 l300   0.00  0.00 1 -2  0 1
30 0 l300   0.00  0.00 1  0  0 1
30 0 l300   0.00  0.00 1  2  0 1
30 0 l300   0.00  0.00 1  4  0 1
30 0 l300   0.00  0.00 1 -3  1 1
30 0 l300   0.00  0.00 1 -1  1 1
30 0 l300   0.00  0.00 1  1  1 1
30 0 l300   0.00  0.00 1  3  1 1
30 0 l300   0.00  0.00 1 -2  2 1
30 0 l300   0.00  0.00 1  0  2 1
30 0 l300   0.00  0.00 1  2  2 1
30 0 l300   0.00  0.00 1 -1  3 1
30 0 l300   0.00  0.00 1  1  3 1
30 0 l300   0.00  0.00 1  0  4 1
30 0 l300   0.00  0.00 1 -3 -1 1
30 0 l300   0.00  0.00 1 -1 -1 1
30 0 l300   0.00  0.00 1  1 -1 1
30 0 l300   0.00  0.00 1  3 -1 1
30 0 l300   0.00  0.00 1 -2 -2 1
30 0 l300   0.00  0.00 1  0 -2 1
30 0 l300   0.00  0.00 1  2 -2 1
30 0 l300   0.00  0.00 1 -1 -3 1
30 0 l300   0.00  0.00 1  1 -3 1
30 0 l300   0.00  0.00 1  0 -4 1
31 0 l300   0.00  0.00 1 -4  0 1
31 0 l300   0.00  0.00 1 -2  0 1
31 0 l300   0.00  0.00 1  0  0 1
31 0 l300   0.00  0.00 1  2  0 1
31 0 l300   0.00  0.00 1  4  0 1
31 0 l300   0.00  0.00 1 -3  1 1
31 0 l300   0.00  0.00 1 -1  1 1
31 0 l300   0.00  0.00 1  1  1 1
31 0 l300   0.00  0.00 1  3  1 1
31 0 l300   0.00  0.00 1 -2  2 1
31 0 l300   0.00  0.00 1  0  2 1
31 0 l300   0.00  0.00 1  2  2 1
31 0 l300   0.00  0.00 1 -1  3 1
31 0 l300   0.00  0.00 1  1  3 1
31 0 l300   0.00  0.00 1  0  4 1
31 0 l300   0.00  0.00 1 -3 -1 1
31 0 l300   0.00  0.00 1 -1 -1 1
31 0 l300   0.00  0.00 1  1 -1 1
31 0 l300   0.00  0.00 1  3 -1 1
31 0 l300   0.00  0.00 1 -2 -2 1
31 0 l300   0.00  0.00 1  0 -2 1
31 0 l300   0.00  0.00 1  2 -2 1
31 0 l300   0.00  0.00 1 -1 -3 1
31 0 l300   0.00  0.00 1  1 -3 1
31 0 l300   0.00  0.00 1  0 -4 1
32 0 l300   0.00  0.00 1 -4  0 1
32 0 l300   0.00  0.00 1 -2  0 1
32 0 l300   0.00  0.00 1  0  0 1
32 0 l300   0.00  0.00 1  2  0 1
32 0 l300   0.00  0.00 1  4  0 1
32 0 l300   0.00  0.00 1 -3  1 1
32 0 l300   0.00  0.00 1 -1  1 1
32 0 l300   0.00  0.00 1  1  1 1
32 0 l300   0.00  0.00 1  3  1 1
32 0 l300   0.00  0.00 1 -2  2 1
32 0 l300   0.00  0.00 1  0  2 1
32 0 l300   0.00  0.00 1  2  2 1
32 0 l300   0.00  0.00 1 -1  3 1
32 0 l300   0.00  0.00 1  1  3 1
32 0 l300   0.00  0.00 1  0  4 1
32 0 l300   0.00  0.00 1 -3 -1 1
32 0 l300   0.00  0.00 1 -1 -1 1
32 0 l300   0.00  0.00 1  1 -1 1
32 0 l300   0.00  0.00 1  3 -1 1
32 0 l300   0.00  0.00 1 -2 -2 1
32 0 l300   0.00  0.00 1  0 -2 1
32 0 l300   0.00  0.00 1  2 -2 1
32 0 l300   0.00  0.00 1 -1 -3 1
32 0 l300   0.00  0.00 1  1 -3 1
32 0 l300   0.00  0.00 1  0 -4 1
33 0 l300   0.00  0.00 1 -4  0 1
33 0 l300   0.00  0.00 1 -2  0 1
33 0 l300   0.00  0.00 1  0  0 1
33 0 l300   0.00  0.00 1  2  0 1
33 0 l300   0.00  0.00 1  4  0 1
33 0 l300   0.00  0.00 1 -3  1 1
33 0 l300   0.00  0.00 1 -1  1 1
33 0 l300   0.00  0.00 1  1  1 1
33 0 l300   0.00  0.00 1  3  1 1
33 0 l300   0.00  0.00 1 -2  2 1
33 0 l300   0.00  0.00 1  0  2 1
33 0 l300   0.00  0.00 1  2  2 1
33 0 l300   0.00  0.00 1 -1  3 1
33 0 l300   0.00  0.00 1  1  3 1
33 0 l300   0.00  0.00 1  0  4 1
33 0 l300   0.00  0.00 1 -3 -1 1
33 0 l300   0.00  0.00 1 -1 -1 1
33 0 l300   0.00  0.00 1  1 -1 1
33 0 l300   0.00  0.00 1  3 -1 1
33 0 l300   0.00  0.00 1 -2 -2 1
33 0 l300   0.00  0.00 1  0 -2 1
33 0 l300   0.00  0.00 1  2 -2 1
33 0 l300   0.00  0.00 1 -1 -3 1
33 0 l300   0.00  0.00 1  1 -3 1
33 0 l300   0.00  0.00 1  0 -4 1
34 0 l300   0.00  0.00 1 -4  0 1
34 0 l300   0.00  0.00 1 -2  0 1
34 0 l300   0.00  0.00 1  0  0 1
34 0 l300   0.00  0.00 1  2  0 1
34 0 l300   0.00  0.00 1  4  0 1
34 0 l300   0.00  0.00 1 -3  1 1
34 0 l300   0.00  0.00 1 -1  1 1
34 0 l300   0.00  0.00 1  1  1 1
34 0 l300   0.00  0.00 1  3  1 1
34 0 l300   0.00  0.00 1 -2  2 1
34 0 l300   0.00  0.00 1  0  2 1
34 0 l300   0.00  0.00 1  2  2 1
34 0 l300   0.00  0.00 1 -1  3 1
34 0 l300   0.00  0.00 1  1  3 1
34 0 l300   0.00  0.00 1  0  4 1
34 0 l300   0.00  0.00 1 -3 -1 1
34 0 l300   0.00  0.00 1 -1 -1 1
34 0 l300   0.00  0.00 1  1 -1 1
34 0 l300   0.00  0.00 1  3 -1 1
34 0 l300   0.00  0.00 1 -2 -2 1
34 0 l300   0.00  0.00 1  0 -2 1
34 0 l300   0.00  0.00 1  2 -2 1
34 0 l300   0.00  0.00 1 -1 -3 1
34 0 l300   0.00  0.00 1  1 -3 1
34 0 l300   0.00  0.00 1  0 -4 1
35 0 l300   0.00  0.00 1 -4  0 1
35 0 l300   0.00  0.00 1 -2  0 1
35 0 l300   0.00  0.00 1  0  0 1
35 0 l300   0.00  0.00 1  2  0 1
35 0 l300   0.00  0.00 1  4  0 1
35 0 l300   0.00  0.00 1 -3  1 1
35 0 l300   0.00  0.00 1 -1  1 1
35 0 l300   0.00  0.00 1  1  1 1
35 0 l300   0.00  0.00 1  3  1 1
35 0 l300   0.00  0.00 1 -2  2 1
35 0 l300   0.00  0.00 1  0  2 1
35 0 l300   0.00  0.00 1  2  2 1
35 0 l300   0.00  0.00 1 -1  3 1
35 0 l300   0.00  0.00 1  1  3 1
35 0 l300   0.00  0.00 1  0  4 1
35 0 l300   0.00  0.00 1 -3 -1 1
35 0 l300   0.00  0.00 1 -1 -1 1
35 0 l300   0.00  0.00 1  1 -1 1
35 0 l300   0.00  0.00 1  3 -1 1
35 0 l300   0.00  0.00 1 -2 -2 1
35 0 l300   0.00  0.00 1  0 -2 1
35 0 l300   0.00  0.00 1  2 -2 1
35 0 l300   0.00  0.00 1 -1 -3 1
35 0 l300   0.00  0.00 1  1 -3 1
35 0 l300   0.00  0.00 1  0 -4 1
36 0 l300   0.00  0.00 1 -4  0 1
36 0 l300   0.00  0.00 1 -2  0 1
36 0 l300   0.00  0.00 1  0  0 1
36 0 l300   0.00  0.00 1  2  0 1
36 0 l300   0.00  0.00 1  4  0 1
36 0 l300   0.00  0.00 1 -3  1 1
36 0 l300   0.00  0.00 1 -1  1 1
36 0 l300   0.00  0.00 1  1  1 1
36 0 l300   0.00  0.00 1  3  1 1
36 0 l300   0.00  0.00 1 -2  2 1
36 0 l300   0.00  0.00 1  0  2 1
36 0 l300   0.00  0.00 1  2  2 1
36 0 l300   0.00  0.00 1 -1  3 1
36 0 l300   0.00  0.00 1  1  3 1
36 0 l300   0.00  0.00 1  0  4 1
36 0 l300   0.00  0.00 1 -3 -1 1
36 0 l300   0.00  0.00 1 -1 -1 1
36 0 l300   0.00  0.00 1  1 -1 1
36 0 l300   0.00  0.00 1  3 -1 1
36 0 l300   0.00  0.00 1 -2 -2 1
36 0 l300   0.00  0.00 1  0 -2 1
36 0 l300   0.00  0.00 1  2 -2 1
36 0 l300   0.00  0.00 1 -1 -3 1
36 0 l300   0.00  0.00 1  1 -3 1
36 0 l300   0.00  0.00 1  0 -4 1
37 0 l300   0.00  0.00 1 -4  0 1
37 0 l300   0.00  0.00 1 -2  0 1
37 0 l300   0.00  0.00 1  0  0 1
37 0 l300   0.00  0.00 1  2  0 1
37 0 l300   0.00  0.00 1  4  0 1
37 0 l300   0.00  0.00 1 -3  1 1
37 0 l300   0.00  0.00 1 -1  1 1
37 0 l300   0.00  0.00 1  1  1 1
37 0 l300   0.00  0.00 1  3  1 1
37 0 l300   0.00  0.00 1 -2  2 1
37 0 l300   0.00  0.00 1  0  2 1
37 0 l300   0.00  0.00 1  2  2 1
37 0 l300   0.00  0.00 1 -1  3 1
37 0 l300   0.00  0.00 1  1  3 1
37 0 l300   0.00  0.00 1  0  4 1
37 0 l300   0.00  0.00 1 -3 -1 1
37 0 l300   0.00  0.00 1 -1 -1 1
37 0 l300   0.00  0.00 1  1 -1 1
37 0 l300   0.00  0.00 1  3 -1 1
37 0 l300   0.00  0.00 1 -2 -2 1
37 0 l300   0.00  0.00 1  0 -2 1
37 0 l300   0.00  0.00 1  2 -2 1
37 0 l300   0.00  0.00 1 -1 -3 1
37 0 l300   0.00  0.00 1  1 -3 1
37 0 l300   0.00  0.00 1  0 -4 1
38 0 l300   0.00  0.00 1 -4  0 1
38 0 l300   0.00  0.00 1 -2  0 1
38 0 l300   0.00  0.00 1  0  0 1
38 0 l300   0.00  0.00 1  2  0 1
38 0 l300   0.00  0.00 1  4  0 1
38 0 l300   0.00  0.00 1 -3  1 1
38 0 l300   0.00  0.00 1 -1  1 1
38 0 l300   0.00  0.00 1  1  1 1
38 0 l300   0.00  0.00 1  3  1 1
38 0 l300   0.00  0.00 1 -2  2 1
38 0 l300   0.00  0.00 1  0  2 1
38 0 l300   0.00  0.00 1  2  2 1
38 0 l300   0.00  0.00 1 -1  3 1
38 0 l300   0.00  0.00 1  1  3 1
38 0 l300   0.00  0.00 1  0  4 1
38 0 l300   0.00  0.00 1 -3 -1 1
38 0 l300   0.00  0.00 1 -1 -1 1
38 0 l300   0.00  0.00 1  1 -1 1
38 0 l300   0.00  0.00 1  3 -1 1
38 0 l300   0.00  0.00 1 -2 -2 1
38 0 l300   0.00  0.00 1  0 -2 1
38 0 l300   0.00  0.00 1  2 -2 1
38 0 l300   0.00  0.00 1 -1 -3 1
38 0 l300   0.00  0.00 1  1 -3 1
38 0 l300   0.00  0.00 1  0 -4 1
39 0 l300   0.00  0.00 1 -4  0 1
39 0 l300   0.00  0.00 1 -2  0 1
39 0 l300   0.00  0.00 1  0  0 1
39 0 l300   0.00  0.00 1  2  0 1
39 0 l300   0.00  0.00 1  4  0 1
39 0 l300   0.00  0.00 1 -3  1 1
39 0 l300   0.00  0.00 1 -1  1 1
39 0 l300   0.00  0.00 1  1  1 1
39 0 l300   0.00  0.00 1  3  1 1
39 0 l300   0.00  0.00 1 -2  2 1
39 0 l300   0.00  0.00 1  0  2 1
39 0 l300   0.00  0.00 1  2  2 1
39 0 l300   0.00  0.00 1 -1  3 1
39 0 l300   0.00  0.00 1  1  3 1
39 0 l300   0.00  0.00 1  0  4 1
39 0 l300   0.00  0.00 1 -3 -1 1
39 0 l300   0.00  0.00 1 -1 -1 1
39 0 l300   0.00  0.00 1  1 -1 1
39 0 l300   0.00  0.00 1  3 -1 1
39 0 l300   0.00  0.00 1 -2 -2 1
39 0 l300   0.00  0.00 1  0 -2 1
39 0 l300   0.00  0.00 1  2 -2 1
39 0 l300   0.00  0.00 1 -1 -3 1
39 0 l300   0.00  0.00 1  1 -3 1
39 0 l300   0.00  0.00 1  0 -4 1
40 0 l300   0.00  0.00 1 -4  0 1
40 0 l300   0.00  0.00 1 -2  0 1
40 0 l300   0.00  0.00 1  0  0 1
40 0 l300   0.00  0.00 1  2  0 1
40 0 l300   0.00  0.00 1  4  0 1
40 0 l300   0.00  0.00 1 -3  1 1
40 0 l300   0.00  0.00 1 -1  1 1
40 0 l300   0.00  0.00 1  1  1 1
40 0 l300   0.00  0.00 1  3  1 1
40 0 l300   0.00  0.00 1 -2  2 1
40 0 l300   0.00  0.00 1  0  2 1
40 0 l300   0.00  0.00 1  2  2 1
40 0 l300   0.00  0.00 1 -1  3 1
40 0 l300   0.00  0.00 1  1  3 1
40 0 l300   0.00  0.00 1  0  4 1
40 0 l300   0.00  0.00 1 -3 -1 1
40 0 l300   0.00  0.00 1 -1 -1 1
40 0 l300   0.00  0.00 1  1 -1 1
40 0 l300   0.00  0.00 1  3 -1 1
40 0 l300   0.00  0.00 1 -2 -2 1
40 0 l300   0.00  0.00 1  0 -2 1
40 0 l300   0.00  0.00 1  2 -2 1
40 0 l300   0.00  0.00 1 -1 -3 1
40 0 l300   0.00  0.00 1  1 -3 1
40 0 l300   0.00  0.00 1  0 -4 1
41 0 l300   0.00  0.00 1 -4  0 1
41 0 l300   0.00  0.00 1 -2  0 1
41 0 l300   0.00  0.00 1  0  0 1
41 0 l300   0.00  0.00 1  2  0 1
41 0 l300   0.00  0.00 1  4  0 1
41 0 l300   0.00  0.00 1 -3  1 1
41 0 l300   0.00  0.00 1 -1  1 1
41 0 l300   0.00  0.00 1  1  1 1
41 0 l300   0.00  0.00 1  3  1 1
41 0 l300   0.00  0.00 1 -2  2 1
41 0 l300   0.00  0.00 1  0  2 1
41 0 l300   0.00  0.00 1  2  2 1
41 0 l300   0.00  0.00 1 -1  3 1
41 0 l300   0.00  0.00 1  1  3 1
41 0 l300   0.00  0.00 1  0  4 1
41 0 l300   0.00  0.00 1 -3 -1 1
41 0 l300   0.00  0.00 1 -1 -1 1
41 0 l300   0.00  0.00 1  1 -1 1
41 0 l300   0.00  0.00 1  3 -1 1
41 0 l300   0.00  0.00 1 -2 -2 1
41 0 l300   0.00  0.00 1  0 -2 1
41 0 l300   0.00  0.00 1  2 -2 1
41 0 l300   0.00  0.00 1 -1 -3 1
41 0 l300   0.00  0.00 1  1 -3 1
41 0 l300   0.00  0.00 1  0 -4 1
42 0 l300   0.00  0.00 1 -4  0 1
42 0 l300   0.00  0.00 1 -2  0 1
42 0 l300   0.00  0.00 1  0  0 1
42 0 l300   0.00  0.00 1  2  0 1
42 0 l300   0.00  0.00 1  4  0 1
42 0 l300   0.00  0.00 1 -3  1 1
42 0 l300   0.00  0.00 1 -1  1 1
42 0 l300   0.00  0.00 1  1  1 1
42 0 l300   0.00  0.00 1  3  1 1
42 0 l300   0.00  0.00 1 -2  2 1
42 0 l300   0.00  0.00 1  0  2 1
42 0 l300   0.00  0.00 1  2  2 1
42 0 l300   0.00  0.00 1 -1  3 1
42 0 l300   0.00  0.00 1  1  3 1
42 0 l300   0.00  0.00 1  0  4 1
42 0 l300   0.00  0.00 1 -3 -1 1
42 0 l300   0.00  0.00 1 -1 -1 1
42 0 l300   0.00  0.00 1  1 -1 1
42 0 l300   0.00  0.00 1  3 -1 1
42 0 l300   0.00  0.00 1 -2 -2 1
42 0 l300   0.00  0.00 1  0 -2 1
42 0 l300   0.00  0.00 1  2 -2 1
42 0 l300   0.00  0.00 1 -1 -3 1
42 0 l300   0.00  0.00 1  1 -3 1
42 0 l300   0.00  0.00 1  0 -4 1
43 0 l300   0.00  0.00 1 -4  0 1
43 0 l300   0.00  0.00 1 -2  0 1
43 0 l300   0.00  0.00 1  0  0 1
43 0 l300   0.00  0.00 1  2  0 1
43 0 l300   0.00  0.00 1  4  0 1
43 0 l300   0.00  0.00 1 -3  1 1
43 0 l300   0.00  0.00 1 -1  1 1
43 0 l300   0.00  0.00 1  1  1 1
43 0 l300   0.00  0.00 1  3  1 1
43 0 l300   0.00  0.00 1 -2  2 1
43 0 l300   0.00  0.00 1  0  2 1
43 0 l300   0.00  0.00 1  2  2 1
43 0 l300   0.00  0.00 1 -1  3 1
43 0 l300   0.00  0.00 1  1  3 1
43 0 l300   0.00  0.00 1  0  4 1
43 0 l300   0.00  0.00 1 -3 -1 1
43 0 l300   0.00  0.00 1 -1 -1 1
43 0 l300   0.00  0.00 1  1 -1 1
43 0 l300   0.00  0.00 1  3 -1 1
43 0 l300   0.00  0.00 1 -2 -2 1
43 0 l300   0.00  0.00 1  0 -2 1
43 0 l300   0.00  0.00 1  2 -2 1
43 0 l300   0.00  0.00 1 -1 -3 1
43 0 l300   0.00  0.00 1  1 -3 1
43 0 l300   0.00  0.00 1  0 -4 1
44 0 l300   0.00  0.00 1 -4  0 1
44 0 l300   0.00  0.00 1 -2  0 1
44 0 l300   0.00  0.00 1  0  0 1
44 0 l300   0.00  0.00 1  2  0 1
44 0 l300   0.00  0.00 1  4  0 1
44 0 l300   0.00  0.00 1 -3  1 1
44 0 l300   0.00  0.00 1 -1  1 1
44 0 l300   0.00  0.00 1  1  1 1
44 0 l300   0.00  0.00 1  3  1 1
44 0 l300   0.00  0.00 1 -2  2 1
44 0 l300   0.00  0.00 1  0  2 1
44 0 l300   0.00  0.00 1  2  2 1
44 0 l300   0.00  0.00 1 -1  3 1
44 0 l300   0.00  0.00 1  1  3 1
44 0 l300   0.00  0.00 1  0  4 1
44 0 l300   0.00  0.00 1 -3 -1 1
44 0 l300   0.00  0.00 1 -1 -1 1
44 0 l300   0.00  0.00 1  1 -1 1
44 0 l300   0.00  0.00 1  3 -1 1
44 0 l300   0.00  0.00 1 -2 -2 1
44 0 l300   0.00  0.00 1  0 -2 1
44 0 l300   0.00  0.00 1  2 -2 1
44 0 l300   0.00  0.00 1 -1 -3 1
44 0 l300   0.00  0.00 1  1 -3 1
44 0 l300   0.00  0.00 1  0 -4 1
45 0 l300   0.00  0.00 1 -4  0 1
45 0 l300   0.00  0.00 1 -2  0 1
45 0 l300   0.00  0.00 1  0  0 1
45 0 l300   0.00  0.00 1  2  0 1
45 0 l300   0.00  0.00 1  4  0 1
45 0 l300   0.00  0.00 1 -3  1 1
45 0 l300   0.00  0.00 1 -1  1 1
45 0 l300   0.00  0.00 1  1  1 1
45 0 l300   0.00  0.00 1  3  1 1
45 0 l300   0.00  0.00 1 -2  2 1
45 0 l300   0.00  0.00 1  0  2 1
45 0 l300   0.00  0.00 1  2  2 1
45 0 l300   0.00  0.00 1 -1  3 1
45 0 l300   0.00  0.00 1  1  3 1
45 0 l300   0.00  0.00 1  0  4 1
45 0 l300   0.00  0.00 1 -3 -1 1
45 0 l300   0.00  0.00 1 -1 -1 1
45 0 l300   0.00  0.00 1  1 -1 1
45 0 l300   0.00  0.00 1  3 -1 1
45 0 l300   0.00  0.00 1 -2 -2 1
45 0 l300   0.00  0.00 1  0 -2 1
45 0 l300   0.00  0.00 1  2 -2 1
45 0 l300   0.00  0.00 1 -1 -3 1
45 0 l300   0.00  0.00 1  1 -3 1
45 0 l300   0.00  0.00 1  0 -4 1
46 0 l300   0.00  0.00 1 -4  0 1
46 0 l300   0.00  0.00 1 -2  0 1
46 0 l300   0.00  0.00 1  0  0 1
46 0 l300   0.00  0.00 1  2  0 1
46 0 l300   0.00  0.00 1  4  0 1
46 0 l300   0.00  0.00 1 -3  1 1
46 0 l300   0.00  0.00 1 -1  1 1
46 0 l300   0.00  0.00 1  1  1 1
46 0 l300   0.00  0.00 1  3  1 1
46 0 l300   0.00  0.00 1 -2  2 1
46 0 l300   0.00  0.00 1  0  2 1
46 0 l300   0.00  0.00 1  2  2 1
46 0 l300   0.00  0.00 1 -1  3 1
46 0 l300   0.00  0.00 1  1  3 1
46 0 l300   0.00  0.00 1  0  4 1
46 0 l300   0.00  0.00 1 -3 -1 1
46 0 l300   0.00  0.00 1 -1 -1 1
46 0 l300   0.00  0.00 1  1 -1 1
46 0 l300   0.00  0.00 1  3 -1 1
46 0 l300   0.00  0.00 1 -2 -2 1
46 0 l300   0.00  0.00 1  0 -2 1
46 0 l300   0.00  0.00 1  2 -2 1
46 0 l300   0.00  0.00 1 -1 -3 1
46 0 l300   0.00  0.00 1  1 -3 1
46 0 l300   0.00  0.00 1  0 -4 1
47 0 l300   0.00  0.00 1 -4  0 1
47 0 l300   0.00  0.00 1 -2  0 1
47 0 l300   0.00  0.00 1  0  0 1
47 0 l300   0.00  0.00 1  2  0 1
47 0 l300   0.00  0.00 1  4  0 1
47 0 l300   0.00  0.00 1 -3  1 1
47 0 l300   0.00  0.00 1 -1  1 1
47 0 l300   0.00  0.00 1  1  1 1
47 0 l300   0.00  0.00 1  3  1 1
47 0 l300   0.00  0.00 1 -2  2 1
47 0 l300   0.00  0.00 1  0  2 1
47 0 l300   0.00  0.00 1  2  2 1
47 0 l300   0.00  0.00 1 -1  3 1
47 0 l300   0.00  0.00 1  1  3 1
47 0 l300   0.00  0.00 1  0  4 1
47 0 l300   0.00  0.00 1 -3 -1 1
47 0 l300   0.00  0.00 1 -1 -1 1
47 0 l300   0.00  0.00 1  1 -1 1
47 0 l300   0.00  0.00 1  3 -1 1
47 0 l300   0.00  0.00 1 -2 -2 1
47 0 l300   0.00  0.00 1  0 -2 1
47 0 l300   0.00  0.00 1  2 -2 1
47 0 l300   0.00  0.00 1 -1 -3 1
47 0 l300   0.00  0.00 1  1 -3 1
47 0 l300   0.00  0.00 1  0 -4 1

