mH_GeV  XS_pb         Err_Hi     Err_Lo Sca_Hi  Sca_Lo  Pdf_Hi  Pdf_Lo
90.0 	29.47 		22.9 	-15.6 	14.8 	-8.7 	8.1 	-6.9
95.0 	26.58 		21.9 	-15.9 	13.9 	-9.0 	8.0 	-6.9
100.0 	24.02 		21.2 	-15.6 	13.3 	-8.6 	7.9 	-7.0
105.0 	21.78 		20.8 	-15.5 	12.8 	-8.5 	7.9 	-7.1
110.0 	19.84 		20.4 	-15.3 	12.5 	-8.2 	7.9 	-7.1
110.5 	19.65 		20.4 	-15.3 	12.5 	-8.2 	7.9 	-7.1
111.0 	19.48 		20.3 	-15.3 	12.4 	-8.2 	7.9 	-7.1
111.5 	19.30 		20.3 	-15.3 	12.4 	-8.2 	7.9 	-7.1
112.0 	19.13 		20.3 	-15.3 	12.4 	-8.2 	7.9 	-7.1
112.5 	18.95 		20.3 	-15.2 	12.3 	-8.1 	7.9 	-7.1
113.0 	18.79 		20.2 	-15.3 	12.3 	-8.1 	7.9 	-7.2
113.5 	18.62 		20.2 	-15.3 	12.3 	-8.1 	7.9 	-7.2
114.0 	18.45 		20.2 	-15.3 	12.2 	-8.1 	7.9 	-7.2
114.5 	18.29 		20.1 	-15.3 	12.1 	-8.1 	7.9 	-7.2
115.0 	18.13 		20.0 	-15.3 	12.1 	-8.1 	7.9 	-7.2
115.5 	17.97 		20.0 	-15.3 	12.1 	-8.1 	7.9 	-7.2
116.0 	17.82 		20.0 	-15.3 	12.1 	-8.1 	7.9 	-7.2
116.5 	17.66 		19.9 	-15.3 	12.0 	-8.1 	7.9 	-7.2
117.0 	17.51 		19.9 	-15.3 	12.0 	-8.0 	7.9 	-7.2
117.5 	17.36 		19.9 	-15.1 	12.0 	-7.9 	7.9 	-7.2
118.0 	17.21 		19.8 	-15.1 	12.0 	-7.9 	7.8 	-7.2
118.5 	17.06 		19.8 	-15.1 	12.0 	-7.9 	7.8 	-7.2
119.0 	16.92 		19.7 	-15.1 	11.9 	-7.9 	7.8 	-7.2
119.5 	16.78 		19.7 	-15.1 	11.9 	-7.9 	7.8 	-7.2
120.0 	16.63 		19.7 	-15.1 	11.9 	-7.9 	7.8 	-7.2
120.5 	16.49 		19.7 	-15.1 	11.9 	-7.9 	7.8 	-7.2
121.0 	16.36 		19.7 	-15.1 	11.9 	-7.9 	7.8 	-7.2
121.5 	16.22 		19.7 	-15.1 	11.8 	-7.9 	7.8 	-7.2
122.0 	16.08 		19.7 	-15.1 	11.8 	-7.9 	7.8 	-7.2
122.5 	15.94 		19.6 	-15.0 	11.8 	-7.8 	7.8 	-7.3
123.0 	15.82 		19.5 	-15.1 	11.7 	-7.8 	7.8 	-7.3
123.5 	15.69 		19.5 	-15.1 	11.7 	-7.8 	7.8 	-7.3
124.0 	15.56 		19.5 	-15.1 	11.7 	-7.8 	7.8 	-7.3
124.5 	15.43 		19.5 	-15.1 	11.7 	-7.8 	7.8 	-7.3
125.0 	15.31 		19.5 	-15.1 	11.7 	-7.8 	7.8 	-7.3
125.5 	15.18 		19.5 	-15.1 	11.7 	-7.8 	7.8 	-7.3
126.0 	15.06 		19.4 	-15.1 	11.6 	-7.8 	7.8 	-7.3
126.5 	14.94 		19.4 	-15.1 	11.6 	-7.8 	7.8 	-7.3
127.0 	14.82 		19.4 	-15.1 	11.6 	-7.8 	7.8 	-7.3
127.5 	14.70 		19.3 	-15.2 	11.5 	-7.8 	7.8 	-7.4
128.0 	14.58 		19.3 	-15.1 	11.5 	-7.7 	7.8 	-7.4
128.5 	14.46 		19.3 	-15.1 	11.5 	-7.7 	7.8 	-7.4
129.0 	14.35 		19.3 	-15.1 	11.5 	-7.7 	7.8 	-7.4
129.5 	14.23 		19.2 	-15.1 	11.3 	-7.7 	7.8 	-7.4
130.0 	14.12 		19.2 	-15.1 	11.3 	-7.7 	7.8 	-7.4
130.5 	14.01 		19.2 	-15.1 	11.3 	-7.6 	7.8 	-7.4
131.0 	13.90 		19.2 	-15.1 	11.3 	-7.6 	7.8 	-7.4
131.5 	13.80 		19.1 	-15.1 	11.3 	-7.7 	7.8 	-7.4
132.0 	13.69 		19.1 	-15.1 	11.3 	-7.7 	7.8 	-7.4
132.5 	13.58 		19.0 	-14.9 	11.2 	-7.5 	7.8 	-7.4
133.0 	13.48 		19.0 	-15.0 	11.2 	-7.5 	7.8 	-7.5
133.5 	13.37 		19.0 	-15.0 	11.2 	-7.5 	7.8 	-7.5
134.0 	13.28 		18.9 	-15.0 	11.1 	-7.6 	7.8 	-7.5
134.5 	13.18 		18.9 	-15.0 	11.1 	-7.6 	7.8 	-7.5
135.0 	13.08 		18.9 	-15.0 	11.1 	-7.6 	7.8 	-7.5
135.5 	12.98 		18.9 	-15.0 	11.1 	-7.6 	7.8 	-7.5
136.0 	12.88 		18.9 	-15.0 	11.1 	-7.6 	7.8 	-7.5
136.5 	12.78 		18.9 	-15.0 	11.1 	-7.5 	7.8 	-7.5
137.0 	12.68 		18.9 	-15.0 	11.1 	-7.5 	7.8 	-7.5
137.5 	12.60 		18.7 	-15.0 	10.9 	-7.6 	7.8 	-7.4
138.0 	12.50 		18.8 	-14.9 	11.0 	-7.4 	7.8 	-7.5
138.5 	12.40 		18.8 	-14.9 	11.0 	-7.4 	7.8 	-7.5
139.0 	12.31 		18.8 	-14.9 	11.0 	-7.4 	7.8 	-7.5
139.5 	12.22 		18.8 	-14.9 	11.0 	-7.4 	7.8 	-7.5
140.0 	12.13 		18.8 	-14.9 	11.0 	-7.4 	7.8 	-7.5
141.0 	11.95 		18.8 	-14.9 	11.0 	-7.4 	7.8 	-7.5
142.0 	11.78 		18.8 	-14.9 	11.0 	-7.4 	7.8 	-7.5
143.0 	11.60 		18.7 	-14.9 	10.9 	-7.4 	7.8 	-7.6
144.0 	11.44 		18.7 	-14.9 	10.9 	-7.4 	7.8 	-7.6
145.0 	11.27 		18.7 	-14.9 	10.9 	-7.4 	7.8 	-7.6
146.0 	11.12 		18.7 	-14.9 	10.9 	-7.4 	7.8 	-7.6
147.0 	10.96 		18.7 	-14.9 	10.9 	-7.4 	7.8 	-7.6
148.0 	10.80 		18.7 	-14.9 	10.9 	-7.2 	7.8 	-7.7
149.0 	10.65 		18.7 	-14.9 	10.9 	-7.2 	7.8 	-7.7
150.0 	10.50 		18.7 	-14.9 	10.9 	-7.2 	7.8 	-7.7
151.0 	10.36 		18.7 	-14.9 	10.9 	-7.2 	7.8 	-7.7
152.0 	10.21 		18.6 	-14.9 	10.8 	-7.3 	7.8 	-7.7
153.0 	10.07 		18.6 	-14.9 	10.9 	-7.2 	7.7 	-7.7
154.0 	9.934 		18.5 	-14.9 	10.8 	-7.2 	7.7 	-7.7
155.0 	9.795 		18.5 	-15.0 	10.8 	-7.3 	7.7 	-7.7
156.0 	9.655 		18.6 	-15.0 	10.9 	-7.3 	7.7 	-7.7
157.0 	9.514 		18.6 	-15.0 	10.9 	-7.3 	7.7 	-7.7
158.0 	9.367 		18.6 	-15.0 	10.9 	-7.2 	7.7 	-7.8
159.0 	9.225 		18.6 	-15.0 	10.9 	-7.2 	7.7 	-7.8
160.0 	9.080 		18.6 	-15.0 	10.9 	-7.2 	7.7 	-7.8
162.0 	8.770 		18.5 	-14.9 	10.8 	-7.1 	7.7 	-7.8
164.0 	8.465 		18.2 	-14.8 	10.5 	-6.9 	7.7 	-7.9
166.0 	8.190 		18.0 	-14.7 	10.3 	-6.8 	7.7 	-7.9
168.0 	7.952 		17.9 	-14.9 	10.2 	-6.9 	7.7 	-8.0
170.0 	7.729 		17.9 	-14.9 	10.2 	-7.0 	7.7 	-8.0
172.0 	7.515 		17.9 	-14.9 	10.2 	-6.9 	7.7 	-8.0
174.0 	7.310 		17.9 	-14.8 	10.2 	-6.9 	7.7 	-8.0
176.0 	7.112 		18.0 	-14.7 	10.3 	-6.7 	7.7 	-8.0
178.0 	6.923 		18.0 	-14.7 	10.3 	-6.7 	7.7 	-8.0
180.0 	6.739 		18.1 	-14.7 	10.3 	-6.7 	7.7 	-8.0
182.0 	6.553 		17.9 	-14.6 	10.2 	-6.6 	7.7 	-8.0
184.0 	6.379 		17.5 	-14.9 	9.8 	-6.9 	7.7 	-8.0
186.0 	6.212 		17.3 	-15.0 	9.6 	-7.0 	7.7 	-8.0
188.0 	6.050 		17.3 	-15.1 	9.6 	-7.1 	7.7 	-8.0
190.0 	5.896 		17.3 	-15.0 	9.6 	-7.0 	7.7 	-8.0
192.0 	5.751 		17.3 	-15.1 	9.6 	-7.1 	7.7 	-8.0
194.0 	5.616 		17.2 	-15.1 	9.5 	-7.1 	7.7 	-8.0
196.0 	5.487 		17.2 	-15.2 	9.5 	-7.2 	7.7 	-8.0
198.0 	5.364 		17.2 	-15.1 	9.4 	-7.1 	7.8 	-8.0
200.0 	5.249 		17.2 	-15.2 	9.4 	-7.2 	7.8 	-8.0
202.0 	5.136 		17.1 	-15.2 	9.3 	-7.2 	7.8 	-8.0
204.0 	5.027 		17.1 	-15.2 	9.3 	-7.2 	7.8 	-8.0
206.0 	4.924 		16.9 	-15.3 	9.2 	-7.3 	7.7 	-8.0
208.0 	4.822 		16.9 	-15.3 	9.2 	-7.3 	7.7 	-8.0
210.0 	4.723 		16.9 	-15.3 	9.2 	-7.2 	7.7 	-8.0
212.0 	4.630 		16.9 	-15.3 	9.2 	-7.3 	7.7 	-8.0
214.0 	4.539 		16.9 	-15.3 	9.2 	-7.3 	7.7 	-8.0
216.0 	4.454 		16.9 	-15.3 	9.1 	-7.2 	7.8 	-8.1
218.0 	4.369 		16.9 	-15.3 	9.1 	-7.2 	7.8 	-8.1
220.0 	4.288 		16.8 	-15.3 	9.0 	-7.3 	7.8 	-8.1
222.0 	4.207 		16.8 	-15.3 	9.0 	-7.3 	7.8 	-8.1
224.0 	4.128 		16.7 	-15.4 	8.9 	-7.3 	7.8 	-8.1
226.0 	4.053 		16.7 	-15.4 	8.9 	-7.3 	7.8 	-8.1
228.0 	3.980 		16.6 	-15.5 	8.8 	-7.3 	7.8 	-8.1
230.0 	3.908 		16.6 	-15.5 	8.8 	-7.3 	7.8 	-8.1
232.0 	3.839 		16.6 	-15.5 	8.8 	-7.3 	7.8 	-8.1
234.0 	3.771 		16.6 	-15.4 	8.8 	-7.3 	7.8 	-8.1
236.0 	3.707 		16.7 	-15.5 	8.8 	-7.3 	7.9 	-8.2
238.0 	3.643 		16.7 	-15.5 	8.8 	-7.3 	7.9 	-8.2
240.0 	3.581 		16.7 	-15.4 	8.9 	-7.2 	7.9 	-8.2
242.0 	3.523 		16.7 	-15.4 	8.8 	-7.3 	7.9 	-8.2
244.0 	3.468 		16.7 	-15.5 	8.8 	-7.3 	7.9 	-8.2
246.0 	3.414 		16.6 	-15.6 	8.7 	-7.3 	7.9 	-8.2
248.0 	3.362 		16.6 	-15.6 	8.6 	-7.4 	7.9 	-8.2
250.0 	3.312 		16.5 	-15.6 	8.6 	-7.4 	7.9 	-8.2
252.0 	3.261 		16.5 	-15.7 	8.5 	-7.4 	7.9 	-8.2
254.0 	3.212 		16.4 	-15.7 	8.5 	-7.5 	7.9 	-8.2
256.0 	3.164 		16.3 	-15.8 	8.3 	-7.5 	8.0 	-8.3
258.0 	3.118 		16.3 	-15.8 	8.3 	-7.6 	8.0 	-8.3
260.0 	3.072 		16.2 	-15.9 	8.3 	-7.6 	8.0 	-8.3
262.0 	3.028 		16.2 	-15.8 	8.3 	-7.6 	8.0 	-8.3
264.0 	2.984 		16.3 	-15.8 	8.3 	-7.6 	8.0 	-8.3
266.0 	2.944 		16.2 	-15.9 	8.2 	-7.6 	8.0 	-8.3
268.0 	2.903 		16.2 	-15.8 	8.2 	-7.6 	8.0 	-8.3
270.0 	2.864 		16.2 	-15.8 	8.2 	-7.5 	8.0 	-8.3
272.0 	2.828 		16.2 	-15.9 	8.2 	-7.6 	8.0 	-8.3
274.0 	2.793 		16.1 	-15.9 	8.1 	-7.6 	8.0 	-8.3
276.0 	2.760 		16.1 	-16.1 	8.1 	-7.7 	8.1 	-8.3
278.0 	2.728 		16.1 	-16.1 	8.0 	-7.8 	8.1 	-8.3
280.0 	2.696 		16.0 	-16.2 	7.9 	-7.9 	8.1 	-8.3
282.0 	2.664 		16.0 	-16.2 	7.9 	-7.9 	8.1 	-8.3
284.0 	2.633 		16.0 	-16.2 	7.9 	-7.9 	8.1 	-8.3
286.0 	2.603 		16.0 	-16.2 	7.9 	-7.8 	8.1 	-8.4
288.0 	2.574 		16.1 	-16.1 	8.0 	-7.7 	8.1 	-8.4
290.0 	2.546 		16.1 	-16.1 	8.0 	-7.7 	8.1 	-8.4
295.0 	2.480 		16.6 	-15.8 	8.4 	-7.3 	8.2 	-8.4
300.0 	2.422 		16.8 	-15.5 	8.6 	-7.1 	8.2 	-8.4
305.0 	2.369 		16.8 	-15.6 	8.6 	-7.1 	8.2 	-8.4
310.0 	2.322 		16.8 	-15.6 	8.5 	-7.2 	8.2 	-8.5
315.0 	2.281 		16.8 	-15.8 	8.5 	-7.3 	8.3 	-8.5
320.0 	2.247 		16.9 	-15.8 	8.6 	-7.2 	8.3 	-8.5
325.0 	2.221 		17.1 	-15.8 	8.7 	-7.3 	8.3 	-8.5
330.0 	2.204 		17.2 	-15.8 	8.8 	-7.3 	8.4 	-8.6
335.0 	2.195 		17.4 	-15.7 	9.0 	-7.1 	8.4 	-8.6
340.0 	2.198 		18.1 	-15.3 	9.6 	-6.7 	8.5 	-8.6
345.0 	2.225 		19.5 	-14.8 	11.0 	-6.1 	8.5 	-8.7
350.0 	2.306 		19.7 	-14.8 	11.1 	-6.2 	8.6 	-8.7
360.0 	2.361 		19.4 	-14.6 	10.8 	-5.9 	8.6 	-8.7
370.0 	2.341 		18.2 	-15.1 	9.5 	-6.3 	8.6 	-8.8
380.0 	2.266 		17.1 	-15.6 	8.5 	-6.9 	8.6 	-8.7
390.0 	2.158 		16.4 	-16.0 	7.6 	-7.3 	8.8 	-8.7
400.0 	2.032 		15.7 	-16.3 	6.8 	-7.7 	8.9 	-8.7
420.0 	1.756 		14.8 	-16.9 	5.8 	-8.2 	9.1 	-8.7
440.0 	1.482 		15.6 	-17.2 	6.4 	-8.4 	9.3 	-8.8
460.0 	1.237 		16.4 	-17.2 	7.0 	-8.4 	9.4 	-8.8
480.0 	1.026 		17.1 	-17.5 	7.6 	-8.5 	9.5 	-8.9
500.0 	0.8491 		17.7 	-17.6 	8.0 	-8.6 	9.7 	-9.0
520.0 	0.7006 		18.1 	-17.6 	8.3 	-8.6 	9.8 	-9.1
540.0 	0.5782 		18.4 	-17.7 	8.5 	-8.5 	9.9 	-9.2
560.0 	0.4771 		18.7 	-17.8 	8.7 	-8.5 	10.0 	-9.3
580.0 	0.3944 		19.1 	-17.8 	8.9 	-8.4 	10.2 	-9.4
600.0 	0.3267 		19.4 	-17.9 	9.0 	-8.3 	10.4 	-9.6
620.0 	0.2713 		19.6 	-18.0 	9.1 	-8.3 	10.5 	-9.7
640.0 	0.2257 		20.0 	-18.0 	9.4 	-8.2 	10.6 	-9.8
660.0 	0.1883 		20.3 	-18.3 	9.5 	-8.3 	10.8 	-10.0
680.0 	0.1574 		20.7 	-18.3 	9.8 	-8.2 	10.9 	-10.1
700.0 	0.1320 		20.9 	-18.4 	9.9 	-8.3 	11.0 	-10.2
720.0 	0.1109 		21.1 	-18.6 	10.0 	-8.3 	11.1 	-10.3
740.0 	0.09335 	21.5 	-18.6 	10.3 	-8.2 	11.2 	-10.4
760.0 	0.07883 	21.7 	-18.8 	10.4 	-8.3 	11.3 	-10.5
780.0 	0.06668 	22.0 	-18.9 	10.6 	-8.3 	11.4 	-10.6
800.0 	0.05655 	22.2 	-19.1 	10.7 	-8.4 	11.5 	-10.7
820.0 	0.04806 	22.5 	-19.4 	10.8 	-8.4 	11.8 	-10.9
840.0 	0.04089 	23.1 	-19.6 	10.9 	-8.3 	12.1 	-11.3
860.0 	0.03490 	23.4 	-19.9 	11.0 	-8.4 	12.4 	-11.6
880.0 	0.02982 	24.1 	-20.2 	11.3 	-8.4 	12.7 	-11.9
900.0 	0.02555 	24.6 	-20.6 	11.5 	-8.4 	13.0 	-12.2
920.0 	0.02193 	25.1 	-21.1 	11.6 	-8.5 	13.4 	-12.6
940.0 	0.01885 	25.6 	-21.4 	11.9 	-8.5 	13.8 	-12.9
960.0 	0.01624 	26.0 	-21.9 	11.9 	-8.6 	14.1 	-13.3
980.0 	0.01400 	26.6 	-22.2 	12.1 	-8.6 	14.4 	-13.6
1000.0 	0.01210 	27.1 	-22.6 	12.3 	-8.6 	14.8 	-14.0 
