Optimized LUT for pp Collisions at 10-14 TeV					
-20	-26	-28	-32	1	21	27	29
-1	-21	-27	-29	20	26	28	32
1	1	1	1	1	1	1	1
72	72	72	18	72	72	72	18
0	0	0	0	0	0	0	0
0	0	1	1	0	0	1	1
0	1	2	2	0	1	2	2
0	2	3	3	0	2	3	3
1	3	4	4	1	3	4	4
2	4	5	5	2	4	5	5
3	5	6	6	3	5	6	6
4	6	7	7	4	6	7	7
5	7	8	8	5	7	8	8
6	8	9	9	6	8	9	9
7	9	10	10	7	9	10	10
8	10	11	11	8	10	11	11
9	11	12	12	9	11	12	12
10	11	13	13	10	11	13	13
11	12	14	14	11	12	14	14
11	13	15	15	11	13	15	15
12	13	16	16	12	13	16	16
12	14	17	17	12	14	17	17
13	15	18	18	13	15	18	18
14	15	19	19	14	15	19	19
15	16	20	20	15	16	20	20
15	16	21	21	15	16	21	21
16	17	22	22	16	17	22	22
16	18	23	23	16	18	23	23
17	19	24	24	17	19	24	24
17	19	25	25	17	19	25	25
18	20	26	26	18	20	26	26
18	20	26	27	18	20	26	27
19	20	27	28	19	20	27	28
20	21	27	29	20	21	27	29
20	21	28	30	20	21	28	30
20	22	28	31	20	22	28	31
21	23	29	32	21	23	29	32
21	24	29	33	21	24	29	33
21	25	30	34	21	25	30	34
22	25	30	35	22	25	30	35
22	26	31	36	22	26	31	36
23	26	32	37	23	26	32	37
24	26	33	38	24	26	33	38
24	27	33	39	24	27	33	39
24	27	33	40	24	27	33	40
25	28	34	41	25	28	34	41
25	28	34	42	25	28	34	42
25	29	34	43	25	29	34	43
26	30	35	44	26	30	35	44
27	30	35	45	27	30	35	45
27	31	36	46	27	31	36	46
27	31	37	47	27	31	37	47
27	31	37	48	27	31	37	48
28	32	37	49	28	32	37	49
28	32	38	50	28	32	38	50
29	33	38	51	29	33	38	51
29	34	38	52	29	34	38	52
29	34	39	53	29	34	39	53
30	35	39	54	30	35	39	54
30	35	40	55	30	35	40	55
30	36	40	56	30	36	40	56
30	36	41	57	30	36	41	57
31	36	41	58	31	36	41	58
32	37	41	59	32	37	41	59
32	37	41	60	32	37	41	60
32	38	42	61	32	38	42	61
32	39	43	62	32	39	43	62
32	39	43	63	32	39	43	63
33	40	43	64	33	40	43	64
34	40	43	65	34	40	43	65
35	40	44	66	35	40	44	66
35	41	44	67	35	41	44	67
35	41	44	68	35	41	44	68
36	42	45	69	36	42	45	69
36	42	45	70	36	42	45	70
36	42	46	71	36	42	46	71
37	43	46	72	37	43	46	72
37	43	46	73	37	43	46	73
38	43	46	74	38	43	46	74
38	43	46	75	38	43	46	75
38	44	47	76	38	44	47	76
38	45	48	77	38	45	48	77
38	45	49	78	38	45	49	78
39	45	49	79	39	45	49	79
40	45	49	80	40	45	49	80
40	45	50	81	40	45	50	81
40	46	50	82	40	46	50	82
40	47	50	83	40	47	50	83
41	47	50	84	41	47	50	84
41	47	51	85	41	47	51	85
42	47	52	86	42	47	52	86
42	48	52	87	42	48	52	87
42	48	52	88	42	48	52	88
43	48	52	89	43	48	52	89
43	49	52	90	43	49	52	90
43	49	53	91	43	49	53	91
44	50	54	92	44	50	54	92
44	50	54	93	44	50	54	93
45	50	54	94	45	50	54	94
45	50	54	95	45	50	54	95
45	51	55	96	45	51	55	96
45	52	55	97	45	52	55	97
45	52	55	98	45	52	55	98
46	52	56	99	46	52	56	99
47	52	56	100	47	52	56	100
47	52	57	101	47	52	57	101
47	52	57	102	47	52	57	102
47	53	57	103	47	53	57	103
48	54	57	104	48	54	57	104
48	54	57	105	48	54	57	105
49	54	58	106	49	54	58	106
49	54	59	107	49	54	59	107
49	54	59	108	49	54	59	108
50	55	59	109	50	55	59	109
50	55	59	110	50	55	59	110
50	56	60	111	50	56	60	111
51	56	60	112	51	56	60	112
51	56	60	113	51	56	60	113
52	56	61	114	52	56	61	114
52	56	61	115	52	56	61	115
52	57	62	116	52	57	62	116
52	57	62	117	52	57	62	117
52	57	62	118	52	57	62	118
53	58	62	119	53	58	62	119
54	58	63	120	54	58	63	120
54	58	64	121	54	58	64	121
54	59	64	122	54	59	64	122
54	59	64	123	54	59	64	123
55	59	64	124	55	59	64	124
55	59	64	125	55	59	64	125
56	60	65	126	56	60	65	126
56	60	65	127	56	60	65	127
56	60	66	128	56	60	66	128
57	61	66	129	57	61	66	129
57	61	66	130	57	61	66	130
57	61	67	131	57	61	67	131
58	61	67	132	58	61	67	132
58	61	67	133	58	61	67	133
58	62	67	134	58	62	67	134
58	63	68	135	58	63	68	135
59	63	69	136	59	63	69	136
59	63	69	137	59	63	69	137
59	63	69	138	59	63	69	138
60	63	69	139	60	63	69	139
60	63	69	140	60	63	69	140
60	64	70	141	60	64	70	141
60	64	70	142	60	64	70	142
60	64	71	143	60	64	71	143
61	64	71	144	61	64	71	144
61	65	71	145	61	65	71	145
62	65	71	146	62	65	71	146
62	66	71	147	62	66	71	147
62	66	72	148	62	66	72	148
62	66	73	149	62	66	73	149
63	66	73	150	63	66	73	150
63	66	73	151	63	66	73	151
63	66	73	152	63	66	73	152
63	67	73	153	63	67	73	153
63	67	73	154	63	67	73	154
63	68	74	155	63	68	74	155
64	68	74	156	64	68	74	156
65	68	74	157	65	68	74	157
65	68	75	158	65	68	75	158
65	69	75	159	65	69	75	159
65	69	75	160	65	69	75	160
65	69	75	161	65	69	75	161
66	69	76	162	66	69	76	162
66	69	76	163	66	69	76	163
66	69	76	164	66	69	76	164
66	70	76	165	66	70	76	165
67	71	76	166	67	71	76	166
67	71	76	167	67	71	76	167
68	71	77	168	68	71	77	168
68	71	78	169	68	71	78	169
68	71	78	170	68	71	78	170
68	72	78	171	68	72	78	171
68	72	78	172	68	72	78	172
68	72	78	173	68	72	78	173
69	72	79	174	69	72	79	174
69	72	79	175	69	72	79	175
70	72	79	176	70	72	79	176
70	73	79	177	70	73	79	177
70	73	80	178	70	73	80	178
70	74	80	179	70	74	80	179
71	74	80	180	71	74	80	180
71	74	81	181	71	74	81	181
71	74	81	182	71	74	81	182
71	75	81	183	71	75	81	183
71	75	81	184	71	75	81	184
72	75	81	185	72	75	81	185
73	75	81	186	73	75	81	186
73	75	82	187	73	75	82	187
73	75	83	188	73	75	83	188
73	76	83	189	73	76	83	189
73	76	83	190	73	76	83	190
73	77	83	191	73	77	83	191
74	78	83	192	74	78	83	192
74	78	83	193	74	78	83	193
74	78	84	194	74	78	84	194
74	78	84	195	74	78	84	195
75	79	84	196	75	79	84	196
75	79	84	197	75	79	84	197
76	79	85	198	76	79	85	198
76	79	85	199	76	79	85	199
76	79	86	200	76	79	86	200
76	79	86	201	76	79	86	201
76	80	86	202	76	80	86	202
77	80	86	203	77	80	86	203
77	81	86	204	77	81	86	204
77	81	86	205	77	81	86	205
77	81	87	206	77	81	87	206
77	81	87	207	77	81	87	207
77	82	88	208	77	82	88	208
78	82	88	209	78	82	88	209
79	82	88	210	79	82	88	210
79	82	88	211	79	82	88	211
79	82	88	212	79	82	88	212
79	82	89	213	79	82	89	213
79	83	89	214	79	83	89	214
80	83	89	215	80	83	89	215
80	84	89	216	80	84	89	216
80	84	89	217	80	84	89	217
80	84	90	218	80	84	90	218
80	84	90	219	80	84	90	219
81	85	90	220	81	85	90	220
81	85	91	221	81	85	91	221
81	85	91	222	81	85	91	222
81	85	91	223	81	85	91	223
82	85	91	224	82	85	91	224
82	85	92	225	82	85	92	225
82	86	92	226	82	86	92	226
83	86	92	227	83	86	92	227
83	86	92	228	83	86	92	228
83	87	92	229	83	87	92	229
83	87	92	230	83	87	92	230
83	87	93	231	83	87	93	231
84	88	93	232	84	88	93	232
84	88	93	233	84	88	93	233
84	88	93	234	84	88	93	234
84	88	93	235	84	88	93	235
84	88	94	236	84	88	94	236
85	88	94	237	85	88	94	237
85	89	95	238	85	89	95	238
86	89	95	239	86	89	95	239
86	89	95	240	86	89	95	240
86	90	95	241	86	90	95	241
86	90	95	242	86	90	95	242
86	90	96	243	86	90	96	243
87	91	96	244	87	91	96	244
87	91	96	245	87	91	96	245
87	91	96	246	87	91	96	246
87	91	96	247	87	91	96	247
87	91	96	248	87	91	96	248
88	91	97	249	88	91	97	249
88	92	97	250	88	92	97	250
88	92	98	251	88	92	98	251
88	92	98	252	88	92	98	252
88	92	98	253	88	92	98	253
89	93	98	254	89	93	98	254
90	93	98	255	90	93	98	255
90	94	99	255	90	94	99	255
90	94	99	255	90	94	99	255
90	94	99	255	90	94	99	255
90	94	99	255	90	94	99	255
90	94	99	255	90	94	99	255
91	94	99	255	91	94	99	255
91	95	100	255	91	95	100	255
91	95	100	255	91	95	100	255
91	95	100	255	91	95	100	255
91	95	100	255	91	95	100	255
92	96	101	255	92	96	101	255
92	96	101	255	92	96	101	255
92	97	102	255	92	97	102	255
92	97	102	255	92	97	102	255
92	97	102	255	92	97	102	255
93	97	102	255	93	97	102	255
94	97	102	255	94	97	102	255
94	97	102	255	94	97	102	255
94	98	103	255	94	98	103	255
94	98	103	255	94	98	103	255
94	98	103	255	94	98	103	255
94	98	103	255	94	98	103	255
95	98	103	255	95	98	103	255
95	99	103	255	95	99	103	255
95	100	104	255	95	100	104	255
95	100	104	255	95	100	104	255
95	100	104	255	95	100	104	255
96	100	105	255	96	100	105	255
96	100	105	255	96	100	105	255
96	100	105	255	96	100	105	255
96	101	105	255	96	101	105	255
96	101	106	255	96	101	106	255
97	101	106	255	97	101	106	255
97	101	106	255	97	101	106	255
97	101	106	255	97	101	106	255
98	102	106	255	98	102	106	255
98	103	107	255	98	103	107	255
98	103	107	255	98	103	107	255
98	103	107	255	98	103	107	255
99	103	107	255	99	103	107	255
99	103	107	255	99	103	107	255
99	103	107	255	99	103	107	255
99	104	108	255	99	104	108	255
99	104	108	255	99	104	108	255
100	104	108	255	100	104	108	255
100	104	108	255	100	104	108	255
100	104	108	255	100	104	108	255
100	105	109	255	100	105	109	255
100	106	109	255	100	106	109	255
101	106	110	255	101	106	110	255
101	106	110	255	101	106	110	255
101	106	110	255	101	106	110	255
101	106	110	255	101	106	110	255
101	106	110	255	101	106	110	255
101	107	110	255	101	107	110	255
102	107	111	255	102	107	111	255
103	107	111	255	103	107	111	255
103	107	111	255	103	107	111	255
103	107	111	255	103	107	111	255
103	108	111	255	103	108	111	255
103	109	112	255	103	109	112	255
104	109	112	255	104	109	112	255
104	109	112	255	104	109	112	255
104	109	112	255	104	109	112	255
104	109	112	255	104	109	112	255
104	109	112	255	104	109	112	255
105	110	113	255	105	110	113	255
105	110	114	255	105	110	114	255
105	110	114	255	105	110	114	255
105	110	114	255	105	110	114	255
105	110	114	255	105	110	114	255
105	111	114	255	105	111	114	255
106	111	114	255	106	111	114	255
106	112	115	255	106	112	115	255
106	112	115	255	106	112	115	255
106	112	115	255	106	112	115	255
106	112	115	255	106	112	115	255
107	112	115	255	107	112	115	255
108	113	115	255	108	113	115	255
108	113	116	255	108	113	116	255
108	113	116	255	108	113	116	255
108	113	116	255	108	113	116	255
108	113	116	255	108	113	116	255
109	114	116	255	109	114	116	255
109	114	117	255	109	114	117	255
109	115	117	255	109	115	117	255
109	115	117	255	109	115	117	255
109	115	117	255	109	115	117	255
109	115	117	255	109	115	117	255
110	115	117	255	110	115	117	255
110	116	118	255	110	116	118	255
110	116	119	255	110	116	119	255
110	116	119	255	110	116	119	255
110	116	119	255	110	116	119	255
111	116	119	255	111	116	119	255
111	117	119	255	111	117	119	255
111	117	119	255	111	117	119	255
111	117	120	255	111	117	120	255
111	118	120	255	111	118	120	255
112	118	120	255	112	118	120	255
112	118	120	255	112	118	120	255
112	118	120	255	112	118	120	255
112	119	120	255	112	119	120	255
113	119	121	255	113	119	121	255
113	119	121	255	113	119	121	255
113	119	121	255	113	119	121	255
114	119	121	255	114	119	121	255
114	120	121	255	114	120	121	255
114	120	122	255	114	120	122	255
114	120	122	255	114	120	122	255
114	120	122	255	114	120	122	255
115	120	122	255	115	120	122	255
115	121	122	255	115	121	122	255
115	121	122	255	115	121	122	255
115	121	123	255	115	121	123	255
115	121	124	255	115	121	124	255
116	122	124	255	116	122	124	255
116	122	124	255	116	122	124	255
116	122	124	255	116	122	124	255
116	123	124	255	116	123	124	255
116	123	124	255	116	123	124	255
116	123	125	255	116	123	125	255
117	123	125	255	117	123	125	255
117	123	125	255	117	123	125	255
117	124	125	255	117	124	125	255
117	124	125	255	117	124	125	255
117	124	126	255	117	124	126	255
118	124	126	255	118	124	126	255
119	124	126	255	119	124	126	255
120	124	126	255	120	124	126	255
120	125	126	255	120	125	126	255
120	125	126	255	120	125	126	255
120	125	127	255	120	125	127	255
120	125	127	255	120	125	127	255
121	125	127	255	121	125	127	255
121	126	127	255	121	126	127	255
121	126	127	255	121	126	127	255
121	126	127	255	121	126	127	255
121	126	128	255	121	126	128	255
121	126	128	255	121	126	128	255
122	126	129	255	122	126	129	255
122	127	130	255	122	127	130	255
122	128	130	255	122	128	130	255
122	128	130	255	122	128	130	255
122	128	130	255	122	128	130	255
123	128	130	255	123	128	130	255
123	128	131	255	123	128	131	255
123	129	131	255	123	129	131	255
123	129	131	255	123	129	131	255
123	129	131	255	123	129	131	255
123	129	131	255	123	129	131	255
124	129	132	255	124	129	132	255
124	129	132	255	124	129	132	255
125	130	132	255	125	130	132	255
125	130	132	255	125	130	132	255
125	130	132	255	125	130	132	255
125	130	132	255	125	130	132	255
126	130	133	255	126	130	133	255
126	131	133	255	126	131	133	255
126	131	133	255	126	131	133	255
126	131	133	255	126	131	133	255
126	131	133	255	126	131	133	255
127	131	133	255	127	131	133	255
127	131	134	255	127	131	134	255
127	132	134	255	127	132	134	255
127	132	135	255	127	132	135	255
127	133	135	255	127	133	135	255
127	133	135	255	127	133	135	255
128	133	135	255	128	133	135	255
128	133	135	255	128	133	135	255
128	134	136	255	128	134	136	255
128	134	136	255	128	134	136	255
128	134	136	255	128	134	136	255
129	134	136	255	129	134	136	255
129	134	136	255	129	134	136	255
129	134	137	255	129	134	137	255
129	135	137	255	129	135	137	255
129	135	137	255	129	135	137	255
130	135	137	255	130	135	137	255
131	135	137	255	131	135	137	255
131	135	137	255	131	135	137	255
131	136	138	255	131	136	138	255
131	136	138	255	131	136	138	255
131	136	138	255	131	136	138	255
131	136	138	255	131	136	138	255
132	136	138	255	132	136	138	255
132	136	138	255	132	136	138	255
132	137	139	255	132	137	139	255
132	137	139	255	132	137	139	255
132	137	139	255	132	137	139	255
133	137	140	255	133	137	140	255
133	138	140	255	133	138	140	255
133	138	140	255	133	138	140	255
133	139	140	255	133	139	140	255
133	139	141	255	133	139	141	255
134	139	141	255	134	139	141	255
134	139	141	255	134	139	141	255
134	139	141	255	134	139	141	255
134	139	141	255	134	139	141	255
134	140	142	255	134	140	142	255
134	140	142	255	134	140	142	255
135	140	142	255	135	140	142	255
135	140	142	255	135	140	142	255
136	140	142	255	136	140	142	255
136	141	142	255	136	141	142	255
136	141	143	255	136	141	143	255
136	141	143	255	136	141	143	255
137	141	143	255	137	141	143	255
137	141	143	255	137	141	143	255
137	141	143	255	137	141	143	255
137	142	143	255	137	142	143	255
137	142	144	255	137	142	144	255
138	142	144	255	138	142	144	255
138	142	144	255	138	142	144	255
138	142	144	255	138	142	144	255
138	143	145	255	138	143	145	255
138	144	145	255	138	144	145	255
138	144	145	255	138	144	145	255
139	144	146	255	139	144	146	255
139	144	146	255	139	144	146	255
139	144	146	255	139	144	146	255
139	144	146	255	139	144	146	255
139	145	146	255	139	145	146	255
140	145	147	255	140	145	147	255
140	145	147	255	140	145	147	255
140	145	147	255	140	145	147	255
140	145	147	255	140	145	147	255
140	146	147	255	140	146	147	255
141	146	147	255	141	146	147	255
142	146	148	255	142	146	148	255
142	146	148	255	142	146	148	255
142	146	148	255	142	146	148	255
142	146	148	255	142	146	148	255
142	147	148	255	142	147	148	255
142	147	148	255	142	147	148	255
143	147	149	255	143	147	149	255
143	147	149	255	143	147	149	255
143	147	149	255	143	147	149	255
143	148	149	255	143	148	149	255
143	148	149	255	143	148	149	255
144	148	150	255	144	148	150	255
144	149	150	255	144	149	150	255
144	149	151	255	144	149	151	255
144	149	151	255	144	149	151	255
144	149	151	255	144	149	151	255
145	150	151	255	145	150	151	255
145	150	151	255	145	150	151	255
145	150	152	255	145	150	152	255
145	150	152	255	145	150	152	255
145	150	152	255	145	150	152	255
145	151	152	255	145	151	152	255
146	151	152	255	146	151	152	255
146	151	152	255	146	151	152	255
147	151	153	255	147	151	153	255
147	151	153	255	147	151	153	255
147	151	153	255	147	151	153	255
147	152	153	255	147	152	153	255
148	152	153	255	148	152	153	255
148	152	153	255	148	152	153	255
148	152	154	255	148	152	154	255
148	152	154	255	148	152	154	255
148	153	154	255	148	153	154	255
149	153	154	255	149	153	154	255
149	153	154	255	149	153	154	255
149	153	154	255	149	153	154	255
149	153	155	255	149	153	155	255
149	154	156	255	149	154	156	255
149	154	156	255	149	154	156	255
150	155	156	255	150	155	156	255
150	155	156	255	150	155	156	255
150	155	156	255	150	155	156	255
150	155	157	255	150	155	157	255
150	155	157	255	150	155	157	255
151	156	157	255	151	156	157	255
151	156	157	255	151	156	157	255
151	156	157	255	151	156	157	255
151	156	157	255	151	156	157	255
151	156	158	255	151	156	158	255
152	156	158	255	152	156	158	255
153	157	158	255	153	157	158	255
153	157	158	255	153	157	158	255
153	157	158	255	153	157	158	255
153	157	158	255	153	157	158	255
153	157	159	255	153	157	159	255
153	158	159	255	153	158	159	255
154	158	159	255	154	158	159	255
154	158	159	255	154	158	159	255
154	158	159	255	154	158	159	255
154	158	160	255	154	158	160	255
154	158	160	255	154	158	160	255
155	159	161	255	155	159	161	255
155	159	161	255	155	159	161	255
155	159	161	255	155	159	161	255
155	159	161	255	155	159	161	255
155	159	161	255	155	159	161	255
156	160	162	255	156	160	162	255
156	160	162	255	156	160	162	255
156	160	162	255	156	160	162	255
156	161	162	255	156	161	162	255
156	161	162	255	156	161	162	255
156	161	162	255	156	161	162	255
157	161	163	255	157	161	163	255
157	162	163	255	157	162	163	255
158	162	163	255	158	162	163	255
158	162	163	255	158	162	163	255
158	162	163	255	158	162	163	255
158	162	163	255	158	162	163	255
159	163	164	255	159	163	164	255
159	163	164	255	159	163	164	255
159	163	164	255	159	163	164	255
159	163	164	255	159	163	164	255
159	163	164	255	159	163	164	255
160	163	165	255	160	163	165	255
160	164	165	255	160	164	165	255
160	164	165	255	160	164	165	255
160	164	166	255	160	164	166	255
160	164	166	255	160	164	166	255
160	164	166	255	160	164	166	255
161	165	166	255	161	165	166	255
161	165	167	255	161	165	167	255
161	165	167	255	161	165	167	255
161	165	167	255	161	165	167	255
161	165	167	255	161	165	167	255
162	165	167	255	162	165	167	255
162	166	167	255	162	166	167	255
162	166	168	255	162	166	168	255
162	166	168	255	162	166	168	255
162	166	168	255	162	166	168	255
163	166	168	255	163	166	168	255
164	167	168	255	164	167	168	255
164	167	168	255	164	167	168	255
164	167	169	255	164	167	169	255
164	167	169	255	164	167	169	255
164	167	169	255	164	167	169	255
164	167	169	255	164	167	169	255
165	168	169	255	165	168	169	255
165	169	170	255	165	169	170	255
165	169	170	255	165	169	170	255
165	169	170	255	165	169	170	255
165	169	170	255	165	169	170	255
166	169	171	255	166	169	171	255
166	170	171	255	166	170	171	255
166	170	171	255	166	170	171	255
166	170	172	255	166	170	172	255
166	170	172	255	166	170	172	255
167	170	172	255	167	170	172	255
167	170	172	255	167	170	172	255
167	171	172	255	167	171	172	255
167	171	172	255	167	171	172	255
167	171	173	255	167	171	173	255
167	171	173	255	167	171	173	255
168	171	173	255	168	171	173	255
168	172	173	255	168	172	173	255
169	172	173	255	169	172	173	255
169	172	173	255	169	172	173	255
169	172	174	255	169	172	174	255
169	172	174	255	169	172	174	255
170	172	174	255	170	172	174	255
170	173	174	255	170	173	174	255
170	173	174	255	170	173	174	255
170	173	175	255	170	173	175	255
170	173	175	255	170	173	175	255
171	173	175	255	171	173	175	255
171	174	175	255	171	174	175	255
171	174	175	255	171	174	175	255
171	174	176	255	171	174	176	255
171	174	176	255	171	174	176	255
171	174	177	255	171	174	177	255
172	174	177	255	172	174	177	255
172	175	177	255	172	175	177	255
172	175	177	255	172	175	177	255
172	175	177	255	172	175	177	255
172	175	177	255	172	175	177	255
173	176	178	255	173	176	178	255
173	176	178	255	173	176	178	255
173	177	178	255	173	177	178	255
173	177	178	255	173	177	178	255
173	177	178	255	173	177	178	255
174	177	178	255	174	177	178	255
175	177	179	255	175	177	179	255
175	177	179	255	175	177	179	255
175	178	179	255	175	178	179	255
175	178	179	255	175	178	179	255
175	178	179	255	175	178	179	255
175	178	180	255	175	178	180	255
176	178	180	255	176	178	180	255
176	179	180	255	176	179	180	255
176	179	180	255	176	179	180	255
176	179	180	255	176	179	180	255
176	179	180	255	176	179	180	255
177	179	181	255	177	179	181	255
177	179	182	255	177	179	182	255
177	180	182	255	177	180	182	255
177	180	182	255	177	180	182	255
177	180	182	255	177	180	182	255
178	180	182	255	178	180	182	255
178	180	182	255	178	180	182	255
178	181	183	255	178	181	183	255
178	181	183	255	178	181	183	255
178	181	183	255	178	181	183	255
178	181	183	255	178	181	183	255
179	181	183	255	179	181	183	255
179	181	183	255	179	181	183	255
180	182	184	255	180	182	184	255
180	182	184	255	180	182	184	255
180	182	184	255	180	182	184	255
180	182	184	255	180	182	184	255
181	182	184	255	181	182	184	255
181	183	185	255	181	183	185	255
181	183	185	255	181	183	185	255
181	184	185	255	181	184	185	255
181	184	185	255	181	184	185	255
182	184	185	255	182	184	185	255
182	184	185	255	182	184	185	255
182	184	186	255	182	184	186	255
182	185	187	255	182	185	187	255
182	185	187	255	182	185	187	255
182	185	187	255	182	185	187	255
183	185	187	255	183	185	187	255
183	185	187	255	183	185	187	255
183	186	187	255	183	186	187	255
183	186	188	255	183	186	188	255
183	186	188	255	183	186	188	255
184	186	188	255	184	186	188	255
184	186	188	255	184	186	188	255
184	187	188	255	184	187	188	255
184	187	188	255	184	187	188	255
184	187	189	255	184	187	189	255
185	187	189	255	185	187	189	255
186	187	189	255	186	187	189	255
186	187	189	255	186	187	189	255
186	188	189	255	186	188	189	255
186	188	190	255	186	188	190	255
186	188	190	255	186	188	190	255
186	188	190	255	186	188	190	255
187	188	190	255	187	188	190	255
187	189	190	255	187	189	190	255
187	189	190	255	187	189	190	255
187	189	191	255	187	189	191	255
187	189	191	255	187	189	191	255
188	189	192	255	188	189	192	255
188	189	192	255	188	189	192	255
188	190	192	255	188	190	192	255
188	190	192	255	188	190	192	255
188	190	192	255	188	190	192	255
189	190	193	255	189	190	193	255
189	190	193	255	189	190	193	255
189	191	193	255	189	191	193	255
189	191	193	255	189	191	193	255
189	191	193	255	189	191	193	255
189	191	194	255	189	191	194	255
190	191	194	255	190	191	194	255
190	191	194	255	190	191	194	255
191	192	194	255	191	192	194	255
191	193	194	255	191	193	194	255
191	193	194	255	191	193	194	255
191	193	195	255	191	193	195	255
192	193	195	255	192	193	195	255
192	193	195	255	192	193	195	255
192	194	195	255	192	194	195	255
192	194	195	255	192	194	195	255
192	194	195	255	192	194	195	255
193	194	196	255	193	194	196	255
193	194	196	255	193	194	196	255
193	194	196	255	193	194	196	255
193	195	197	255	193	195	197	255
193	195	197	255	193	195	197	255
193	195	197	255	193	195	197	255
194	195	197	255	194	195	197	255
194	195	198	255	194	195	198	255
194	196	198	255	194	196	198	255
194	196	198	255	194	196	198	255
194	196	198	255	194	196	198	255
195	196	198	255	195	196	198	255
195	196	199	255	195	196	199	255
195	196	199	255	195	196	199	255
195	197	199	255	195	197	199	255
195	197	199	255	195	197	199	255
196	197	199	255	196	197	199	255
196	197	199	255	196	197	199	255
196	197	200	255	196	197	200	255
196	198	200	255	196	198	200	255
196	198	200	255	196	198	200	255
196	198	200	255	196	198	200	255
197	198	200	255	197	198	200	255
197	198	200	255	197	198	200	255
197	198	201	255	197	198	201	255
197	199	201	255	197	199	201	255
197	199	201	255	197	199	201	255
198	199	201	255	198	199	201	255
199	199	201	255	199	199	201	255
199	199	201	255	199	199	201	255
199	200	202	255	199	200	202	255
199	200	202	255	199	200	202	255
199	200	202	255	199	200	202	255
199	200	202	255	199	200	202	255
200	200	202	255	200	200	202	255
200	200	203	255	200	200	203	255
200	201	203	255	200	201	203	255
200	201	203	255	200	201	203	255
200	201	203	255	200	201	203	255
201	201	203	255	201	201	203	255
201	201	204	255	201	201	204	255
201	202	204	255	201	202	204	255
201	203	205	255	201	203	205	255
201	203	205	255	201	203	205	255
202	203	205	255	202	203	205	255
202	203	205	255	202	203	205	255
202	203	205	255	202	203	205	255
202	203	205	255	202	203	205	255
202	204	206	255	202	204	206	255
202	204	206	255	202	204	206	255
203	204	206	255	203	204	206	255
203	204	206	255	203	204	206	255
203	204	206	255	203	204	206	255
203	205	206	255	203	205	206	255
203	205	207	255	203	205	207	255
204	205	207	255	204	205	207	255
204	205	207	255	204	205	207	255
204	205	207	255	204	205	207	255
204	205	207	255	204	205	207	255
204	206	208	255	204	206	208	255
205	206	208	255	205	206	208	255
205	206	208	255	205	206	208	255
205	206	208	255	205	206	208	255
205	206	208	255	205	206	208	255
205	207	208	255	205	207	208	255
205	207	209	255	205	207	209	255
206	207	209	255	206	207	209	255
206	207	209	255	206	207	209	255
206	207	209	255	206	207	209	255
206	207	209	255	206	207	209	255
206	208	209	255	206	208	209	255
207	208	210	255	207	208	210	255
207	208	210	255	207	208	210	255
207	208	210	255	207	208	210	255
207	208	210	255	207	208	210	255
207	209	210	255	207	209	210	255
208	209	210	255	208	209	210	255
208	209	211	255	208	209	211	255
209	209	211	255	209	209	211	255
209	209	211	255	209	209	211	255
209	209	211	255	209	209	211	255
209	210	211	255	209	210	211	255
209	210	212	255	209	210	212	255
210	210	212	255	210	210	212	255
210	210	212	255	210	210	212	255
210	210	212	255	210	210	212	255
210	211	212	255	210	211	212	255
210	211	212	255	210	211	212	255
211	211	213	255	211	211	213	255
211	211	213	255	211	211	213	255
211	211	214	255	211	211	214	255
211	211	214	255	211	211	214	255
211	212	214	255	211	212	214	255
212	213	214	255	212	213	214	255
212	213	214	255	212	213	214	255
212	213	215	255	212	213	215	255
212	213	215	255	212	213	215	255
212	213	215	255	212	213	215	255
212	214	215	255	212	214	215	255
213	214	215	255	213	214	215	255
213	214	215	255	213	214	215	255
213	214	216	255	213	214	216	255
213	214	216	255	213	214	216	255
213	214	216	255	213	214	216	255
214	215	216	255	214	215	216	255
214	215	216	255	214	215	216	255
214	215	217	255	214	215	217	255
214	215	217	255	214	215	217	255
214	215	217	255	214	215	217	255
215	216	217	255	215	216	217	255
215	216	217	255	215	216	217	255
215	216	217	255	215	216	217	255
215	216	218	255	215	216	218	255
215	216	218	255	215	216	218	255
215	216	218	255	215	216	218	255
216	217	218	255	216	217	218	255
216	217	218	255	216	217	218	255
216	217	218	255	216	217	218	255
216	217	219	255	216	217	219	255
216	217	219	255	216	217	219	255
217	218	219	255	217	218	219	255
217	218	219	255	217	218	219	255
217	218	219	255	217	218	219	255
217	218	220	255	217	218	220	255
217	218	220	255	217	218	220	255
218	218	220	255	218	218	220	255
218	219	220	255	218	219	220	255
218	219	220	255	218	219	220	255
219	219	220	255	219	219	220	255
219	219	221	255	219	219	221	255
219	219	221	255	219	219	221	255
219	220	221	255	219	220	221	255
220	220	221	255	220	220	221	255
220	220	221	255	220	220	221	255
220	220	221	255	220	220	221	255
220	220	222	255	220	220	222	255
220	220	222	255	220	220	222	255
221	221	222	255	221	221	222	255
221	221	222	255	221	221	222	255
221	221	222	255	221	221	222	255
221	221	223	255	221	221	223	255
221	221	223	255	221	221	223	255
222	222	224	255	222	222	224	255
222	222	224	255	222	222	224	255
222	222	224	255	222	222	224	255
222	222	224	255	222	222	224	255
222	222	224	255	222	222	224	255
222	222	225	255	222	222	225	255
223	223	225	255	223	223	225	255
223	224	225	255	223	224	225	255
223	224	225	255	223	224	225	255
223	224	225	255	223	224	225	255
223	224	225	255	223	224	225	255
224	224	226	255	224	224	226	255
224	225	226	255	224	225	226	255
224	225	226	255	224	225	226	255
224	225	226	255	224	225	226	255
224	225	226	255	224	225	226	255
225	225	226	255	225	225	226	255
225	225	227	255	225	225	227	255
225	226	227	255	225	226	227	255
225	226	227	255	225	226	227	255
225	226	227	255	225	226	227	255
225	226	227	255	225	226	227	255
226	226	227	255	226	226	227	255
226	227	228	255	226	227	228	255
226	227	228	255	226	227	228	255
226	227	228	255	226	227	228	255
226	227	228	255	226	227	228	255
227	227	228	255	227	227	228	255
227	227	229	255	227	227	229	255
227	228	229	255	227	228	229	255
227	228	229	255	227	228	229	255
227	228	229	255	227	228	229	255
228	228	229	255	228	228	229	255
228	228	229	255	228	228	229	255
228	229	230	255	228	229	230	255
228	229	230	255	228	229	230	255
229	229	230	255	229	229	230	255
229	229	230	255	229	229	230	255
229	229	230	255	229	229	230	255
230	229	230	255	230	229	230	255
230	230	231	255	230	230	231	255
230	230	231	255	230	230	231	255
230	230	231	255	230	230	231	255
230	230	231	255	230	230	231	255
231	230	231	255	231	230	231	255
231	231	231	255	231	231	231	255
231	231	232	255	231	231	232	255
231	231	232	255	231	231	232	255
231	231	233	255	231	231	233	255
232	231	233	255	232	231	233	255
232	231	233	255	232	231	233	255
232	232	233	255	232	232	233	255
232	232	234	255	232	232	234	255
232	232	234	255	232	232	234	255
232	232	234	255	232	232	234	255
233	232	234	255	233	232	234	255
233	233	234	255	233	233	234	255
233	233	234	255	233	233	234	255
233	233	235	255	233	233	235	255
233	233	235	255	233	233	235	255
234	233	235	255	234	233	235	255
234	233	235	255	234	233	235	255
234	234	235	255	234	234	235	255
234	234	235	255	234	234	235	255
234	234	236	255	234	234	236	255
235	234	236	255	235	234	236	255
235	234	236	255	235	234	236	255
235	235	236	255	235	235	236	255
235	235	236	255	235	235	236	255
235	236	236	255	235	236	236	255
235	236	237	255	235	236	237	255
236	236	237	255	236	236	237	255
236	236	237	255	236	236	237	255
236	236	237	255	236	236	237	255
236	237	237	255	236	237	237	255
236	237	238	255	236	237	238	255
237	237	238	255	237	237	238	255
237	237	238	255	237	237	238	255
237	237	238	255	237	237	238	255
237	238	238	255	237	238	238	255
237	238	238	255	237	238	238	255
238	238	239	255	238	238	239	255
238	238	239	255	238	238	239	255
238	238	239	255	238	238	239	255
238	238	239	255	238	238	239	255
238	239	239	255	238	239	239	255
239	239	239	255	239	239	239	255
239	239	240	255	239	239	240	255
240	239	240	255	240	239	240	255
240	239	240	255	240	239	240	255
240	240	240	255	240	240	240	255
240	240	240	255	240	240	240	255
240	240	240	255	240	240	240	255
241	240	241	255	241	240	241	255
241	240	241	255	241	240	241	255
241	240	241	255	241	240	241	255
241	241	241	255	241	241	241	255
241	241	241	255	241	241	241	255
242	241	242	255	242	241	242	255
242	241	243	255	242	241	243	255
242	241	243	255	242	241	243	255
242	242	243	255	242	242	243	255
242	242	243	255	242	242	243	255
242	242	243	255	242	242	243	255
243	242	243	255	243	242	243	255
243	242	244	255	243	242	244	255
243	242	244	255	243	242	244	255
243	243	244	255	243	243	244	255
243	243	244	255	243	243	244	255
244	243	244	255	244	243	244	255
244	243	244	255	244	243	244	255
244	243	245	255	244	243	245	255
244	244	245	255	244	244	245	255
244	244	245	255	244	244	245	255
245	244	245	255	245	244	245	255
245	244	245	255	245	244	245	255
245	244	245	255	245	244	245	255
245	244	246	255	245	244	246	255
245	245	246	255	245	245	246	255
245	245	246	255	245	245	246	255
246	245	246	255	246	245	246	255
246	245	246	255	246	245	246	255
246	245	247	255	246	245	247	255
246	246	247	255	246	246	247	255
246	246	247	255	246	246	247	255
247	246	247	255	247	246	247	255
247	246	247	255	247	246	247	255
247	246	247	255	247	246	247	255
247	247	248	255	247	247	248	255
247	247	248	255	247	247	248	255
248	247	248	255	248	247	248	255
248	248	248	255	248	248	248	255
248	249	248	255	248	249	248	255
248	249	248	255	248	249	248	255
248	249	249	255	248	249	249	255
248	249	249	255	248	249	249	255
249	250	249	255	249	250	249	255
250	250	249	255	250	250	249	255
250	250	249	255	250	250	249	255
250	250	250	255	250	250	250	255
250	250	250	255	250	250	250	255
250	251	250	255	250	251	250	255
251	251	250	255	251	251	250	255
251	251	250	255	251	251	250	255
251	251	250	255	251	251	250	255
251	251	251	255	251	251	251	255
251	251	251	255	251	251	251	255
252	252	251	255	252	252	251	255
252	252	252	255	252	252	252	255
252	252	252	255	252	252	252	255
252	252	252	255	252	252	252	255
252	252	252	255	252	252	252	255
252	253	253	255	252	253	253	255
253	253	253	255	253	253	253	255
253	253	253	255	253	253	253	255
253	253	253	255	253	253	253	255
253	253	253	255	253	253	253	255
253	253	253	255	253	253	253	255
254	254	254	255	254	254	254	255
254	254	254	255	254	254	254	255
254	254	254	255	254	254	254	255
254	254	254	255	254	254	254	255
254	254	254	255	254	254	254	255
255	255	255	255	255	255	255	255
