0 0 0 0 0 0 0 0 0 0 0 0 0 0 0 0 0 0 0 0 0 0 0 0 0 0 0 0 0 0 0 0 
0 0 0 0 0 0 0 0 0 0 0 0 0 0 0 0 0 0 0 0 0 0 0 0 0 0 0 0 0.25 0.25 0.25 0.25 
0 0 0 0 0 0 0 0 0 0 0 0 0 0 0 0 0 0 0 0 0 0 0 0 0 0 0.27 0.21 0.5 0.5 0.5 0.5 
0 0 0 0 0 0 0 0 0 0 0 0 0 0 0 0 0 0 0 0 0 0 0 0 0 0 0.4 0.31 0.75 0.75 0.75 0.75 
0 0 0 0 0 0 0 0 0 0 0 0 0 0 0 0 0 0 0 0 0 0 0 0 0 0 0.54 0.42 1 1 1 1 
0 0 0 0 0 0 0 0 0 0 0 0 0 0 0 0 0 0 0 0 0.58 0.53 0.48 0.42 0.37 0.31 0.67 0.52 1.25 1.25 1.25 1.25 
0 0 0 0 0 0 0 0 0 0 0 0 0 0 0 0 0 0 0 0 0.69 0.63 0.57 0.51 0.44 0.38 0.8 0.63 1.5 1.5 1.5 1.5 
1.24 1.23 1.21 1.18 1.15 1.11 1.06 1.02 0.96 0.91 0.86 0.8 0.75 0.7 0 0 0 0 0 0 0.81 0.74 0.67 0.59 0.52 0.44 0.94 0.73 1.75 1.75 1.75 1.75 
1.41 1.4 1.38 1.35 1.31 1.27 1.22 1.16 1.1 1.04 0.98 0.92 0.86 0.8 0 0 0 0 0 0 0.92 0.84 0.76 0.68 0.59 0.5 1.07 0.84 2 2 2 2 
1.59 1.58 1.56 1.52 1.48 1.43 1.37 1.31 1.24 1.17 1.1 1.03 0.96 0.9 0.84 0 0.72 0.66 0.61 0.57 1.04 0.95 0.86 0.76 0.66 0.56 1.21 0.94 2.25 2.25 2.25 2.25 
1.77 1.76 1.73 1.69 1.64 1.59 1.52 1.45 1.38 1.3 1.22 1.15 1.07 1 0.93 0.86 0.8 0.74 0.68 0.63 1.16 1.06 0.95 0.85 0.74 0.63 1.34 1.05 2.5 2.5 2.5 2.5 
1.95 1.93 1.9 1.86 1.81 1.74 1.67 1.6 1.51 1.43 1.35 1.26 1.18 1.1 1.02 0.95 0.88 0.81 0.75 0.69 1.27 1.16 1.05 0.93 0.81 0.69 1.47 1.15 2.75 2.75 2.75 2.75 
2.12 2.11 2.07 2.03 1.97 1.9 1.82 1.74 1.65 1.56 1.47 1.38 1.29 1.2 1.11 1.03 0.96 0.88 0.82 0.75 1.39 1.27 1.14 1.02 0.88 0.75 1.61 1.26 3 3 3 3 
2.3 2.28 2.25 2.2 2.14 2.06 1.98 1.89 1.79 1.69 1.59 1.49 1.39 1.3 1.21 1.12 1.04 0.96 0.88 0.82 1.5 1.37 1.24 1.1 0.96 0.82 1.74 1.36 3.25 3.25 3.25 3.25 
2.48 2.46 2.42 2.37 2.3 2.22 2.13 2.03 1.93 1.82 1.71 1.61 1.5 1.4 1.3 1.21 1.12 1.03 0.95 0.88 1.62 1.48 1.33 1.19 1.03 0.88 1.88 1.46 3.5 3.5 3.5 3.5 
2.65 2.63 2.59 2.54 2.46 2.38 2.28 2.18 2.06 1.95 1.83 1.72 1.61 1.5 1.39 1.29 1.2 1.11 1.02 0.94 1.73 1.58 1.43 1.27 1.1 0.94 2.01 1.57 3.75 3.75 3.75 3.75 
2.83 2.81 2.77 2.71 2.63 2.54 2.43 2.32 2.2 2.08 1.96 1.83 1.71 1.6 1.49 1.38 1.28 1.18 1.09 1 1.85 1.69 1.53 1.36 1.18 1 2.14 1.67 4 4 4 4 
3.01 2.98 2.94 2.87 2.79 2.69 2.58 2.47 2.34 2.21 2.08 1.95 1.82 1.7 1.58 1.46 1.36 1.25 1.16 1.07 1.96 1.79 1.62 1.44 1.25 1.07 2.28 1.78 4.25 4.25 4.25 4.25 
3.18 3.16 3.11 3.04 2.96 2.85 2.74 2.61 2.48 2.34 2.2 2.06 1.93 1.8 1.67 1.55 1.44 1.33 1.23 1.13 2.08 1.9 1.72 1.53 1.33 1.13 2.41 1.88 4.5 4.5 4.5 4.5 
3.36 3.33 3.28 3.21 3.12 3.01 2.89 2.76 2.61 2.47 2.32 2.18 2.04 1.9 1.76 1.64 1.51 1.4 1.29 1.19 2.2 2.01 1.81 1.61 1.4 1.19 2.55 1.99 4.75 4.75 4.75 4.75 
3.54 3.51 3.46 3.38 3.29 3.17 3.04 2.9 2.75 2.6 2.45 2.29 2.14 2 1.86 1.72 1.59 1.47 1.36 1.26 2.31 2.11 1.91 1.7 1.47 1.25 2.68 2.09 5 5 5 5 
3.71 3.69 3.63 3.55 3.45 3.33 3.19 3.05 2.89 2.73 2.57 2.41 2.25 2.1 1.95 1.81 1.67 1.55 1.43 1.32 2.43 2.22 2 1.78 1.55 1.32 2.81 2.2 5.25 5.25 5.25 5.25 
3.89 3.86 3.8 3.72 3.61 3.49 3.34 3.19 3.03 2.86 2.69 2.52 2.36 2.2 2.04 1.89 1.75 1.62 1.5 1.38 2.54 2.32 2.1 1.87 1.62 1.38 2.95 2.3 5.5 5.5 5.5 5.5 
4.07 4.04 3.98 3.89 3.78 3.65 3.5 3.34 3.17 2.99 2.81 2.64 2.46 2.3 2.13 1.98 1.83 1.7 1.57 1.44 2.66 2.43 2.19 1.95 1.69 1.44 3.08 2.41 5.75 5.75 5.75 5.75 
4.24 4.21 4.15 4.06 3.94 3.8 3.65 3.48 3.3 3.12 2.94 2.75 2.57 2.4 2.23 2.07 1.91 1.77 1.63 1.51 2.77 2.53 2.29 2.04 1.77 1.51 3.22 2.51 6 6 6 6 
4.42 4.39 4.32 4.23 4.11 3.96 3.8 3.63 3.44 3.25 3.06 2.87 2.68 2.5 2.32 2.15 1.99 1.84 1.7 1.57 2.89 2.64 2.38 2.12 1.84 1.57 3.35 2.62 6.25 6.25 6.25 6.25 
4.6 4.56 4.5 4.4 4.27 4.12 3.95 3.77 3.58 3.38 3.18 2.98 2.79 2.6 2.41 2.24 2.07 1.92 1.77 1.63 3 2.74 2.48 2.2 1.92 1.63 3.48 2.72 6.5 6.5 6.5 6.5 
4.77 4.74 4.67 4.57 4.43 4.28 4.1 3.92 3.72 3.51 3.3 3.1 2.89 2.7 2.51 2.32 2.15 1.99 1.84 1.7 3.12 2.85 2.57 2.29 1.99 1.69 3.62 2.82 6.75 6.75 6.75 6.75 
4.95 4.91 4.84 4.73 4.6 4.44 4.26 4.06 3.85 3.64 3.42 3.21 3 2.8 2.6 2.41 2.23 2.06 1.91 1.76 3.24 2.96 2.67 2.37 2.06 1.76 3.75 2.93 7 7 7 7 
5.13 5.09 5.01 4.9 4.76 4.6 4.41 4.21 3.99 3.77 3.55 3.33 3.11 2.9 2.69 2.5 2.31 2.14 1.97 1.82 3.35 3.06 2.76 2.46 2.14 1.82 3.89 3.03 7.25 7.25 7.25 7.25 
5.3 5.27 5.19 5.07 4.93 4.76 4.56 4.35 4.13 3.9 3.67 3.44 3.21 3 2.78 2.58 2.39 2.21 2.04 1.88 3.47 3.17 2.86 2.54 2.21 1.88 4.02 3.14 7.5 7.5 7.5 7.5 
5.48 5.44 5.36 5.24 5.09 4.91 4.71 4.5 4.27 4.03 3.79 3.55 3.32 3.1 2.88 2.67 2.47 2.29 2.11 1.95 3.58 3.27 2.96 2.63 2.28 1.94 4.15 3.24 7.75 7.75 7.75 7.75 
5.66 5.62 5.53 5.41 5.26 5.07 4.87 4.64 4.4 4.16 3.91 3.67 3.43 3.2 2.97 2.76 2.55 2.36 2.18 2.01 3.7 3.38 3.05 2.71 2.36 2.01 4.29 3.35 8 8 8 8 
5.84 5.79 5.71 5.58 5.42 5.23 5.02 4.79 4.54 4.29 4.04 3.78 3.54 3.29 3.06 2.84 2.63 2.43 2.25 2.07 3.81 3.48 3.15 2.8 2.43 2.07 4.42 3.45 8.25 8.25 8.25 8.25 
6.01 5.97 5.88 5.75 5.58 5.39 5.17 4.93 4.68 4.42 4.16 3.9 3.64 3.39 3.16 2.93 2.71 2.51 2.31 2.13 3.93 3.59 3.24 2.88 2.5 2.13 4.56 3.56 8.5 8.5 8.5 8.5 
6.19 6.14 6.05 5.92 5.75 5.55 5.32 5.08 4.82 4.55 4.28 4.01 3.75 3.49 3.25 3.01 2.79 2.58 2.38 2.2 4.04 3.7 3.34 2.97 2.58 2.19 4.69 3.66 8.75 8.75 8.75 8.75 
6.37 6.32 6.22 6.09 5.91 5.71 5.47 5.22 4.95 4.68 4.4 4.13 3.86 3.59 3.34 3.1 2.87 2.65 2.45 2.26 4.16 3.8 3.43 3.05 2.65 2.26 4.82 3.77 9 9 9 9 
6.54 6.49 6.4 6.26 6.08 5.86 5.63 5.37 5.09 4.81 4.53 4.24 3.96 3.69 3.43 3.19 2.95 2.73 2.52 2.32 4.28 3.91 3.53 3.14 2.73 2.32 4.96 3.87 9.25 9.25 9.25 9.25 
6.72 6.67 6.57 6.43 6.24 6.02 5.78 5.51 5.23 4.94 4.65 4.36 4.07 3.79 3.53 3.27 3.03 2.8 2.59 2.39 4.39 4.01 3.62 3.22 2.8 2.38 5.09 3.98 9.5 9.5 9.5 9.5 
6.9 6.84 6.74 6.59 6.41 6.18 5.93 5.66 5.37 5.07 4.77 4.47 4.18 3.89 3.62 3.36 3.11 2.88 2.65 2.45 4.51 4.12 3.72 3.31 2.87 2.45 5.23 4.08 9.75 9.75 9.75 9.75 
7.07 7.02 6.92 6.76 6.57 6.34 6.08 5.8 5.5 5.2 4.89 4.59 4.29 3.99 3.71 3.44 3.19 2.95 2.72 2.51 4.62 4.22 3.81 3.39 2.95 2.51 5.36 4.18 10 10 10 10 
7.25 7.2 7.09 6.93 6.73 6.5 6.23 5.95 5.64 5.33 5.01 4.7 4.39 4.09 3.81 3.53 3.27 3.02 2.79 2.57 4.74 4.33 3.91 3.48 3.02 2.57 5.49 4.29 10.25 10.25 10.25 10.25 
7.43 7.37 7.26 7.1 6.9 6.66 6.39 6.09 5.78 5.46 5.14 4.82 4.5 4.19 3.9 3.62 3.35 3.1 2.86 2.64 4.85 4.43 4 3.56 3.09 2.63 5.63 4.39 10.5 10.5 10.5 10.5 
7.6 7.55 7.43 7.27 7.06 6.82 6.54 6.24 5.92 5.59 5.26 4.93 4.61 4.29 3.99 3.7 3.43 3.17 2.93 2.7 4.97 4.54 4.1 3.65 3.17 2.7 5.76 4.5 10.75 10.75 10.75 10.75 
7.78 7.72 7.61 7.44 7.23 6.97 6.69 6.38 6.06 5.72 5.38 5.05 4.71 4.39 4.08 3.79 3.51 3.24 3 2.76 5.08 4.65 4.19 3.73 3.24 2.76 5.9 4.6 11 11 11 11 
7.96 7.9 7.78 7.61 7.39 7.13 6.84 6.53 6.19 5.85 5.5 5.16 4.82 4.49 4.18 3.87 3.59 3.32 3.06 2.83 5.2 4.75 4.29 3.82 3.31 2.82 6.03 4.71 11.25 11.25 11.25 11.25 
8.13 8.07 7.95 7.78 7.56 7.29 6.99 6.67 6.33 5.98 5.63 5.27 4.93 4.59 4.27 3.96 3.67 3.39 3.13 2.89 5.32 4.86 4.38 3.9 3.39 2.88 6.16 4.81 11.5 11.5 11.5 11.5 
8.31 8.25 8.13 7.95 7.72 7.45 7.15 6.82 6.47 6.11 5.75 5.39 5.04 4.69 4.36 4.05 3.75 3.46 3.2 2.95 5.43 4.96 4.48 3.99 3.46 2.95 6.3 4.92 11.75 11.75 11.75 11.75 
8.49 8.42 8.3 8.12 7.88 7.61 7.3 6.96 6.61 6.24 5.87 5.5 5.14 4.79 4.46 4.13 3.83 3.54 3.27 3.01 5.55 5.07 4.58 4.07 3.54 3.01 6.43 5.02 12 12 12 12 
8.66 8.6 8.47 8.29 8.05 7.77 7.45 7.11 6.74 6.37 5.99 5.62 5.25 4.89 4.55 4.22 3.91 3.61 3.34 3.08 5.66 5.17 4.67 4.16 3.61 3.07 6.57 5.13 12.25 12.25 12.25 12.25 
8.84 8.78 8.64 8.45 8.21 7.93 7.6 7.25 6.88 6.5 6.12 5.73 5.36 4.99 4.64 4.31 3.99 3.69 3.4 3.14 5.78 5.28 4.77 4.24 3.68 3.14 6.7 5.23 12.5 12.5 12.5 12.5 
9.02 8.95 8.82 8.62 8.38 8.08 7.75 7.4 7.02 6.63 6.24 5.85 5.46 5.09 4.73 4.39 4.07 3.76 3.47 3.2 5.89 5.38 4.86 4.32 3.76 3.2 6.83 5.34 12.75 12.75 12.75 12.75 
9.2 9.13 8.99 8.79 8.54 8.24 7.91 7.54 7.16 6.76 6.36 5.96 5.57 5.19 4.83 4.48 4.15 3.83 3.54 3.26 6.01 5.49 4.96 4.41 3.83 3.26 6.97 5.44 13 13 13 13 
9.37 9.3 9.16 8.96 8.71 8.4 8.06 7.69 7.29 6.89 6.48 6.08 5.68 5.29 4.92 4.56 4.23 3.91 3.61 3.33 6.12 5.6 5.05 4.49 3.9 3.32 7.1 5.54 13.25 13.25 13.25 13.25 
9.55 9.48 9.34 9.13 8.87 8.56 8.21 7.83 7.43 7.02 6.61 6.19 5.79 5.39 5.01 4.65 4.31 3.98 3.68 3.39 6.24 5.7 5.15 4.58 3.98 3.39 7.24 5.65 13.5 13.5 13.5 13.5 
9.73 9.65 9.51 9.3 9.03 8.72 8.36 7.98 7.57 7.15 6.73 6.31 5.89 5.49 5.1 4.74 4.39 4.05 3.74 3.45 6.36 5.81 5.24 4.66 4.05 3.45 7.37 5.75 13.75 13.75 13.75 13.75 
9.9 9.83 9.68 9.47 9.2 8.88 8.51 8.12 7.71 7.28 6.85 6.42 6 5.59 5.2 4.82 4.47 4.13 3.81 3.52 6.47 5.91 5.34 4.75 4.12 3.51 7.5 5.86 14 14 14 14 
10.08 10 9.85 9.64 9.36 9.03 8.67 8.27 7.84 7.41 6.97 6.54 6.11 5.69 5.29 4.91 4.54 4.2 3.88 3.58 6.59 6.02 5.43 4.83 4.2 3.57 7.64 5.96 14.25 14.25 14.25 14.25 
10.26 10.18 10.03 9.81 9.53 9.19 8.82 8.41 7.98 7.54 7.09 6.65 6.21 5.79 5.38 4.99 4.62 4.28 3.95 3.64 6.7 6.12 5.53 4.92 4.27 3.64 7.77 6.07 14.5 14.5 14.5 14.5 
10.43 10.35 10.2 9.98 9.69 9.35 8.97 8.56 8.12 7.67 7.22 6.77 6.32 5.89 5.48 5.08 4.7 4.35 4.02 3.7 6.82 6.23 5.62 5 4.35 3.7 7.91 6.17 14.75 14.75 14.75 14.75 
10.61 10.53 10.37 10.15 9.86 9.51 9.12 8.7 8.26 7.8 7.34 6.88 6.43 5.99 5.57 5.17 4.78 4.42 4.08 3.77 6.93 6.33 5.72 5.09 4.42 3.76 8.04 6.28 15 15 15 15 
10.79 10.71 10.55 10.32 10.02 9.67 9.27 8.85 8.4 7.93 7.46 6.99 6.54 6.09 5.66 5.25 4.86 4.5 4.15 3.83 7.05 6.44 5.81 5.17 4.49 3.83 8.17 6.38 15.25 15.25 15.25 15.25 
10.96 10.88 10.72 10.48 10.18 9.83 9.43 8.99 8.53 8.06 7.58 7.11 6.64 6.19 5.75 5.34 4.94 4.57 4.22 3.89 7.16 6.55 5.91 5.26 4.57 3.89 8.31 6.49 15.5 15.5 15.5 15.5 
11.14 11.06 10.89 10.65 10.35 9.99 9.58 9.14 8.67 8.19 7.71 7.22 6.75 6.29 5.85 5.42 5.02 4.64 4.29 3.96 7.28 6.65 6.01 5.34 4.64 3.95 8.44 6.59 15.75 15.75 15.75 15.75 
11.32 11.23 11.07 10.82 10.51 10.14 9.73 9.28 8.81 8.32 7.83 7.34 6.86 6.39 5.94 5.51 5.1 4.72 4.36 4.02 7.4 6.76 6.1 5.43 4.71 4.01 8.58 6.69 16 16 16 16 
11.49 11.41 11.24 10.99 10.68 10.3 9.88 9.43 8.95 8.45 7.95 7.45 6.96 6.49 6.03 5.6 5.18 4.79 4.42 4.08 7.51 6.86 6.2 5.51 4.79 4.08 8.71 6.8 16.25 16.25 16.25 16.25 
11.67 11.58 11.41 11.16 10.84 10.46 10.03 9.57 9.08 8.58 8.07 7.57 7.07 6.59 6.13 5.68 5.26 4.87 4.49 4.14 7.63 6.97 6.29 5.6 4.86 4.14 8.84 6.9 16.5 16.5 16.5 16.5 
11.85 11.76 11.58 11.33 11 10.62 10.19 9.72 9.22 8.71 8.2 7.68 7.18 6.69 6.22 5.77 5.34 4.94 4.56 4.21 7.74 7.07 6.39 5.68 4.94 4.2 8.98 7.01 16.75 16.75 16.75 16.75 
12.02 11.93 11.76 11.5 11.17 10.78 10.34 9.86 9.36 8.84 8.32 7.8 7.29 6.79 6.31 5.86 5.42 5.01 4.63 4.27 7.86 7.18 6.48 5.77 5.01 4.26 9.11 7.11 17 17 17 17 
12.2 12.11 11.93 11.67 11.33 10.94 10.49 10.01 9.5 8.97 8.44 7.91 7.39 6.89 6.4 5.94 5.5 5.09 4.7 4.33 7.97 7.28 6.58 5.85 5.08 4.33 9.25 7.22 17.25 17.25 17.25 17.25 
12.38 12.29 12.1 11.84 11.5 11.1 10.64 10.15 9.63 9.1 8.56 8.03 7.5 6.99 6.5 6.03 5.58 5.16 4.77 4.4 8.09 7.39 6.67 5.94 5.16 4.39 9.38 7.32 17.5 17.5 17.5 17.5 
12.56 12.46 12.28 12.01 11.66 11.25 10.79 10.3 9.77 9.23 8.68 8.14 7.61 7.09 6.59 6.11 5.66 5.23 4.83 4.46 8.2 7.5 6.77 6.02 5.23 4.45 9.52 7.43 17.75 17.75 17.75 17.75 
12.73 12.64 12.45 12.18 11.83 11.41 10.95 10.44 9.91 9.36 8.81 8.26 7.71 7.19 6.68 6.2 5.74 5.31 4.9 4.52 8.32 7.6 6.86 6.11 5.3 4.52 9.65 7.53 18 18 18 18 
12.91 12.81 12.62 12.34 11.99 11.57 11.1 10.59 10.05 9.49 8.93 8.37 7.82 7.29 6.78 6.29 5.82 5.38 4.97 4.58 8.43 7.71 6.96 6.19 5.38 4.58 9.78 7.64 18.25 18.25 18.25 18.25 
13.09 12.99 12.79 12.51 12.15 11.73 11.25 10.73 10.18 9.62 9.05 8.48 7.93 7.39 6.87 6.37 5.9 5.46 5.04 4.65 8.55 7.81 7.05 6.28 5.45 4.64 9.92 7.74 18.5 18.5 18.5 18.5 
13.26 13.16 12.97 12.68 12.32 11.89 11.4 10.88 10.32 9.75 9.17 8.6 8.04 7.49 6.96 6.46 5.98 5.53 5.11 4.71 8.67 7.92 7.15 6.36 5.52 4.7 10.05 7.85 18.75 18.75 18.75 18.75 
13.44 13.34 13.14 12.85 12.48 12.05 11.55 11.02 10.46 9.88 9.3 8.71 8.14 7.59 7.05 6.54 6.06 5.6 5.17 4.77 8.78 8.02 7.24 6.44 5.6 4.77 10.19 7.95 19 19 19 19 
13.62 13.51 13.31 13.02 12.65 12.2 11.71 11.17 10.6 10.01 9.42 8.83 8.25 7.69 7.15 6.63 6.14 5.68 5.24 4.83 8.9 8.13 7.34 6.53 5.67 4.83 10.32 8.05 19.25 19.25 19.25 19.25 
13.79 13.69 13.49 13.19 12.81 12.36 11.86 11.31 10.73 10.14 9.54 8.94 8.36 7.79 7.24 6.72 6.22 5.75 5.31 4.9 9.01 8.23 7.44 6.61 5.75 4.89 10.45 8.16 19.5 19.5 19.5 19.5 
13.97 13.86 13.66 13.36 12.98 12.52 12.01 11.46 10.87 10.27 9.66 9.06 8.46 7.89 7.33 6.8 6.3 5.82 5.38 4.96 9.13 8.34 7.53 6.7 5.82 4.95 10.59 8.26 19.75 19.75 19.75 19.75 
14.15 14.04 13.83 13.53 13.14 12.68 12.16 11.6 11.01 10.4 9.79 9.17 8.57 7.99 7.43 6.89 6.38 5.9 5.45 5.02 9.24 8.45 7.63 6.78 5.89 5.02 10.72 8.37 20 20 20 20 
14.32 14.22 14 13.7 13.3 12.84 12.31 11.75 11.15 10.53 9.91 9.29 8.68 8.09 7.52 6.97 6.46 5.97 5.51 5.09 9.36 8.55 7.72 6.87 5.97 5.08 10.86 8.47 20.25 20.25 20.25 20.25 
14.5 14.39 14.18 13.87 13.47 13 12.47 11.89 11.29 10.66 10.03 9.4 8.79 8.19 7.61 7.06 6.54 6.05 5.58 5.15 9.47 8.66 7.82 6.95 6.04 5.14 10.99 8.58 20.5 20.5 20.5 20.5 
14.68 14.57 14.35 14.04 13.63 13.16 12.62 12.04 11.42 10.79 10.15 9.52 8.89 8.29 7.7 7.15 6.62 6.12 5.65 5.21 9.59 8.76 7.91 7.04 6.11 5.2 11.12 8.68 20.75 20.75 20.75 20.75 
14.85 14.74 14.52 14.2 13.8 13.31 12.77 12.18 11.56 10.92 10.27 9.63 9 8.39 7.8 7.23 6.7 6.19 5.72 5.27 9.71 8.87 8.01 7.12 6.19 5.27 11.26 8.79 21 21 21 21 
15.03 14.92 14.7 14.37 13.96 13.47 12.92 12.33 11.7 11.05 10.4 9.75 9.11 8.49 7.89 7.32 6.78 6.27 5.79 5.34 9.82 8.97 8.1 7.21 6.26 5.33 11.39 8.89 21.25 21.25 21.25 21.25 
15.21 15.09 14.87 14.54 14.13 13.63 13.08 12.47 11.84 11.18 10.52 9.86 9.21 8.59 7.98 7.41 6.86 6.34 5.85 5.4 9.94 9.08 8.2 7.29 6.33 5.39 11.53 9 21.5 21.5 21.5 21.5 
15.38 15.27 15.04 14.71 14.29 13.79 13.23 12.62 11.97 11.31 10.64 9.98 9.32 8.69 8.08 7.49 6.94 6.41 5.92 5.46 10.05 9.19 8.29 7.38 6.41 5.46 11.66 9.1 21.75 21.75 21.75 21.75 
15.56 15.44 15.21 14.88 14.45 13.95 13.38 12.76 12.11 11.44 10.76 10.09 9.43 8.79 8.17 7.58 7.02 6.49 5.99 5.53 10.17 9.29 8.39 7.46 6.48 5.52 11.79 9.21 22 22 22 22 
15.74 15.62 15.39 15.05 14.62 14.11 13.53 12.91 12.25 11.57 10.89 10.2 9.54 8.89 8.26 7.66 7.1 6.56 6.06 5.59 10.28 9.4 8.48 7.55 6.56 5.58 11.93 9.31 22.25 22.25 22.25 22.25 
15.91 15.8 15.56 15.22 14.78 14.27 13.68 13.05 12.39 11.7 11.01 10.32 9.64 8.99 8.35 7.75 7.18 6.63 6.13 5.65 10.4 9.5 8.58 7.63 6.63 5.64 12.06 9.41 22.5 22.5 22.5 22.5 
16.09 15.97 15.73 15.39 14.95 14.42 13.84 13.2 12.52 11.83 11.13 10.43 9.75 9.09 8.45 7.84 7.26 6.71 6.19 5.71 10.51 9.61 8.67 7.72 6.7 5.71 12.2 9.52 22.75 22.75 22.75 22.75 
16.27 16.15 15.91 15.56 15.11 14.58 13.99 13.34 12.66 11.96 11.25 10.55 9.86 9.19 8.54 7.92 7.34 6.78 6.26 5.78 10.63 9.71 8.77 7.8 6.78 5.77 12.33 9.62 23 23 23 23 
16.45 16.32 16.08 15.73 15.28 14.74 14.14 13.49 12.8 12.09 11.38 10.66 9.96 9.29 8.63 8.01 7.42 6.86 6.33 5.84 10.75 9.82 8.87 7.89 6.85 5.83 12.46 9.73 23.25 23.25 23.25 23.25 
16.62 16.5 16.25 15.9 15.44 14.9 14.29 13.63 12.94 12.22 11.5 10.78 10.07 9.39 8.72 8.09 7.5 6.93 6.4 5.9 10.86 9.92 8.96 7.97 6.92 5.89 12.6 9.83 23.5 23.5 23.5 23.5 
16.8 16.67 16.42 16.06 15.6 15.06 14.44 13.78 13.07 12.35 11.62 10.89 10.18 9.49 8.82 8.18 7.57 7 6.47 5.96 10.98 10.03 9.06 8.06 7 5.96 12.73 9.94 23.75 23.75 23.75 23.75 
16.98 16.85 16.6 16.23 15.77 15.22 14.6 13.92 13.21 12.48 11.74 11.01 10.29 9.59 8.91 8.27 7.65 7.08 6.54 6.03 11.09 10.14 9.15 8.14 7.07 6.02 12.87 10.04 24 24 24 24 
17.15 17.02 16.77 16.4 15.93 15.38 14.75 14.07 13.35 12.61 11.86 11.12 10.39 9.68 9 8.35 7.73 7.15 6.6 6.09 11.21 10.24 9.25 8.23 7.14 6.08 13 10.15 24.25 24.25 24.25 24.25 
17.33 17.2 16.94 16.57 16.1 15.53 14.9 14.21 13.49 12.74 11.99 11.24 10.5 9.78 9.1 8.44 7.81 7.22 6.67 6.15 11.32 10.35 9.34 8.31 7.22 6.15 13.13 10.25 24.5 24.5 24.5 24.5 
17.51 17.37 17.12 16.74 16.26 15.69 15.05 14.36 13.62 12.87 12.11 11.35 10.61 9.88 9.19 8.52 7.89 7.3 6.74 6.22 11.44 10.45 9.44 8.4 7.29 6.21 13.27 10.36 24.75 24.75 24.75 24.75 
17.68 17.55 17.29 16.91 16.43 15.85 15.2 14.5 13.76 13 12.23 11.47 10.71 9.98 9.28 8.61 7.97 7.37 6.81 6.28 11.55 10.56 9.53 8.48 7.37 6.27 13.4 10.46 25 25 25 25 
17.86 17.73 17.46 17.08 16.59 16.01 15.36 14.65 13.9 13.13 12.35 11.58 10.82 10.08 9.37 8.7 8.05 7.45 6.88 6.34 11.67 10.66 9.63 8.56 7.44 6.33 13.54 10.57 25.25 25.25 25.25 25.25 
18.04 17.9 17.64 17.25 16.75 16.17 15.51 14.79 14.04 13.26 12.48 11.7 10.93 10.18 9.47 8.78 8.13 7.52 6.94 6.4 11.79 10.77 9.72 8.65 7.51 6.4 13.67 10.67 25.5 25.5 25.5 25.5 
18.21 18.08 17.81 17.42 16.92 16.33 15.66 14.94 14.18 13.39 12.6 11.81 11.04 10.28 9.56 8.87 8.21 7.59 7.01 6.47 11.9 10.87 9.82 8.73 7.59 6.46 13.8 10.77 25.75 25.75 25.75 25.75 
18.39 18.25 17.98 17.59 17.08 16.48 15.81 15.08 14.31 13.52 12.72 11.92 11.14 10.38 9.65 8.95 8.29 7.67 7.08 6.53 12.02 10.98 9.91 8.82 7.66 6.52 13.94 10.88 26 26 26 26 
18.57 18.43 18.15 17.76 17.25 16.64 15.96 15.23 14.45 13.65 12.84 12.04 11.25 10.48 9.75 9.04 8.37 7.74 7.15 6.59 12.13 11.09 10.01 8.9 7.73 6.58 14.07 10.98 26.25 26.25 26.25 26.25 
18.74 18.6 18.33 17.92 17.41 16.8 16.12 15.37 14.59 13.78 12.97 12.15 11.36 10.58 9.84 9.13 8.45 7.81 7.22 6.66 12.25 11.19 10.1 8.99 7.81 6.65 14.21 11.09 26.5 26.5 26.5 26.5 
18.92 18.78 18.5 18.09 17.57 16.96 16.27 15.52 14.73 13.91 13.09 12.27 11.46 10.68 9.93 9.21 8.53 7.89 7.28 6.72 12.36 11.3 10.2 9.07 7.88 6.71 14.34 11.19 26.75 26.75 26.75 26.75 
19.1 18.95 18.67 18.26 17.74 17.12 16.42 15.66 14.86 14.04 13.21 12.38 11.57 10.78 10.02 9.3 8.61 7.96 7.35 6.78 12.48 11.4 10.3 9.16 7.96 6.77 14.47 11.3 27 27 27 27 
19.27 19.13 18.85 18.43 17.9 17.28 16.57 15.81 15 14.17 13.33 12.5 11.68 10.88 10.12 9.39 8.69 8.04 7.42 6.84 12.59 11.51 10.39 9.24 8.03 6.84 14.61 11.4 27.25 27.25 27.25 27.25 
19.45 19.31 19.02 18.6 18.07 17.44 16.72 15.95 15.14 14.3 13.45 12.61 11.79 10.98 10.21 9.47 8.77 8.11 7.49 6.91 12.71 11.61 10.49 9.33 8.1 6.9 14.74 11.51 27.5 27.5 27.5 27.5 
19.63 19.48 19.19 18.77 18.23 17.59 16.88 16.1 15.28 14.43 13.58 12.73 11.89 11.08 10.3 9.56 8.85 8.18 7.56 6.97 12.83 11.72 10.58 9.41 8.18 6.96 14.88 11.61 27.75 27.75 27.75 27.75 
19.81 19.66 19.36 18.94 18.4 17.75 17.03 16.24 15.41 14.56 13.7 12.84 12 11.18 10.4 9.64 8.93 8.26 7.62 7.03 12.94 11.82 10.68 9.5 8.25 7.02 15.01 11.72 28 28 28 28 
19.98 19.83 19.54 19.11 18.56 17.91 17.18 16.39 15.55 14.69 13.82 12.96 12.11 11.28 10.49 9.73 9.01 8.33 7.69 7.09 13.06 11.93 10.77 9.58 8.32 7.09 15.14 11.82 28.25 28.25 28.25 28.25 
20.16 20.01 19.71 19.28 18.72 18.07 17.33 16.53 15.69 14.82 13.94 13.07 12.21 11.38 10.58 9.82 9.09 8.4 7.76 7.16 13.17 12.04 10.87 9.67 8.4 7.15 15.28 11.93 28.5 28.5 28.5 28.5 
20.34 20.18 19.88 19.45 18.89 18.23 17.48 16.68 15.83 14.95 14.07 13.19 12.32 11.48 10.67 9.9 9.17 8.48 7.83 7.22 13.29 12.14 10.96 9.75 8.47 7.21 15.41 12.03 28.75 28.75 28.75 28.75 
20.51 20.36 20.06 19.62 19.05 18.39 17.64 16.82 15.96 15.08 14.19 13.3 12.43 11.58 10.77 9.99 9.25 8.55 7.9 7.28 13.4 12.25 11.06 9.84 8.54 7.27 15.55 12.13 29 29 29 29 
20.69 20.53 20.23 19.78 19.22 18.55 17.79 16.97 16.1 15.21 14.31 13.42 12.54 11.68 10.86 10.07 9.33 8.63 7.96 7.35 13.52 12.35 11.15 9.92 8.62 7.34 15.68 12.24 29.25 29.25 29.25 29.25 
20.87 20.71 20.4 19.95 19.38 18.7 17.94 17.11 16.24 15.34 14.43 13.53 12.64 11.78 10.95 10.16 9.41 8.7 8.03 7.41 13.63 12.46 11.25 10.01 8.69 7.4 15.81 12.34 29.5 29.5 29.5 29.5 
21.04 20.88 20.57 20.12 19.55 18.86 18.09 17.26 16.38 15.47 14.56 13.64 12.75 11.88 11.05 10.25 9.49 8.77 8.1 7.47 13.75 12.56 11.34 10.09 8.77 7.46 15.95 12.45 29.75 29.75 29.75 29.75 
21.22 21.06 20.75 20.29 19.71 19.02 18.24 17.4 16.51 15.6 14.68 13.76 12.86 11.98 11.14 10.33 9.57 8.85 8.17 7.53 13.87 12.67 11.44 10.18 8.84 7.53 16.08 12.55 30 30 30 30 
21.4 21.24 20.92 20.46 19.87 19.18 18.4 17.55 16.65 15.73 14.8 13.87 12.96 12.08 11.23 10.42 9.65 8.92 8.24 7.6 13.98 12.77 11.53 10.26 8.91 7.59 16.22 12.66 30.25 30.25 30.25 30.25 
21.57 21.41 21.09 20.63 20.04 19.34 18.55 17.69 16.79 15.86 14.92 13.99 13.07 12.18 11.32 10.5 9.73 8.99 8.3 7.66 14.1 12.88 11.63 10.35 8.99 7.65 16.35 12.76 30.5 30.5 30.5 30.5 
21.75 21.59 21.27 20.8 20.2 19.5 18.7 17.84 16.93 15.99 15.04 14.1 13.18 12.28 11.42 10.59 9.81 9.07 8.37 7.72 14.21 12.99 11.73 10.43 9.06 7.71 16.48 12.87 30.75 30.75 30.75 30.75 
21.93 21.76 21.44 20.97 20.37 19.65 18.85 17.98 17.07 16.12 15.17 14.22 13.29 12.38 11.51 10.68 9.89 9.14 8.44 7.79 14.33 13.09 11.82 10.52 9.13 7.78 16.62 12.97 31 31 31 31 
22.1 21.94 21.61 21.14 20.53 19.81 19 18.13 17.2 16.25 15.29 14.33 13.39 12.48 11.6 10.76 9.97 9.22 8.51 7.85 14.44 13.2 11.92 10.6 9.21 7.84 16.75 13.08 31.25 31.25 31.25 31.25 
22.28 22.11 21.78 21.31 20.7 19.97 19.16 18.27 17.34 16.38 15.41 14.45 13.5 12.58 11.69 10.85 10.05 9.29 8.58 7.91 14.56 13.3 12.01 10.68 9.28 7.9 16.89 13.18 31.5 31.5 31.5 31.5 
22.46 22.29 21.96 21.48 20.86 20.13 19.31 18.42 17.48 16.51 15.53 14.56 13.61 12.68 11.79 10.94 10.13 9.36 8.65 7.97 14.67 13.41 12.11 10.77 9.35 7.96 17.02 13.29 31.75 31.75 31.75 31.75 
22.63 22.46 22.13 21.64 21.02 20.29 19.46 18.56 17.62 16.64 15.66 14.68 13.71 12.78 11.88 11.02 10.21 9.44 8.71 8.04 14.79 13.51 12.2 10.85 9.43 8.03 17.15 13.39 32 32 32 32 
22.81 22.64 22.3 21.81 21.19 20.45 19.61 18.71 17.75 16.77 15.78 14.79 13.82 12.88 11.97 11.11 10.29 9.51 8.78 8.1 14.91 13.62 12.3 10.94 9.5 8.09 17.29 13.49 32.25 32.25 32.25 32.25 
22.99 22.82 22.48 21.98 21.35 20.61 19.76 18.85 17.89 16.9 15.9 14.91 13.93 12.98 12.07 11.19 10.37 9.58 8.85 8.16 15.02 13.72 12.39 11.02 9.58 8.15 17.42 13.6 32.5 32.5 32.5 32.5 
23.17 22.99 22.65 22.15 21.52 20.76 19.92 19 18.03 17.03 16.02 15.02 14.04 13.08 12.16 11.28 10.45 9.66 8.92 8.23 15.14 13.83 12.49 11.11 9.65 8.21 17.56 13.7 32.75 32.75 32.75 32.75 
23.34 23.17 22.82 22.32 21.68 20.92 20.07 19.14 18.17 17.16 16.15 15.14 14.14 13.18 12.25 11.37 10.52 9.73 8.99 8.29 15.25 13.94 12.58 11.19 9.72 8.28 17.69 13.81 33 33 33 33 
23.52 23.34 22.99 22.49 21.85 21.08 20.22 19.29 18.3 17.29 16.27 15.25 14.25 13.28 12.34 11.45 10.6 9.81 9.05 8.35 15.37 14.04 12.68 11.28 9.8 8.34 17.82 13.91 33.25 33.25 33.25 33.25 
23.7 23.52 23.17 22.66 22.01 21.24 20.37 19.43 18.44 17.42 16.39 15.36 14.36 13.38 12.44 11.54 10.68 9.88 9.12 8.41 15.48 14.15 12.77 11.36 9.87 8.4 17.96 14.02 33.5 33.5 33.5 33.5 
23.87 23.69 23.34 22.83 22.17 21.4 20.52 19.58 18.58 17.55 16.51 15.48 14.46 13.48 12.53 11.62 10.76 9.95 9.19 8.48 15.6 14.25 12.87 11.45 9.94 8.47 18.09 14.12 33.75 33.75 33.75 33.75 
24.05 23.87 23.51 23 22.34 21.56 20.68 19.72 18.72 17.68 16.63 15.59 14.57 13.58 12.62 11.71 10.84 10.03 9.26 8.54 15.71 14.36 12.96 11.53 10.02 8.53 18.23 14.23 34 34 34 34 
24.23 24.04 23.69 23.17 22.5 21.72 20.83 19.87 18.85 17.81 16.76 15.71 14.68 13.68 12.72 11.8 10.92 10.1 9.33 8.6 15.83 14.46 13.06 11.62 10.09 8.59 18.36 14.33 34.25 34.25 34.25 34.25 
24.4 24.22 23.86 23.34 22.67 21.87 20.98 20.01 18.99 17.94 16.88 15.82 14.79 13.78 12.81 11.88 11 10.17 9.39 8.66 15.95 14.57 13.15 11.7 10.16 8.65 18.49 14.44 34.5 34.5 34.5 34.5 
24.58 24.39 24.03 23.5 22.83 22.03 21.13 20.16 19.13 18.07 17 15.94 14.89 13.88 12.9 11.97 11.08 10.25 9.46 8.73 16.06 14.68 13.25 11.79 10.24 8.72 18.63 14.54 34.75 34.75 34.75 34.75 
24.76 24.57 24.21 23.67 23 22.19 21.28 20.3 19.27 18.2 17.12 16.05 15 13.98 12.99 12.05 11.16 10.32 9.53 8.79 16.18 14.78 13.35 11.87 10.31 8.78 18.76 14.65 35 35 35 35 
24.93 24.75 24.38 23.84 23.16 22.35 21.44 20.45 19.4 18.33 17.25 16.17 15.11 14.08 13.09 12.14 11.24 10.39 9.6 8.85 16.29 14.89 13.44 11.96 10.39 8.84 18.9 14.75 35.25 35.25 35.25 35.25 
25.11 24.92 24.55 24.01 23.32 22.51 21.59 20.59 19.54 18.46 17.37 16.28 15.21 14.18 13.18 12.23 11.32 10.47 9.67 8.92 16.41 14.99 13.54 12.04 10.46 8.9 19.03 14.85 35.5 35.5 35.5 35.5 
25.29 25.1 24.72 24.18 23.49 22.67 21.74 20.74 19.68 18.59 17.49 16.4 15.32 14.28 13.27 12.31 11.4 10.54 9.73 8.98 16.52 15.1 13.63 12.13 10.53 8.97 19.16 14.96 35.75 35.75 35.75 35.75 
25.46 25.27 24.9 24.35 23.65 22.82 21.89 20.88 19.82 18.72 17.61 16.51 15.43 14.38 13.37 12.4 11.48 10.62 9.8 9.04 16.64 15.2 13.73 12.21 10.61 9.03 19.3 15.06 36 36 36 36 
25.64 25.45 25.07 24.52 23.82 22.98 22.05 21.03 19.96 18.85 17.74 16.63 15.54 14.48 13.46 12.49 11.56 10.69 9.87 9.1 16.75 15.31 13.82 12.3 10.68 9.09 19.43 15.17 36.25 36.25 36.25 36.25 
25.82 25.62 25.24 24.69 23.98 23.14 22.2 21.17 20.09 18.98 17.86 16.74 15.64 14.58 13.55 12.57 11.64 10.76 9.94 9.17 16.87 15.41 13.92 12.38 10.75 9.16 19.57 15.27 36.5 36.5 36.5 36.5 
25.99 25.8 25.42 24.86 24.14 23.3 22.35 21.32 20.23 19.11 17.98 16.86 15.75 14.68 13.64 12.66 11.72 10.84 10.01 9.23 16.99 15.52 14.01 12.47 10.83 9.22 19.7 15.38 36.75 36.75 36.75 36.75 
26.17 25.97 25.59 25.03 24.31 23.46 22.5 21.46 20.37 19.24 18.1 16.97 15.86 14.78 13.74 12.74 11.8 10.91 10.07 9.29 17.1 15.63 14.11 12.55 10.9 9.28 19.83 15.48 37 37 37 37 
26.35 26.15 25.76 25.2 24.47 23.62 22.65 21.61 20.51 19.37 18.23 17.08 15.96 14.88 13.83 12.83 11.88 10.98 10.14 9.36 17.22 15.73 14.2 12.64 10.98 9.34 19.97 15.59 37.25 37.25 37.25 37.25 
26.52 26.33 25.93 25.36 24.64 23.78 22.81 21.75 20.64 19.5 18.35 17.2 16.07 14.98 13.92 12.92 11.96 11.06 10.21 9.42 17.33 15.84 14.3 12.72 11.05 9.41 20.1 15.69 37.5 37.5 37.5 37.5 
26.7 26.5 26.11 25.53 24.8 23.93 22.96 21.9 20.78 19.63 18.47 17.31 16.18 15.08 14.02 13 12.04 11.13 10.28 9.48 17.45 15.94 14.39 12.8 11.12 9.47 20.24 15.8 37.75 37.75 37.75 37.75 
26.88 26.68 26.28 25.7 24.97 24.09 23.11 22.04 20.92 19.76 18.59 17.43 16.29 15.18 14.11 13.09 12.12 11.21 10.35 9.54 17.56 16.05 14.49 12.89 11.2 9.53 20.37 15.9 38 38 38 38 
27.06 26.85 26.45 25.87 25.13 24.25 23.26 22.19 21.06 19.89 18.71 17.54 16.39 15.28 14.2 13.17 12.2 11.28 10.42 9.61 17.68 16.15 14.58 12.97 11.27 9.59 20.5 16.01 38.25 38.25 38.25 38.25 
27.23 27.03 26.63 26.04 25.29 24.41 23.41 22.33 21.19 20.02 18.84 17.66 16.5 15.38 14.29 13.26 12.28 11.35 10.48 9.67 17.79 16.26 14.68 13.06 11.34 9.66 20.64 16.11 38.5 38.5 38.5 38.5 
27.41 27.2 26.8 26.21 25.46 24.57 23.57 22.48 21.33 20.15 18.96 17.77 16.61 15.48 14.39 13.35 12.36 11.43 10.55 9.73 17.91 16.36 14.78 13.14 11.42 9.72 20.77 16.21 38.75 38.75 38.75 38.75 
27.59 27.38 26.97 26.38 25.62 24.73 23.72 22.62 21.47 20.28 19.08 17.89 16.71 15.58 14.48 13.43 12.44 11.5 10.62 9.79 18.03 16.47 14.87 13.23 11.49 9.78 20.91 16.32 39 39 39 39 
27.76 27.55 27.14 26.55 25.79 24.89 23.87 22.77 21.61 20.41 19.2 18 16.82 15.68 14.57 13.52 12.52 11.57 10.69 9.86 18.14 16.58 14.97 13.31 11.56 9.85 21.04 16.42 39.25 39.25 39.25 39.25 
27.94 27.73 27.32 26.72 25.95 25.04 24.02 22.91 21.74 20.54 19.33 18.12 16.93 15.78 14.67 13.6 12.6 11.65 10.76 9.92 18.26 16.68 15.06 13.4 11.64 9.91 21.17 16.53 39.5 39.5 39.5 39.5 
28.12 27.91 27.49 26.89 26.12 25.2 24.17 23.06 21.88 20.67 19.45 18.23 17.04 15.88 14.76 13.69 12.68 11.72 10.82 9.98 18.37 16.79 15.16 13.48 11.71 9.97 21.31 16.63 39.75 39.75 39.75 39.75 
28.29 28.08 27.66 27.06 26.28 25.36 24.33 23.2 22.02 20.8 19.57 18.35 17.14 15.98 14.85 13.78 12.76 11.8 10.89 10.05 18.49 16.89 15.25 13.57 11.79 10.03 21.44 16.74 40 40 40 40 
28.47 28.26 27.84 27.23 26.44 25.52 24.48 23.35 22.16 20.93 19.69 18.46 17.25 16.08 14.94 13.86 12.84 11.87 10.96 10.11 18.6 17 15.35 13.65 11.86 10.1 21.58 16.84 40.25 40.25 40.25 40.25 
28.65 28.43 28.01 27.39 26.61 25.68 24.63 23.49 22.29 21.06 19.82 18.58 17.36 16.17 15.04 13.95 12.92 11.94 11.03 10.17 18.72 17.1 15.44 13.74 11.93 10.16 21.71 16.95 40.5 40.5 40.5 40.5 
28.82 28.61 28.18 27.56 26.77 25.84 24.78 23.64 22.43 21.19 19.94 18.69 17.46 16.27 15.13 14.04 13 12.02 11.1 10.23 18.83 17.21 15.54 13.82 12.01 10.22 21.84 17.05 40.75 40.75 40.75 40.75 
29 28.78 28.35 27.73 26.94 25.99 24.93 23.78 22.57 21.32 20.06 18.8 17.57 16.37 15.22 14.12 13.08 12.09 11.16 10.3 18.95 17.31 15.63 13.91 12.08 10.28 21.98 17.16 41 41 41 41 
29.18 28.96 28.53 27.9 27.1 26.15 25.09 23.93 22.71 21.45 20.18 18.92 17.68 16.47 15.31 14.21 13.16 12.16 11.23 10.36 19.07 17.42 15.73 13.99 12.15 10.35 22.11 17.26 41.25 41.25 41.25 41.25 
29.35 29.13 28.7 28.07 27.27 26.31 25.24 24.07 22.85 21.58 20.3 19.03 17.79 16.57 15.41 14.29 13.24 12.24 11.3 10.42 19.18 17.53 15.82 14.08 12.23 10.41 22.25 17.36 41.5 41.5 41.5 41.5 
29.53 29.31 28.87 28.24 27.43 26.47 25.39 24.22 22.98 21.71 20.43 19.15 17.89 16.67 15.5 14.38 13.32 12.31 11.37 10.49 19.3 17.63 15.92 14.16 12.3 10.47 22.38 17.47 41.75 41.75 41.75 41.75 
29.71 29.48 29.05 28.41 27.59 26.63 25.54 24.36 23.12 21.84 20.55 19.26 18 16.77 15.59 14.47 13.4 12.39 11.44 10.55 19.41 17.74 16.01 14.25 12.37 10.54 22.51 17.57 42 42 42 42 
29.88 29.66 29.22 28.58 27.76 26.79 25.69 24.51 23.26 21.97 20.67 19.38 18.11 16.87 15.69 14.55 13.48 12.46 11.5 10.61 19.53 17.84 16.11 14.33 12.45 10.6 22.65 17.68 42.25 42.25 42.25 42.25 
30.06 29.84 29.39 28.75 27.92 26.95 25.85 24.65 23.4 22.1 20.79 19.49 18.21 16.97 15.78 14.64 13.55 12.53 11.57 10.67 19.64 17.95 16.21 14.42 12.52 10.66 22.78 17.78 42.5 42.5 42.5 42.5 
30.24 30.01 29.56 28.92 28.09 27.1 26 24.8 23.53 22.23 20.92 19.61 18.32 17.07 15.87 14.72 13.63 12.61 11.64 10.74 19.76 18.05 16.3 14.5 12.6 10.72 22.92 17.89 42.75 42.75 42.75 42.75 
30.42 30.19 29.74 29.09 28.25 27.26 26.15 24.94 23.67 22.36 21.04 19.72 18.43 17.17 15.96 14.81 13.71 12.68 11.71 10.8 19.87 18.16 16.4 14.59 12.67 10.79 23.05 17.99 43 43 43 43 
30.59 30.36 29.91 29.25 28.42 27.42 26.3 25.09 23.81 22.49 21.16 19.84 18.54 17.27 16.06 14.9 13.79 12.75 11.78 10.86 19.99 18.26 16.49 14.67 12.74 10.85 23.18 18.1 43.25 43.25 43.25 43.25 
30.77 30.54 30.08 29.42 28.58 27.58 26.45 25.23 23.95 22.62 21.28 19.95 18.64 17.37 16.15 14.98 13.87 12.83 11.84 10.92 20.11 18.37 16.59 14.75 12.82 10.91 23.32 18.2 43.5 43.5 43.5 43.5 
30.95 30.71 30.26 29.59 28.74 27.74 26.61 25.38 24.08 22.75 21.41 20.07 18.75 17.47 16.24 15.07 13.95 12.9 11.91 10.99 20.22 18.48 16.68 14.84 12.89 10.97 23.45 18.31 43.75 43.75 43.75 43.75 
31.12 30.89 30.43 29.76 28.91 27.9 26.76 25.52 24.22 22.88 21.53 20.18 18.86 17.57 16.34 15.15 14.03 12.98 11.98 11.05 20.34 18.58 16.78 14.92 12.96 11.04 23.59 18.41 44 44 44 44 
31.3 31.06 30.6 29.93 29.07 28.06 26.91 25.67 24.36 23.01 21.65 20.3 18.96 17.67 16.43 15.24 14.11 13.05 12.05 11.11 20.45 18.69 16.87 15.01 13.04 11.1 23.72 18.52 44.25 44.25 44.25 44.25 
31.48 31.24 30.78 30.1 29.24 28.21 27.06 25.81 24.5 23.14 21.77 20.41 19.07 17.77 16.52 15.33 14.19 13.12 12.12 11.18 20.57 18.79 16.97 15.09 13.11 11.16 23.85 18.62 44.5 44.5 44.5 44.5 
31.65 31.42 30.95 30.27 29.4 28.37 27.21 25.96 24.63 23.27 21.89 20.52 19.18 17.87 16.61 15.41 14.27 13.2 12.19 11.24 20.68 18.9 17.06 15.18 13.18 11.22 23.99 18.72 44.75 44.75 44.75 44.75 
31.83 31.59 31.12 30.44 29.57 28.53 27.37 26.1 24.77 23.4 22.02 20.64 19.29 17.97 16.71 15.5 14.35 13.27 12.25 11.3 20.8 19 17.16 15.26 13.26 11.29 24.12 18.83 45 45 45 45 
32.01 31.77 31.29 30.61 29.73 28.69 27.52 26.25 24.91 23.53 22.14 20.75 19.39 18.07 16.8 15.58 14.43 13.34 12.32 11.36 20.91 19.11 17.25 15.35 13.33 11.35 24.26 18.93 45.25 45.25 45.25 45.25 
32.18 31.94 31.47 30.78 29.89 28.85 27.67 26.39 25.05 23.66 22.26 20.87 19.5 18.17 16.89 15.67 14.51 13.42 12.39 11.43 21.03 19.21 17.35 15.43 13.41 11.41 24.39 19.04 45.5 45.5 45.5 45.5 
32.36 32.12 31.64 30.95 30.06 29.01 27.82 26.54 25.19 23.79 22.38 20.98 19.61 18.27 16.99 15.76 14.59 13.49 12.46 11.49 21.15 19.32 17.44 15.52 13.48 11.48 24.52 19.14 45.75 45.75 45.75 45.75 
32.54 32.29 31.81 31.11 30.22 29.16 27.97 26.68 25.32 23.92 22.51 21.1 19.71 18.37 17.08 15.84 14.67 13.56 12.53 11.55 21.26 19.43 17.54 15.6 13.55 11.54 24.66 19.25 46 46 46 46 
32.71 32.47 31.99 31.28 30.39 29.32 28.13 26.83 25.46 24.05 22.63 21.21 19.82 18.47 17.17 15.93 14.75 13.64 12.59 11.62 21.38 19.53 17.64 15.69 13.63 11.6 24.79 19.35 46.25 46.25 46.25 46.25 
32.89 32.64 32.16 31.45 30.55 29.48 28.28 26.97 25.6 24.18 22.75 21.33 19.93 18.57 17.26 16.02 14.83 13.71 12.66 11.68 21.49 19.64 17.73 15.77 13.7 11.66 24.93 19.46 46.5 46.5 46.5 46.5 
33.07 32.82 32.33 31.62 30.71 29.64 28.43 27.12 25.74 24.31 22.87 21.44 20.04 18.67 17.36 16.1 14.91 13.79 12.73 11.74 21.61 19.74 17.83 15.86 13.77 11.73 25.06 19.56 46.75 46.75 46.75 46.75 
33.24 32.99 32.5 31.79 30.88 29.8 28.58 27.26 25.87 24.44 23 21.56 20.14 18.77 17.45 16.19 14.99 13.86 12.8 11.8 21.72 19.85 17.92 15.94 13.85 11.79 25.19 19.67 47 47 47 47 
33.42 33.17 32.68 31.96 31.04 29.96 28.73 27.41 26.01 24.57 23.12 21.67 20.25 18.87 17.54 16.27 15.07 13.93 12.87 11.87 21.84 19.95 18.02 16.03 13.92 11.85 25.33 19.77 47.25 47.25 47.25 47.25 
33.6 33.35 32.85 32.13 31.21 30.12 28.89 27.55 26.15 24.7 23.24 21.79 20.36 18.97 17.64 16.36 15.15 14.01 12.93 11.93 21.95 20.06 18.11 16.11 14 11.91 25.46 19.88 47.5 47.5 47.5 47.5 
33.78 33.52 33.02 32.3 31.37 30.27 29.04 27.7 26.29 24.83 23.36 21.9 20.46 19.07 17.73 16.45 15.23 14.08 13 11.99 22.07 20.16 18.21 16.2 14.07 11.98 25.6 19.98 47.75 47.75 47.75 47.75 
33.95 33.7 33.2 32.47 31.54 30.43 29.19 27.84 26.42 24.96 23.48 22.02 20.57 19.17 17.82 16.53 15.31 14.15 13.07 12.06 22.19 20.27 18.3 16.28 14.14 12.04 25.73 20.08 48 48 48 48 
34.13 33.87 33.37 32.64 31.7 30.59 29.34 27.99 26.56 25.09 23.61 22.13 20.68 19.27 17.91 16.62 15.39 14.23 13.14 12.12 22.3 20.38 18.4 16.37 14.22 12.1 25.86 20.19 48.25 48.25 48.25 48.25 
34.31 34.05 33.54 32.81 31.86 30.75 29.49 28.13 26.7 25.22 23.73 22.24 20.79 19.37 18.01 16.7 15.47 14.3 13.21 12.18 22.42 20.48 18.49 16.45 14.29 12.17 26 20.29 48.5 48.5 48.5 48.5 
34.48 34.22 33.71 32.97 32.03 30.91 29.65 28.28 26.84 25.35 23.85 22.36 20.89 19.47 18.1 16.79 15.55 14.38 13.27 12.24 22.53 20.59 18.59 16.54 14.36 12.23 26.13 20.4 48.75 48.75 48.75 48.75 
34.66 34.4 33.89 33.14 32.19 31.07 29.8 28.42 26.97 25.48 23.97 22.47 21 19.57 18.19 16.88 15.63 14.45 13.34 12.31 22.65 20.69 18.68 16.62 14.44 12.29 26.27 20.5 49 49 49 49 
34.84 34.57 34.06 33.31 32.36 31.23 29.95 28.57 27.11 25.61 24.1 22.59 21.11 19.67 18.29 16.96 15.71 14.52 13.41 12.37 22.76 20.8 18.78 16.71 14.51 12.35 26.4 20.61 49.25 49.25 49.25 49.25 
35.01 34.75 34.23 33.48 32.52 31.38 30.1 28.71 27.25 25.74 24.22 22.7 21.21 19.77 18.38 17.05 15.79 14.6 13.48 12.43 22.88 20.9 18.87 16.79 14.58 12.42 26.53 20.71 49.5 49.5 49.5 49.5 
35.19 34.93 34.41 33.65 32.69 31.54 30.26 28.86 27.39 25.87 24.34 22.82 21.32 19.87 18.47 17.13 15.87 14.67 13.55 12.49 22.99 21.01 18.97 16.87 14.66 12.48 26.67 20.82 49.75 49.75 49.75 49.75 
35.37 35.1 34.58 33.82 32.85 31.7 30.41 29 27.52 26 24.46 22.93 21.43 19.97 18.56 17.22 15.95 14.74 13.61 12.56 23.11 21.12 19.07 16.96 14.73 12.54 26.8 20.92 50 50 50 50 
35.54 35.28 34.75 33.99 33.01 31.86 30.56 29.15 27.66 26.13 24.59 23.05 21.54 20.07 18.66 17.31 16.03 14.82 13.68 12.62 23.22 21.22 19.16 17.04 14.81 12.6 26.94 21.03 50.25 50.25 50.25 50.25 
35.72 35.45 34.92 34.16 33.18 32.02 30.71 29.29 27.8 26.26 24.71 23.16 21.64 20.17 18.75 17.39 16.11 14.89 13.75 12.68 23.34 21.33 19.26 17.13 14.88 12.67 27.07 21.13 50.5 50.5 50.5 50.5 
35.9 35.63 35.1 34.33 33.34 32.18 30.86 29.44 27.94 26.39 24.83 23.28 21.75 20.27 18.84 17.48 16.19 14.97 13.82 12.75 23.46 21.43 19.35 17.21 14.95 12.73 27.21 21.24 50.75 50.75 50.75 50.75 
36.07 35.8 35.27 34.5 33.51 32.34 31.02 29.58 28.08 26.52 24.95 23.39 21.86 20.37 18.93 17.57 16.27 15.04 13.89 12.81 23.57 21.54 19.45 17.3 15.03 12.79 27.34 21.34 51 51 51 51 
36.25 35.98 35.44 34.67 33.67 32.49 31.17 29.73 28.21 26.65 25.07 23.51 21.96 20.47 19.03 17.65 16.35 15.11 13.95 12.87 23.69 21.64 19.54 17.38 15.1 12.86 27.47 21.44 51.25 51.25 51.25 51.25 
36.43 36.15 35.62 34.83 33.84 32.65 31.32 29.87 28.35 26.78 25.2 23.62 22.07 20.57 19.12 17.74 16.43 15.19 14.02 12.93 23.8 21.75 19.64 17.47 15.17 12.92 27.61 21.55 51.5 51.5 51.5 51.5 
36.6 36.33 35.79 35 34 32.81 31.47 30.02 28.49 26.91 25.32 23.74 22.18 20.67 19.21 17.82 16.51 15.26 14.09 13 23.92 21.85 19.73 17.55 15.25 12.98 27.74 21.65 51.75 51.75 51.75 51.75 
36.78 36.5 35.96 35.17 34.16 32.97 31.62 30.16 28.63 27.04 25.44 23.85 22.29 20.77 19.31 17.91 16.58 15.33 14.16 13.06 24.03 21.96 19.83 17.64 15.32 13.04 27.88 21.76 52 52 52 52 
36.96 36.68 36.13 35.34 34.33 33.13 31.78 30.31 28.76 27.17 25.56 23.96 22.39 20.87 19.4 18 16.66 15.41 14.23 13.12 24.15 22.07 19.92 17.72 15.39 13.11 28.01 21.86 52.25 52.25 52.25 52.25 
37.13 36.86 36.31 35.51 34.49 33.29 31.93 30.45 28.9 27.3 25.69 24.08 22.5 20.97 19.49 18.08 16.74 15.48 14.3 13.19 24.26 22.17 20.02 17.81 15.47 13.17 28.14 21.97 52.5 52.5 52.5 52.5 
37.31 37.03 36.48 35.68 34.66 33.44 32.08 30.6 29.04 27.43 25.81 24.19 22.61 21.07 19.58 18.17 16.82 15.56 14.36 13.25 24.38 22.28 20.11 17.89 15.54 13.23 28.28 22.07 52.75 52.75 52.75 52.75 
37.49 37.21 36.65 35.85 34.82 33.6 32.23 30.74 29.18 27.56 25.93 24.31 22.71 21.17 19.68 18.25 16.9 15.63 14.43 13.31 24.5 22.38 20.21 17.98 15.62 13.29 28.41 22.18 53 53 53 53 
37.67 37.38 36.83 36.02 34.99 33.76 32.38 30.89 29.31 27.69 26.05 24.42 22.82 21.27 19.77 18.34 16.98 15.7 14.5 13.37 24.61 22.49 20.3 18.06 15.69 13.36 28.55 22.28 53.25 53.25 53.25 53.25 
37.84 37.56 37 36.19 35.15 33.92 32.54 31.03 29.45 27.82 26.18 24.54 22.93 21.37 19.86 18.43 17.06 15.78 14.57 13.44 24.73 22.59 20.4 18.15 15.76 13.42 28.68 22.39 53.5 53.5 53.5 53.5 
38.02 37.73 37.17 36.36 35.31 34.08 32.69 31.18 29.59 27.95 26.3 24.65 23.04 21.47 19.96 18.51 17.14 15.85 14.64 13.5 24.84 22.7 20.5 18.23 15.84 13.48 28.81 22.49 53.75 53.75 53.75 53.75 
38.2 37.91 37.35 36.53 35.48 34.24 32.84 31.32 29.73 28.08 26.42 24.77 23.14 21.57 20.05 18.6 17.22 15.92 14.7 13.56 24.96 22.8 20.59 18.32 15.91 13.55 28.95 22.6 54 54 54 54 
38.37 38.08 37.52 36.69 35.64 34.4 32.99 31.47 29.86 28.21 26.54 24.88 23.25 21.67 20.14 18.68 17.3 16 14.77 13.62 25.07 22.91 20.69 18.4 15.98 13.61 29.08 22.7 54.25 54.25 54.25 54.25 
38.55 38.26 37.69 36.86 35.81 34.55 33.14 31.61 30 28.34 26.66 25 23.36 21.77 20.23 18.77 17.38 16.07 14.84 13.69 25.19 23.02 20.78 18.49 16.06 13.67 29.22 22.8 54.5 54.5 54.5 54.5 
38.73 38.44 37.86 37.03 35.97 34.71 33.3 31.76 30.14 28.47 26.79 25.11 23.46 21.87 20.33 18.86 17.46 16.15 14.91 13.75 25.3 23.12 20.88 18.57 16.13 13.73 29.35 22.91 54.75 54.75 54.75 54.75 
38.9 38.61 38.04 37.2 36.14 34.87 33.45 31.9 30.28 28.6 26.91 25.23 23.57 21.97 20.42 18.94 17.54 16.22 14.98 13.81 25.42 23.23 20.97 18.66 16.2 13.8 29.48 23.01 55 55 55 55 
39.08 38.79 38.21 37.37 36.3 35.03 33.6 32.05 30.41 28.73 27.03 25.34 23.68 22.07 20.51 19.03 17.62 16.29 15.04 13.88 25.54 23.33 21.07 18.74 16.28 13.86 29.62 23.12 55.25 55.25 55.25 55.25 
39.26 38.96 38.38 37.54 36.46 35.19 33.75 32.19 30.55 28.86 27.15 25.45 23.79 22.17 20.61 19.12 17.7 16.37 15.11 13.94 25.65 23.44 21.16 18.83 16.35 13.92 29.75 23.22 55.5 55.5 55.5 55.5 
39.43 39.14 38.56 37.71 36.63 35.35 33.9 32.34 30.69 28.99 27.28 25.57 23.89 22.27 20.7 19.2 17.78 16.44 15.18 14 25.77 23.54 21.26 18.91 16.43 13.98 29.89 23.33 55.75 55.75 55.75 55.75 
39.61 39.31 38.73 37.88 36.79 35.51 34.06 32.48 30.83 29.12 27.4 25.68 24 22.37 20.79 19.29 17.86 16.51 15.25 14.06 25.88 23.65 21.35 18.99 16.5 14.05 30.02 23.43 56 56 56 56 
39.79 39.49 38.9 38.05 36.96 35.66 34.21 32.63 30.97 29.25 27.52 25.8 24.11 22.47 20.88 19.37 17.94 16.59 15.32 14.13 26 23.75 21.45 19.08 16.57 14.11 30.15 23.54 56.25 56.25 56.25 56.25 
39.96 39.66 39.07 38.22 37.12 35.82 34.36 32.77 31.1 29.38 27.64 25.91 24.21 22.56 20.98 19.46 18.02 16.66 15.38 14.19 26.11 23.86 21.54 19.16 16.65 14.17 30.29 23.64 56.5 56.5 56.5 56.5 
40.14 39.84 39.25 38.39 37.28 35.98 34.51 32.92 31.24 29.51 27.77 26.03 24.32 22.66 21.07 19.55 18.1 16.73 15.45 14.25 26.23 23.97 21.64 19.25 16.72 14.23 30.42 23.75 56.75 56.75 56.75 56.75 
40.32 40.01 39.42 38.55 37.45 36.14 34.66 33.06 31.38 29.64 27.89 26.14 24.43 22.76 21.16 19.63 18.18 16.81 15.52 14.32 26.34 24.07 21.73 19.33 16.79 14.3 30.56 23.85 57 57 57 57 
40.49 40.19 39.59 38.72 37.61 36.3 34.82 33.21 31.52 29.77 28.01 26.26 24.54 22.86 21.26 19.72 18.26 16.88 15.59 14.38 26.46 24.18 21.83 19.42 16.87 14.36 30.69 23.96 57.25 57.25 57.25 57.25 
40.67 40.37 39.77 38.89 37.78 36.46 34.97 33.35 31.65 29.9 28.13 26.37 24.64 22.96 21.35 19.8 18.34 16.96 15.66 14.44 26.58 24.28 21.92 19.5 16.94 14.42 30.82 24.06 57.5 57.5 57.5 57.5 
40.85 40.54 39.94 39.06 37.94 36.61 35.12 33.5 31.79 30.03 28.25 26.49 24.75 23.06 21.44 19.89 18.42 17.03 15.72 14.5 26.69 24.39 22.02 19.59 17.02 14.49 30.96 24.16 57.75 57.75 57.75 57.75 
41.03 40.72 40.11 39.23 38.11 36.77 35.27 33.64 31.93 30.16 28.38 26.6 24.86 23.16 21.53 19.98 18.5 17.1 15.79 14.57 26.81 24.49 22.12 19.67 17.09 14.55 31.09 24.27 58 58 58 58 
41.2 40.89 40.28 39.4 38.27 36.93 35.42 33.79 32.07 30.29 28.5 26.72 24.96 23.26 21.63 20.06 18.58 17.18 15.86 14.63 26.92 24.6 22.21 19.76 17.16 14.61 31.23 24.37 58.25 58.25 58.25 58.25 
41.38 41.07 40.46 39.57 38.43 37.09 35.58 33.93 32.2 30.42 28.62 26.83 25.07 23.36 21.72 20.15 18.66 17.25 15.93 14.69 27.04 24.7 22.31 19.84 17.24 14.67 31.36 24.48 58.5 58.5 58.5 58.5 
41.56 41.24 40.63 39.74 38.6 37.25 35.73 34.08 32.34 30.55 28.74 26.95 25.18 23.46 21.81 20.23 18.74 17.32 16 14.75 27.15 24.81 22.4 19.93 17.31 14.74 31.49 24.58 58.75 58.75 58.75 58.75 
41.73 41.42 40.8 39.91 38.76 37.41 35.88 34.22 32.48 30.68 28.87 27.06 25.29 23.56 21.9 20.32 18.82 17.4 16.07 14.82 27.27 24.92 22.5 20.01 17.38 14.8 31.63 24.69 59 59 59 59 
41.91 41.59 40.98 40.08 38.93 37.57 36.03 34.37 32.62 30.81 28.99 27.17 25.39 23.66 22 20.41 18.9 17.47 16.13 14.88 27.38 25.02 22.59 20.1 17.46 14.86 31.76 24.79 59.25 59.25 59.25 59.25 
42.09 41.77 41.15 40.25 39.09 37.72 36.18 34.51 32.75 30.94 29.11 27.29 25.5 23.76 22.09 20.49 18.98 17.55 16.2 14.94 27.5 25.13 22.69 20.18 17.53 14.92 31.9 24.9 59.5 59.5 59.5 59.5 
42.26 41.95 41.32 40.41 39.26 37.88 36.34 34.66 32.89 31.07 29.23 27.4 25.61 23.86 22.18 20.58 19.06 17.62 16.27 15.01 27.62 25.23 22.78 20.27 17.6 14.99 32.03 25 59.75 59.75 59.75 59.75 
42.44 42.12 41.49 40.58 39.42 38.04 36.49 34.8 33.03 31.2 29.36 27.52 25.72 23.96 22.28 20.67 19.14 17.69 16.34 15.07 27.73 25.34 22.88 20.35 17.68 15.05 32.16 25.11 60 60 60 60 
42.62 42.3 41.67 40.75 39.58 38.2 36.64 34.95 33.17 31.33 29.48 27.63 25.82 24.06 22.37 20.75 19.22 17.77 16.41 15.13 27.85 25.44 22.97 20.44 17.75 15.11 32.3 25.21 60.25 60.25 60.25 60.25 
42.79 42.47 41.84 40.92 39.75 38.36 36.79 35.09 33.3 31.46 29.6 27.75 25.93 24.16 22.46 20.84 19.3 17.84 16.47 15.19 27.96 25.55 23.07 20.52 17.83 15.18 32.43 25.32 60.5 60.5 60.5 60.5 
42.97 42.65 42.01 41.09 39.91 38.52 36.94 35.24 33.44 31.59 29.72 27.86 26.04 24.26 22.55 20.92 19.38 17.91 16.54 15.26 28.08 25.65 23.16 20.61 17.9 15.24 32.57 25.42 60.75 60.75 60.75 60.75 
43.15 42.82 42.19 41.26 40.08 38.68 37.1 35.38 33.58 31.72 29.85 27.98 26.14 24.36 22.65 21.01 19.46 17.99 16.61 15.32 28.19 25.76 23.26 20.69 17.97 15.3 32.7 25.52 61 61 61 61 
43.32 43 42.36 41.43 40.24 38.83 37.25 35.53 33.72 31.85 29.97 28.09 26.25 24.46 22.74 21.1 19.53 18.06 16.68 15.38 28.31 25.87 23.35 20.78 18.05 15.36 32.83 25.63 61.25 61.25 61.25 61.25 
43.5 43.17 42.53 41.6 40.41 38.99 37.4 35.67 33.86 31.98 30.09 28.21 26.36 24.56 22.83 21.18 19.61 18.14 16.75 15.45 28.42 25.97 23.45 20.86 18.12 15.43 32.97 25.73 61.5 61.5 61.5 61.5 
43.68 43.35 42.7 41.77 40.57 39.15 37.55 35.82 33.99 32.11 30.21 28.32 26.47 24.66 22.93 21.27 19.69 18.21 16.81 15.51 28.54 26.08 23.55 20.95 18.19 15.49 33.1 25.84 61.75 61.75 61.75 61.75 
43.85 43.52 42.88 41.94 40.73 39.31 37.7 35.96 34.13 32.24 30.33 28.44 26.57 24.76 23.02 21.35 19.77 18.28 16.88 15.57 28.66 26.18 23.64 21.03 18.27 15.55 33.24 25.94 62 62 62 62 
44.03 43.7 43.05 42.11 40.9 39.47 37.86 36.11 34.27 32.37 30.46 28.55 26.68 24.86 23.11 21.44 19.85 18.36 16.95 15.63 28.77 26.29 23.74 21.11 18.34 15.61 33.37 26.05 62.25 62.25 62.25 62.25 
44.21 43.88 43.22 42.27 41.06 39.63 38.01 36.25 34.41 32.5 30.58 28.67 26.79 24.96 23.2 21.53 19.93 18.43 17.02 15.7 28.89 26.39 23.83 21.2 18.41 15.68 33.5 26.15 62.5 62.5 62.5 62.5 
44.38 44.05 43.4 42.44 41.23 39.78 38.16 36.4 34.54 32.63 30.7 28.78 26.89 25.06 23.3 21.61 20.01 18.5 17.09 15.76 29 26.5 23.93 21.28 18.49 15.74 33.64 26.26 62.75 62.75 62.75 62.75 
44.56 44.23 43.57 42.61 41.39 39.94 38.31 36.54 34.68 32.76 30.82 28.89 27 25.16 23.39 21.7 20.09 18.58 17.15 15.82 29.12 26.61 24.02 21.37 18.56 15.8 33.77 26.36 63 63 63 63 
44.74 44.4 43.74 42.78 41.56 40.1 38.46 36.69 34.82 32.89 30.95 29.01 27.11 25.26 23.48 21.78 20.17 18.65 17.22 15.89 29.23 26.71 24.12 21.45 18.64 15.87 33.91 26.47 63.25 63.25 63.25 63.25 
44.92 44.58 43.92 42.95 41.72 40.26 38.62 36.83 34.96 33.02 31.07 29.12 27.22 25.36 23.58 21.87 20.25 18.73 17.29 15.95 29.35 26.82 24.21 21.54 18.71 15.93 34.04 26.57 63.5 63.5 63.5 63.5 
45.09 44.75 44.09 43.12 41.88 40.42 38.77 36.98 35.09 33.15 31.19 29.24 27.32 25.46 23.67 21.96 20.33 18.8 17.36 16.01 29.46 26.92 24.31 21.62 18.78 15.99 34.17 26.68 63.75 63.75 63.75 63.75 
