Ns2600plu    2.6000000    0.6500000         5.5      0.5      0.5     3.      0.     0.      0.        0.       0.       9401
Ns2600zer    2.6000000    0.6500000         5.5      0.5     -0.5     3.      0.     0.      0.        0.       0.       9400
Ns2600plb    2.6000000    0.6500000         5.5      0.5     -0.5     0.      0.     3.      0.        0.       0.      -9401
Ns2600zrb    2.6000000    0.6500000         5.5      0.5      0.5     0.      0.     3.      0.        0.       0.      -9400
Dl2420plp    2.4200000    0.4000000         5.5      1.5      1.5     3.      0.     0.      0.        0.       0.       9297
Dl2420plu    2.4200000    0.4000000         5.5      1.5      0.5     3.      0.     0.      0.        0.       0.       9298
Dl2420zer    2.4200000    0.4000000         5.5      1.5     -0.5     3.      0.     0.      0.        0.       0.       9299
Dl2420min    2.4200000    0.4000000         5.5      1.5     -1.5     3.      0.     0.      0.        0.       0.       9300
Dl2420ppb    2.4200000    0.4000000         5.5      1.5     -1.5     0.      0.     3.      0.        0.       0.      -9297
Dl2420plb    2.4200000    0.4000000         5.5      1.5     -0.5     0.      0.     3.      0.        0.       0.      -9298
Dl2420zrb    2.4200000    0.4000000         5.5      1.5      0.5     0.      0.     3.      0.        0.       0.      -9299
Dl2420mnb    2.4200000    0.4000000         5.5      1.5      1.5     0.      0.     3.      0.        0.       0.      -9300
f42340zer    2.3390000    0.3190000         4.0      0.       0.      1.      0.     1.      0.        0.       0.      40225
f22300zer    2.2970000    0.1490000         2.0      0.       0.      1.      0.     1.      0.        0.       0.      30225
UM2250min    2.2520000    0.0550000         1.5      0.       0.      0.      3.     0.      0.        0.       0.       9000
UM2250mnb    2.2520000    0.0550000         1.5      0.       0.      0.      0.     0.      3.        0.       0.      -9000
Ns2250plu    2.2500000    0.4000000         4.5      0.5      0.5     3.      0.     0.      0.        0.       0.       5128
Ns2250zer    2.2500000    0.4000000         4.5      0.5     -0.5     3.      0.     0.      0.        0.       0.       5218
Ns2250plb    2.2500000    0.4000000         4.5      0.5     -0.5     0.      0.     3.      0.        0.       0.      -5128
Ns2250zrb    2.2500000    0.4000000         4.5      0.5      0.5     0.      0.     3.      0.        0.       0.      -5218
Sg2250plu    2.2500000    0.1000000         1.5      1.       1.      2.      1.     0.      0.        0.       0.       4028
Sg2250min    2.2500000    0.1000000         1.5      1.      -1.      2.      1.     0.      0.        0.       0.       4128
Sg2250zer    2.2500000    0.1000000         1.5      1.       0.      2.      1.     0.      0.        0.       0.       4228
Sg2250plb    2.2500000    0.1000000         1.5      1.      -1.      0.      0.     2.      1.        0.       0.      -4028
Sg2250mnb    2.2500000    0.1000000         1.5      1.       1.      0.      0.     2.      1.        0.       0.      -4128
Sg2250zrb    2.2500000    0.1000000         1.5      1.       0.      0.      0.     2.      1.        0.       0.      -4228
Ns2220plu    2.2200000    0.4000000         2.5      0.5      0.5     3.      0.     0.      0.        0.       0.   31280001
Ns2220zer    2.2200000    0.4000000         2.5      0.5     -0.5     3.      0.     0.      0.        0.       0.   32180001
Ns2220plb    2.2200000    0.4000000         2.5      0.5     -0.5     0.      0.     3.      0.        0.       0.  -31280001
Ns2220zrb    2.2200000    0.4000000         2.5      0.5      0.5     0.      0.     3.      0.        0.       0.  -32180001
Ns2190plu    2.1900000    0.4500000         3.5      0.5      0.5     3.      0.     0.      0.        0.       0.       1218
Ns2190zer    2.1900000    0.4500000         3.5      0.5     -0.5     3.      0.     0.      0.        0.       0.       2128
Ns2190plb    2.1900000    0.4500000         3.5      0.5     -0.5     0.      0.     3.      0.        0.       0.      -1218
Ns2190zrb    2.1900000    0.4500000         3.5      0.5      0.5     0.      0.     3.      0.        0.       0.      -2128
Lm2100zer    2.1000000    0.2000000         1.5      0.       0.      2.      1.     0.      0.        0.       0.       3128
Lm2100zrb    2.1000000    0.2000000         1.5      0.       0.      0.      0.     2.      1.        0.       0.      -3128
Sg2030plu    2.0300000    0.1800000         1.5      1.       1.      2.      1.     0.      0.        0.       0.       3118
Sg2030min    2.0300000    0.1800000         1.5      1.      -1.      2.      1.     0.      0.        0.       0.       3218
Sg2030zer    2.0300000    0.1800000         1.5      1.       0.      2.      1.     0.      0.        0.       0.       3228
Sg2030plb    2.0300000    0.1800000         1.5      1.      -1.      0.      0.     2.      1.        0.       0.      -3118
Sg2030mnb    2.0300000    0.1800000         1.5      1.       1.      0.      0.     2.      1.        0.       0.      -3218
Sg2030zrb    2.0300000    0.1800000         1.5      1.       0.      0.      0.     2.      1.        0.       0.      -3228
Xi2030min    2.0250000    0.0200000         2.5      0.5     -0.5     1.      2.     0.      0.        0.       0.       8901
Xi2030mnb    2.0250000    0.0200000         2.5      0.5      0.5     0.      0.     1.      2.        0.       0.       8900 
Xi2030zer    2.0250000    0.0200000         2.5      0.5      0.5     1.      2.     0.      0.        0.       0.      -8901
Xi2030zrb    2.0250000    0.0200000         2.5      0.5     -0.5     0.      0.     1.      2.        0.       0.      -8900
a42040plu    2.0140000    0.3610000         4.0      1.       1.      1.      0.     1.      0.        0.       0.        219
a42040min    2.0140000    0.3610000         4.0      1.      -1.      1.      0.     1.      0.        0.       0.       -219
a42040zer    2.0140000    0.3610000         4.0      1.       0.      1.      0.     1.      0.        0.       0.        119
Dl1950plp    1.9500000    0.3000000         3.5      1.5      1.5     3.      0.     0.      0.        0.       0.       1118
Dl1950plu    1.9500000    0.3000000         3.5      1.5      0.5     3.      0.     0.      0.        0.       0.       2118
Dl1950zer    1.9500000    0.3000000         3.5      1.5     -0.5     3.      0.     0.      0.        0.       0.       2218
Dl1950min    1.9500000    0.3000000         3.5      1.5     -1.5     3.      0.     0.      0.        0.       0.       2228
Dl1950ppb    1.9500000    0.3000000         3.5      1.5     -1.5     0.      0.     3.      0.        0.       0.      -1118
Dl1950plb    1.9500000    0.3000000         3.5      1.5     -0.5     0.      0.     3.      0.        0.       0.      -2118
Dl1950zrb    1.9500000    0.3000000         3.5      1.5      0.5     0.      0.     3.      0.        0.       0.      -2218
Dl1950mnb    1.9500000    0.3000000         3.5      1.5      1.5     0.      0.     3.      0.        0.       0.      -2228
Xi1950min    1.9500000    0.0600000         1.5      0.5     -0.5     1.      2.     0.      0.        0.       0.      67001
Xi1950mnb    1.9500000    0.0600000         1.5      0.5      0.5     0.      0.     1.      2.        0.       0.     -67001
Xi1950zer    1.9500000    0.0600000         1.5      0.5      0.5     1.      2.     0.      0.        0.       0.      67000
Xi1950zrb    1.9500000    0.0600000         1.5      0.5     -0.5     0.      0.     1.      2.        0.       0.     -67000
Sg1940plu    1.9400000    0.2200000         1.5      1.       1.      2.      1.     0.      0.        0.       0.      23114
Sg1940min    1.9400000    0.2200000         1.5      1.      -1.      2.      1.     0.      0.        0.       0.      23214
Sg1940zer    1.9400000    0.2200000         1.5      1.       0.      2.      1.     0.      0.        0.       0.      23224
Sg1940plb    1.9400000    0.2200000         1.5      1.      -1.      0.      0.     2.      1.        0.       0.     -23114
Sg1940mnb    1.9400000    0.2200000         1.5      1.       1.      0.      0.     2.      1.        0.       0.     -23214
Sg1940zrb    1.9400000    0.2200000         1.5      1.       0.      0.      0.     2.      1.        0.       0.     -23224
Dl1930plp    1.9300000    0.3500000         2.5      1.5      1.5     3.      0.     0.      0.        0.       0.      11116
Dl1930plu    1.9300000    0.3500000         2.5      1.5      0.5     3.      0.     0.      0.        0.       0.      11216
Dl1930zer    1.9300000    0.3500000         2.5      1.5     -0.5     3.      0.     0.      0.        0.       0.      12126
Dl1930min    1.9300000    0.3500000         2.5      1.5     -1.5     3.      0.     0.      0.        0.       0.      12226
Dl1930ppb    1.9300000    0.3500000         2.5      1.5     -1.5     0.      0.     3.      0.        0.       0.     -11116
Dl1930plb    1.9300000    0.3500000         2.5      1.5     -0.5     0.      0.     3.      0.        0.       0.     -11216
Dl1930zrb    1.9300000    0.3500000         2.5      1.5      0.5     0.      0.     3.      0.        0.       0.     -12126
Dl1930mnb    1.9300000    0.3500000         2.5      1.5      1.5     0.      0.     3.      0.        0.       0.     -12226
Dl1920plp    1.9200000    0.2000000         1.5      1.5      1.5     3.      0.     0.      0.        0.       0.      21114
Dl1920plu    1.9200000    0.2000000         1.5      1.5      0.5     3.      0.     0.      0.        0.       0.      22114
Dl1920zer    1.9200000    0.2000000         1.5      1.5     -0.5     3.      0.     0.      0.        0.       0.      22214
Dl1920min    1.9200000    0.2000000         1.5      1.5     -1.5     3.      0.     0.      0.        0.       0.      22224
Dl1920ppb    1.9200000    0.2000000         1.5      1.5     -1.5     0.      0.     3.      0.        0.       0.     -21114
Dl1920plb    1.9200000    0.2000000         1.5      1.5     -0.5     0.      0.     3.      0.        0.       0.     -22114
Dl1920zrb    1.9200000    0.2000000         1.5      1.5      0.5     0.      0.     3.      0.        0.       0.     -22214
Dl1920mnb    1.9200000    0.2000000         1.5      1.5      1.5     0.      0.     3.      0.        0.       0.     -22224
Sg1915plu    1.9150000    0.1200000         2.5      1.       1.      2.      1.     0.      0.        0.       0.      13116
Sg1915min    1.9150000    0.1200000         2.5      1.      -1.      2.      1.     0.      0.        0.       0.      13216
Sg1915zer    1.9150000    0.1200000         2.5      1.       0.      2.      1.     0.      0.        0.       0.      13226
Sg1915plb    1.9150000    0.1200000         2.5      1.      -1.      0.      0.     2.      1.        0.       0.     -13116
Sg1915mnb    1.9150000    0.1200000         2.5      1.       1.      0.      0.     2.      1.        0.       0.     -13216
Sg1915zrb    1.9150000    0.1200000         2.5      1.       0.      0.      0.     2.      1.        0.       0.     -13226
Dl1910plp    1.9100000    0.2500000         0.5      1.5      1.5     3.      0.     0.      0.        0.       0.      21112
Dl1910plu    1.9100000    0.2500000         0.5      1.5      0.5     3.      0.     0.      0.        0.       0.      21212
Dl1910zer    1.9100000    0.2500000         0.5      1.5     -0.5     3.      0.     0.      0.        0.       0.  221220001
Dl1910min    1.9100000    0.2500000         0.5      1.5     -1.5     3.      0.     0.      0.        0.       0.      22222
Dl1910ppb    1.9100000    0.2500000         0.5      1.5     -1.5     0.      0.     3.      0.        0.       0.     -21112
Dl1910plb    1.9100000    0.2500000         0.5      1.5     -0.5     0.      0.     3.      0.        0.       0.     -21212
Dl1910zrb    1.9100000    0.2500000         0.5      1.5      0.5     0.      0.     3.      0.        0.       0. -221220001
Dl1910mnb    1.9100000    0.2500000         0.5      1.5      1.5     0.      0.     3.      0.        0.       0.     -22222
Dl1905plp    1.9050000    0.3500000         2.5      1.5      1.5     3.      0.     0.      0.        0.       0.       1116
Dl1905plu    1.9050000    0.3500000         2.5      1.5      0.5     3.      0.     0.      0.        0.       0.       1216
Dl1905zer    1.9050000    0.3500000         2.5      1.5     -0.5     3.      0.     0.      0.        0.       0.       2126
Dl1905min    1.9050000    0.3500000         2.5      1.5     -1.5     3.      0.     0.      0.        0.       0.       2226
Dl1905ppb    1.9050000    0.3500000         2.5      1.5     -1.5     0.      0.     3.      0.        0.       0.      -1116
Dl1905plb    1.9050000    0.3500000         2.5      1.5     -0.5     0.      0.     3.      0.        0.       0.      -1216
Dl1905zrb    1.9050000    0.3500000         2.5      1.5      0.5     0.      0.     3.      0.        0.       0.      -2126
Dl1905mnb    1.9050000    0.3500000         2.5      1.5      1.5     0.      0.     3.      0.        0.       0.      -2226
Lm1890zer    1.8900000    0.1000000         1.5      0.       0.      2.      1.     0.      0.        0.       0.      23124
Lm1890zrb    1.8900000    0.1000000         1.5      0.       0.      0.      0.     2.      1.        0.       0.     -23124
ph1850zer    1.8540000    0.0870000         3.0      0.       0.      0.      1.     0.      1.        0.       0.        337
Lm1830zer    1.8300000    0.9500000         0.5      0.       0.      2.      1.     0.      0.        0.       0.      13126
Lm1830zrb    1.8300000    0.9500000         0.5      0.       0.      0.      0.     2.      1.        0.       0.     -13126
Xi1820min    1.8230000    0.0240000         1.5      0.5     -0.5     1.      2.     0.      0.        0.       0.      13314
Xi1820mnb    1.8230000    0.0240000         1.5      0.5      0.5     0.      0.     1.      2.        0.       0.      13324
Xi1820zer    1.8230000    0.0240000         1.5      0.5      0.5     1.      2.     0.      0.        0.       0.     -13314
Xi1820zrb    1.8230000    0.0240000         1.5      0.5     -0.5     0.      0.     1.      2.        0.       0.     -13324
Lm1820zer    1.8200000    0.8000000         0.5      0.       0.      2.      1.     0.      0.        0.       0.       3126
Lm1820zrb    1.8200000    0.8000000         0.5      0.       0.      0.      0.     2.      1.        0.       0.      -3126
Ka1820plu    1.8160000    0.2760000         2.0      0.5      0.5     1.      0.     0.      1.        0.       0.      20315
Ka1820min    1.8160000    0.2760000         2.0      0.5     -0.5     0.      1.     1.      0.        0.       0.      20325
Ka1820zer    1.8160000    0.2760000         2.0      0.5     -0.5     1.      0.     0.      1.        0.       0.     -20325
Ka1820zrb    1.8160000    0.2760000         2.0      0.5      0.5     0.      1.     1.      0.        0.       0.     -20315
Lm1810zer    1.8100000    0.1500000         0.5      0.       0.      2.      1.     0.      0.        0.       0.      53122
Lm1810zrb    1.8100000    0.1500000         0.5      0.       0.      0.      0.     2.      1.        0.       0.     -53122
pi1800plu    1.8010000    0.2100000         0.0      1.       1.      1.      0.     1.      0.        0.       0.     200111
pi1800min    1.8010000    0.2100000         0.0      1.      -1.      1.      0.     1.      0.        0.       0.    -200111
pi1800zer    1.8010000    0.2100000         0.0      1.       0.      1.      0.     1.      0.        0.       0.     200211
Lm1800zer    1.8000000    0.3000000         0.5      0.       0.      2.      1.     0.      0.        0.       0.      43122
Lm1800zrb    1.8000000    0.3000000         0.5      0.       0.      0.      0.     2.      1.        0.       0.     -43122
Ka1780zer    1.7760000    0.1590000         3.0      0.5     -0.5     1.      0.     0.      1.        0.       0.        317
Ka1780zrb    1.7760000    0.1590000         3.0      0.5      0.5     0.      1.     1.      0.        0.       0.        327
Ka1780plu    1.7760000    0.1590000         3.0      0.5      0.5     1.      0.     0.      1.        0.       0.       -317
Ka1780min    1.7760000    0.1590000         3.0      0.5     -0.5     0.      1.     1.      0.        0.       0.       -327
Sg1775plu    1.7750000    0.1200000         2.5      1.       1.      2.      1.     0.      0.        0.       0.       3116
Sg1775min    1.7750000    0.1200000         2.5      1.      -1.      2.      1.     0.      0.        0.       0.       3216
Sg1775zer    1.7750000    0.1200000         2.5      1.       0.      2.      1.     0.      0.        0.       0.       3226
Sg1775plb    1.7750000    0.1200000         2.5      1.      -1.      0.      0.     2.      1.        0.       0.      -3116
Sg1775mnb    1.7750000    0.1200000         2.5      1.       1.      0.      0.     2.      1.        0.       0.      -3216
Sg1775zrb    1.7750000    0.1200000         2.5      1.       0.      0.      0.     2.      1.        0.       0.      -3226
Sg1750plu    1.7500000    0.0900000         0.5      1.       1.      2.      1.     0.      0.        0.       0.       8116
Sg1750zer    1.7500000    0.0900000         0.5      1.       0.      2.      1.     0.      0.        0.       0.       8117
Sg1750min    1.7500000    0.0900000         0.5      1.      -1.      2.      1.     0.      0.        0.       0.       8118
Sg1750plb    1.7500000    0.0900000         0.5      1.      -1.      0.      0.     2.      1.        0.       0.      -8116
Sg1750zrb    1.7500000    0.0900000         0.5      1.       0.      0.      0.     2.      1.        0.       0.      -8117
Sg1750mnb    1.7500000    0.0900000         0.5      1.       1.      0.      0.     2.      1.        0.       0.      -8118
Ka1770zer    1.7730000    0.1860000         2.0      0.5     -0.5     1.      0.     0.      1.        0.       0.      10315
Ka1770zrb    1.7730000    0.1860000         2.0      0.5      0.5     0.      1.     1.      0.        0.       0.      10325
Ka1770plu    1.7730000    0.1860000         2.0      0.5      0.5     1.      0.     0.      1.        0.       0.     -10315
Ka1770min    1.7730000    0.1860000         2.0      0.5     -0.5     0.      1.     1.      0.        0.       0.     -10325
Ns1720plu    1.7200000    0.1500000         1.5      0.5      0.5     3.      0.     0.      0.        0.       0.      31214
Ns1720zer    1.7200000    0.1500000         1.5      0.5     -0.5     3.      0.     0.      0.        0.       0.      32124
Ns1720plb    1.7200000    0.1500000         1.5      0.5     -0.5     0.      0.     3.      0.        0.       0.     -31214
Ns1720zrb    1.7200000    0.1500000         1.5      0.5      0.5     0.      0.     3.      0.        0.       0.     -32124
Ka1680zer    1.7170000    0.3220000         1.0      0.5     -0.5     1.      0.     0.      1.        0.       0.      30313
Ka1680zrb    1.7170000    0.3220000         1.0      0.5      0.5     0.      1.     1.      0.        0.       0.      30323
Ka1680plu    1.7170000    0.3220000         1.0      0.5      0.5     1.      0.     0.      1.        0.       0.     -30313
Ka1680min    1.7170000    0.3220000         1.0      0.5     -0.5     0.      1.     1.      0.        0.       0.     -30323
f01710zer    1.7150000    0.1250000         0.0      0.       0.      1.      0.     1.      0.        0.       0.      10331
Ns1710plu    1.7100000    0.1000000         0.5      0.5      0.5     3.      0.     0.      0.        0.       0.      42112
Ns1710zer    1.7100000    0.1000000         0.5      0.5     -0.5     3.      0.     0.      0.        0.       0.      42212
Ns1710plb    1.7100000    0.1000000         0.5      0.5     -0.5     0.      0.     3.      0.        0.       0.     -42112
Ns1710zrb    1.7100000    0.1000000         0.5      0.5      0.5     0.      0.     3.      0.        0.       0.     -42212
Ns1700plu    1.7000000    0.1000000         1.5      0.5      0.5     3.      0.     0.      0.        0.       0.      21214
Ns1700zer    1.7000000    0.1000000         1.5      0.5     -0.5     3.      0.     0.      0.        0.       0.      22124
Ns1700plb    1.7000000    0.1000000         1.5      0.5     -0.5     0.      0.     3.      0.        0.       0.     -21214
Ns1700zrb    1.7000000    0.1000000         1.5      0.5      0.5     0.      0.     3.      0.        0.       0.     -22124
rh1700plu    1.7000000    0.2400000         1.0      1.       1.      1.      0.     1.      0.        0.       0.      30213
rh1700min    1.7000000    0.2400000         1.0      1.      -1.      1.      0.     1.      0.        0.       0.     -30213
rh1700zer    1.7000000    0.2400000         1.0      1.       0.      1.      0.     1.      0.        0.       0.      30113
Dl1700plp    1.7000000    0.3000000         1.5      1.5      1.5     3.      0.     0.      0.        0.       0.      11114
Dl1700plu    1.7000000    0.3000000         1.5      1.5      0.5     3.      0.     0.      0.        0.       0.      12114
Dl1700zer    1.7000000    0.3000000         1.5      1.5     -0.5     3.      0.     0.      0.        0.       0.      12214
Dl1700min    1.7000000    0.3000000         1.5      1.5     -1.5     3.      0.     0.      0.        0.       0.      12224
Dl1700ppb    1.7000000    0.3000000         1.5      1.5     -1.5     0.      0.     3.      0.        0.       0.     -11114
Dl1700plb    1.7000000    0.3000000         1.5      1.5     -0.5     0.      0.     3.      0.        0.       0.     -12114
Dl1700zrb    1.7000000    0.3000000         1.5      1.5      0.5     0.      0.     3.      0.        0.       0.     -12214
Dl1700mnb    1.7000000    0.3000000         1.5      1.5      1.5     0.      0.     3.      0.        0.       0.     -12224
rh1690plu    1.6910000    0.1610000         3.0      1.       1.      1.      0.     1.      0.        0.       0.        217
rh1690min    1.6910000    0.1610000         3.0      1.      -1.      1.      0.     1.      0.        0.       0.       -217
rh1690zer    1.6910000    0.1610000         0.0      1.       0.      1.      0.     1.      0.        0.       0.        117
Lm1690zer    1.6900000    0.0600000         1.5      0.       0.      2.      1.     0.      0.        0.       0.      13124
Lm1690zrb    1.6900000    0.0600000         1.5      0.       0.      0.      0.     2.      1.        0.       0.     -13124
Xi1690min    1.6900000    0.0290000         1.5      0.5     -0.5     1.      2.     0.      0.        0.       0.     -67719
Xi1690mnb    1.6900000    0.0290000         1.5      0.5      0.5     0.      0.     1.      2.        0.       0.      67719
Xi1690zer    1.6900000    0.0290000         1.5      0.5      0.5     1.      2.     0.      0.        0.       0.      67718
Xi1690zrb    1.6900000    0.0290000         1.5      0.5     -0.5     0.      0.     1.      2.        0.       0.     -67718
Ns1680plu    1.6800000    0.1300000         2.5      0.5      0.5     3.      0.     0.      0.        0.       0.      12116
Ns1680zer    1.6800000    0.1300000         2.5      0.5     -0.5     3.      0.     0.      0.        0.       0.      12216
Ns1680plb    1.6800000    0.1300000         2.5      0.5     -0.5     0.      0.     3.      0.        0.       0.     -12116
Ns1680zrb    1.6800000    0.1300000         2.5      0.5      0.5     0.      0.     3.      0.        0.       0.     -12216
ph1680zer    1.6800000    0.1500000         1.0      0.       0.      0.      1.     0.      1.        0.       0.     100333
Ns1675plu    1.6750000    0.1500000         2.5      0.5      0.5     3.      0.     0.      0.        0.       0.       2116
Ns1675zer    1.6750000    0.1500000         2.5      0.5     -0.5     3.      0.     0.      0.        0.       0.       2216
Ns1675plb    1.6750000    0.1500000         2.5      0.5     -0.5     0.      0.     3.      0.        0.       0.      -2116
Ns1675zrb    1.6750000    0.1500000         2.5      0.5      0.5     0.      0.     3.      0.        0.       0.      -2216
UM1672min    1.6724500    8.003e-16         1.5      0.       0.      0.      3.     0.      0.        0.       0.       3334
UM1672mnb    1.6724500    8.003e-16         1.5      0.       0.      0.      0.     0.      3.        0.       0.      -3334
pi1670plu    1.6700000    0.2590000         2.0      1.       1.      1.      0.     1.      0.        0.       0.      10215
pi1670min    1.6700000    0.2590000         2.0      1.      -1.      1.      0.     1.      0.        0.       0.     -10215
pi1670zer    1.6700000    0.2590000         2.0      1.       0.      1.      0.     1.      0.        0.       0.      10115
Lm1670zer    1.6700000    0.0350000         0.5      0.       0.      2.      1.     0.      0.        0.       0.      33122
Lm1670zrb    1.6700000    0.0350000         0.5      0.       0.      0.      0.     2.      1.        0.       0.     -33122
Sg1670plu    1.6700000    0.0600000         1.5      1.       1.      2.      1.     0.      0.        0.       0.      13114
Sg1670min    1.6700000    0.0600000         1.5      1.      -1.      2.      1.     0.      0.        0.       0.      13214
Sg1670zer    1.6700000    0.0600000         1.5      1.       0.      2.      1.     0.      0.        0.       0.      13224
Sg1670plb    1.6700000    0.0600000         1.5      1.      -1.      0.      0.     2.      1.        0.       0.     -13114
Sg1670mnb    1.6700000    0.0600000         1.5      1.       1.      0.      0.     2.      1.        0.       0.     -13214
Sg1670zrb    1.6700000    0.0600000         1.5      1.       0.      0.      0.     2.      1.        0.       0.     -13224
om1670zer    1.6670000    0.1680000         3.0      0.       0.      1.      0.     1.      0.        0.       0.        227
Sg1660plu    1.6600000    0.1000000         0.5      1.       1.      2.      1.     0.      0.        0.       0.      13112
Sg1660min    1.6600000    0.1000000         0.5      1.      -1.      2.      1.     0.      0.        0.       0.      13212
Sg1660zer    1.6600000    0.1000000         0.5      1.       0.      2.      1.     0.      0.        0.       0.      13222
Sg1660plb    1.6600000    0.1000000         0.5      1.      -1.      0.      0.     2.      1.        0.       0.     -13112
Sg1660mnb    1.6600000    0.1000000         0.5      1.       1.      0.      0.     2.      1.        0.       0.     -13212
Sg1660zrb    1.6600000    0.1000000         0.5      1.       0.      0.      0.     2.      1.        0.       0.     -13222
Ns1650plu    1.6500000    0.1500000         0.5      0.5      0.5     3.      0.     0.      0.        0.       0.      32112
Ns1650zer    1.6500000    0.1500000         0.5      0.5     -0.5     3.      0.     0.      0.        0.       0.      32212
Ns1650plb    1.6500000    0.1500000         0.5      0.5     -0.5     0.      0.     3.      0.        0.       0.     -32112
Ns1650zrb    1.6500000    0.1500000         0.5      0.5      0.5     0.      0.     3.      0.        0.       0.     -32212
om1650zer    1.6490000    0.2200000         1.0      0.       0.      1.      0.     1.      0.        0.       0.      30223
Dl1620plp    1.6200000    0.1500000         0.5      1.5      1.5     3.      0.     0.      0.        0.       0.       1112
Dl1620plu    1.6200000    0.1500000         0.5      1.5      0.5     3.      0.     0.      0.        0.       0.       1212
Dl1620zer    1.6200000    0.1500000         0.5      1.5     -0.5     3.      0.     0.      0.        0.       0.       2122
Dl1620min    1.6200000    0.1500000         0.5      1.5     -1.5     3.      0.     0.      0.        0.       0.       2222
Dl1620ppb    1.6200000    0.1500000         0.5      1.5     -1.5     0.      0.     3.      0.        0.       0.      -1112
Dl1620plb    1.6200000    0.1500000         0.5      1.5     -0.5     0.      0.     3.      0.        0.       0.      -1212
Dl1620zrb    1.6200000    0.1500000         0.5      1.5      0.5     0.      0.     3.      0.        0.       0.      -2122
Dl1620mnb    1.6200000    0.1500000         0.5      1.5      1.5     0.      0.     3.      0.        0.       0.      -2222
Xi1620min    1.6200000    0.0300000         1.5      0.5     -0.5     1.      2.     0.      0.        0.       0.      46653
Xi1620mnb    1.6200000    0.0300000         1.5      0.5      0.5     0.      0.     1.      2.        0.       0.     -46653
Xi1620zer    1.6200000    0.0300000         1.5      0.5      0.5     1.      2.     0.      0.        0.       0.      45553
Xi1620zrb    1.6200000    0.0300000         1.5      0.5     -0.5     0.      0.     1.      2.        0.       0.     -45553
Dl1600plp    1.6000000    0.3500000         1.5      1.5      1.5     3.      0.     0.      0.        0.       0.      31114
Dl1600plu    1.6000000    0.3500000         1.5      1.5      0.5     3.      0.     0.      0.        0.       0.      32114
Dl1600zer    1.6000000    0.3500000         1.5      1.5     -0.5     3.      0.     0.      0.        0.       0.      32214
Dl1600min    1.6000000    0.3500000         1.5      1.5     -1.5     3.      0.     0.      0.        0.       0.      32224
Dl1600ppb    1.6000000    0.3500000         1.5      1.5     -1.5     0.      0.     3.      0.        0.       0.     -31114
Dl1600plb    1.6000000    0.3500000         1.5      1.5     -0.5     0.      0.     3.      0.        0.       0.     -32114
Dl1600zrb    1.6000000    0.3500000         1.5      1.5      0.5     0.      0.     3.      0.        0.       0.     -32214
Dl1600mnb    1.6000000    0.3500000         1.5      1.5      1.5     0.      0.     3.      0.        0.       0.     -32224
Lm1600zer    1.6000000    0.1500000         0.5      0.       0.      2.      1.     0.      0.        0.       0.      23122
Lm1600zrb    1.6000000    0.1500000         0.5      0.       0.      0.      0.     2.      1.        0.       0.     -23122
Ns1535plu    1.5350000    0.1500000         0.5      0.5      0.5     3.      0.     0.      0.        0.       0.      22212
Ns1535zer    1.5350000    0.1500000         0.5      0.5     -0.5     3.      0.     0.      0.        0.       0.      22122
Ns1535plb    1.5350000    0.1500000         0.5      0.5     -0.5     0.      0.     3.      0.        0.       0.     -22212
Ns1535zrb    1.5350000    0.1500000         0.5      0.5      0.5     0.      0.     3.      0.        0.       0.     -22122
Xi1530min    1.5350000    0.0099000         1.5      0.5     -0.5     1.      2.     0.      0.        0.       0.       3324
Xi1530mnb    1.5350000    0.0099000         1.5      0.5      0.5     0.      0.     1.      2.        0.       0.      -3324
Xi1530zer    1.5318000    0.0091000         1.5      0.5      0.5     1.      2.     0.      0.        0.       0.       3314
Xi1530zrb    1.5318000    0.0091000         1.5      0.5     -0.5     0.      0.     1.      2.        0.       0.      -3314
f21525zer    1.5250000    0.0760000         2.0      0.       0.      1.      0.     1.      0.        0.       0.        335
Ns1520plu    1.5200000    0.1200000         1.5      0.5      0.5     3.      0.     0.      0.        0.       0.       2124
Ns1520zer    1.5200000    0.1200000         1.5      0.5     -0.5     3.      0.     0.      0.        0.       0.       1214
Ns1520plb    1.5200000    0.1200000         1.5      0.5     -0.5     0.      0.     3.      0.        0.       0.      -2124
Ns1520zrb    1.5200000    0.1200000         1.5      0.5      0.5     0.      0.     3.      0.        0.       0.      -1214
Lm1520zer    1.5195000    0.0156000         1.5      0.       0.      2.      1.     0.      0.        0.       0.       3124
Lm1520zrb    1.5195000    0.0156000         1.5      0.       0.      0.      0.     2.      1.        0.       0.      -3124
f01500zer    1.5070000    0.1120000         0.0      0.       0.      1.      0.     1.      0.        0.       0.    9000223
a01450plu    1.4740000    0.2650000         0.0      1.       1.      1.      0.     1.      0.        0.       0.      10211
a01450min    1.4740000    0.2650000         0.0      1.      -1.      1.      0.     1.      0.        0.       0.     -10211
a01450zer    1.4740000    0.2650000         0.0      1.       0.      1.      0.     1.      0.        0.       0.      10111
rh1450plu    1.4650000    0.3100000         1.0      1.       1.      1.      0.     1.      0.        0.       0.     100213
rh1450min    1.4650000    0.3100000         1.0      1.      -1.      1.      0.     1.      0.        0.       0.    -100213
rh1450zer    1.4650000    0.3100000         1.0      1.       0.      1.      0.     1.      0.        0.       0.     100113
Ns1440plu    1.4400000    0.3500000         0.5      0.5      0.5     3.      0.     0.      0.        0.       0.      12212
Ns1440zer    1.4400000    0.3500000         0.5      0.5     -0.5     3.      0.     0.      0.        0.       0.      12112
Ns1440plb    1.4400000    0.3500000         0.5      0.5     -0.5     0.      0.     3.      0.        0.       0.     -12212
Ns1440zrb    1.4400000    0.3500000         0.5      0.5      0.5     0.      0.     3.      0.        0.       0.     -12112
et1440zer    1.4350000    0.0650000         0.0      0.       0.      1.      0.     1.      0.        0.       0.     100331
f11420zer    1.4263000    0.0555000         1.0      0.       0.      1.      0.     1.      0.        0.       0.      20333
Ka1430zer    1.4256000    0.0985000         2.0      0.5     -0.5     1.      0.     0.      1.        0.       0.      10311
Ka1430zrb    1.4256000    0.0985000         2.0      0.5      0.5     0.      1.     1.      0.        0.       0.     -10311
Ka1430plu    1.4256000    0.0985000         2.0      0.5      0.5     1.      0.     0.      1.        0.       0.      10321
Ka1430min    1.4256000    0.0985000         2.0      0.5     -0.5     0.      1.     1.      0.        0.       0.     -10321
om1420zer    1.4190000    0.1740000         1.0      0.       0.      1.      0.     1.      0.        0.       0.     100223
Ka1410zer    1.4140000    0.2320000         1.0      0.5     -0.5     1.      0.     0.      1.        0.       0.  203130001
Ka1410zrb    1.4140000    0.2320000         1.0      0.5      0.5     0.      1.     1.      0.        0.       0. -203130001
Ka1410plu    1.4140000    0.2320000         1.0      0.5      0.5     1.      0.     0.      1.        0.       0.     100323
Ka1410min    1.4140000    0.2320000         1.0      0.5     -0.5     0.      1.     1.      0.        0.       0.    -100323
Ka1412zer    1.4120000    0.2940000         0.0      0.5     -0.5     1.      0.     0.      1.        0.       0.     100313
Ka1412zrb    1.4120000    0.2940000         0.0      0.5      0.5     0.      1.     1.      0.        0.       0.    -100313
Lm1405zer    1.4060000    0.0500000         0.5      0.       0.      2.      1.     0.      0.        0.       0.      13122
Lm1405zrb    1.4060000    0.0500000         0.5      0.       0.      0.      0.     2.      1.        0.       0.     -13122
Ka1400zer    1.4020000    0.1740000         1.0      0.5     -0.5     1.      0.     0.      1.        0.       0.      20313
Ka1400zrb    1.4020000    0.1740000         1.0      0.5      0.5     0.      1.     1.      0.        0.       0.     -20313
Ka1400plu    1.4020000    0.1740000         1.0      0.5      0.5     1.      0.     0.      1.        0.       0.      20323
Ka1400min    1.4020000    0.1740000         1.0      0.5     -0.5     0.      1.     1.      0.        0.       0.     -20323
Sg1385min    1.3872000    0.0394000         1.5      1.      -1.      2.      1.     0.      0.        0.       0.       3114
Sg1385mnb    1.3872000    0.0394000         1.5      1.       1.      0.      0.     2.      1.        0.       0.      -3114
Sg1385zer    1.3837000    0.0360000         1.5      1.       0.      2.      1.     0.      0.        0.       0.       3214
Sg1385zrb    1.3837000    0.0360000         1.5      1.       0.      0.      0.     2.      1.        0.       0.      -3214
Sg1385plu    1.3828000    0.0358000         1.5      1.       1.      2.      1.     0.      0.        0.       0.       3224
Sg1385plb    1.3828000    0.0358000         1.5      1.      -1.      0.      0.     2.      1.        0.       0.      -3224
f01370zer    1.3500000    0.3500000         0.0      0.       0.      1.      0.     1.      0.        0.       0.      10221
Xi1321min    1.3213100    4.009e-16         0.5      0.5     -0.5     1.      2.     0.      0.        0.       0.       3312
Xi1321mnb    1.3213100    4.009e-16         0.5      0.5      0.5     0.      0.     1.      2.        0.       0.      -3312
Xi1321zer    1.3148300    2.265e-16         0.5      0.5      0.5     1.      2.     0.      0.        0.       0.       3322
Xi1321zrb    1.3148300    2.265e-16         0.5      0.5     -0.5     0.      0.     1.      2.        0.       0.      -3322
a21320plu    1.3180000    0.1070000         2.0      1.       1.      1.      0.     1.      0.        0.       0.        215
a21320min    1.3180000    0.1070000         2.0      1.      -1.      1.      0.     1.      0.        0.       0.       -215
a21320zer    1.3180000    0.1070000         2.0      1.       0.      1.      0.     1.      0.        0.       0.        115
pi1300plu    1.3000000    0.4000000         0.0      1.       1.      1.      0.     1.      0.        0.       0.     100211
pi1300min    1.3000000    0.4000000         0.0      1.      -1.      1.      0.     1.      0.        0.       0.    -100211
pi1300zer    1.3000000    0.4000000         0.0      1.       0.      1.      0.     1.      0.        0.       0.     100111
et1295zer    1.2970000    0.0530000         0.0      0.       0.      1.      0.     1.      0.        0.       0.     100221
f11285zer    1.2819000    0.0240000         1.0      0.       0.      1.      0.     1.      0.        0.       0.      20223
f21270zer    1.2754000    0.1850000         2.0      0.       0.      1.      0.     1.      0.        0.       0.        225
Ka1270zer    1.2730000    0.0900000         1.0      0.5     -0.5     1.      0.     0.      1.        0.       0.      10313
Ka1270zrb    1.2730000    0.0900000         1.0      0.5      0.5     0.      1.     1.      0.        0.       0.     -10313
Ka1270plu    1.2730000    0.0900000         1.0      0.5      0.5     1.      0.     0.      1.        0.       0.      10323
Ka1270min    1.2730000    0.0900000         1.0      0.5     -0.5     0.      1.     1.      0.        0.       0.     -10323
Dl1232plp    1.2320000    0.1200000         1.5      1.5      1.5     3.      0.     0.      0.        0.       0.       2224
Dl1232plu    1.2320000    0.1200000         1.5      1.5      0.5     3.      0.     0.      0.        0.       0.       2214
Dl1232zer    1.2320000    0.1200000         1.5      1.5     -0.5     3.      0.     0.      0.        0.       0.       2114
Dl1232min    1.2320000    0.1200000         1.5      1.5     -1.5     3.      0.     0.      0.        0.       0.       1114
Dl1232ppb    1.2320000    0.1200000         1.5      1.5     -1.5     0.      0.     3.      0.        0.       0.      -2224
Dl1232plb    1.2320000    0.1200000         1.5      1.5     -0.5     0.      0.     3.      0.        0.       0.      -2214
Dl1232zrb    1.2320000    0.1200000         1.5      1.5      0.5     0.      0.     3.      0.        0.       0.      -2114
Dl1232mnb    1.2320000    0.1200000         1.5      1.5      1.5     0.      0.     3.      0.        0.       0.      -1114
a11260plu    1.2300000    0.4250000         1.0      1.       1.      1.      0.     1.      0.        0.       0.      20213
a11260min    1.2300000    0.4250000         1.0      1.      -1.      1.      0.     1.      0.        0.       0.     -20213
a11260zer    1.2300000    0.4250000         1.0      1.       0.      1.      0.     1.      0.        0.       0.      20113
b11235plu    1.2295000    0.1420000         1.0      1.       1.      1.      0.     1.      0.        0.       0.      10213
b11235zer    1.2295000    0.1420000         1.0      1.       0.      1.      0.     1.      0.        0.       0.      10113
b11235min    1.2295000    0.1420000         1.0      1.      -1.      1.      0.     1.      0.        0.       0.     -10213
Sg1189min    1.1970000    4.442e-16         0.5      1.      -1.      2.      1.     0.      0.        0.       0.       3112
Sg1189mnb    1.1970000    4.442e-16         0.5      1.       1.      0.      0.     2.      1.        0.       0.      -3112
Sg1192zer    1.1930000    8.879e-07         0.5      1.       0.      2.      1.     0.      0.        0.       0.       3212
Sg1192zrb    1.1930000    8.879e-07         0.5      1.       0.      0.      0.     2.      1.        0.       0.      -3212
Sg1189plu    1.1890000    8.195e-16         0.5      1.       1.      2.      1.     0.      0.        0.       0.       3222
Sg1189plb    1.1890000    8.195e-16         0.5      1.      -1.      0.      0.     2.      1.        0.       0.      -3222
h11170zer    1.1700000    0.3600000         1.0      0.       0.      1.      0.     1.      0.        0.       0.      10223
Lm1115zer    1.1156830    2.496e-16         0.5      0.       0.      2.      1.     0.      0.        0.       0.       3122
Lm1115zrb    1.1156830    2.496e-16         0.5      0.       0.      0.      0.     2.      1.        0.       0.      -3122
ph1020zer    1.0194170    0.0044580         1.0      0.       0.      0.      1.     0.      1.        0.       0.        333
a00980plu    0.9848000    0.0750000         0.0      1.       1.      1.      0.     1.      0.        0.       0.    9000211
a00980min    0.9848000    0.0750000         0.0      1.      -1.      1.      0.     1.      0.        0.       0.   -9000211
a00980zer    0.9848000    0.0750000         0.0      1.       0.      1.      0.     1.      0.        0.       0.    9000111
f00980zer    0.9800000    0.1000000         0.0      0.       0.      1.      0.     1.      0.        0.       0.    9010221
eta0prime    0.9577800    0.0002020         0.0      0.       0.      1.      0.     1.      0.        0.       0.        331
ne0939zer    0.9395653    0.0000000         0.5      0.5     -0.5     3.      0.     0.      0.        0.       0.       2112
ne0939zrb    0.9395653    0.0000000         0.5      0.5      0.5     0.      0.     3.      0.        0.       0.      -2112
pr0938plu    0.9382720    0.0000000         0.5      0.5      0.5     3.      0.     0.      0.        0.       0.       2212
pr0938plb    0.9382720    0.0000000         0.5      0.5     -0.5     0.      0.     3.      0.        0.       0.      -2212
Ka0892zer    0.8961000    0.0507000         1.0      0.5     -0.5     1.      0.     0.      1.        0.       0.        313
Ka0892zrb    0.8961000    0.0507000         1.0      0.5      0.5     0.      1.     1.      0.        0.       0.       -313
Ka0892plu    0.8916600    0.0508000         1.0      0.5      0.5     1.      0.     0.      1.        0.       0.        323
Ka0892min    0.8916600    0.0508000         1.0      0.5     -0.5     0.      1.     1.      0.        0.       0.       -323
om0782zer    0.7825700    0.0084400         1.0      0.       0.      1.      0.     1.      0.        0.       0.        223
rho770plu    0.7693000    0.1502000         1.0      1.       1.      1.      0.     1.      0.        0.       0.        213
rho770min    0.7693000    0.1502000         1.0      1.      -1.      1.      0.     1.      0.        0.       0.       -213
rho770zer    0.7693000    0.1502000         1.0      1.       0.      1.      0.     1.      0.        0.       0.        113
f00600zer    0.8000000    0.8000000         0.0      0.       0.      1.      0.     1.      0.        0.       0.    9000221
eta547zer    0.5473000    1.2900e-6         0.0      0.       0.      0.19    0.81   0.19    0.81      0.       0.        221
Ka0492zer    0.4976720    0.5000000         0.0      0.5     -0.5     1.      0.     0.      1.        0.       0.        311
Ka0492zrb    0.4976720    0.5000000         0.0      0.5      0.5     0.      1.     1.      0.        0.       0.       -311
Ka0492sht    0.4976720	  7.348e-15	    0.0	     0.5     -0.5     1.      0.     0.	     1.	       0.	0.	  310
Ka0492stb    0.4976720	  7.348e-15	    0.0	     0.5      0.5     0.      1.     1.	     0.	       0.	0.	 -310
Ka0492lng    0.4976720	  0.0000000	    0.0	     0.5     -0.5     1.      0.     0.	     1.	       0.	0.	  130
Ka0492lgb    0.4976720	  0.0000000	    0.0	     0.5      0.5     0.      1.     1.	     0.	       0.	0.	  -130
Ka0492plu    0.4936770    0.0000000         0.0      0.5      0.5     1.      0.     0.      1.        0.       0.        321
Ka0492min    0.4936770    0.0000000         0.0      0.5     -0.5     0.      1.     1.      0.        0.       0.       -321
pi0139plu    0.1395699    0.0000000         0.0      1.       1.      1.      0.     1.      0.        0.       0.        211
pi0139min    0.1395699    0.0000000         0.0      1.      -1.      1.      0.     1.      0.        0.       0.       -211
pi0135zer    0.1349764    4.9230e-8         0.0      1.       0.      1.      0.     1.      0.        0.       0.        111
dQUARK000    0.0047500    0.0000000         0.5      0.5     -0.5     1.      0.     0.	     0.	       0.	0.	    1
dQUARKbar    0.0047500	  0.0000000	    0.5	     0.5     +0.5     0.      0.     1.	     0.	       0.	0.	   -1
uQUARK000    0.0024000	  0.0000000	    0.5	     0.5     +0.5     1.      0.     0.	     0.	       0.	0.	    2
uQUARKbar    0.0024000	  0.0000000	    0.5	     0.5     -0.5     0.      0.     1.	     0.	       0.	0.	   -2
sQUARK000    0.1040000	  0.0000000	    0.5	     0.	      0.      0.      1.     0.	     0.	       0.	0.	    3
sQUARKbar    0.1040000	  0.0000000	    0.5	     0.	      0.      0.      0.     0.	     1.	       0.	0.	   -3
cQUARK000    1.2700000	  0.0000000	    0.5	     0.	      0.      0.      0.     0.	     0.	       1.	0.	    4
cQUARKbar    1.2700000	  0.0000000	    0.5	     0.	      0.      0.      0.     0.	     0.	       0.	1.	   -4
bQUARK000    4.2000000	  0.0000000	    0.5	     0.	      0.      0.      0.     0.	     0.	       0.	0.	    5
bQUARKbar    4.2000000	  0.0000000	    0.5	     0.	      0.      0.      0.     0.	     0.	       0.	0.	   -5
tQUARK000    171.20000	  0.0000000	    0.5	     0.	      0.      0.      0.     0.	     0.	       0.	0.	    6
tQUARKbar    171.20000	  0.0000000	    0.5	     0.	      0.      0.      0.     0.	     0.	       0.	0.	   -6
el0511min    0.0005110    0.0000000         0.5      0.       0.      0.      0.     0.      0.        0.       0.         11
el0511plu    0.0005110    0.0000000         0.5      0.       0.      0.      0.     0.      0.        0.       0.        -11
nuel00zer    0.0000000	  0.0000000	    0.5	     0.	      0.      0.      0.     0.	     0.	       0.	0.	   12
nuel00zrb    0.0000000	  0.0000000	    0.5	     0.	      0.      0.      0.     0.	     0.	       0.	0.	  -12
mu0105min    0.1056584    0.0000000         0.5      0.       0.      0.      0.     0.      0.        0.       0.         13
mu0105plu    0.1056584    0.0000000         0.5      0.       0.      0.      0.     0.      0.        0.       0.        -13
numu00zer    0.0000000	  0.0000000	    0.5	     0.	      0.      0.      0.     0.	     0.	       0.	0.	   14
numu00zrb    0.0000000	  0.0000000	    0.5	     0.	      0.      0.      0.     0.	     0.	       0.	0.	  -14
tau1777mn    1.7768400    0.0000000         0.5      0.       0.      0.      0.     0.      0.        0.       0.         15
tau1777pl    1.7768400    0.0000000         0.5      0.       0.      0.      0.     0.      0.        0.       0.        -15
nutau0zer    0.0000000	  0.0000000	    0.5	     0.	      0.      0.      0.     0.	     0.	       0.	0.	   16
nutau0zrb    0.0000000	  0.0000000	    0.5	     0.	      0.      0.      0.     0.	     0.	       0.	0.	  -16
gluon0000    0.0000000	  0.0000000	    1.0	     0.	      0.      0.      0.     0.	     0.	       0.	0.	   21
gam000zer    0.0000000    0.0000000         1.0      0.       0.      0.      0.     0.      0.        0.       0.         22
Z00000zer    91.187600    2.4952000         1.0      0.       0.      0.      0.     0.      0.        0.       0.         23
W00000plu    80.398000    2.1410000         1.0      0.       0.      0.      0.     0.      0.        0.       0.         24
W00000min    80.398000    2.1410000         1.0      0.       0.      0.      0.     0.      0.        0.       0.        -24
HIGGS0zer    114.40000    0.0000000	    0.0	     0.	      0.      0.      0.     0.	     0.	       0.	0.	   25
spcflvPYT    0.0000000	  0.0000000	    0.0	     0.	      0.      0.      0.     0.	     0.	       0.	0.	   81
rndflvPYT    0.0000000	  0.0000000	    0.0	     0.	      0.      0.      0.     0.	     0.	       0.	0.	   82
phsspaPYT    0.0000000	  0.0000000	    0.0	     0.	      0.      0.      0.     0.	     0.	       0.	0.	   83
chadrnPYT    0.0000000	  0.0000000	    0.0	     0.	      0.      0.      0.     0.	     0.	       0.	0.	   84
bhadrnPYT    0.0000000	  0.0000000	    0.0	     0.	      0.      0.      0.     0.	     0.	       0.	0.	   85
junctnPYT    0.0000000	  0.0000000	    0.0	     0.	      0.      0.      0.     0.	     0.	       0.	0.	   88
systemPYT    0.0000000	  0.0000000	    0.0	     0.	      0.      0.      0.     0.	     0.	       0.	0.	   90
clsterPYT    0.0000000	  0.0000000	    0.0	     0.	      0.      0.      0.     0.	     0.	       0.	0.	   91
stringPYT    0.0000000    0.0000000         0.0      0.       0.      0.      0.     0.      0.        0.       0.         92
dd1DQUARK    0.0000000	  0.0000000	    1.0	     0.	      0.      2.      0.     0.	     0.	       0.	0.	 1103
ud0DQUARK    0.0000000	  0.0000000	    0.0	     0.	      0.      2.      0.     0.	     0.	       0.	0.	 2101
ud1DQUARK    0.0000000	  0.0000000	    1.0	     0.	      0.      2.      0.     0.	     0.	       0.	0.	 2103
uu1DQUARK    0.0000000	  0.0000000	    1.0	     0.	      0.      2.      0.     0.	     0.	       0.	0.	 2203
sd0DQUARK    0.0000000	  0.0000000	    0.0	     0.	      0.      1.      1.     0.	     0.	       0.	0.	 3101
sd1DQUARK    0.0000000	  0.0000000	    1.0	     0.	      0.      1.      1.     0.	     0.	       0.	0.	 3103
su0DQUARK    0.0000000	  0.0000000	    0.0	     0.	      0.      1.      1.     0.	     0.	       0.	0.	 3201
su1DQUARK    0.0000000	  0.0000000	    1.0	     0.	      0.      1.      1.     0.	     0.	       0.	0.	 3203
ss1DQUARK    0.0000000	  0.0000000	    1.0	     0.	      0.      0.      2.     0.	     0.	       0.	0.	 3303
cd0DQUARK    0.0000000	  0.0000000	    1.0	     0.	      0.      1.      0.     0.	     0.	       1.	0.	 4101
cu0DQUARK    0.0000000    0.0000000         1.0      0.       0.      1.      0.     0.      0.        1.       0.       4201
cs0DQUARK    0.0000000    0.0000000         1.0      0.       0.      0.      1.     0.      0.        1.       0.       4301
bd0DQUARK    0.0000000    0.0000000         1.0      0.       0.      1.      0.     0.      0.        0.       0.       5101
bu0DQUARK    0.0000000    0.0000000         1.0      0.       0.      1.      0.     0.      0.        0.       0.       5201
bs0DQUARK    0.0000000    0.0000000         1.0      0.       0.      0.      1.     0.      0.        0.       0.       5301
bc0DQUARK    0.0000000    0.0000000         1.0      0.       0.      0.      0.     0.      0.        1.       0.       5401
cd1DQUARK    0.0000000    0.0000000         1.0      0.       0.      1.      0.     0.      0.        1.       0.       4103
cu1DQUARK    0.0000000    0.0000000         1.0      0.       0.      1.      0.     0.      0.        1.       0.       4203
cs1DQUARK    0.0000000    0.0000000         1.0      0.       0.      0.      1.     0.      0.        1.       0.       4303
cc1DQUARK    0.0000000    0.0000000         1.0      0.       0.      0.      1.     0.      0.        2.       0.       4403
bd1DQUARK    0.0000000    0.0000000         1.0      0.       0.      1.      0.     0.      0.        0.       0.       5103
bu1DQUARK    0.0000000    0.0000000         1.0      0.       0.      1.      0.     0.      0.        0.       0.       5203
bs1DQUARK    0.0000000    0.0000000         1.0      0.       0.      0.      1.     0.      0.        0.       0.       5303
bc1DQUARK    0.0000000    0.0000000         1.0      0.       0.      0.      0.     0.      0.        1.       0.       5403
bb1DQUARK    0.0000000    0.0000000         1.0      0.       0.      0.      0.     0.      0.        0.       0.       5503
dd1DIQRKb    0.0000000	  0.0000000	    1.0	     0.	      0.      0.      0.     2.	     0.	       0.	0.	-1103
ud0DIQRKb    0.0000000	  0.0000000	    0.0	     0.	      0.      0.      0.     2.	     0.	       0.	0.	-2101
ud1DIQRKb    0.0000000	  0.0000000	    1.0	     0.	      0.      0.      0.     2.	     0.	       0.	0.	-2103
uu1DIQRKb    0.0000000	  0.0000000	    1.0	     0.	      0.      0.      0.     2.	     0.	       0.	0.	-2203
sd0DIQRKb    0.0000000	  0.0000000	    0.0	     0.	      0.      0.      0.     1.	     1.	       0.	0.	-3101
sd1DIQRKb    0.0000000	  0.0000000	    1.0	     0.	      0.      0.      0.     1.	     1.	       0.	0.	-3103
su0DIQRKb    0.0000000	  0.0000000	    0.0	     0.	      0.      0.      0.     1.	     1.	       0.	0.	-3201
su1DIQRKb    0.0000000	  0.0000000	    1.0	     0.	      0.      0.      0.     1.	     1.	       0.	0.	-3203
ss1DIQRKb    0.0000000	  0.0000000	    1.0	     0.	      0.      0.      0.     0.	     2.	       0.	0.	-3303
cd0DIQRKb    0.0000000	  0.0000000	    1.0	     0.	      0.      0.      0.     1.	     0.	       0.	1.	-4101
cu0DIQRKb    0.0000000    0.0000000         1.0      0.       0.      0.      0.     1.      0.        0.       1.      -4201
cs0DIQRKb    0.0000000    0.0000000         1.0      0.       0.      0.      0.     0.      1.        0.       1.      -4301
bd0DIQRKb    0.0000000    0.0000000         1.0      0.       0.      0.      0.     1.      0.        0.       0.      -5101
bu0DIQRKb    0.0000000    0.0000000         1.0      0.       0.      0.      0.     1.      0.        0.       0.      -5201
bs0DIQRKb    0.0000000    0.0000000         1.0      0.       0.      0.      0.     0.      1.        0.       0.      -5301
bc0DIQRKb    0.0000000    0.0000000         1.0      0.       0.      0.      0.     0.      0.        0.       1.      -5401
cd1DIQRKb    0.0000000    0.0000000         1.0      0.       0.      0.      0.     1.      0.        0.       1.      -4103
cu1DIQRKb    0.0000000    0.0000000         1.0      0.       0.      0.      0.     1.      0.        0.       1.      -4203
cs1DIQRKb    0.0000000    0.0000000         1.0      0.       0.      0.      0.     0.      1.        0.       1.      -4303
cc1DIQRKb    0.0000000    0.0000000         1.0      0.       0.      0.      0.     0.      0.        0.       2.      -4403
bd1DIQRKb    0.0000000    0.0000000         1.0      0.       0.      0.      0.     1.      0.        0.       0.      -5103
bu1DIQRKb    0.0000000    0.0000000         1.0      0.       0.      0.      0.     1.      0.        0.       0.      -5203
bs1DIQRKb    0.0000000    0.0000000         1.0      0.       0.      0.      0.     0.      1.        0.       0.      -5303
bc1DIQRKb    0.0000000    0.0000000         1.0      0.       0.      0.      0.     0.      0.        0.       1.      -5403
bb1DIQRKb    0.0000000    0.0000000         1.0      0.       0.      0.      0.     0.      0.        0.       0.      -5503
D1869plus    1.8696200	  3.977e-12	    0.0	     0.5     +0.5     0.      0.     1.	     0.	       1.	0.	  411
D1869minu    1.8696200	  3.977e-12	    0.0	     0.5     -0.5     1.      0.     0.	     0.	       0.	1.	 -411
D2272plus    2.2720000	  0.0500000	    0.0	     0.5     +0.5     0.      0.     1.	     0.	       1.	0.	10411
D2272minu    2.2720000	  0.0500000	    0.0	     0.5     -0.5     1.      0.     0.	     0.	       0.	1.     -10411
D2010plus    2.0102700	  0.0960e-3	    1.0	     0.5     +0.5     0.      0.     1.	     0.	       1.	0.	  413
D2010minu    2.0102700	  0.0960e-3	    1.0	     0.5     -0.5     1.      0.     0.	     0.	       0.	1.	 -413
D12424plu    2.4240000	  0.0200000	    1.0	     0.5     +0.5     0.      0.     1.	     0.	       1.	0.	10413
D12424min    2.4240000	  0.0200000	    1.0	     0.5     -0.5     1.      0.     0.	     0.	       0.	1.     -10413
D12372plu    2.3720000	  0.0500000	    1.0	     0.5     +0.5     0.      0.     1.	     0.	       1.	0.	20413
D12372min    2.3720000	  0.0500000	    1.0	     0.5     -0.5     1.      0.     0.	     0.	       0.	1.     -20413
D01865zer    1.8648400	  1.008e-11	    0.0	     0.5     -0.5     0.      0.     1.	     0.	       1.	0.	  421
D01865zrb    1.8648400	  1.008e-11	    0.0	     0.5     +0.5     1.      0.     0.	     0.	       0.	1.	 -421
D02272zer    2.2720000	  0.0500000	    0.0	     0.5     -0.5     0.      0.     1.	     0.	       1.	0.	10421
D02272zrb    2.2720000	  0.0500000	    0.0	     0.5     +0.5     1.      0.     0.	     0.	       0.	1.     -10421
D02007zer    2.0069700	  0.0021000	    1.0	     0.5     -0.5     0.      0.     1.	     0.	       1.	0.	  423
D02007zrb    2.0069700	  0.0021000	    1.0	     0.5     +0.5     1.      0.     0.	     0.	       0.	1.	 -423
D12424zer    2.4240000	  0.0020000	    1.0	     0.5     -0.5     0.      0.     1.	     0.	       1.	0.	10423
D12424zrb    2.4240000	  0.0020000	    1.0	     0.5     +0.5     1.      0.     0.	     0.	       0.	1.     -10423
D12372zer    2.3720000	  0.0500000	    1.0	     0.5     -0.5     0.      0.     1.	     0.	       1.	0.	20423
D12372zrb    2.3720000	  0.0500000	    1.0	     0.5     +0.5     1.      0.     0.	     0.	       0.	1.     -20423
Ds1968plu    1.9684900	  8.271e-12         0.0	     0.	      0.      0.      0.     0.	     1.	       1.	0.	  431
Ds1968min    1.9684900	  8.271e-12         0.0	     0.	      0.      0.      1.     0.	     0.	       0.	1.	 -431
Ds2317pl0    2.3178000    0.0038000         0.0      0.       0.      0.      0.     0.      1.        1.       0.      10431
Ds2317mn0    2.3178000    0.0038000         0.0      0.       0.      0.      1.     0.      0.        0.       1.     -10431
Ds2112plu    2.1123000	  0.0019000         1.0	     0.	      0.      0.      0.     0.	     1.	       1.	0.	  433
Ds2112min    2.1123000	  0.0019000         1.0	     0.	      0.      0.      1.     0.	     0.	       0.	1.	 -433
Ds2460pl1    2.4596000    0.0035000         1.0      0.       0.      0.      0.     0.      1.        1.       0.      10433
Ds2460mn1    2.4596000    0.0035000         1.0      0.       0.      0.      1.     0.      0.        0.       1.     -10433
Ds2560pl1    2.5600000    0.0500000         1.0      0.       0.      0.      0.     0.      1.        1.       0.      20433
Ds2560mn1    2.5600000    0.0500000         1.0      0.       0.      0.      1.     0.      0.        0.       1.     -20433
D22461zer    2.4611000    0.0430000         2.0      0.5     -0.5     0.      0.     1.      0.        1.       0.        425
D22461zrb    2.4611000    0.0430000         2.0      0.5     +0.5     1.      0.     0.      0.        0.       1.       -425
D22460plu    2.4601000    0.0370000         2.0      0.5     +0.5     0.      0.     1.      0.        1.       0.        415
D22460min    2.4601000    0.0370000         2.0      0.5     -0.5     1.      0.     0.      0.        0.       1.       -415
Ds2573pl2    2.5726000    0.0200000         2.0      0.       0.      0.      0.     0.      1.        1.       0.        435
Ds2573mn2    2.5726000    0.0200000         2.0      0.       0.      0.      1.     0.      0.        0.       1.       -435
etac2980z    2.9803000	  0.0267000	    0.0	     0.	      0.      0.      0.     0.	     0.	       1.	1.	  441
chic3414z    3.4147500	  0.0102000	    0.0	     0.	      0.      0.      0.     0.	     0.	       1.	1.	10441
jpsi3097z    3.0969160	  0.0000932	    1.0	     0.	      0.      0.      0.     0.	     0.	       1.	1.	  443
h1c3460zr    3.4600000	  0.0100000	    0.0	     0.	      0.      0.      0.     0.	     0.	       1.	1.	10443
chic3511z    3.5106600    0.0008900         1.0      0.       0.      0.      0.     0.      0.        1.       1.      20443
psiprime0    3.6860900    0.0003170         1.0      0.       0.      0.      0.     0.      0.        1.       1.     100443
chic3556z    3.5562000    0.0020300         2.0      0.       0.      0.      0.     0.      0.        1.       1.        445
Lc2286plu    2.2864600	  2.068e-11	    0.5	     0.0      0.0     2.      0.     0.	     0.	       1.	0.       4122
Lc2286plb    2.2864600    2.068e-11         0.5      0.0      0.0     0.      0.     2.      0.        0.       1.      -4122
Sc2455zer    2.4537600	  0.0022000	    0.5	     1.0      0.0     2.      0.     0.	     0.	       1.	0.	 4112
Sc2455zrb    2.4537600    0.0022000         0.5      1.0      0.0     0.      2.     0.      0.        0.       1.      -4112
Sc2455plu    2.4529000    0.0046000         0.5      1.0      0.0     2.      0.     0.      0.        1.       0.       4212
Sc2455plb    2.4529000    0.0046000         0.5      1.0      0.0     0.      2.     0.      0.        0.       1.      -4212
Sc2455ppl    2.4540200    0.0022300         0.5      1.0      0.0     2.      0.     0.      0.        1.       0.       4222
Sc2455ppb    2.4540200    0.0022300         0.5      1.0      0.0     0.      2.     0.      0.        0.       1.      -4222
Sc2520zer    2.5180000    0.0161000         1.5      1.0      0.0     2.      0.     0.      0.        1.       0.       4114
Sc2520zrb    2.5180000    0.0161000         1.5      1.0      0.0     0.      2.     0.      0.        0.       1.      -4114
Sc2520plu    2.5175000    0.0170000         1.5      1.0      0.0     2.      0.     0.      0.        1.       0.       4214
Sc2520plb    2.5175000    0.0170000         1.5      1.0      0.0     0.      2.     0.      0.        0.       1.      -4214
Sc2520ppl    2.5184000    0.0149000         1.5      1.0      0.0     2.      0.     0.      0.        1.       0.       4224
Sc2520ppb    2.5184000    0.0149000         1.5      1.0      0.0     0.      2.     0.      0.        0.       1.      -4224
Xc2468plu    2.4679000    9.357e-12         0.5      0.5      0.5     1.      1.     0.      0.        1.       0.       4232
Xc2468plb    2.4679000    9.357e-12         0.5      0.5     -0.5     0.      0.     1.      1.        0.       1.      -4232
Xc2471zer    2.4710000    3.693e-11         0.5      0.5     -0.5     1.      1.     0.      0.        1.       0.       4132
Xc2471zrb    2.4710000    3.693e-11         0.5      0.5      0.5     0.      0.     1.      1.        0.       1.      -4132
Xc2578plu    2.5757000    0.0000000         0.5      0.5      0.5     1.      1.     0.      0.        1.       0.       4322
Xc2578plb    2.5757000    0.0000000         0.5      0.5     -0.5     0.      0.     1.      1.        0.       1.      -4322
Xc2578zer    2.5780000    0.0000000         0.5      0.5     -0.5     1.      1.     0.      0.        1.       0.       4312
Xc2578zrb    2.5780000    0.0000000         0.5      0.5      0.5     0.      0.     1.      1.        0.       1.      -4312
Xc2645plu    2.6466000    0.0031000         1.5      0.5      0.5     1.      1.     0.      0.        1.       0.       4324
Xc2645plb    2.6466000    0.0031000         1.5      0.5     -0.5     0.      0.     1.      1.        0.       1.      -4324
Xc2645zer    2.6461000    0.0055000         1.5      0.5     -0.5     1.      1.     0.      0.        1.       0.       4314
Xc2645zrb    2.6461000    0.0055000         1.5      0.5      0.5     0.      0.     1.      1.        0.       1.      -4314
Oc2697zer    2.6975000	  5.994e-11	    0.5	     0.0      0.0     0.      2.     0.	     0.	       1.	0.	 4332
Oc2697zrb    2.6975000    5.994e-11         0.5      0.0      0.0     0.      0.     0.      2.        0.       1.      -4332
Oc2770zer    2.7683000    0.0000000         1.5      0.0      0.0     0.      2.     0.      0.        1.       0.       4334
Oc2770zrb    2.6975000    0.0000000         1.5      0.0      0.0     0.      0.     0.      2.        0.       1.      -4334
B05280zer    5.2795300	  2.703e-12	    0.0	     0.5     +0.5     0.      0.     1.	     0.	       0.	0.	  511
B05280zrb    5.2795300	  2.703e-12	    0.0	     0.5     -0.5     1.      0.     0.	     0.	       0.	0.	 -511
B05680zer    5.6800000	  0.0500000	    0.0	     0.5     +0.5     0.      0.     1.	     0.	       0.	0.	10511
B05680zrb    5.6800000	  0.0500000	    0.0	     0.5     -0.5     1.      0.     0.	     0.	       0.	0.     -10511
B15325zer    5.3251000	  0.0000000	    1.0	     0.5     +0.5     0.      0.     1.	     0.	       0.	0.	  513
B15325zrb    5.3251000	  0.0000000	    1.0	     0.5     -0.5     1.      0.     0.	     0.	       0.	0.	 -513
B15730zer    5.7300000	  0.0500000	    1.0	     0.5     +0.5     0.      0.     1.	     0.	       0.	0.	10513
B15730zrb    5.7300000	  0.0500000	    1.0	     0.5     -0.5     1.      0.     0.	     0.	       0.	0.     -10513
B15780zer    5.7800000	  0.0500000	    1.0	     0.5     +0.5     0.      0.     1.	     0.	       0.	0.	20513
B15780zrb    5.7800000	  0.0500000	    1.0	     0.5     -0.5     1.      0.     0.	     0.	       0.	0.     -20513
B25830zer    5.8300000	  0.0200000	    2.0	     0.5     +0.5     0.      0.     1.	     0.	       0.	0.	  515
B25325zrb    5.3251000	  0.0000000	    2.0	     0.5     -0.5     1.      0.     0.	     0.	       0.	0.	 -515
B05280plu    5.2791500	  2.525e-12	    0.0	     0.5     +0.5     1.      0.     0.	     0.	       0.	0.	  521
B05280min    5.2791500	  2.525e-12	    0.0	     0.5     -0.5     0.      0.     1.	     0.	       0.	0.	 -521
B05680plu    5.6800000	  0.0500000	    0.0	     0.5     +0.5     1.      0.     0.	     0.	       0.	0.	10521
B05680min    5.6800000	  0.0500000	    0.0	     0.5     -0.5     0.      0.     1.	     0.	       0.	0.     -10521
B15325plu    5.3251000	  0.0000000	    1.0	     0.5     +0.5     1.      0.     0.	     0.	       0.	0.	  523
B15325min    5.3251000	  0.0000000	    1.0	     0.5     -0.5     0.      0.     1.	     0.	       0.	0.	 -523
B15730plu    5.7300000	  0.0500000	    1.0	     0.5     +0.5     1.      0.     0.	     0.	       0.	0.	10523
B15730min    5.7300000	  0.0500000	    1.0	     0.5     -0.5     0.      0.     1.	     0.	       0.	0.     -10523
B15780plu    5.7800000	  0.0500000	    1.0	     0.5     +0.5     1.      0.     0.	     0.	       0.	0.	20523
B15780min    5.7800000	  0.0500000	    1.0	     0.5     -0.5     0.      0.     1.	     0.	       0.	0.     -20523
B25830plu    5.8300000	  0.0200000	    2.0	     0.5     +0.5     1.      0.     0.	     0.	       0.	0.	  525
B25830min    5.8300000	  0.0200000	    2.0	     0.5     -0.5     0.      0.     1.	     0.	       0.	0.	 -525
B0s5366zr    5.3663000	  2.813e-12	    0.0	     0.       0.      0.      1.     0.	     0.	       0.	0.	  531
B0s5366zb    5.3663000	  2.813e-12	    0.0	     0.       0.      0.      0.     0.	     1.	       0.	0.	 -531
B0s5920zr    5.9200000	  0.0500000	    0.0	     0.       0.      0.      1.     0.	     0.	       0.	0.	10531
B0s5920zb    5.9200000	  0.0500000	    0.0	     0.       0.      0.      0.     0.	     1.	       0.	0.     -10531
B1s5413zr    5.4128000	  0.0000000	    1.0	     0.       0.      0.      1.     0.	     0.	       0.	0.	  533
B1s5413zb    5.4128000	  0.0000000	    1.0	     0.       0.      0.      0.     0.	     1.	       0.	0.	 -533
B1s5970zr    5.9700000	  0.0500000	    1.0	     0.       0.      0.      1.     0.	     0.	       0.	0.	10533
B1s5970zb    5.9700000	  0.0500000	    1.0	     0.       0.      0.      0.     0.	     1.	       0.	0.     -10533
B1s6020zr    6.0200000	  0.0500000	    1.0	     0.       0.      0.      1.     0.	     0.	       0.	0.	20533
B1s6020zb    6.0200000	  0.0500000	    1.0	     0.       0.      0.      0.     0.	     1.	       0.	0.     -20533
B2s6070zr    6.0700000	  0.0200000	    2.0	     0.       0.      0.      1.     0.	     0.	       0.	0.	  535
B2s6070zb    6.0700000	  0.0200000	    2.0	     0.       0.      0.      0.     0.	     1.	       0.	0.	 -535
B0c6276pl    6.2760000	  8.991e-12	    0.0	     0.       0.      0.      0.     0.	     0.	       1.	0.	  541
B0c6276mn    6.2760000	  8.991e-12	    0.0	     0.       0.      0.      0.     0.	     0.	       0.	1.	 -541
B0c7250pl    7.2500000	  0.0500000	    0.0	     0.       0.      0.      0.     0.	     0.	       1.	0.	10541
B0c7250mn    6.2500000	  0.0500000	    0.0	     0.       0.      0.      0.     0.	     0.	       0.	1.     -10541
B1c6602pl    6.6020000    0.0000000         1.0      0.       0.      0.      0.     0.      0.        1.       0.        543
B1c6602mn    6.6020000    0.0000000         1.0      0.       0.      0.      0.     0.      0.        0.       1.       -543
B1c7300pl    7.3000000    0.0500000         1.0      0.       0.      0.      0.     0.      0.        1.       0.      10543
B1c7300mn    7.3000000    0.0500000         1.0      0.       0.      0.      0.     0.      0.        0.       1.     -10543
B1cSTARpl    7.3000000    0.0500000         1.0      0.       0.      0.      0.     0.      0.        1.       0.      20543
B1cSTARmn    7.3000000    0.0500000         1.0      0.       0.      0.      0.     0.      0.        0.       1.     -20543
B2c7350pl    7.3500000    0.0200000         2.0      0.       0.      0.      0.     0.      0.        1.       0.        545
B2c7350mn    7.3500000    0.0200000         2.0      0.       0.      0.      0.     0.      0.        0.       1.       -545
etab0zero    9.4000000	  0.0000000	    0.0	     0.	      0.      0.      0.     0.	     0.	       0.	0.	  551
chib0ZERO    9.8598000	  0.0000000	    0.0	     0.	      0.      0.      0.     0.	     0.	       0.	0.	10551
upsil9460    9.4603000	  0.0000540	    1.0	     0.	      0.      0.      0.     0.	     0.	       0.	0.	  553
h1b9875zr    9.8750000	  0.0100000	    1.0	     0.	      0.      0.      0.     0.	     0.	       0.	0.	10553
chi1b9875    9.8919000	  0.0000000	    1.0	     0.	      0.      0.      0.     0.	     0.	       0.	0.	20553
chi2b9913    9.9132000	  0.0000000	    2.0	     0.	      0.      0.      0.     0.	     0.	       0.	0.	  555
upsilPrim    10.023300	  0.0000000	    1.0	     0.	      0.      0.      0.     0.	     0.	       0.	0.     100553
Lb5641zer    5.6410000	  0.0000000	    0.5	     0.0      0.0     2.      0.     0.	     0.	       0.	0.       5122
Lb5641zrb    5.6410000	  0.0000000	    0.5	     0.0      0.0     0.      0.     2.	     0.	       0.	0.      -5122
Sb5800min    5.8000000	  0.0000000	    0.5	     0.0      0.0     2.      0.     0.	     0.	       0.	0.       5112
Sb5800mnb    5.8000000	  0.0000000	    0.5	     0.0      0.0     0.      0.     2.	     0.	       0.	0.      -5112
Sb5810min    5.8100000	  0.0000000	    1.5	     0.0      0.0     2.      0.     0.	     0.	       0.	0.       5114
Sb5810mnb    5.8100000	  0.0000000	    1.5	     0.0      0.0     0.      0.     2.	     0.	       0.	0.      -5114
Sb5800zer    5.8000000	  0.0000000	    0.5	     0.0      0.0     2.      0.     0.	     0.	       0.	0.       5212
Sb5800zrb    5.8000000	  0.0000000	    0.5	     0.0      0.0     0.      0.     2.	     0.	       0.	0.      -5212
Sb5810zer    5.8100000	  0.0000000	    1.5	     0.0      0.0     2.      0.     0.	     0.	       0.	0.       5214
Sb5810zrb    5.8100000	  0.0000000	    1.5	     0.0      0.0     0.      0.     2.	     0.	       0.	0.      -5214
Sb5800plu    5.8000000	  0.0000000	    0.5	     0.0      0.0     2.      0.     0.	     0.	       0.	0.       5222
Sb5800plb    5.8000000	  0.0000000	    0.5	     0.0      0.0     0.      0.     2.	     0.	       0.	0.      -5222
Sb5810plu    5.8100000	  0.0000000	    1.5	     0.0      0.0     2.      0.     0.	     0.	       0.	0.       5224
Sb5810plb    5.8100000	  0.0000000	    1.5	     0.0      0.0     0.      0.     2.	     0.	       0.	0.      -5224
Xb5840min    5.8400000    0.0000000         0.5      0.5     -0.5     1.      1.     0.      0.        0.       0.       5132
Xb5840plu    5.8400000    0.0000000         0.5      0.5      0.5     0.      0.     1.      1.        0.       0.      -5132
Xbp5960mn    5.9600000    0.0000000         0.5      0.5     -0.5     1.      1.     0.      0.        0.       0.       5312
Xbp5960pl    5.9600000    0.0000000         0.5      0.5      0.5     0.      0.     1.      1.        0.       0.      -5312
Xbp5970mn    5.9700000    0.0000000         1.5      0.5     -0.5     1.      1.     0.      0.        0.       0.       5314
Xbp5970pl    5.9700000    0.0000000         1.5      0.5      0.5     0.      0.     1.      1.        0.       0.      -5314
Xb5840zer    5.8400000    0.0000000         0.5      0.5      0.5     1.      1.     0.      0.        0.       0.       5232
Xb5840zrb    5.8400000    0.0000000         0.5      0.5     -0.5     0.      0.     1.      1.        0.       0.      -5232
Xbp5960zr    5.9600000    0.0000000         0.5      0.5      0.5     1.      1.     0.      0.        0.       0.       5322
Xbp5960zb    5.9600000    0.0000000         0.5      0.5     -0.5     0.      0.     1.      1.        0.       0.      -5322
Xbp5970zr    5.9700000    0.0000000         1.5      0.5      0.5     1.      1.     0.      0.        0.       0.       5324
Xbp5970zb    5.9700000    0.0000000         1.5      0.5     -0.5     0.      0.     1.      1.        0.       0.      -5324
Ob6120min    6.1200000	  0.0000000	    0.5	     0.0      0.0     0.      2.     0.	     0.	       0.	0.	 5332
Ob6120plu    6.1200000	  0.0000000	    0.5	     0.0      0.0     0.      0.     0.	     2.	       0.	0.	-5332
Ob6130min    6.1300000	  0.0000000	    1.5	     0.0      0.0     0.      2.     0.	     0.	       0.	0.	 5334
Ob6130plu    6.1300000	  0.0000000	    1.5	     0.0      0.0     0.      0.     0.	     2.	       0.	0.	-5334
Xbc7006zr    7.0057500	  0.0000000	    0.5	     0.5     -0.5     1.      0.     0.	     0.	       1.	0.	 5142
Xbc7006zb    7.0057500	  0.0000000	    0.5	     0.5      0.5     0.      0.     1.	     0.	       0.	1.	-5142
Xbc7006pl    7.0057500	  0.0000000	    0.5	     0.5      0.5     1.      0.     0.	     0.	       1.	0.	 5242
Xbc7006mn    7.0057500	  0.0000000	    0.5	     0.5     -0.5     0.      0.     1.	     0.	       0.	1.	-5242
Obc7006pl    7.1909900	  0.0000000	    0.5	     0.0      0.0     0.      1.     0.	     0.	       1.	0.	 5342
Obc7006mn    7.1909900	  0.0000000	    0.5	     0.0      0.0     0.      0.     0.	     1.	       0.	1.	-5342
