0       2.97061
0.5     2.97061
1       2.97061
1.5     2.97061
2       2.97061
2.5     2.97061
3       2.97061
3.5     2.97061
4       2.53151
4.5     2.53151
5       2.53151
5.5     2.04595
6       2.04595
6.5     2.25591
7       2.25591
7.5     2.25591
8       2.00039
8.5     2.00039
9       1.986
9.5     1.87713
10      1.87713
10.5    1.82074
11      1.813
11.5    1.83949
12      1.83949
12.5    1.83949
13      1.78114
13.5    1.5949
14      1.5949
14.5    1.58702
15      1.58702
15.5    1.46837
16      1.46837
16.5    1.46837
17      1.44576
17.5    1.44576
18      1.44576
18.5    1.44576
19      1.44576
19.5    1.44576
20      1.44576
20.5    1.44576
21      1.44576
21.5    1.44576
22      1.44576
22.5    1.44576
23      1.44576
23.5    1.44576
24      1.44576
24.5    1.44576
25      1.44576
25.5    1.44576
26      1.44576
26.5    1.44576
27      1.44576
27.5    1.44576
28      1.44576
28.5    1.44576
29      1.44576
29.5    1.44576
30      1.44576
30.5    1.44576
31      1.44576
31.5    1.44576
32      1.44576
32.5    1.44576
33      1.44576
33.5    1.44576
34      1.44576
34.5    1.44576
35      1.44576
35.5    1.44576
36      1.44576
36.5    1.44576
37      1.44576
37.5    1.44576
38      1.44576
38.5    1.44576
39      1.44576
39.5    1.44576
40      1.44576
40.5    1.44576