1282 1880 2477 1296 1895 2494 1379 1979 2578 1289 1886 2484 685 697 780 691 3076 3674 4273 3093 3692 4291 3178 3777 4377 3082 3680 4279 1284 2479 
3675 1298 1897 2496 3095 3694 4293 88 698 2547 3742 4937 1927 2526 3126 3725 4324 4923 1351 1328 2552 3746 4940 1928 2528 3128 3728 4328 4928 1358 
1328 1286 1885 2486 1304 1904 2503 1389 1989 2589 1292 1892 2492 686 705 790 692 3087 3688 4290 3103 3704 4304 3189 3789 4389 3093 3695 4297 1284 
2481 3680 1305 1905 2504 3104 3704 4303 88 706 2546 3743 4941 1936 2535 3135 3735 4335 4935 1350 1336 2548 3744 4942 1941 2541 3141 3741 4341 4941 
1354 1341 1301 1903 2506 1313 1913 2514 1397 1997 2598 1307 1910 2512 698 712 797 705 3109 3712 4315 3115 3716 4317 3198 3798 4399 3115 3718 4321 
1288 2490 3693 1312 1912 2512 3113 3713 4314 88 712 2550 3752 4955 1943 2544 3144 3745 4346 4947 1350 1343 2550 3751 4955 1949 2549 3149 3749 4349 
4949 1350 1349 1313 1916 2518 1313 1914 2516 1394 1995 2596 1319 1922 2524 710 712 794 716 3120 3721 4323 3116 3717 4318 3196 3797 4397 3126 3728 
4329 1292 2497 3701 1310 1911 2512 3113 3714 4314 88 709 2555 3760 4965 1943 2543 3144 3745 4346 4947 1350 1342 2555 3761 4967 1944 2544 3144 3744 
4344 4944 1350 1344 1310 1910 2509 1305 1906 2506 1384 1985 2585 1316 1916 2515 709 705 784 715 3108 3707 4305 3106 3706 4305 3185 3785 4385 3114 
3713 4311 1292 2495 3696 1302 1903 2503 3104 3704 4304 88 701 2556 3759 4960 1934 2535 3135 3735 4335 4935 1351 1334 2559 3763 4966 1931 2531 3131 
3731 4331 4931 1354 1331 1294 1892 2489 1297 1896 2495 1377 1977 2576 1301 1898 2495 697 697 777 703 3086 3683 4280 3094 3693 4292 3176 3775 4375 
3092 3689 4286 1288 2486 3683 1296 1896 2495 3095 3694 4293 88 696 2552 3750 4946 1927 2526 3126 3725 4324 4923 1352 1327 2558 3756 4952 1923 2523 
3123 3723 4323 4923 1358 1323 1928 2528 3128 1933 2533 3132 1853 2453 3053 1922 2522 3122 1329 1334 1253 1323 3729 4330 4932 3732 4332 4932 3652 4252 
4852 3723 4324 4925 2549 3750 4951 1938 2538 3138 3738 4338 4938 1350 1339 1285 2484 3685 1307 1907 2507 3107 3707 4307 86 707 1284 2484 3684 1302 
1902 2502 3102 3702 4302 86 702 1936 2538 3140 1935 2535 3136 1854 2454 3054 1930 2532 3134 1334 1334 1254 1328 3743 4346 4948 3736 4337 4938 3654 
4254 4854 3737 4339 4942 2556 3759 4962 1940 2540 3141 3741 4341 4941 1353 1340 1290 2493 3697 1309 1909 2510 3110 3710 4311 88 709 1287 2490 3693 
1305 1905 2505 3105 3705 4305 86 705 1944 2547 3149 1932 2533 3134 1847 2448 3048 1938 2541 3143 1342 1331 1247 1336 3751 4353 4954 3735 4336 4937 
3648 4248 4848 3745 4346 4948 2558 3761 4963 1935 2535 3136 3736 4336 4937 1355 1335 1294 2497 3700 1305 1905 2506 3106 3706 4307 90 704 1289 2492 
3695 1298 1898 2498 3098 3698 4298 86 698 1946 2546 3146 1928 2529 3129 1840 2440 3040 1939 2540 3139 1345 1328 1239 1339 3745 4344 4942 3729 4329 
4929 3640 4241 4841 3739 4338 4936 2555 3754 4953 1928 2528 3128 3728 4329 4928 1354 1328 1293 2493 3692 1298 1898 2499 3099 3699 4298 91 698 1288 
2488 3688 1289 1889 2489 3089 3689 4289 86 689 1938 2536 3133 1927 2526 3126 1839 2439 3039 1932 2530 3127 1340 1327 1239 1334 3731 4328 4925 3725 
4324 4923 3639 4239 4839 3725 4322 4919 2548 3745 4942 1926 2526 3126 3726 4325 4925 1351 1326 1288 2485 3681 1296 1896 2495 3095 3695 4294 90 696 
1284 2482 3679 1287 1887 2487 3087 3687 4287 86 687 1929 2527 3125 1929 2528 3127 1845 2445 3045 1923 2521 3119 1332 1330 1245 1326 3723 4321 4920 
3726 4326 4925 3645 4245 4844 3717 4315 4914 2546 3743 4941 1931 2531 3131 3730 4330 4930 1349 1332 1284 2480 3677 1300 1900 2499 3099 3699 4298 88 
701 1283 2480 3677 1294 1894 2494 3094 3694 4294 86 694 