######################
# Comments from egCompressShapesLUT_calibr_4bit_v2.txt
# Compressed shapes 7->4 bits.
# Index is shape (7 bits). Compressed shape is encoded on 4 bits
#anything after # is ignored with the exception of the header
######################
# Comments from egCompressELUT_4bit_v3.txt
# Compressed E 8->4 bits.
# Index is E (8 bits). Compressed E is encoded on 4 bits
#anything after # is ignored with the exception of the header
######################
# Comments from egCompressEtaLUT_4bit_v3.txt
# Compressed ieta 5->4 bits.
# Index is ieta (5 bits). Compressed ieta is encoded on 4 bits
#anything after # is ignored with the exception of the header
#<header> V2 9 12 </header>
0 0
1 16
2 16
3 48
4 32
5 48
6 48
7 96
8 0
9 112
10 16
11 208
12 144
13 64
14 192
15 176
16 0
17 16
18 112
19 208
20 144
21 192
22 64
23 176
24 0
25 112
26 112
27 240
28 224
29 224
30 224
31 240
32 240
33 80
34 240
35 128
36 240
37 160
38 240
39 240
40 240
41 240
42 240
43 240
44 240
45 224
46 240
47 240
48 240
49 80
50 240
51 240
52 240
53 240
54 240
55 240
56 240
57 240
58 240
59 240
60 240
61 240
62 240
63 240
64 240
65 240
66 80
67 128
68 240
69 240
70 160
71 240
72 240
73 240
74 80
75 240
76 240
77 240
78 240
79 240
80 240
81 240
82 240
83 240
84 240
85 240
86 224
87 240
88 240
89 240
90 240
91 240
92 240
93 240
94 240
95 240
96 240
97 240
98 240
99 224
100 240
101 240
102 240
103 240
104 240
105 240
106 240
107 240
108 240
109 240
110 240
111 240
112 240
113 240
114 240
115 240
116 240
117 240
118 240
119 240
120 240
121 240
122 240
123 240
124 240
125 240
126 240
127 240
128 0
129 0
130 0
131 0
132 0
133 0
134 0
135 0
136 0
137 0
138 0
139 0
140 0
141 0
142 0
143 0
144 0
145 0
146 0
147 0
148 0
149 0
150 1
151 1
152 2
153 2
154 2
155 2
156 2
157 3
158 3
159 3
160 3
161 3
162 3
163 3
164 3
165 3
166 3
167 3
168 3
169 4
170 4
171 4
172 4
173 4
174 4
175 4
176 4
177 4
178 4
179 4
180 5
181 5
182 5
183 5
184 5
185 5
186 5
187 6
188 6
189 6
190 6
191 6
192 6
193 6
194 6
195 6
196 6
197 7
198 7
199 7
200 7
201 7
202 8
203 8
204 8
205 8
206 8
207 8
208 8
209 8
210 8
211 8
212 9
213 9
214 9
215 9
216 10
217 10
218 10
219 10
220 10
221 10
222 10
223 10
224 10
225 10
226 10
227 10
228 10
229 10
230 10
231 10
232 11
233 11
234 11
235 11
236 11
237 11
238 11
239 11
240 11
241 11
242 11
243 11
244 11
245 11
246 11
247 11
248 11
249 11
250 11
251 11
252 11
253 11
254 11
255 11
256 11
257 11
258 11
259 11
260 11
261 11
262 11
263 11
264 11
265 11
266 11
267 11
268 11
269 11
270 11
271 11
272 11
273 11
274 11
275 11
276 11
277 11
278 11
279 11
280 11
281 11
282 12
283 12
284 12
285 12
286 12
287 12
288 12
289 12
290 12
291 12
292 12
293 12
294 12
295 12
296 12
297 12
298 12
299 12
300 12
301 12
302 12
303 12
304 12
305 12
306 12
307 12
308 12
309 12
310 12
311 12
312 12
313 12
314 12
315 12
316 12
317 13
318 13
319 13
320 13
321 13
322 13
323 13
324 13
325 13
326 13
327 13
328 13
329 13
330 13
331 13
332 13
333 13
334 13
335 14
336 14
337 14
338 14
339 14
340 14
341 14
342 14
343 14
344 14
345 14
346 14
347 14
348 14
349 14
350 14
351 14
352 14
353 14
354 14
355 14
356 14
357 14
358 14
359 15
360 15
361 15
362 15
363 15
364 15
365 15
366 15
367 15
368 15
369 15
370 15
371 15
372 15
373 15
374 15
375 15
376 15
377 15
378 15
379 15
380 15
381 15
382 15
383 15
384 0
385 0
386 0
387 0
388 0
389 256
390 256
391 256
392 256
393 512
394 768
395 768
396 1024
397 1280
398 1536
399 1792
400 1792
401 2048
402 2304
403 2560
404 2816
405 2816
406 2816
407 3072
408 3328
409 3584
410 3840
411 3840
412 3840
413 3840
414 3840
415 3840
