# Compressed shapes 7->5 bits.
# Index is shape (7 bits). Compressed shape is encoded on 5 bits
#anything after # is ignored with the exception of the header
#the header is first valid line starting with #<header> versionStr(unused but may be in future) nrBitsAddress nrBitsData </header>
#<header> V1 7 5 </header>

0 0
1 2
2 1
3 4
4 3
5 5
6 6
7 11
8 31
9 13
10 31
11 25
12 17
13 8
14 23
15 20
16 31
17 31
18 12
19 24
20 16
21 22
22 7
23 21
24 31
25 31
26 31
27 31
28 26
29 29
30 28
31 34
32 31
33 9
34 31
35 14
36 31
37 18
38 31
39 31
40 31
41 31
42 31
43 31
44 31
45 27
46 31
47 31
48 31
49 31
50 31
51 31
52 31
53 31
54 31
55 31
56 31
57 31
58 31
59 31
60 31
61 31
62 31
63 31
64 31
65 31
66 10
67 15
68 31
69 31
70 19
71 31
72 31
73 31
74 31
75 31
76 31
77 31
78 31
79 31
80 31
81 31
82 31
83 31
84 31
85 31
86 30
87 31
88 31
89 31
90 31
91 31
92 31
93 31
94 31
95 31
96 31
97 31
98 31
99 31
100 31
101 31
102 31
103 31
104 31
105 31
106 31
107 31
108 31
109 31
110 31
111 31
112 31
113 31
114 31
115 31
116 31
117 31
118 31
119 31
120 31
121 31
122 31
123 31
124 31
125 31
126 31
127 31
