# PT compression LUT
# maps 8 bits to 4 bits
# the 1st column is the integer value after selecting bits 1:8
# anything after # is ignored with the exception of the header
# the header is first valid line starting with #<header> versionStr nrBitsAddress nrBitsData </header>
#<header> v1 8 4 </header>
0 0
1 1
2 1
3 1
4 1
5 1
6 1
7 1
8 1
9 1
10 1
11 1
12 1
13 1
14 1
15 1
16 1
17 1
18 1
19 1
20 2
21 3
22 4
23 4
24 4
25 4
26 5
27 5
28 5
29 5
30 6
31 6
32 6
33 6
34 6
35 7
36 7
37 7
38 7
39 7
40 7
41 8
42 8
43 8
44 8
45 8
46 8
47 8
48 8
49 9
50 9
51 9
52 9
53 9
54 9
55 9
56 9
57 9
58 9
59 10
60 10
61 10
62 10
63 10
64 10
65 10
66 10
67 10
68 10
69 10
70 10
71 10
72 11
73 11
74 11
75 11
76 11
77 11
78 11
79 11
80 11
81 11
82 11
83 11
84 11
85 11
86 11
87 11
88 11
89 12
90 12
91 12
92 12
93 12
94 12
95 12
96 12
97 12
98 12
99 12
100 12
101 12
102 12
103 12
104 12
105 12
106 12
107 12
108 12
109 12
110 12
111 12
112 12
113 12
114 13
115 13
116 13
117 13
118 13
119 13
120 13
121 13
122 13
123 13
124 13
125 13
126 13
127 13
128 13
129 13
130 13
131 13
132 13
133 13
134 13
135 13
136 13
137 13
138 13
139 13
140 13
141 13
142 13
143 13
144 13
145 13
146 13
147 13
148 13
149 13
150 13
151 13
152 13
153 13
154 13
155 13
156 14
157 14
158 14
159 14
160 14
161 14
162 14
163 14
164 14
165 14
166 14
167 14
168 14
169 14
170 14
171 14
172 14
173 14
174 14
175 14
176 14
177 14
178 14
179 14
180 14
181 14
182 14
183 14
184 14
185 14
186 14
187 14
188 14
189 14
190 14
191 14
192 14
193 14
194 14
195 14
196 14
197 14
198 14
199 14
200 14
201 14
202 14
203 14
204 14
205 14
206 14
207 14
208 14
209 14
210 14
211 14
212 14
213 14
214 14
215 14
216 14
217 14
218 14
219 14
220 14
221 14
222 14
223 14
224 14
225 14
226 14
227 14
228 14
229 14
230 14
231 14
232 14
233 14
234 14
235 14
236 14
237 14
238 14
239 14
240 14
241 14
242 14
243 14
244 14
245 14
246 14
247 14
248 14
249 14
250 14
251 14
252 14
253 14
254 14
255 15
