# address to et sum tower Et threshold LUT
# maps 11 bits to 9 bits
# 11 bits = (compressedPileupEstimate << 6) | abs(ieta)
# compressedPileupEstimate is unsigned 5 bits, abs(ieta) is unsigned 6 bits
# data: tower energy threshold returned has 9 bits 
# anything after # is ignored with the exception of the header
# the header is first valid line starting with #<header> versionStr nrBitsAddress nrBitsData </header>
#<header> v1 11 9 </header>
0 0             # nTT4 = 0-5 ieta = 0
1 0
2 0
3 0
4 0
5 0
6 0
7 0
8 0
9 0
10 0
11 0
12 0
13 0
14 0
15 0
16 0
17 0
18 0
19 0
20 0
21 0
22 0
23 0
24 0
25 0
26 0
27 0
28 0
29 0
30 0
31 0
32 0
33 0
34 0
35 0
36 0
37 0
38 0
39 0
40 0
41 0 #dummy
42 0 #dummy
43 0 #dummy
44 0 #dummy
45 0 #dummy
46 0 #dummy
47 0 #dummy
48 0 #dummy
49 0 #dummy
50 0 #dummy
51 0 #dummy
52 0 #dummy
53 0 #dummy
54 0 #dummy
55 0 #dummy
56 0 #dummy
57 0 #dummy
58 0 #dummy
59 0 #dummy
60 0 #dummy
61 0 #dummy
62 0 #dummy
63 0 #dummy
64 0             # nTT4 = 5-10 ieta = 0
65 0
66 0
67 0
68 0
69 0
70 0
71 0
72 0
73 0
74 0
75 0
76 0
77 0
78 0
79 0
80 0
81 0
82 0
83 0
84 0
85 0
86 0
87 0
88 0
89 0
90 0
91 0
92 0
93 0
94 0
95 0
96 0
97 0
98 0
99 0
100 0
101 0
102 0
103 0
104 0
105 0 #dummy
106 0 #dummy
107 0 #dummy
108 0 #dummy
109 0 #dummy
110 0 #dummy
111 0 #dummy
112 0 #dummy
113 0 #dummy
114 0 #dummy
115 0 #dummy
116 0 #dummy
117 0 #dummy
118 0 #dummy
119 0 #dummy
120 0 #dummy
121 0 #dummy
122 0 #dummy
123 0 #dummy
124 0 #dummy
125 0 #dummy
126 0 #dummy
127 0 #dummy
128 0             # nTT4 = 10-15 ieta = 0
129 0
130 0
131 0
132 0
133 0
134 0
135 0
136 0
137 0
138 0
139 0
140 0
141 0
142 0
143 0
144 0
145 0
146 0
147 0
148 0
149 0
150 0
151 0
152 0
153 0
154 0
155 0
156 1
157 0
158 0
159 0
160 0
161 0
162 0
163 0
164 0
165 0
166 0
167 0
168 0
169 0 #dummy
170 0 #dummy
171 0 #dummy
172 0 #dummy
173 0 #dummy
174 0 #dummy
175 0 #dummy
176 0 #dummy
177 0 #dummy
178 0 #dummy
179 0 #dummy
180 0 #dummy
181 0 #dummy
182 0 #dummy
183 0 #dummy
184 0 #dummy
185 0 #dummy
186 0 #dummy
187 0 #dummy
188 0 #dummy
189 0 #dummy
190 0 #dummy
191 0 #dummy
192 0             # nTT4 = 15-20 ieta = 0
193 0
194 0
195 0
196 0
197 0
198 0
199 0
200 0
201 0
202 0
203 0
204 0
205 0
206 0
207 0
208 0
209 0
210 0
211 0
212 0
213 0
214 0
215 0
216 0
217 0
218 0
219 0
220 1
221 1
222 0
223 0
224 0
225 0
226 0
227 0
228 0
229 0
230 0
231 0
232 1
233 0 #dummy
234 0 #dummy
235 0 #dummy
236 0 #dummy
237 0 #dummy
238 0 #dummy
239 0 #dummy
240 0 #dummy
241 0 #dummy
242 0 #dummy
243 0 #dummy
244 0 #dummy
245 0 #dummy
246 0 #dummy
247 0 #dummy
248 0 #dummy
249 0 #dummy
250 0 #dummy
251 0 #dummy
252 0 #dummy
253 0 #dummy
254 0 #dummy
255 0 #dummy
256 0             # nTT4 = 20-25 ieta = 0
257 0
258 0
259 0
260 0
261 0
262 0
263 0
264 0
265 0
266 0
267 0
268 0
269 0
270 0
271 0
272 0
273 0
274 0
275 0
276 0
277 0
278 0
279 0
280 0
281 1
282 1
283 1
284 1
285 1
286 1
287 1
288 1
289 1
290 1
291 1
292 1
293 1
294 1
295 1
296 1
297 0 #dummy
298 0 #dummy
299 0 #dummy
300 0 #dummy
301 0 #dummy
302 0 #dummy
303 0 #dummy
304 0 #dummy
305 0 #dummy
306 0 #dummy
307 0 #dummy
308 0 #dummy
309 0 #dummy
310 0 #dummy
311 0 #dummy
312 0 #dummy
313 0 #dummy
314 0 #dummy
315 0 #dummy
316 0 #dummy
317 0 #dummy
318 0 #dummy
319 0 #dummy
320 0             # nTT4 = 25-30 ieta = 0
321 0
322 0
323 0
324 0
325 0
326 0
327 0
328 0
329 0
330 0
331 0
332 0
333 0
334 0
335 0
336 0
337 0
338 0
339 0
340 0
341 0
342 0
343 1
344 1
345 1
346 1
347 1
348 2
349 2
350 1
351 1
352 1
353 1
354 1
355 1
356 1
357 1
358 1
359 1
360 2
361 0 #dummy
362 0 #dummy
363 0 #dummy
364 0 #dummy
365 0 #dummy
366 0 #dummy
367 0 #dummy
368 0 #dummy
369 0 #dummy
370 0 #dummy
371 0 #dummy
372 0 #dummy
373 0 #dummy
374 0 #dummy
375 0 #dummy
376 0 #dummy
377 0 #dummy
378 0 #dummy
379 0 #dummy
380 0 #dummy
381 0 #dummy
382 0 #dummy
383 0 #dummy
384 0             # nTT4 = 30-35 ieta = 0
385 0
386 0
387 0
388 0
389 0
390 0
391 0
392 0
393 0
394 0
395 0
396 0
397 0
398 0
399 0
400 0
401 0
402 0
403 0
404 0
405 0
406 1
407 1
408 1
409 1
410 1
411 1
412 3
413 2
414 1
415 1
416 1
417 1
418 1
419 1
420 1
421 1
422 1
423 1
424 2
425 0 #dummy
426 0 #dummy
427 0 #dummy
428 0 #dummy
429 0 #dummy
430 0 #dummy
431 0 #dummy
432 0 #dummy
433 0 #dummy
434 0 #dummy
435 0 #dummy
436 0 #dummy
437 0 #dummy
438 0 #dummy
439 0 #dummy
440 0 #dummy
441 0 #dummy
442 0 #dummy
443 0 #dummy
444 0 #dummy
445 0 #dummy
446 0 #dummy
447 0 #dummy
448 0             # nTT4 = 35-40 ieta = 0
449 0
450 0
451 0
452 0
453 0
454 0
455 0
456 0
457 0
458 0
459 0
460 0
461 1
462 1
463 1
464 1
465 1
466 1
467 1
468 1
469 1
470 1
471 1
472 1
473 1
474 1
475 1
476 3
477 3
478 1
479 1
480 1
481 1
482 1
483 1
484 1
485 1
486 1
487 1
488 3
489 0 #dummy
490 0 #dummy
491 0 #dummy
492 0 #dummy
493 0 #dummy
494 0 #dummy
495 0 #dummy
496 0 #dummy
497 0 #dummy
498 0 #dummy
499 0 #dummy
500 0 #dummy
501 0 #dummy
502 0 #dummy
503 0 #dummy
504 0 #dummy
505 0 #dummy
506 0 #dummy
507 0 #dummy
508 0 #dummy
509 0 #dummy
510 0 #dummy
511 0 #dummy
512 0             # nTT4 = 40-45 ieta = 0
513 0
514 0
515 0
516 0
517 0
518 0
519 0
520 0
521 0
522 0
523 0
524 0
525 1
526 1
527 1
528 1
529 1
530 1
531 1
532 1
533 1
534 1
535 1
536 1
537 1
538 2
539 1
540 4
541 3
542 2
543 2
544 2
545 2
546 2
547 2
548 2
549 2
550 2
551 2
552 3
553 0 #dummy
554 0 #dummy
555 0 #dummy
556 0 #dummy
557 0 #dummy
558 0 #dummy
559 0 #dummy
560 0 #dummy
561 0 #dummy
562 0 #dummy
563 0 #dummy
564 0 #dummy
565 0 #dummy
566 0 #dummy
567 0 #dummy
568 0 #dummy
569 0 #dummy
570 0 #dummy
571 0 #dummy
572 0 #dummy
573 0 #dummy
574 0 #dummy
575 0 #dummy
576 0             # nTT4 = 45-50 ieta = 0
577 0
578 0
579 0
580 0
581 0
582 0
583 0
584 0
585 0
586 0
587 0
588 0
589 1
590 1
591 1
592 1
593 1
594 1
595 1
596 1
597 1
598 1
599 1
600 1
601 2
602 2
603 2
604 5
605 4
606 2
607 2
608 2
609 2
610 2
611 2
612 2
613 2
614 2
615 2
616 4
617 0 #dummy
618 0 #dummy
619 0 #dummy
620 0 #dummy
621 0 #dummy
622 0 #dummy
623 0 #dummy
624 0 #dummy
625 0 #dummy
626 0 #dummy
627 0 #dummy
628 0 #dummy
629 0 #dummy
630 0 #dummy
631 0 #dummy
632 0 #dummy
633 0 #dummy
634 0 #dummy
635 0 #dummy
636 0 #dummy
637 0 #dummy
638 0 #dummy
639 0 #dummy
640 0             # nTT4 = 50-55 ieta = 0
641 0
642 0
643 0
644 0
645 0
646 0
647 0
648 0
649 0
650 0
651 0
652 0
653 1
654 1
655 1
656 1
657 1
658 1
659 1
660 1
661 1
662 1
663 1
664 2
665 2
666 2
667 2
668 5
669 4
670 2
671 2
672 2
673 2
674 2
675 2
676 2
677 2
678 2
679 2
680 4
681 0 #dummy
682 0 #dummy
683 0 #dummy
684 0 #dummy
685 0 #dummy
686 0 #dummy
687 0 #dummy
688 0 #dummy
689 0 #dummy
690 0 #dummy
691 0 #dummy
692 0 #dummy
693 0 #dummy
694 0 #dummy
695 0 #dummy
696 0 #dummy
697 0 #dummy
698 0 #dummy
699 0 #dummy
700 0 #dummy
701 0 #dummy
702 0 #dummy
703 0 #dummy
704 0             # nTT4 = 55-60 ieta = 0
705 0
706 0
707 0
708 0
709 0
710 0
711 0
712 0
713 0
714 0
715 0
716 0
717 1
718 1
719 1
720 1
721 1
722 1
723 1
724 1
725 1
726 1
727 2
728 2
729 2
730 3
731 2
732 6
733 5
734 3
735 3
736 3
737 3
738 3
739 3
740 3
741 3
742 3
743 3
744 5
745 0 #dummy
746 0 #dummy
747 0 #dummy
748 0 #dummy
749 0 #dummy
750 0 #dummy
751 0 #dummy
752 0 #dummy
753 0 #dummy
754 0 #dummy
755 0 #dummy
756 0 #dummy
757 0 #dummy
758 0 #dummy
759 0 #dummy
760 0 #dummy
761 0 #dummy
762 0 #dummy
763 0 #dummy
764 0 #dummy
765 0 #dummy
766 0 #dummy
767 0 #dummy
768 0             # nTT4 = 60-65 ieta = 0
769 0
770 0
771 0
772 0
773 0
774 0
775 0
776 0
777 0
778 0
779 0
780 0
781 1
782 1
783 1
784 1
785 1
786 1
787 1
788 1
789 1
790 1
791 2
792 2
793 2
794 3
795 2
796 7
797 5
798 3
799 3
800 3
801 3
802 3
803 3
804 3
805 3
806 3
807 3
808 6
809 0 #dummy
810 0 #dummy
811 0 #dummy
812 0 #dummy
813 0 #dummy
814 0 #dummy
815 0 #dummy
816 0 #dummy
817 0 #dummy
818 0 #dummy
819 0 #dummy
820 0 #dummy
821 0 #dummy
822 0 #dummy
823 0 #dummy
824 0 #dummy
825 0 #dummy
826 0 #dummy
827 0 #dummy
828 0 #dummy
829 0 #dummy
830 0 #dummy
831 0 #dummy
832 0             # nTT4 = 65-70 ieta = 0
833 0
834 0
835 0
836 0
837 0
838 0
839 0
840 0
841 0
842 0
843 0
844 0
845 1
846 1
847 1
848 1
849 1
850 1
851 1
852 1
853 1
854 2
855 2
856 2
857 3
858 3
859 3
860 8
861 6
862 3
863 3
864 3
865 3
866 3
867 3
868 3
869 3
870 3
871 3
872 6
873 0 #dummy
874 0 #dummy
875 0 #dummy
876 0 #dummy
877 0 #dummy
878 0 #dummy
879 0 #dummy
880 0 #dummy
881 0 #dummy
882 0 #dummy
883 0 #dummy
884 0 #dummy
885 0 #dummy
886 0 #dummy
887 0 #dummy
888 0 #dummy
889 0 #dummy
890 0 #dummy
891 0 #dummy
892 0 #dummy
893 0 #dummy
894 0 #dummy
895 0 #dummy
896 0             # nTT4 = 70-75 ieta = 0
897 0
898 0
899 0
900 0
901 0
902 0
903 0
904 0
905 0
906 0
907 0
908 0
909 1
910 1
911 1
912 1
913 1
914 1
915 2
916 2
917 2
918 2
919 2
920 3
921 3
922 4
923 3
924 8
925 7
926 4
927 4
928 4
929 4
930 4
931 4
932 4
933 4
934 4
935 4
936 7
937 0 #dummy
938 0 #dummy
939 0 #dummy
940 0 #dummy
941 0 #dummy
942 0 #dummy
943 0 #dummy
944 0 #dummy
945 0 #dummy
946 0 #dummy
947 0 #dummy
948 0 #dummy
949 0 #dummy
950 0 #dummy
951 0 #dummy
952 0 #dummy
953 0 #dummy
954 0 #dummy
955 0 #dummy
956 0 #dummy
957 0 #dummy
958 0 #dummy
959 0 #dummy
960 0             # nTT4 = 75-80 ieta = 0
961 0
962 0
963 0
964 0
965 0
966 0
967 0
968 0
969 0
970 0
971 0
972 0
973 1
974 2
975 2
976 2
977 2
978 2
979 2
980 2
981 2
982 2
983 2
984 3
985 3
986 4
987 3
988 9
989 7
990 4
991 4
992 4
993 4
994 4
995 4
996 4
997 4
998 4
999 4
1000 8
1001 0 #dummy
1002 0 #dummy
1003 0 #dummy
1004 0 #dummy
1005 0 #dummy
1006 0 #dummy
1007 0 #dummy
1008 0 #dummy
1009 0 #dummy
1010 0 #dummy
1011 0 #dummy
1012 0 #dummy
1013 0 #dummy
1014 0 #dummy
1015 0 #dummy
1016 0 #dummy
1017 0 #dummy
1018 0 #dummy
1019 0 #dummy
1020 0 #dummy
1021 0 #dummy
1022 0 #dummy
1023 0 #dummy
1024 0             # nTT4 = 80-85 ieta = 0
1025 0
1026 0
1027 0
1028 0
1029 0
1030 0
1031 0
1032 0
1033 0
1034 0
1035 0
1036 0
1037 2
1038 2
1039 2
1040 2
1041 2
1042 2
1043 2
1044 2
1045 2
1046 2
1047 3
1048 3
1049 4
1050 5
1051 4
1052 10
1053 8
1054 4
1055 4
1056 4
1057 4
1058 4
1059 5
1060 4
1061 5
1062 5
1063 4
1064 9
1065 0 #dummy
1066 0 #dummy
1067 0 #dummy
1068 0 #dummy
1069 0 #dummy
1070 0 #dummy
1071 0 #dummy
1072 0 #dummy
1073 0 #dummy
1074 0 #dummy
1075 0 #dummy
1076 0 #dummy
1077 0 #dummy
1078 0 #dummy
1079 0 #dummy
1080 0 #dummy
1081 0 #dummy
1082 0 #dummy
1083 0 #dummy
1084 0 #dummy
1085 0 #dummy
1086 0 #dummy
1087 0 #dummy
1088 0             # nTT4 = 85-90 ieta = 0
1089 0
1090 0
1091 0
1092 0
1093 0
1094 0
1095 0
1096 0
1097 0
1098 0
1099 0
1100 0
1101 2
1102 2
1103 2
1104 2
1105 2
1106 2
1107 2
1108 2
1109 2
1110 2
1111 3
1112 3
1113 4
1114 5
1115 4
1116 11
1117 9
1118 5
1119 5
1120 5
1121 5
1122 5
1123 5
1124 5
1125 5
1126 5
1127 5
1128 9
1129 0 #dummy
1130 0 #dummy
1131 0 #dummy
1132 0 #dummy
1133 0 #dummy
1134 0 #dummy
1135 0 #dummy
1136 0 #dummy
1137 0 #dummy
1138 0 #dummy
1139 0 #dummy
1140 0 #dummy
1141 0 #dummy
1142 0 #dummy
1143 0 #dummy
1144 0 #dummy
1145 0 #dummy
1146 0 #dummy
1147 0 #dummy
1148 0 #dummy
1149 0 #dummy
1150 0 #dummy
1151 0 #dummy
1152 0             # nTT4 = 90-95 ieta = 0
1153 0
1154 0
1155 0
1156 0
1157 0
1158 0
1159 0
1160 0
1161 0
1162 0
1163 0
1164 0
1165 2
1166 2
1167 2
1168 2
1169 2
1170 2
1171 2
1172 2
1173 2
1174 3
1175 3
1176 4
1177 4
1178 5
1179 4
1180 12
1181 9
1182 5
1183 5
1184 5
1185 5
1186 5
1187 5
1188 5
1189 5
1190 5
1191 5
1192 10
1193 0 #dummy
1194 0 #dummy
1195 0 #dummy
1196 0 #dummy
1197 0 #dummy
1198 0 #dummy
1199 0 #dummy
1200 0 #dummy
1201 0 #dummy
1202 0 #dummy
1203 0 #dummy
1204 0 #dummy
1205 0 #dummy
1206 0 #dummy
1207 0 #dummy
1208 0 #dummy
1209 0 #dummy
1210 0 #dummy
1211 0 #dummy
1212 0 #dummy
1213 0 #dummy
1214 0 #dummy
1215 0 #dummy
1216 0             # nTT4 = 95-100 ieta = 0
1217 0
1218 0
1219 0
1220 0
1221 0
1222 0
1223 0
1224 0
1225 0
1226 0
1227 0
1228 0
1229 2
1230 2
1231 2
1232 2
1233 2
1234 2
1235 2
1236 2
1237 2
1238 3
1239 3
1240 4
1241 5
1242 6
1243 5
1244 13
1245 10
1246 6
1247 6
1248 6
1249 6
1250 6
1251 6
1252 6
1253 6
1254 6
1255 6
1256 11
1257 0 #dummy
1258 0 #dummy
1259 0 #dummy
1260 0 #dummy
1261 0 #dummy
1262 0 #dummy
1263 0 #dummy
1264 0 #dummy
1265 0 #dummy
1266 0 #dummy
1267 0 #dummy
1268 0 #dummy
1269 0 #dummy
1270 0 #dummy
1271 0 #dummy
1272 0 #dummy
1273 0 #dummy
1274 0 #dummy
1275 0 #dummy
1276 0 #dummy
1277 0 #dummy
1278 0 #dummy
1279 0 #dummy
1280 0             # nTT4 = 100-105 ieta = 0
1281 0
1282 0
1283 0
1284 0
1285 0
1286 0
1287 0
1288 0
1289 0
1290 0
1291 0
1292 0
1293 2
1294 2
1295 2
1296 2
1297 2
1298 2
1299 2
1300 3
1301 3
1302 3
1303 4
1304 4
1305 5
1306 6
1307 5
1308 14
1309 11
1310 6
1311 6
1312 6
1313 6
1314 6
1315 6
1316 6
1317 6
1318 6
1319 6
1320 12
1321 0 #dummy
1322 0 #dummy
1323 0 #dummy
1324 0 #dummy
1325 0 #dummy
1326 0 #dummy
1327 0 #dummy
1328 0 #dummy
1329 0 #dummy
1330 0 #dummy
1331 0 #dummy
1332 0 #dummy
1333 0 #dummy
1334 0 #dummy
1335 0 #dummy
1336 0 #dummy
1337 0 #dummy
1338 0 #dummy
1339 0 #dummy
1340 0 #dummy
1341 0 #dummy
1342 0 #dummy
1343 0 #dummy
1344 0             # nTT4 = 105-110 ieta = 0
1345 0
1346 0
1347 0
1348 0
1349 0
1350 0
1351 0
1352 0
1353 0
1354 0
1355 0
1356 0
1357 2
1358 2
1359 3
1360 3
1361 3
1362 3
1363 3
1364 3
1365 3
1366 3
1367 4
1368 4
1369 5
1370 7
1371 5
1372 15
1373 12
1374 7
1375 7
1376 7
1377 7
1378 7
1379 7
1380 6
1381 7
1382 7
1383 7
1384 13
1385 0 #dummy
1386 0 #dummy
1387 0 #dummy
1388 0 #dummy
1389 0 #dummy
1390 0 #dummy
1391 0 #dummy
1392 0 #dummy
1393 0 #dummy
1394 0 #dummy
1395 0 #dummy
1396 0 #dummy
1397 0 #dummy
1398 0 #dummy
1399 0 #dummy
1400 0 #dummy
1401 0 #dummy
1402 0 #dummy
1403 0 #dummy
1404 0 #dummy
1405 0 #dummy
1406 0 #dummy
1407 0 #dummy
1408 0             # nTT4 = 110-115 ieta = 0
1409 0
1410 0
1411 0
1412 0
1413 0
1414 0
1415 0
1416 0
1417 0
1418 0
1419 0
1420 0
1421 3
1422 3
1423 3
1424 3
1425 3
1426 3
1427 3
1428 3
1429 3
1430 3
1431 4
1432 5
1433 6
1434 7
1435 6
1436 16
1437 13
1438 7
1439 7
1440 7
1441 7
1442 7
1443 7
1444 7
1445 7
1446 7
1447 7
1448 13
1449 0 #dummy
1450 0 #dummy
1451 0 #dummy
1452 0 #dummy
1453 0 #dummy
1454 0 #dummy
1455 0 #dummy
1456 0 #dummy
1457 0 #dummy
1458 0 #dummy
1459 0 #dummy
1460 0 #dummy
1461 0 #dummy
1462 0 #dummy
1463 0 #dummy
1464 0 #dummy
1465 0 #dummy
1466 0 #dummy
1467 0 #dummy
1468 0 #dummy
1469 0 #dummy
1470 0 #dummy
1471 0 #dummy
1472 0             # nTT4 = 115-120 ieta = 0
1473 0
1474 0
1475 0
1476 0
1477 0
1478 0
1479 0
1480 0
1481 0
1482 0
1483 0
1484 0
1485 3
1486 3
1487 3
1488 3
1489 3
1490 3
1491 3
1492 3
1493 3
1494 4
1495 4
1496 5
1497 6
1498 8
1499 6
1500 16
1501 13
1502 7
1503 7
1504 7
1505 7
1506 7
1507 8
1508 7
1509 7
1510 8
1511 7
1512 14
1513 0 #dummy
1514 0 #dummy
1515 0 #dummy
1516 0 #dummy
1517 0 #dummy
1518 0 #dummy
1519 0 #dummy
1520 0 #dummy
1521 0 #dummy
1522 0 #dummy
1523 0 #dummy
1524 0 #dummy
1525 0 #dummy
1526 0 #dummy
1527 0 #dummy
1528 0 #dummy
1529 0 #dummy
1530 0 #dummy
1531 0 #dummy
1532 0 #dummy
1533 0 #dummy
1534 0 #dummy
1535 0 #dummy
1536 0             # nTT4 = 120-125 ieta = 0
1537 0
1538 0
1539 0
1540 0
1541 0
1542 0
1543 0
1544 0
1545 0
1546 0
1547 0
1548 0
1549 3
1550 3
1551 3
1552 3
1553 3
1554 3
1555 3
1556 3
1557 3
1558 4
1559 5
1560 5
1561 6
1562 8
1563 6
1564 16
1565 14
1566 8
1567 8
1568 8
1569 8
1570 8
1571 8
1572 8
1573 8
1574 8
1575 8
1576 15
1577 0 #dummy
1578 0 #dummy
1579 0 #dummy
1580 0 #dummy
1581 0 #dummy
1582 0 #dummy
1583 0 #dummy
1584 0 #dummy
1585 0 #dummy
1586 0 #dummy
1587 0 #dummy
1588 0 #dummy
1589 0 #dummy
1590 0 #dummy
1591 0 #dummy
1592 0 #dummy
1593 0 #dummy
1594 0 #dummy
1595 0 #dummy
1596 0 #dummy
1597 0 #dummy
1598 0 #dummy
1599 0 #dummy
1600 0             # nTT4 = 125-130 ieta = 0
1601 0
1602 0
1603 0
1604 0
1605 0
1606 0
1607 0
1608 0
1609 0
1610 0
1611 0
1612 0
1613 3
1614 3
1615 3
1616 3
1617 3
1618 3
1619 3
1620 3
1621 4
1622 4
1623 5
1624 6
1625 7
1626 8
1627 7
1628 16
1629 15
1630 8
1631 8
1632 8
1633 8
1634 8
1635 8
1636 8
1637 8
1638 9
1639 8
1640 16
1641 0 #dummy
1642 0 #dummy
1643 0 #dummy
1644 0 #dummy
1645 0 #dummy
1646 0 #dummy
1647 0 #dummy
1648 0 #dummy
1649 0 #dummy
1650 0 #dummy
1651 0 #dummy
1652 0 #dummy
1653 0 #dummy
1654 0 #dummy
1655 0 #dummy
1656 0 #dummy
1657 0 #dummy
1658 0 #dummy
1659 0 #dummy
1660 0 #dummy
1661 0 #dummy
1662 0 #dummy
1663 0 #dummy
1664 0             # nTT4 = 130-135 ieta = 0
1665 0
1666 0
1667 0
1668 0
1669 0
1670 0
1671 0
1672 0
1673 0
1674 0
1675 0
1676 0
1677 3
1678 3
1679 3
1680 3
1681 4
1682 4
1683 4
1684 4
1685 4
1686 4
1687 5
1688 6
1689 7
1690 9
1691 7
1692 16
1693 16
1694 9
1695 9
1696 9
1697 9
1698 9
1699 9
1700 9
1701 9
1702 9
1703 9
1704 16
1705 0 #dummy
1706 0 #dummy
1707 0 #dummy
1708 0 #dummy
1709 0 #dummy
1710 0 #dummy
1711 0 #dummy
1712 0 #dummy
1713 0 #dummy
1714 0 #dummy
1715 0 #dummy
1716 0 #dummy
1717 0 #dummy
1718 0 #dummy
1719 0 #dummy
1720 0 #dummy
1721 0 #dummy
1722 0 #dummy
1723 0 #dummy
1724 0 #dummy
1725 0 #dummy
1726 0 #dummy
1727 0 #dummy
1728 0             # nTT4 = 135-140 ieta = 0
1729 0
1730 0
1731 0
1732 0
1733 0
1734 0
1735 0
1736 0
1737 0
1738 0
1739 0
1740 0
1741 3
1742 3
1743 4
1744 4
1745 4
1746 4
1747 4
1748 4
1749 4
1750 5
1751 5
1752 6
1753 8
1754 9
1755 8
1756 16
1757 16
1758 9
1759 9
1760 9
1761 9
1762 9
1763 9
1764 9
1765 9
1766 9
1767 9
1768 16
1769 0 #dummy
1770 0 #dummy
1771 0 #dummy
1772 0 #dummy
1773 0 #dummy
1774 0 #dummy
1775 0 #dummy
1776 0 #dummy
1777 0 #dummy
1778 0 #dummy
1779 0 #dummy
1780 0 #dummy
1781 0 #dummy
1782 0 #dummy
1783 0 #dummy
1784 0 #dummy
1785 0 #dummy
1786 0 #dummy
1787 0 #dummy
1788 0 #dummy
1789 0 #dummy
1790 0 #dummy
1791 0 #dummy
1792 0             # nTT4 = 140-145 ieta = 0
1793 0
1794 0
1795 0
1796 0
1797 0
1798 0
1799 0
1800 0
1801 0
1802 0
1803 0
1804 0
1805 4
1806 4
1807 4
1808 4
1809 4
1810 4
1811 4
1812 4
1813 4
1814 5
1815 6
1816 7
1817 8
1818 10
1819 8
1820 16
1821 16
1822 10
1823 10
1824 10
1825 10
1826 10
1827 10
1828 10
1829 10
1830 10
1831 10
1832 16
1833 0 #dummy
1834 0 #dummy
1835 0 #dummy
1836 0 #dummy
1837 0 #dummy
1838 0 #dummy
1839 0 #dummy
1840 0 #dummy
1841 0 #dummy
1842 0 #dummy
1843 0 #dummy
1844 0 #dummy
1845 0 #dummy
1846 0 #dummy
1847 0 #dummy
1848 0 #dummy
1849 0 #dummy
1850 0 #dummy
1851 0 #dummy
1852 0 #dummy
1853 0 #dummy
1854 0 #dummy
1855 0 #dummy
1856 0             # nTT4 = 145-150 ieta = 0
1857 0
1858 0
1859 0
1860 0
1861 0
1862 0
1863 0
1864 0
1865 0
1866 0
1867 0
1868 0
1869 4
1870 4
1871 4
1872 4
1873 4
1874 4
1875 4
1876 4
1877 4
1878 5
1879 6
1880 7
1881 8
1882 10
1883 8
1884 16
1885 16
1886 10
1887 10
1888 10
1889 10
1890 10
1891 10
1892 10
1893 10
1894 10
1895 10
1896 16
1897 0 #dummy
1898 0 #dummy
1899 0 #dummy
1900 0 #dummy
1901 0 #dummy
1902 0 #dummy
1903 0 #dummy
1904 0 #dummy
1905 0 #dummy
1906 0 #dummy
1907 0 #dummy
1908 0 #dummy
1909 0 #dummy
1910 0 #dummy
1911 0 #dummy
1912 0 #dummy
1913 0 #dummy
1914 0 #dummy
1915 0 #dummy
1916 0 #dummy
1917 0 #dummy
1918 0 #dummy
1919 0 #dummy
1920 0             # nTT4 = 150-155 ieta = 0
1921 0
1922 0
1923 0
1924 0
1925 0
1926 0
1927 0
1928 0
1929 0
1930 0
1931 0
1932 0
1933 4
1934 4
1935 4
1936 4
1937 4
1938 4
1939 4
1940 4
1941 5
1942 5
1943 6
1944 7
1945 9
1946 11
1947 9
1948 16
1949 16
1950 11
1951 11
1952 11
1953 11
1954 11
1955 11
1956 11
1957 11
1958 11
1959 11
1960 16
1961 0 #dummy
1962 0 #dummy
1963 0 #dummy
1964 0 #dummy
1965 0 #dummy
1966 0 #dummy
1967 0 #dummy
1968 0 #dummy
1969 0 #dummy
1970 0 #dummy
1971 0 #dummy
1972 0 #dummy
1973 0 #dummy
1974 0 #dummy
1975 0 #dummy
1976 0 #dummy
1977 0 #dummy
1978 0 #dummy
1979 0 #dummy
1980 0 #dummy
1981 0 #dummy
1982 0 #dummy
1983 0 #dummy
1984 0             # nTT4 = 155-160 ieta = 0
1985 0
1986 0
1987 0
1988 0
1989 0
1990 0
1991 0
1992 0
1993 0
1994 0
1995 0
1996 0
1997 4
1998 4
1999 4
2000 4
2001 4
2002 5
2003 5
2004 5
2005 5
2006 6
2007 7
2008 8
2009 9
2010 11
2011 9
2012 16
2013 16
2014 11
2015 11
2016 11
2017 11
2018 11
2019 11
2020 11
2021 11
2022 12
2023 11
2024 16
2025 0 #dummy
2026 0 #dummy
2027 0 #dummy
2028 0 #dummy
2029 0 #dummy
2030 0 #dummy
2031 0 #dummy
2032 0 #dummy
2033 0 #dummy
2034 0 #dummy
2035 0 #dummy
2036 0 #dummy
2037 0 #dummy
2038 0 #dummy
2039 0 #dummy
2040 0 #dummy
2041 0 #dummy
2042 0 #dummy
2043 0 #dummy
2044 0 #dummy
2045 0 #dummy
2046 0 #dummy
2047 0 #dummy
