# address to et sum tower Et threshold LUT
# maps 11 bits to 9 bits
# 11 bits = (compressedPileupEstimate << 6) | abs(ieta)
# compressedPileupEstimate is unsigned 5 bits, abs(ieta) is unsigned 6 bits
# data: tower energy threshold returned has 9 bits 
# anything after # is ignored with the exception of the header
# the header is first valid line starting with #<header> versionStr nrBitsAddress nrBitsData </header>
#<header> v1 11 9 </header>
0 0             # nTT4 = 0-5 ieta = 1
1 0
2 0
3 0
4 0
5 0
6 0
7 0
8 0
9 0
10 0
11 0
12 0
13 0
14 0
15 0
16 0
17 0
18 0
19 0
20 0
21 0
22 0
23 0
24 0
25 0
26 0
27 0
28 0
29 0
30 0
31 0
32 0
33 0
34 0
35 0
36 0
37 0
38 0
39 0
40 0 #dummy
41 0 #dummy
42 0 #dummy
43 0 #dummy
44 0 #dummy
45 0 #dummy
46 0 #dummy
47 0 #dummy
48 0 #dummy
49 0 #dummy
50 0 #dummy
51 0 #dummy
52 0 #dummy
53 0 #dummy
54 0 #dummy
55 0 #dummy
56 0 #dummy
57 0 #dummy
58 0 #dummy
59 0 #dummy
60 0 #dummy
61 0 #dummy
62 0 #dummy
63 0 #dummy
64 0             # nTT4 = 5-10 ieta = 1
65 0
66 0
67 0
68 0
69 0
70 0
71 0
72 0
73 0
74 0
75 0
76 0
77 0
78 0
79 0
80 0
81 0
82 0
83 0
84 0
85 0
86 0
87 0
88 0
89 0
90 0
91 1
92 0
93 0
94 0
95 0
96 0
97 0
98 0
99 0
100 0
101 0
102 0
103 0
104 0 #dummy
105 0 #dummy
106 0 #dummy
107 0 #dummy
108 0 #dummy
109 0 #dummy
110 0 #dummy
111 0 #dummy
112 0 #dummy
113 0 #dummy
114 0 #dummy
115 0 #dummy
116 0 #dummy
117 0 #dummy
118 0 #dummy
119 0 #dummy
120 0 #dummy
121 0 #dummy
122 0 #dummy
123 0 #dummy
124 0 #dummy
125 0 #dummy
126 0 #dummy
127 0 #dummy
128 0             # nTT4 = 10-15 ieta = 1
129 0
130 0
131 0
132 0
133 0
134 0
135 0
136 0
137 0
138 0
139 0
140 0
141 0
142 0
143 0
144 0
145 0
146 0
147 0
148 0
149 0
150 0
151 0
152 0
153 0
154 0
155 1
156 1
157 1
158 1
159 1
160 1
161 1
162 1
163 1
164 1
165 1
166 1
167 1
168 0 #dummy
169 0 #dummy
170 0 #dummy
171 0 #dummy
172 0 #dummy
173 0 #dummy
174 0 #dummy
175 0 #dummy
176 0 #dummy
177 0 #dummy
178 0 #dummy
179 0 #dummy
180 0 #dummy
181 0 #dummy
182 0 #dummy
183 0 #dummy
184 0 #dummy
185 0 #dummy
186 0 #dummy
187 0 #dummy
188 0 #dummy
189 0 #dummy
190 0 #dummy
191 0 #dummy
192 0             # nTT4 = 15-20 ieta = 1
193 0
194 0
195 0
196 0
197 0
198 0
199 0
200 0
201 0
202 0
203 0
204 0
205 0
206 0
207 0
208 0
209 0
210 0
211 0
212 0
213 0
214 0
215 1
216 1
217 1
218 1
219 2
220 1
221 1
222 1
223 1
224 1
225 1
226 1
227 1
228 1
229 1
230 1
231 1
232 0 #dummy
233 0 #dummy
234 0 #dummy
235 0 #dummy
236 0 #dummy
237 0 #dummy
238 0 #dummy
239 0 #dummy
240 0 #dummy
241 0 #dummy
242 0 #dummy
243 0 #dummy
244 0 #dummy
245 0 #dummy
246 0 #dummy
247 0 #dummy
248 0 #dummy
249 0 #dummy
250 0 #dummy
251 0 #dummy
252 0 #dummy
253 0 #dummy
254 0 #dummy
255 0 #dummy
256 0             # nTT4 = 20-25 ieta = 1
257 0
258 0
259 0
260 0
261 0
262 0
263 0
264 0
265 0
266 0
267 0
268 0
269 0
270 0
271 0
272 0
273 0
274 0
275 0
276 0
277 0
278 1
279 1
280 1
281 1
282 1
283 2
284 2
285 1
286 1
287 1
288 1
289 1
290 1
291 1
292 1
293 1
294 1
295 2
296 0 #dummy
297 0 #dummy
298 0 #dummy
299 0 #dummy
300 0 #dummy
301 0 #dummy
302 0 #dummy
303 0 #dummy
304 0 #dummy
305 0 #dummy
306 0 #dummy
307 0 #dummy
308 0 #dummy
309 0 #dummy
310 0 #dummy
311 0 #dummy
312 0 #dummy
313 0 #dummy
314 0 #dummy
315 0 #dummy
316 0 #dummy
317 0 #dummy
318 0 #dummy
319 0 #dummy
320 0             # nTT4 = 25-30 ieta = 1
321 0
322 0
323 0
324 0
325 0
326 0
327 0
328 0
329 0
330 0
331 0
332 0
333 0
334 0
335 0
336 0
337 0
338 0
339 0
340 1
341 1
342 1
343 1
344 1
345 1
346 1
347 3
348 2
349 1
350 1
351 1
352 1
353 1
354 1
355 1
356 1
357 1
358 1
359 2
360 0 #dummy
361 0 #dummy
362 0 #dummy
363 0 #dummy
364 0 #dummy
365 0 #dummy
366 0 #dummy
367 0 #dummy
368 0 #dummy
369 0 #dummy
370 0 #dummy
371 0 #dummy
372 0 #dummy
373 0 #dummy
374 0 #dummy
375 0 #dummy
376 0 #dummy
377 0 #dummy
378 0 #dummy
379 0 #dummy
380 0 #dummy
381 0 #dummy
382 0 #dummy
383 0 #dummy
384 0             # nTT4 = 30-35 ieta = 1
385 0
386 0
387 0
388 0
389 0
390 0
391 0
392 0
393 0
394 0
395 0
396 0
397 0
398 0
399 0
400 0
401 0
402 1
403 1
404 1
405 1
406 1
407 1
408 1
409 1
410 1
411 3
412 3
413 2
414 2
415 2
416 2
417 2
418 2
419 2
420 2
421 2
422 2
423 3
424 0 #dummy
425 0 #dummy
426 0 #dummy
427 0 #dummy
428 0 #dummy
429 0 #dummy
430 0 #dummy
431 0 #dummy
432 0 #dummy
433 0 #dummy
434 0 #dummy
435 0 #dummy
436 0 #dummy
437 0 #dummy
438 0 #dummy
439 0 #dummy
440 0 #dummy
441 0 #dummy
442 0 #dummy
443 0 #dummy
444 0 #dummy
445 0 #dummy
446 0 #dummy
447 0 #dummy
448 0             # nTT4 = 35-40 ieta = 1
449 0
450 0
451 0
452 0
453 0
454 0
455 0
456 0
457 0
458 0
459 0
460 0
461 0
462 0
463 0
464 1
465 1
466 1
467 1
468 1
469 1
470 1
471 1
472 1
473 2
474 1
475 4
476 3
477 2
478 2
479 2
480 2
481 2
482 2
483 2
484 2
485 2
486 2
487 3
488 0 #dummy
489 0 #dummy
490 0 #dummy
491 0 #dummy
492 0 #dummy
493 0 #dummy
494 0 #dummy
495 0 #dummy
496 0 #dummy
497 0 #dummy
498 0 #dummy
499 0 #dummy
500 0 #dummy
501 0 #dummy
502 0 #dummy
503 0 #dummy
504 0 #dummy
505 0 #dummy
506 0 #dummy
507 0 #dummy
508 0 #dummy
509 0 #dummy
510 0 #dummy
511 0 #dummy
512 0             # nTT4 = 40-45 ieta = 1
513 0
514 0
515 0
516 0
517 0
518 0
519 0
520 0
521 0
522 0
523 0
524 0
525 0
526 0
527 1
528 1
529 1
530 1
531 1
532 1
533 1
534 1
535 1
536 2
537 2
538 2
539 4
540 3
541 2
542 2
543 2
544 2
545 2
546 2
547 2
548 2
549 2
550 2
551 4
552 0 #dummy
553 0 #dummy
554 0 #dummy
555 0 #dummy
556 0 #dummy
557 0 #dummy
558 0 #dummy
559 0 #dummy
560 0 #dummy
561 0 #dummy
562 0 #dummy
563 0 #dummy
564 0 #dummy
565 0 #dummy
566 0 #dummy
567 0 #dummy
568 0 #dummy
569 0 #dummy
570 0 #dummy
571 0 #dummy
572 0 #dummy
573 0 #dummy
574 0 #dummy
575 0 #dummy
576 0             # nTT4 = 45-50 ieta = 1
577 0
578 0
579 0
580 0
581 0
582 0
583 0
584 0
585 0
586 0
587 0
588 0
589 0
590 1
591 1
592 1
593 1
594 1
595 1
596 1
597 1
598 1
599 2
600 2
601 2
602 2
603 5
604 4
605 2
606 2
607 2
608 2
609 2
610 2
611 2
612 2
613 2
614 2
615 4
616 0 #dummy
617 0 #dummy
618 0 #dummy
619 0 #dummy
620 0 #dummy
621 0 #dummy
622 0 #dummy
623 0 #dummy
624 0 #dummy
625 0 #dummy
626 0 #dummy
627 0 #dummy
628 0 #dummy
629 0 #dummy
630 0 #dummy
631 0 #dummy
632 0 #dummy
633 0 #dummy
634 0 #dummy
635 0 #dummy
636 0 #dummy
637 0 #dummy
638 0 #dummy
639 0 #dummy
640 0             # nTT4 = 50-55 ieta = 1
641 0
642 0
643 0
644 0
645 0
646 0
647 0
648 0
649 0
650 0
651 0
652 0
653 1
654 1
655 1
656 1
657 1
658 1
659 1
660 1
661 1
662 1
663 2
664 2
665 2
666 2
667 5
668 4
669 3
670 3
671 3
672 3
673 3
674 3
675 3
676 3
677 3
678 3
679 5
680 0 #dummy
681 0 #dummy
682 0 #dummy
683 0 #dummy
684 0 #dummy
685 0 #dummy
686 0 #dummy
687 0 #dummy
688 0 #dummy
689 0 #dummy
690 0 #dummy
691 0 #dummy
692 0 #dummy
693 0 #dummy
694 0 #dummy
695 0 #dummy
696 0 #dummy
697 0 #dummy
698 0 #dummy
699 0 #dummy
700 0 #dummy
701 0 #dummy
702 0 #dummy
703 0 #dummy
704 0             # nTT4 = 55-60 ieta = 1
705 0
706 0
707 0
708 0
709 0
710 0
711 0
712 0
713 0
714 0
715 0
716 1
717 1
718 1
719 1
720 1
721 1
722 1
723 1
724 1
725 1
726 2
727 2
728 2
729 3
730 2
731 6
732 5
733 3
734 3
735 3
736 3
737 3
738 3
739 3
740 3
741 3
742 3
743 5
744 0 #dummy
745 0 #dummy
746 0 #dummy
747 0 #dummy
748 0 #dummy
749 0 #dummy
750 0 #dummy
751 0 #dummy
752 0 #dummy
753 0 #dummy
754 0 #dummy
755 0 #dummy
756 0 #dummy
757 0 #dummy
758 0 #dummy
759 0 #dummy
760 0 #dummy
761 0 #dummy
762 0 #dummy
763 0 #dummy
764 0 #dummy
765 0 #dummy
766 0 #dummy
767 0 #dummy
768 0             # nTT4 = 60-65 ieta = 1
769 0
770 0
771 0
772 0
773 0
774 0
775 0
776 0
777 0
778 0
779 0
780 1
781 1
782 1
783 1
784 1
785 1
786 1
787 1
788 1
789 1
790 2
791 2
792 2
793 3
794 3
795 6
796 5
797 3
798 3
799 3
800 3
801 3
802 3
803 3
804 3
805 3
806 3
807 6
808 0 #dummy
809 0 #dummy
810 0 #dummy
811 0 #dummy
812 0 #dummy
813 0 #dummy
814 0 #dummy
815 0 #dummy
816 0 #dummy
817 0 #dummy
818 0 #dummy
819 0 #dummy
820 0 #dummy
821 0 #dummy
822 0 #dummy
823 0 #dummy
824 0 #dummy
825 0 #dummy
826 0 #dummy
827 0 #dummy
828 0 #dummy
829 0 #dummy
830 0 #dummy
831 0 #dummy
832 0             # nTT4 = 65-70 ieta = 1
833 0
834 0
835 0
836 0
837 0
838 0
839 0
840 0
841 0
842 0
843 1
844 1
845 1
846 1
847 1
848 1
849 1
850 1
851 1
852 1
853 2
854 2
855 2
856 3
857 3
858 3
859 7
860 5
861 3
862 3
863 3
864 3
865 3
866 4
867 3
868 4
869 4
870 3
871 6
872 0 #dummy
873 0 #dummy
874 0 #dummy
875 0 #dummy
876 0 #dummy
877 0 #dummy
878 0 #dummy
879 0 #dummy
880 0 #dummy
881 0 #dummy
882 0 #dummy
883 0 #dummy
884 0 #dummy
885 0 #dummy
886 0 #dummy
887 0 #dummy
888 0 #dummy
889 0 #dummy
890 0 #dummy
891 0 #dummy
892 0 #dummy
893 0 #dummy
894 0 #dummy
895 0 #dummy
896 0             # nTT4 = 70-75 ieta = 1
897 0
898 0
899 0
900 0
901 0
902 0
903 0
904 0
905 0
906 0
907 1
908 1
909 1
910 1
911 1
912 1
913 1
914 1
915 1
916 1
917 2
918 2
919 2
920 3
921 3
922 3
923 7
924 6
925 4
926 4
927 4
928 4
929 4
930 4
931 4
932 4
933 4
934 4
935 7
936 0 #dummy
937 0 #dummy
938 0 #dummy
939 0 #dummy
940 0 #dummy
941 0 #dummy
942 0 #dummy
943 0 #dummy
944 0 #dummy
945 0 #dummy
946 0 #dummy
947 0 #dummy
948 0 #dummy
949 0 #dummy
950 0 #dummy
951 0 #dummy
952 0 #dummy
953 0 #dummy
954 0 #dummy
955 0 #dummy
956 0 #dummy
957 0 #dummy
958 0 #dummy
959 0 #dummy
960 0             # nTT4 = 75-80 ieta = 1
961 0
962 0
963 0
964 0
965 0
966 0
967 0
968 0
969 0
970 1
971 1
972 1
973 1
974 1
975 1
976 1
977 1
978 1
979 1
980 2
981 2
982 2
983 3
984 3
985 4
986 3
987 8
988 6
989 4
990 4
991 4
992 4
993 4
994 4
995 4
996 4
997 4
998 4
999 7
1000 0 #dummy
1001 0 #dummy
1002 0 #dummy
1003 0 #dummy
1004 0 #dummy
1005 0 #dummy
1006 0 #dummy
1007 0 #dummy
1008 0 #dummy
1009 0 #dummy
1010 0 #dummy
1011 0 #dummy
1012 0 #dummy
1013 0 #dummy
1014 0 #dummy
1015 0 #dummy
1016 0 #dummy
1017 0 #dummy
1018 0 #dummy
1019 0 #dummy
1020 0 #dummy
1021 0 #dummy
1022 0 #dummy
1023 0 #dummy
1024 0             # nTT4 = 80-85 ieta = 1
1025 0
1026 0
1027 0
1028 0
1029 0
1030 0
1031 0
1032 0
1033 0
1034 1
1035 1
1036 1
1037 1
1038 1
1039 1
1040 1
1041 1
1042 1
1043 2
1044 2
1045 2
1046 2
1047 3
1048 3
1049 4
1050 3
1051 8
1052 7
1053 4
1054 4
1055 4
1056 4
1057 4
1058 4
1059 4
1060 4
1061 4
1062 4
1063 7
1064 0 #dummy
1065 0 #dummy
1066 0 #dummy
1067 0 #dummy
1068 0 #dummy
1069 0 #dummy
1070 0 #dummy
1071 0 #dummy
1072 0 #dummy
1073 0 #dummy
1074 0 #dummy
1075 0 #dummy
1076 0 #dummy
1077 0 #dummy
1078 0 #dummy
1079 0 #dummy
1080 0 #dummy
1081 0 #dummy
1082 0 #dummy
1083 0 #dummy
1084 0 #dummy
1085 0 #dummy
1086 0 #dummy
1087 0 #dummy
1088 0             # nTT4 = 85-90 ieta = 1
1089 0
1090 0
1091 0
1092 0
1093 0
1094 0
1095 0
1096 0
1097 0
1098 1
1099 1
1100 1
1101 1
1102 1
1103 1
1104 1
1105 1
1106 2
1107 2
1108 2
1109 2
1110 2
1111 3
1112 3
1113 4
1114 4
1115 9
1116 7
1117 4
1118 4
1119 4
1120 5
1121 5
1122 5
1123 5
1124 5
1125 5
1126 5
1127 8
1128 0 #dummy
1129 0 #dummy
1130 0 #dummy
1131 0 #dummy
1132 0 #dummy
1133 0 #dummy
1134 0 #dummy
1135 0 #dummy
1136 0 #dummy
1137 0 #dummy
1138 0 #dummy
1139 0 #dummy
1140 0 #dummy
1141 0 #dummy
1142 0 #dummy
1143 0 #dummy
1144 0 #dummy
1145 0 #dummy
1146 0 #dummy
1147 0 #dummy
1148 0 #dummy
1149 0 #dummy
1150 0 #dummy
1151 0 #dummy
1152 0             # nTT4 = 90-95 ieta = 1
1153 0
1154 0
1155 0
1156 0
1157 0
1158 0
1159 0
1160 0
1161 0
1162 1
1163 1
1164 1
1165 1
1166 1
1167 1
1168 1
1169 1
1170 2
1171 2
1172 2
1173 2
1174 3
1175 3
1176 4
1177 4
1178 4
1179 9
1180 8
1181 5
1182 5
1183 5
1184 5
1185 5
1186 5
1187 5
1188 5
1189 5
1190 5
1191 8
1192 0 #dummy
1193 0 #dummy
1194 0 #dummy
1195 0 #dummy
1196 0 #dummy
1197 0 #dummy
1198 0 #dummy
1199 0 #dummy
1200 0 #dummy
1201 0 #dummy
1202 0 #dummy
1203 0 #dummy
1204 0 #dummy
1205 0 #dummy
1206 0 #dummy
1207 0 #dummy
1208 0 #dummy
1209 0 #dummy
1210 0 #dummy
1211 0 #dummy
1212 0 #dummy
1213 0 #dummy
1214 0 #dummy
1215 0 #dummy
1216 0             # nTT4 = 95-100 ieta = 1
1217 0
1218 0
1219 0
1220 0
1221 0
1222 0
1223 0
1224 0
1225 0
1226 1
1227 1
1228 1
1229 1
1230 1
1231 1
1232 1
1233 2
1234 2
1235 2
1236 2
1237 2
1238 3
1239 3
1240 4
1241 5
1242 4
1243 10
1244 8
1245 5
1246 5
1247 5
1248 5
1249 5
1250 5
1251 5
1252 5
1253 5
1254 5
1255 9
1256 0 #dummy
1257 0 #dummy
1258 0 #dummy
1259 0 #dummy
1260 0 #dummy
1261 0 #dummy
1262 0 #dummy
1263 0 #dummy
1264 0 #dummy
1265 0 #dummy
1266 0 #dummy
1267 0 #dummy
1268 0 #dummy
1269 0 #dummy
1270 0 #dummy
1271 0 #dummy
1272 0 #dummy
1273 0 #dummy
1274 0 #dummy
1275 0 #dummy
1276 0 #dummy
1277 0 #dummy
1278 0 #dummy
1279 0 #dummy
1280 0             # nTT4 = 100-105 ieta = 1
1281 0
1282 0
1283 0
1284 0
1285 0
1286 0
1287 0
1288 0
1289 0
1290 1
1291 1
1292 1
1293 1
1294 1
1295 1
1296 1
1297 2
1298 2
1299 2
1300 2
1301 2
1302 3
1303 3
1304 4
1305 5
1306 4
1307 10
1308 8
1309 5
1310 5
1311 5
1312 5
1313 5
1314 5
1315 5
1316 5
1317 5
1318 5
1319 9
1320 0 #dummy
1321 0 #dummy
1322 0 #dummy
1323 0 #dummy
1324 0 #dummy
1325 0 #dummy
1326 0 #dummy
1327 0 #dummy
1328 0 #dummy
1329 0 #dummy
1330 0 #dummy
1331 0 #dummy
1332 0 #dummy
1333 0 #dummy
1334 0 #dummy
1335 0 #dummy
1336 0 #dummy
1337 0 #dummy
1338 0 #dummy
1339 0 #dummy
1340 0 #dummy
1341 0 #dummy
1342 0 #dummy
1343 0 #dummy
1344 0             # nTT4 = 105-110 ieta = 1
1345 0
1346 0
1347 0
1348 0
1349 0
1350 0
1351 0
1352 0
1353 0
1354 1
1355 1
1356 1
1357 1
1358 1
1359 1
1360 2
1361 2
1362 2
1363 2
1364 2
1365 3
1366 3
1367 4
1368 4
1369 5
1370 4
1371 11
1372 9
1373 5
1374 6
1375 6
1376 6
1377 6
1378 6
1379 6
1380 6
1381 6
1382 6
1383 10
1384 0 #dummy
1385 0 #dummy
1386 0 #dummy
1387 0 #dummy
1388 0 #dummy
1389 0 #dummy
1390 0 #dummy
1391 0 #dummy
1392 0 #dummy
1393 0 #dummy
1394 0 #dummy
1395 0 #dummy
1396 0 #dummy
1397 0 #dummy
1398 0 #dummy
1399 0 #dummy
1400 0 #dummy
1401 0 #dummy
1402 0 #dummy
1403 0 #dummy
1404 0 #dummy
1405 0 #dummy
1406 0 #dummy
1407 0 #dummy
1408 0             # nTT4 = 110-115 ieta = 1
1409 0
1410 0
1411 0
1412 0
1413 0
1414 0
1415 0
1416 0
1417 0
1418 1
1419 1
1420 1
1421 1
1422 1
1423 1
1424 2
1425 2
1426 2
1427 2
1428 2
1429 3
1430 3
1431 4
1432 4
1433 5
1434 5
1435 11
1436 9
1437 6
1438 6
1439 6
1440 6
1441 6
1442 6
1443 6
1444 6
1445 6
1446 6
1447 10
1448 0 #dummy
1449 0 #dummy
1450 0 #dummy
1451 0 #dummy
1452 0 #dummy
1453 0 #dummy
1454 0 #dummy
1455 0 #dummy
1456 0 #dummy
1457 0 #dummy
1458 0 #dummy
1459 0 #dummy
1460 0 #dummy
1461 0 #dummy
1462 0 #dummy
1463 0 #dummy
1464 0 #dummy
1465 0 #dummy
1466 0 #dummy
1467 0 #dummy
1468 0 #dummy
1469 0 #dummy
1470 0 #dummy
1471 0 #dummy
1472 0             # nTT4 = 115-120 ieta = 1
1473 0
1474 0
1475 0
1476 0
1477 0
1478 0
1479 0
1480 0
1481 0
1482 1
1483 1
1484 1
1485 1
1486 1
1487 2
1488 2
1489 2
1490 2
1491 2
1492 2
1493 3
1494 3
1495 4
1496 5
1497 6
1498 5
1499 12
1500 10
1501 6
1502 6
1503 6
1504 6
1505 6
1506 6
1507 6
1508 6
1509 6
1510 6
1511 11
1512 0 #dummy
1513 0 #dummy
1514 0 #dummy
1515 0 #dummy
1516 0 #dummy
1517 0 #dummy
1518 0 #dummy
1519 0 #dummy
1520 0 #dummy
1521 0 #dummy
1522 0 #dummy
1523 0 #dummy
1524 0 #dummy
1525 0 #dummy
1526 0 #dummy
1527 0 #dummy
1528 0 #dummy
1529 0 #dummy
1530 0 #dummy
1531 0 #dummy
1532 0 #dummy
1533 0 #dummy
1534 0 #dummy
1535 0 #dummy
1536 0             # nTT4 = 120-125 ieta = 1
1537 0
1538 0
1539 0
1540 0
1541 0
1542 0
1543 0
1544 0
1545 0
1546 1
1547 1
1548 1
1549 1
1550 1
1551 2
1552 2
1553 2
1554 2
1555 2
1556 3
1557 3
1558 3
1559 4
1560 5
1561 6
1562 5
1563 12
1564 10
1565 6
1566 6
1567 6
1568 6
1569 6
1570 6
1571 6
1572 6
1573 7
1574 6
1575 11
1576 0 #dummy
1577 0 #dummy
1578 0 #dummy
1579 0 #dummy
1580 0 #dummy
1581 0 #dummy
1582 0 #dummy
1583 0 #dummy
1584 0 #dummy
1585 0 #dummy
1586 0 #dummy
1587 0 #dummy
1588 0 #dummy
1589 0 #dummy
1590 0 #dummy
1591 0 #dummy
1592 0 #dummy
1593 0 #dummy
1594 0 #dummy
1595 0 #dummy
1596 0 #dummy
1597 0 #dummy
1598 0 #dummy
1599 0 #dummy
1600 0             # nTT4 = 125-130 ieta = 1
1601 0
1602 0
1603 0
1604 0
1605 0
1606 0
1607 0
1608 0
1609 0
1610 1
1611 1
1612 1
1613 1
1614 2
1615 2
1616 2
1617 2
1618 2
1619 2
1620 3
1621 3
1622 4
1623 4
1624 5
1625 6
1626 5
1627 13
1628 11
1629 6
1630 7
1631 7
1632 7
1633 7
1634 7
1635 7
1636 7
1637 7
1638 7
1639 12
1640 0 #dummy
1641 0 #dummy
1642 0 #dummy
1643 0 #dummy
1644 0 #dummy
1645 0 #dummy
1646 0 #dummy
1647 0 #dummy
1648 0 #dummy
1649 0 #dummy
1650 0 #dummy
1651 0 #dummy
1652 0 #dummy
1653 0 #dummy
1654 0 #dummy
1655 0 #dummy
1656 0 #dummy
1657 0 #dummy
1658 0 #dummy
1659 0 #dummy
1660 0 #dummy
1661 0 #dummy
1662 0 #dummy
1663 0 #dummy
1664 0             # nTT4 = 130-135 ieta = 1
1665 0
1666 0
1667 0
1668 0
1669 0
1670 0
1671 0
1672 0
1673 0
1674 1
1675 1
1676 1
1677 1
1678 2
1679 2
1680 2
1681 2
1682 2
1683 2
1684 3
1685 3
1686 4
1687 4
1688 5
1689 6
1690 6
1691 13
1692 11
1693 7
1694 7
1695 7
1696 7
1697 7
1698 7
1699 7
1700 7
1701 7
1702 7
1703 12
1704 0 #dummy
1705 0 #dummy
1706 0 #dummy
1707 0 #dummy
1708 0 #dummy
1709 0 #dummy
1710 0 #dummy
1711 0 #dummy
1712 0 #dummy
1713 0 #dummy
1714 0 #dummy
1715 0 #dummy
1716 0 #dummy
1717 0 #dummy
1718 0 #dummy
1719 0 #dummy
1720 0 #dummy
1721 0 #dummy
1722 0 #dummy
1723 0 #dummy
1724 0 #dummy
1725 0 #dummy
1726 0 #dummy
1727 0 #dummy
1728 0             # nTT4 = 135-140 ieta = 1
1729 0
1730 0
1731 0
1732 0
1733 0
1734 0
1735 0
1736 0
1737 0
1738 1
1739 1
1740 1
1741 1
1742 2
1743 2
1744 2
1745 2
1746 2
1747 3
1748 3
1749 3
1750 4
1751 5
1752 6
1753 7
1754 6
1755 14
1756 11
1757 7
1758 7
1759 7
1760 7
1761 7
1762 7
1763 7
1764 7
1765 7
1766 7
1767 13
1768 0 #dummy
1769 0 #dummy
1770 0 #dummy
1771 0 #dummy
1772 0 #dummy
1773 0 #dummy
1774 0 #dummy
1775 0 #dummy
1776 0 #dummy
1777 0 #dummy
1778 0 #dummy
1779 0 #dummy
1780 0 #dummy
1781 0 #dummy
1782 0 #dummy
1783 0 #dummy
1784 0 #dummy
1785 0 #dummy
1786 0 #dummy
1787 0 #dummy
1788 0 #dummy
1789 0 #dummy
1790 0 #dummy
1791 0 #dummy
1792 0             # nTT4 = 140-145 ieta = 1
1793 0
1794 0
1795 0
1796 0
1797 0
1798 0
1799 0
1800 0
1801 0
1802 1
1803 1
1804 1
1805 1
1806 2
1807 2
1808 2
1809 2
1810 2
1811 3
1812 3
1813 3
1814 4
1815 5
1816 6
1817 7
1818 6
1819 14
1820 12
1821 7
1822 7
1823 7
1824 7
1825 7
1826 8
1827 7
1828 8
1829 8
1830 8
1831 13
1832 0 #dummy
1833 0 #dummy
1834 0 #dummy
1835 0 #dummy
1836 0 #dummy
1837 0 #dummy
1838 0 #dummy
1839 0 #dummy
1840 0 #dummy
1841 0 #dummy
1842 0 #dummy
1843 0 #dummy
1844 0 #dummy
1845 0 #dummy
1846 0 #dummy
1847 0 #dummy
1848 0 #dummy
1849 0 #dummy
1850 0 #dummy
1851 0 #dummy
1852 0 #dummy
1853 0 #dummy
1854 0 #dummy
1855 0 #dummy
1856 0             # nTT4 = 145-150 ieta = 1
1857 0
1858 0
1859 0
1860 0
1861 0
1862 0
1863 0
1864 0
1865 0
1866 1
1867 1
1868 1
1869 2
1870 2
1871 2
1872 2
1873 2
1874 3
1875 3
1876 3
1877 4
1878 4
1879 5
1880 6
1881 7
1882 6
1883 15
1884 12
1885 8
1886 8
1887 8
1888 8
1889 8
1890 8
1891 8
1892 8
1893 8
1894 8
1895 14
1896 0 #dummy
1897 0 #dummy
1898 0 #dummy
1899 0 #dummy
1900 0 #dummy
1901 0 #dummy
1902 0 #dummy
1903 0 #dummy
1904 0 #dummy
1905 0 #dummy
1906 0 #dummy
1907 0 #dummy
1908 0 #dummy
1909 0 #dummy
1910 0 #dummy
1911 0 #dummy
1912 0 #dummy
1913 0 #dummy
1914 0 #dummy
1915 0 #dummy
1916 0 #dummy
1917 0 #dummy
1918 0 #dummy
1919 0 #dummy
1920 0             # nTT4 = 150-155 ieta = 1
1921 0
1922 0
1923 0
1924 0
1925 0
1926 0
1927 0
1928 0
1929 0
1930 1
1931 1
1932 1
1933 2
1934 2
1935 2
1936 2
1937 2
1938 3
1939 3
1940 3
1941 4
1942 4
1943 5
1944 6
1945 7
1946 6
1947 15
1948 13
1949 8
1950 8
1951 8
1952 8
1953 8
1954 8
1955 8
1956 8
1957 8
1958 8
1959 14
1960 0 #dummy
1961 0 #dummy
1962 0 #dummy
1963 0 #dummy
1964 0 #dummy
1965 0 #dummy
1966 0 #dummy
1967 0 #dummy
1968 0 #dummy
1969 0 #dummy
1970 0 #dummy
1971 0 #dummy
1972 0 #dummy
1973 0 #dummy
1974 0 #dummy
1975 0 #dummy
1976 0 #dummy
1977 0 #dummy
1978 0 #dummy
1979 0 #dummy
1980 0 #dummy
1981 0 #dummy
1982 0 #dummy
1983 0 #dummy
1984 0             # nTT4 = 155-160 ieta = 1
1985 0
1986 0
1987 0
1988 0
1989 0
1990 0
1991 0
1992 0
1993 0
1994 1
1995 1
1996 1
1997 2
1998 2
1999 2
2000 2
2001 3
2002 3
2003 3
2004 3
2005 4
2006 4
2007 5
2008 6
2009 8
2010 7
2011 16
2012 13
2013 8
2014 8
2015 8
2016 8
2017 8
2018 8
2019 8
2020 8
2021 8
2022 8
2023 14
2024 0 #dummy
2025 0 #dummy
2026 0 #dummy
2027 0 #dummy
2028 0 #dummy
2029 0 #dummy
2030 0 #dummy
2031 0 #dummy
2032 0 #dummy
2033 0 #dummy
2034 0 #dummy
2035 0 #dummy
2036 0 #dummy
2037 0 #dummy
2038 0 #dummy
2039 0 #dummy
2040 0 #dummy
2041 0 #dummy
2042 0 #dummy
2043 0 #dummy
2044 0 #dummy
2045 0 #dummy
2046 0 #dummy
2047 0 #dummy
