# address to et sum tower Et threshold LUT
# maps 11 bits to 9 bits
# 11 bits = (compressedPileupEstimate << 6) | abs(ieta)
# compressedPileupEstimate is unsigned 5 bits, abs(ieta) is unsigned 6 bits
# data: tower energy threshold returned has 9 bits 
# anything after # is ignored with the exception of the header
# the header is first valid line starting with #<header> versionStr nrBitsAddress nrBitsData </header>
#<header> v1 11 9 </header>
0 0             # nTT4 = 0-5 ieta = 0
1 0
2 0
3 0
4 0
5 0
6 0
7 0
8 0
9 0
10 0
11 0
12 0
13 0
14 0
15 0
16 0
17 0
18 0
19 0
20 0
21 0
22 0
23 0
24 0
25 0
26 0
27 0
28 0
29 0
30 0
31 0
32 0
33 0
34 0
35 0
36 0
37 0
38 0
39 0
40 0
41 0 #dummy
42 0 #dummy
43 0 #dummy
44 0 #dummy
45 0 #dummy
46 0 #dummy
47 0 #dummy
48 0 #dummy
49 0 #dummy
50 0 #dummy
51 0 #dummy
52 0 #dummy
53 0 #dummy
54 0 #dummy
55 0 #dummy
56 0 #dummy
57 0 #dummy
58 0 #dummy
59 0 #dummy
60 0 #dummy
61 0 #dummy
62 0 #dummy
63 0 #dummy
64 0             # nTT4 = 5-10 ieta = 0
65 0
66 0
67 0
68 0
69 0
70 0
71 0
72 0
73 0
74 0
75 0
76 0
77 0
78 0
79 0
80 0
81 0
82 0
83 0
84 0
85 0
86 0
87 0
88 0
89 0
90 0
91 0
92 0
93 0
94 0
95 0
96 0
97 0
98 0
99 0
100 0
101 0
102 0
103 0
104 0
105 0 #dummy
106 0 #dummy
107 0 #dummy
108 0 #dummy
109 0 #dummy
110 0 #dummy
111 0 #dummy
112 0 #dummy
113 0 #dummy
114 0 #dummy
115 0 #dummy
116 0 #dummy
117 0 #dummy
118 0 #dummy
119 0 #dummy
120 0 #dummy
121 0 #dummy
122 0 #dummy
123 0 #dummy
124 0 #dummy
125 0 #dummy
126 0 #dummy
127 0 #dummy
128 0             # nTT4 = 10-15 ieta = 0
129 0
130 0
131 0
132 0
133 0
134 0
135 0
136 0
137 0
138 0
139 0
140 0
141 0
142 0
143 0
144 0
145 0
146 0
147 0
148 0
149 0
150 0
151 0
152 0
153 0
154 0
155 0
156 1
157 0
158 0
159 0
160 0
161 0
162 0
163 0
164 0
165 0
166 0
167 0
168 0
169 0 #dummy
170 0 #dummy
171 0 #dummy
172 0 #dummy
173 0 #dummy
174 0 #dummy
175 0 #dummy
176 0 #dummy
177 0 #dummy
178 0 #dummy
179 0 #dummy
180 0 #dummy
181 0 #dummy
182 0 #dummy
183 0 #dummy
184 0 #dummy
185 0 #dummy
186 0 #dummy
187 0 #dummy
188 0 #dummy
189 0 #dummy
190 0 #dummy
191 0 #dummy
192 0             # nTT4 = 15-20 ieta = 0
193 0
194 0
195 0
196 0
197 0
198 0
199 0
200 0
201 0
202 0
203 0
204 0
205 0
206 0
207 0
208 0
209 0
210 0
211 0
212 0
213 0
214 0
215 0
216 0
217 1
218 1
219 1
220 1
221 0
222 0
223 0
224 0
225 0
226 0
227 0
228 0
229 0
230 0
231 0
232 0
233 0 #dummy
234 0 #dummy
235 0 #dummy
236 0 #dummy
237 0 #dummy
238 0 #dummy
239 0 #dummy
240 0 #dummy
241 0 #dummy
242 0 #dummy
243 0 #dummy
244 0 #dummy
245 0 #dummy
246 0 #dummy
247 0 #dummy
248 0 #dummy
249 0 #dummy
250 0 #dummy
251 0 #dummy
252 0 #dummy
253 0 #dummy
254 0 #dummy
255 0 #dummy
256 0             # nTT4 = 20-25 ieta = 0
257 0
258 0
259 0
260 0
261 0
262 0
263 0
264 0
265 0
266 0
267 0
268 0
269 0
270 0
271 0
272 0
273 0
274 0
275 0
276 0
277 0
278 0
279 1
280 1
281 1
282 1
283 1
284 2
285 0
286 0
287 0
288 0
289 0
290 0
291 0
292 0
293 0
294 0
295 0
296 0
297 0 #dummy
298 0 #dummy
299 0 #dummy
300 0 #dummy
301 0 #dummy
302 0 #dummy
303 0 #dummy
304 0 #dummy
305 0 #dummy
306 0 #dummy
307 0 #dummy
308 0 #dummy
309 0 #dummy
310 0 #dummy
311 0 #dummy
312 0 #dummy
313 0 #dummy
314 0 #dummy
315 0 #dummy
316 0 #dummy
317 0 #dummy
318 0 #dummy
319 0 #dummy
320 0             # nTT4 = 25-30 ieta = 0
321 0
322 0
323 0
324 0
325 0
326 0
327 0
328 0
329 0
330 0
331 0
332 0
333 0
334 0
335 0
336 0
337 0
338 0
339 0
340 0
341 0
342 1
343 1
344 1
345 1
346 1
347 1
348 2
349 0
350 0
351 0
352 0
353 0
354 0
355 0
356 0
357 0
358 0
359 0
360 0
361 0 #dummy
362 0 #dummy
363 0 #dummy
364 0 #dummy
365 0 #dummy
366 0 #dummy
367 0 #dummy
368 0 #dummy
369 0 #dummy
370 0 #dummy
371 0 #dummy
372 0 #dummy
373 0 #dummy
374 0 #dummy
375 0 #dummy
376 0 #dummy
377 0 #dummy
378 0 #dummy
379 0 #dummy
380 0 #dummy
381 0 #dummy
382 0 #dummy
383 0 #dummy
384 0             # nTT4 = 30-35 ieta = 0
385 0
386 0
387 0
388 0
389 0
390 0
391 0
392 0
393 0
394 0
395 0
396 0
397 0
398 1
399 1
400 1
401 1
402 1
403 1
404 1
405 1
406 1
407 1
408 1
409 1
410 1
411 1
412 2
413 0
414 0
415 0
416 0
417 0
418 0
419 0
420 0
421 0
422 0
423 0
424 0
425 0 #dummy
426 0 #dummy
427 0 #dummy
428 0 #dummy
429 0 #dummy
430 0 #dummy
431 0 #dummy
432 0 #dummy
433 0 #dummy
434 0 #dummy
435 0 #dummy
436 0 #dummy
437 0 #dummy
438 0 #dummy
439 0 #dummy
440 0 #dummy
441 0 #dummy
442 0 #dummy
443 0 #dummy
444 0 #dummy
445 0 #dummy
446 0 #dummy
447 0 #dummy
448 0             # nTT4 = 35-40 ieta = 0
449 0
450 0
451 0
452 0
453 0
454 0
455 0
456 0
457 0
458 0
459 0
460 0
461 1
462 1
463 1
464 1
465 1
466 1
467 1
468 1
469 1
470 1
471 1
472 1
473 1
474 1
475 1
476 3
477 0
478 0
479 0
480 0
481 0
482 0
483 0
484 0
485 0
486 0
487 0
488 0
489 0 #dummy
490 0 #dummy
491 0 #dummy
492 0 #dummy
493 0 #dummy
494 0 #dummy
495 0 #dummy
496 0 #dummy
497 0 #dummy
498 0 #dummy
499 0 #dummy
500 0 #dummy
501 0 #dummy
502 0 #dummy
503 0 #dummy
504 0 #dummy
505 0 #dummy
506 0 #dummy
507 0 #dummy
508 0 #dummy
509 0 #dummy
510 0 #dummy
511 0 #dummy
512 0             # nTT4 = 40-45 ieta = 0
513 0
514 0
515 0
516 0
517 0
518 0
519 0
520 0
521 0
522 0
523 0
524 0
525 1
526 1
527 1
528 1
529 1
530 1
531 1
532 1
533 1
534 1
535 1
536 1
537 1
538 2
539 1
540 3
541 0
542 0
543 0
544 0
545 0
546 0
547 0
548 0
549 0
550 0
551 0
552 0
553 0 #dummy
554 0 #dummy
555 0 #dummy
556 0 #dummy
557 0 #dummy
558 0 #dummy
559 0 #dummy
560 0 #dummy
561 0 #dummy
562 0 #dummy
563 0 #dummy
564 0 #dummy
565 0 #dummy
566 0 #dummy
567 0 #dummy
568 0 #dummy
569 0 #dummy
570 0 #dummy
571 0 #dummy
572 0 #dummy
573 0 #dummy
574 0 #dummy
575 0 #dummy
576 0             # nTT4 = 45-50 ieta = 0
577 0
578 0
579 0
580 0
581 0
582 0
583 0
584 0
585 0
586 0
587 0
588 0
589 1
590 1
591 1
592 1
593 1
594 1
595 1
596 1
597 1
598 1
599 1
600 1
601 2
602 2
603 2
604 4
605 0
606 0
607 0
608 0
609 0
610 0
611 0
612 0
613 0
614 0
615 0
616 0
617 0 #dummy
618 0 #dummy
619 0 #dummy
620 0 #dummy
621 0 #dummy
622 0 #dummy
623 0 #dummy
624 0 #dummy
625 0 #dummy
626 0 #dummy
627 0 #dummy
628 0 #dummy
629 0 #dummy
630 0 #dummy
631 0 #dummy
632 0 #dummy
633 0 #dummy
634 0 #dummy
635 0 #dummy
636 0 #dummy
637 0 #dummy
638 0 #dummy
639 0 #dummy
640 0             # nTT4 = 50-55 ieta = 0
641 0
642 0
643 0
644 0
645 0
646 0
647 0
648 0
649 0
650 0
651 0
652 0
653 1
654 1
655 1
656 1
657 1
658 1
659 1
660 1
661 1
662 1
663 1
664 1
665 2
666 2
667 2
668 4
669 0
670 0
671 0
672 0
673 0
674 0
675 0
676 0
677 0
678 0
679 0
680 0
681 0 #dummy
682 0 #dummy
683 0 #dummy
684 0 #dummy
685 0 #dummy
686 0 #dummy
687 0 #dummy
688 0 #dummy
689 0 #dummy
690 0 #dummy
691 0 #dummy
692 0 #dummy
693 0 #dummy
694 0 #dummy
695 0 #dummy
696 0 #dummy
697 0 #dummy
698 0 #dummy
699 0 #dummy
700 0 #dummy
701 0 #dummy
702 0 #dummy
703 0 #dummy
704 0             # nTT4 = 55-60 ieta = 0
705 0
706 0
707 0
708 0
709 0
710 0
711 0
712 0
713 0
714 0
715 0
716 0
717 1
718 1
719 1
720 1
721 1
722 1
723 1
724 1
725 1
726 1
727 1
728 2
729 2
730 2
731 2
732 4
733 0
734 0
735 0
736 0
737 0
738 0
739 0
740 0
741 0
742 0
743 0
744 0
745 0 #dummy
746 0 #dummy
747 0 #dummy
748 0 #dummy
749 0 #dummy
750 0 #dummy
751 0 #dummy
752 0 #dummy
753 0 #dummy
754 0 #dummy
755 0 #dummy
756 0 #dummy
757 0 #dummy
758 0 #dummy
759 0 #dummy
760 0 #dummy
761 0 #dummy
762 0 #dummy
763 0 #dummy
764 0 #dummy
765 0 #dummy
766 0 #dummy
767 0 #dummy
768 0             # nTT4 = 60-65 ieta = 0
769 0
770 0
771 0
772 0
773 0
774 0
775 0
776 0
777 0
778 0
779 0
780 0
781 1
782 1
783 1
784 1
785 1
786 1
787 1
788 1
789 1
790 1
791 2
792 2
793 2
794 2
795 2
796 5
797 0
798 0
799 0
800 0
801 0
802 0
803 0
804 0
805 0
806 0
807 0
808 0
809 0 #dummy
810 0 #dummy
811 0 #dummy
812 0 #dummy
813 0 #dummy
814 0 #dummy
815 0 #dummy
816 0 #dummy
817 0 #dummy
818 0 #dummy
819 0 #dummy
820 0 #dummy
821 0 #dummy
822 0 #dummy
823 0 #dummy
824 0 #dummy
825 0 #dummy
826 0 #dummy
827 0 #dummy
828 0 #dummy
829 0 #dummy
830 0 #dummy
831 0 #dummy
832 0             # nTT4 = 65-70 ieta = 0
833 0
834 0
835 0
836 0
837 0
838 0
839 0
840 0
841 0
842 0
843 0
844 0
845 1
846 1
847 1
848 1
849 1
850 1
851 1
852 1
853 1
854 1
855 2
856 2
857 2
858 3
859 2
860 5
861 0
862 0
863 0
864 0
865 0
866 0
867 0
868 0
869 0
870 0
871 0
872 1
873 0 #dummy
874 0 #dummy
875 0 #dummy
876 0 #dummy
877 0 #dummy
878 0 #dummy
879 0 #dummy
880 0 #dummy
881 0 #dummy
882 0 #dummy
883 0 #dummy
884 0 #dummy
885 0 #dummy
886 0 #dummy
887 0 #dummy
888 0 #dummy
889 0 #dummy
890 0 #dummy
891 0 #dummy
892 0 #dummy
893 0 #dummy
894 0 #dummy
895 0 #dummy
896 0             # nTT4 = 70-75 ieta = 0
897 0
898 0
899 0
900 0
901 0
902 0
903 0
904 0
905 0
906 0
907 0
908 0
909 1
910 1
911 1
912 1
913 1
914 1
915 1
916 1
917 1
918 2
919 2
920 2
921 2
922 3
923 2
924 6
925 1
926 0
927 0
928 0
929 0
930 0
931 0
932 0
933 0
934 0
935 0
936 1
937 0 #dummy
938 0 #dummy
939 0 #dummy
940 0 #dummy
941 0 #dummy
942 0 #dummy
943 0 #dummy
944 0 #dummy
945 0 #dummy
946 0 #dummy
947 0 #dummy
948 0 #dummy
949 0 #dummy
950 0 #dummy
951 0 #dummy
952 0 #dummy
953 0 #dummy
954 0 #dummy
955 0 #dummy
956 0 #dummy
957 0 #dummy
958 0 #dummy
959 0 #dummy
960 0             # nTT4 = 75-80 ieta = 0
961 0
962 0
963 0
964 0
965 0
966 0
967 0
968 0
969 0
970 0
971 0
972 0
973 1
974 1
975 1
976 1
977 1
978 1
979 1
980 1
981 1
982 2
983 2
984 2
985 3
986 3
987 3
988 6
989 1
990 0
991 0
992 0
993 0
994 0
995 0
996 0
997 0
998 0
999 0
1000 1
1001 0 #dummy
1002 0 #dummy
1003 0 #dummy
1004 0 #dummy
1005 0 #dummy
1006 0 #dummy
1007 0 #dummy
1008 0 #dummy
1009 0 #dummy
1010 0 #dummy
1011 0 #dummy
1012 0 #dummy
1013 0 #dummy
1014 0 #dummy
1015 0 #dummy
1016 0 #dummy
1017 0 #dummy
1018 0 #dummy
1019 0 #dummy
1020 0 #dummy
1021 0 #dummy
1022 0 #dummy
1023 0 #dummy
1024 0             # nTT4 = 80-85 ieta = 0
1025 0
1026 0
1027 0
1028 0
1029 0
1030 0
1031 0
1032 0
1033 0
1034 0
1035 0
1036 0
1037 1
1038 1
1039 1
1040 1
1041 1
1042 1
1043 2
1044 2
1045 2
1046 2
1047 2
1048 2
1049 3
1050 3
1051 3
1052 6
1053 1
1054 0
1055 0
1056 0
1057 0
1058 0
1059 0
1060 0
1061 0
1062 0
1063 0
1064 2
1065 0 #dummy
1066 0 #dummy
1067 0 #dummy
1068 0 #dummy
1069 0 #dummy
1070 0 #dummy
1071 0 #dummy
1072 0 #dummy
1073 0 #dummy
1074 0 #dummy
1075 0 #dummy
1076 0 #dummy
1077 0 #dummy
1078 0 #dummy
1079 0 #dummy
1080 0 #dummy
1081 0 #dummy
1082 0 #dummy
1083 0 #dummy
1084 0 #dummy
1085 0 #dummy
1086 0 #dummy
1087 0 #dummy
1088 0             # nTT4 = 85-90 ieta = 0
1089 0
1090 0
1091 0
1092 0
1093 0
1094 0
1095 0
1096 0
1097 0
1098 0
1099 0
1100 0
1101 1
1102 1
1103 1
1104 2
1105 2
1106 2
1107 2
1108 2
1109 2
1110 2
1111 2
1112 2
1113 3
1114 3
1115 3
1116 7
1117 2
1118 0
1119 0
1120 0
1121 0
1122 0
1123 0
1124 0
1125 0
1126 0
1127 0
1128 2
1129 0 #dummy
1130 0 #dummy
1131 0 #dummy
1132 0 #dummy
1133 0 #dummy
1134 0 #dummy
1135 0 #dummy
1136 0 #dummy
1137 0 #dummy
1138 0 #dummy
1139 0 #dummy
1140 0 #dummy
1141 0 #dummy
1142 0 #dummy
1143 0 #dummy
1144 0 #dummy
1145 0 #dummy
1146 0 #dummy
1147 0 #dummy
1148 0 #dummy
1149 0 #dummy
1150 0 #dummy
1151 0 #dummy
1152 0             # nTT4 = 90-95 ieta = 0
1153 0
1154 0
1155 0
1156 0
1157 0
1158 0
1159 0
1160 0
1161 0
1162 0
1163 0
1164 0
1165 1
1166 2
1167 2
1168 2
1169 2
1170 2
1171 2
1172 2
1173 2
1174 2
1175 2
1176 3
1177 3
1178 4
1179 3
1180 7
1181 2
1182 0
1183 0
1184 0
1185 0
1186 0
1187 0
1188 0
1189 0
1190 0
1191 0
1192 2
1193 0 #dummy
1194 0 #dummy
1195 0 #dummy
1196 0 #dummy
1197 0 #dummy
1198 0 #dummy
1199 0 #dummy
1200 0 #dummy
1201 0 #dummy
1202 0 #dummy
1203 0 #dummy
1204 0 #dummy
1205 0 #dummy
1206 0 #dummy
1207 0 #dummy
1208 0 #dummy
1209 0 #dummy
1210 0 #dummy
1211 0 #dummy
1212 0 #dummy
1213 0 #dummy
1214 0 #dummy
1215 0 #dummy
1216 0             # nTT4 = 95-100 ieta = 0
1217 0
1218 0
1219 0
1220 0
1221 0
1222 0
1223 0
1224 0
1225 0
1226 0
1227 0
1228 0
1229 2
1230 2
1231 2
1232 2
1233 2
1234 2
1235 2
1236 2
1237 2
1238 2
1239 2
1240 3
1241 3
1242 4
1243 3
1244 8
1245 2
1246 0
1247 0
1248 0
1249 0
1250 0
1251 0
1252 0
1253 0
1254 0
1255 0
1256 3
1257 0 #dummy
1258 0 #dummy
1259 0 #dummy
1260 0 #dummy
1261 0 #dummy
1262 0 #dummy
1263 0 #dummy
1264 0 #dummy
1265 0 #dummy
1266 0 #dummy
1267 0 #dummy
1268 0 #dummy
1269 0 #dummy
1270 0 #dummy
1271 0 #dummy
1272 0 #dummy
1273 0 #dummy
1274 0 #dummy
1275 0 #dummy
1276 0 #dummy
1277 0 #dummy
1278 0 #dummy
1279 0 #dummy
1280 0             # nTT4 = 100-105 ieta = 0
1281 0
1282 0
1283 0
1284 0
1285 0
1286 0
1287 0
1288 0
1289 0
1290 0
1291 0
1292 0
1293 2
1294 2
1295 2
1296 2
1297 2
1298 2
1299 2
1300 2
1301 2
1302 2
1303 3
1304 3
1305 3
1306 4
1307 3
1308 8
1309 3
1310 0
1311 0
1312 0
1313 0
1314 0
1315 0
1316 0
1317 0
1318 0
1319 0
1320 3
1321 0 #dummy
1322 0 #dummy
1323 0 #dummy
1324 0 #dummy
1325 0 #dummy
1326 0 #dummy
1327 0 #dummy
1328 0 #dummy
1329 0 #dummy
1330 0 #dummy
1331 0 #dummy
1332 0 #dummy
1333 0 #dummy
1334 0 #dummy
1335 0 #dummy
1336 0 #dummy
1337 0 #dummy
1338 0 #dummy
1339 0 #dummy
1340 0 #dummy
1341 0 #dummy
1342 0 #dummy
1343 0 #dummy
1344 0             # nTT4 = 105-110 ieta = 0
1345 0
1346 0
1347 0
1348 0
1349 0
1350 0
1351 0
1352 0
1353 0
1354 0
1355 0
1356 0
1357 2
1358 2
1359 2
1360 2
1361 2
1362 2
1363 2
1364 2
1365 2
1366 2
1367 3
1368 3
1369 4
1370 4
1371 4
1372 8
1373 3
1374 0
1375 0
1376 0
1377 0
1378 0
1379 0
1380 0
1381 0
1382 0
1383 0
1384 3
1385 0 #dummy
1386 0 #dummy
1387 0 #dummy
1388 0 #dummy
1389 0 #dummy
1390 0 #dummy
1391 0 #dummy
1392 0 #dummy
1393 0 #dummy
1394 0 #dummy
1395 0 #dummy
1396 0 #dummy
1397 0 #dummy
1398 0 #dummy
1399 0 #dummy
1400 0 #dummy
1401 0 #dummy
1402 0 #dummy
1403 0 #dummy
1404 0 #dummy
1405 0 #dummy
1406 0 #dummy
1407 0 #dummy
1408 0             # nTT4 = 110-115 ieta = 0
1409 0
1410 0
1411 0
1412 0
1413 0
1414 0
1415 0
1416 0
1417 0
1418 0
1419 0
1420 0
1421 2
1422 2
1423 2
1424 2
1425 2
1426 2
1427 2
1428 2
1429 2
1430 2
1431 3
1432 3
1433 4
1434 4
1435 4
1436 9
1437 3
1438 0
1439 0
1440 0
1441 0
1442 0
1443 0
1444 0
1445 0
1446 0
1447 0
1448 4
1449 0 #dummy
1450 0 #dummy
1451 0 #dummy
1452 0 #dummy
1453 0 #dummy
1454 0 #dummy
1455 0 #dummy
1456 0 #dummy
1457 0 #dummy
1458 0 #dummy
1459 0 #dummy
1460 0 #dummy
1461 0 #dummy
1462 0 #dummy
1463 0 #dummy
1464 0 #dummy
1465 0 #dummy
1466 0 #dummy
1467 0 #dummy
1468 0 #dummy
1469 0 #dummy
1470 0 #dummy
1471 0 #dummy
1472 0             # nTT4 = 115-120 ieta = 0
1473 0
1474 0
1475 0
1476 0
1477 0
1478 0
1479 0
1480 0
1481 0
1482 0
1483 0
1484 0
1485 2
1486 2
1487 2
1488 2
1489 2
1490 2
1491 2
1492 2
1493 2
1494 3
1495 3
1496 3
1497 4
1498 5
1499 4
1500 9
1501 4
1502 1
1503 1
1504 1
1505 1
1506 1
1507 1
1508 1
1509 1
1510 1
1511 1
1512 4
1513 0 #dummy
1514 0 #dummy
1515 0 #dummy
1516 0 #dummy
1517 0 #dummy
1518 0 #dummy
1519 0 #dummy
1520 0 #dummy
1521 0 #dummy
1522 0 #dummy
1523 0 #dummy
1524 0 #dummy
1525 0 #dummy
1526 0 #dummy
1527 0 #dummy
1528 0 #dummy
1529 0 #dummy
1530 0 #dummy
1531 0 #dummy
1532 0 #dummy
1533 0 #dummy
1534 0 #dummy
1535 0 #dummy
1536 0             # nTT4 = 120-125 ieta = 0
1537 0
1538 0
1539 0
1540 0
1541 0
1542 0
1543 0
1544 0
1545 0
1546 0
1547 0
1548 0
1549 2
1550 2
1551 2
1552 2
1553 2
1554 2
1555 2
1556 2
1557 2
1558 3
1559 3
1560 3
1561 4
1562 5
1563 4
1564 10
1565 4
1566 1
1567 1
1568 1
1569 1
1570 1
1571 1
1572 1
1573 1
1574 1
1575 1
1576 4
1577 0 #dummy
1578 0 #dummy
1579 0 #dummy
1580 0 #dummy
1581 0 #dummy
1582 0 #dummy
1583 0 #dummy
1584 0 #dummy
1585 0 #dummy
1586 0 #dummy
1587 0 #dummy
1588 0 #dummy
1589 0 #dummy
1590 0 #dummy
1591 0 #dummy
1592 0 #dummy
1593 0 #dummy
1594 0 #dummy
1595 0 #dummy
1596 0 #dummy
1597 0 #dummy
1598 0 #dummy
1599 0 #dummy
1600 0             # nTT4 = 125-130 ieta = 0
1601 0
1602 0
1603 0
1604 0
1605 0
1606 0
1607 0
1608 0
1609 0
1610 0
1611 0
1612 0
1613 2
1614 2
1615 2
1616 2
1617 2
1618 2
1619 2
1620 2
1621 2
1622 3
1623 3
1624 4
1625 4
1626 5
1627 4
1628 10
1629 4
1630 1
1631 1
1632 1
1633 1
1634 1
1635 1
1636 1
1637 1
1638 1
1639 1
1640 5
1641 0 #dummy
1642 0 #dummy
1643 0 #dummy
1644 0 #dummy
1645 0 #dummy
1646 0 #dummy
1647 0 #dummy
1648 0 #dummy
1649 0 #dummy
1650 0 #dummy
1651 0 #dummy
1652 0 #dummy
1653 0 #dummy
1654 0 #dummy
1655 0 #dummy
1656 0 #dummy
1657 0 #dummy
1658 0 #dummy
1659 0 #dummy
1660 0 #dummy
1661 0 #dummy
1662 0 #dummy
1663 0 #dummy
1664 0             # nTT4 = 130-135 ieta = 0
1665 0
1666 0
1667 0
1668 0
1669 0
1670 0
1671 0
1672 0
1673 0
1674 0
1675 0
1676 0
1677 2
1678 2
1679 2
1680 2
1681 2
1682 2
1683 2
1684 2
1685 3
1686 3
1687 3
1688 4
1689 4
1690 5
1691 4
1692 10
1693 4
1694 1
1695 1
1696 1
1697 1
1698 1
1699 1
1700 1
1701 1
1702 1
1703 1
1704 5
1705 0 #dummy
1706 0 #dummy
1707 0 #dummy
1708 0 #dummy
1709 0 #dummy
1710 0 #dummy
1711 0 #dummy
1712 0 #dummy
1713 0 #dummy
1714 0 #dummy
1715 0 #dummy
1716 0 #dummy
1717 0 #dummy
1718 0 #dummy
1719 0 #dummy
1720 0 #dummy
1721 0 #dummy
1722 0 #dummy
1723 0 #dummy
1724 0 #dummy
1725 0 #dummy
1726 0 #dummy
1727 0 #dummy
1728 0             # nTT4 = 135-140 ieta = 0
1729 0
1730 0
1731 0
1732 0
1733 0
1734 0
1735 0
1736 0
1737 0
1738 0
1739 0
1740 0
1741 2
1742 2
1743 2
1744 2
1745 2
1746 3
1747 3
1748 3
1749 3
1750 3
1751 3
1752 4
1753 5
1754 5
1755 5
1756 11
1757 5
1758 1
1759 1
1760 1
1761 1
1762 1
1763 1
1764 1
1765 1
1766 2
1767 1
1768 5
1769 0 #dummy
1770 0 #dummy
1771 0 #dummy
1772 0 #dummy
1773 0 #dummy
1774 0 #dummy
1775 0 #dummy
1776 0 #dummy
1777 0 #dummy
1778 0 #dummy
1779 0 #dummy
1780 0 #dummy
1781 0 #dummy
1782 0 #dummy
1783 0 #dummy
1784 0 #dummy
1785 0 #dummy
1786 0 #dummy
1787 0 #dummy
1788 0 #dummy
1789 0 #dummy
1790 0 #dummy
1791 0 #dummy
1792 0             # nTT4 = 140-145 ieta = 0
1793 0
1794 0
1795 0
1796 0
1797 0
1798 0
1799 0
1800 0
1801 0
1802 0
1803 0
1804 0
1805 2
1806 2
1807 2
1808 3
1809 3
1810 3
1811 3
1812 3
1813 3
1814 3
1815 4
1816 4
1817 5
1818 6
1819 5
1820 11
1821 5
1822 2
1823 2
1824 2
1825 2
1826 2
1827 2
1828 2
1829 2
1830 2
1831 2
1832 6
1833 0 #dummy
1834 0 #dummy
1835 0 #dummy
1836 0 #dummy
1837 0 #dummy
1838 0 #dummy
1839 0 #dummy
1840 0 #dummy
1841 0 #dummy
1842 0 #dummy
1843 0 #dummy
1844 0 #dummy
1845 0 #dummy
1846 0 #dummy
1847 0 #dummy
1848 0 #dummy
1849 0 #dummy
1850 0 #dummy
1851 0 #dummy
1852 0 #dummy
1853 0 #dummy
1854 0 #dummy
1855 0 #dummy
1856 0             # nTT4 = 145-150 ieta = 0
1857 0
1858 0
1859 0
1860 0
1861 0
1862 0
1863 0
1864 0
1865 0
1866 0
1867 0
1868 0
1869 2
1870 2
1871 3
1872 3
1873 3
1874 3
1875 3
1876 3
1877 3
1878 3
1879 4
1880 4
1881 5
1882 6
1883 5
1884 12
1885 5
1886 2
1887 2
1888 2
1889 2
1890 2
1891 2
1892 2
1893 2
1894 2
1895 2
1896 6
1897 0 #dummy
1898 0 #dummy
1899 0 #dummy
1900 0 #dummy
1901 0 #dummy
1902 0 #dummy
1903 0 #dummy
1904 0 #dummy
1905 0 #dummy
1906 0 #dummy
1907 0 #dummy
1908 0 #dummy
1909 0 #dummy
1910 0 #dummy
1911 0 #dummy
1912 0 #dummy
1913 0 #dummy
1914 0 #dummy
1915 0 #dummy
1916 0 #dummy
1917 0 #dummy
1918 0 #dummy
1919 0 #dummy
1920 0             # nTT4 = 150-155 ieta = 0
1921 0
1922 0
1923 0
1924 0
1925 0
1926 0
1927 0
1928 0
1929 0
1930 0
1931 0
1932 0
1933 2
1934 3
1935 3
1936 3
1937 3
1938 3
1939 3
1940 3
1941 3
1942 3
1943 4
1944 4
1945 5
1946 6
1947 5
1948 12
1949 6
1950 2
1951 2
1952 2
1953 2
1954 2
1955 2
1956 2
1957 2
1958 2
1959 2
1960 6
1961 0 #dummy
1962 0 #dummy
1963 0 #dummy
1964 0 #dummy
1965 0 #dummy
1966 0 #dummy
1967 0 #dummy
1968 0 #dummy
1969 0 #dummy
1970 0 #dummy
1971 0 #dummy
1972 0 #dummy
1973 0 #dummy
1974 0 #dummy
1975 0 #dummy
1976 0 #dummy
1977 0 #dummy
1978 0 #dummy
1979 0 #dummy
1980 0 #dummy
1981 0 #dummy
1982 0 #dummy
1983 0 #dummy
1984 0             # nTT4 = 155-160 ieta = 0
1985 0
1986 0
1987 0
1988 0
1989 0
1990 0
1991 0
1992 0
1993 0
1994 0
1995 0
1996 0
1997 3
1998 3
1999 3
2000 3
2001 3
2002 3
2003 3
2004 3
2005 3
2006 3
2007 4
2008 4
2009 5
2010 6
2011 5
2012 12
2013 6
2014 2
2015 2
2016 2
2017 2
2018 2
2019 2
2020 2
2021 2
2022 2
2023 2
2024 7
2025 0 #dummy
2026 0 #dummy
2027 0 #dummy
2028 0 #dummy
2029 0 #dummy
2030 0 #dummy
2031 0 #dummy
2032 0 #dummy
2033 0 #dummy
2034 0 #dummy
2035 0 #dummy
2036 0 #dummy
2037 0 #dummy
2038 0 #dummy
2039 0 #dummy
2040 0 #dummy
2041 0 #dummy
2042 0 #dummy
2043 0 #dummy
2044 0 #dummy
2045 0 #dummy
2046 0 #dummy
2047 0 #dummy
