# address to et sum tower Et threshold LUT
# maps 13 bits to 8 bits
# 13 bits = (compNTT4<<6) | abs(ieta)
# compNTT4 is unsigned 7 bits, abs(ieta) is 6 bits
# data: tower energy threshold returned has 9 bits 
# anything after # is ignored with the exception of the header
# the header is first valid line starting with #<header> versionStr nrBitsAddress nrBitsData </header>
#<header> v1 13 9 </header>
0 0             # nTT4 = 0-4 ieta = 1
1 0
2 0
3 0
4 0
5 0
6 0
7 0
8 0
9 0
10 0
11 0
12 0
13 0
14 0
15 0
16 0
17 0
18 0
19 0
20 0
21 0
22 0
23 0
24 0
25 0
26 0
27 0
28 0
29 0
30 0
31 0
32 0
33 0
34 0
35 0
36 0
37 0
38 0
39 0
40 0 #dummy
41 0 #dummy
42 0 #dummy
43 0 #dummy
44 0 #dummy
45 0 #dummy
46 0 #dummy
47 0 #dummy
48 0 #dummy
49 0 #dummy
50 0 #dummy
51 0 #dummy
52 0 #dummy
53 0 #dummy
54 0 #dummy
55 0 #dummy
56 0 #dummy
57 0 #dummy
58 0 #dummy
59 0 #dummy
60 0 #dummy
61 0 #dummy
62 0 #dummy
63 0 #dummy
64 0             # nTT4 = 4-8 ieta = 1
65 0
66 0
67 0
68 0
69 0
70 0
71 0
72 0
73 0
74 0
75 0
76 0
77 0
78 0
79 0
80 0
81 0
82 0
83 0
84 0
85 0
86 0
87 0
88 0
89 0
90 0
91 0
92 0
93 0
94 0
95 0
96 0
97 0
98 0
99 0
100 0
101 0
102 0
103 0
104 0 #dummy
105 0 #dummy
106 0 #dummy
107 0 #dummy
108 0 #dummy
109 0 #dummy
110 0 #dummy
111 0 #dummy
112 0 #dummy
113 0 #dummy
114 0 #dummy
115 0 #dummy
116 0 #dummy
117 0 #dummy
118 0 #dummy
119 0 #dummy
120 0 #dummy
121 0 #dummy
122 0 #dummy
123 0 #dummy
124 0 #dummy
125 0 #dummy
126 0 #dummy
127 0 #dummy
128 0             # nTT4 = 8-12 ieta = 1
129 0
130 0
131 0
132 0
133 0
134 0
135 0
136 0
137 0
138 0
139 0
140 0
141 0
142 0
143 0
144 0
145 0
146 0
147 0
148 0
149 0
150 0
151 0
152 0
153 0
154 0
155 0
156 0
157 0
158 0
159 0
160 0
161 0
162 0
163 0
164 0
165 0
166 0
167 0
168 0 #dummy
169 0 #dummy
170 0 #dummy
171 0 #dummy
172 0 #dummy
173 0 #dummy
174 0 #dummy
175 0 #dummy
176 0 #dummy
177 0 #dummy
178 0 #dummy
179 0 #dummy
180 0 #dummy
181 0 #dummy
182 0 #dummy
183 0 #dummy
184 0 #dummy
185 0 #dummy
186 0 #dummy
187 0 #dummy
188 0 #dummy
189 0 #dummy
190 0 #dummy
191 0 #dummy
192 0             # nTT4 = 12-16 ieta = 1
193 0
194 0
195 0
196 0
197 0
198 0
199 0
200 0
201 0
202 0
203 0
204 0
205 0
206 0
207 0
208 0
209 0
210 0
211 0
212 0
213 0
214 0
215 0
216 0
217 0
218 0
219 0
220 0
221 0
222 0
223 0
224 0
225 0
226 0
227 0
228 0
229 0
230 0
231 0
232 0 #dummy
233 0 #dummy
234 0 #dummy
235 0 #dummy
236 0 #dummy
237 0 #dummy
238 0 #dummy
239 0 #dummy
240 0 #dummy
241 0 #dummy
242 0 #dummy
243 0 #dummy
244 0 #dummy
245 0 #dummy
246 0 #dummy
247 0 #dummy
248 0 #dummy
249 0 #dummy
250 0 #dummy
251 0 #dummy
252 0 #dummy
253 0 #dummy
254 0 #dummy
255 0 #dummy
256 0             # nTT4 = 16-20 ieta = 1
257 0
258 0
259 0
260 0
261 0
262 0
263 0
264 0
265 0
266 0
267 0
268 0
269 0
270 0
271 0
272 0
273 0
274 0
275 0
276 0
277 0
278 0
279 0
280 0
281 0
282 0
283 0
284 0
285 0
286 0
287 0
288 0
289 0
290 0
291 0
292 0
293 0
294 0
295 0
296 0 #dummy
297 0 #dummy
298 0 #dummy
299 0 #dummy
300 0 #dummy
301 0 #dummy
302 0 #dummy
303 0 #dummy
304 0 #dummy
305 0 #dummy
306 0 #dummy
307 0 #dummy
308 0 #dummy
309 0 #dummy
310 0 #dummy
311 0 #dummy
312 0 #dummy
313 0 #dummy
314 0 #dummy
315 0 #dummy
316 0 #dummy
317 0 #dummy
318 0 #dummy
319 0 #dummy
320 0             # nTT4 = 20-24 ieta = 1
321 0
322 0
323 0
324 0
325 0
326 0
327 0
328 0
329 0
330 0
331 0
332 0
333 0
334 0
335 0
336 0
337 0
338 0
339 0
340 0
341 0
342 0
343 0
344 0
345 0
346 0
347 0
348 0
349 0
350 0
351 0
352 0
353 0
354 0
355 0
356 0
357 0
358 0
359 0
360 0 #dummy
361 0 #dummy
362 0 #dummy
363 0 #dummy
364 0 #dummy
365 0 #dummy
366 0 #dummy
367 0 #dummy
368 0 #dummy
369 0 #dummy
370 0 #dummy
371 0 #dummy
372 0 #dummy
373 0 #dummy
374 0 #dummy
375 0 #dummy
376 0 #dummy
377 0 #dummy
378 0 #dummy
379 0 #dummy
380 0 #dummy
381 0 #dummy
382 0 #dummy
383 0 #dummy
384 0             # nTT4 = 24-28 ieta = 1
385 0
386 0
387 0
388 0
389 0
390 0
391 0
392 0
393 0
394 0
395 0
396 0
397 0
398 0
399 0
400 0
401 0
402 0
403 0
404 0
405 0
406 0
407 0
408 0
409 0
410 0
411 0
412 0
413 0
414 0
415 0
416 0
417 0
418 0
419 0
420 0
421 0
422 0
423 0
424 0 #dummy
425 0 #dummy
426 0 #dummy
427 0 #dummy
428 0 #dummy
429 0 #dummy
430 0 #dummy
431 0 #dummy
432 0 #dummy
433 0 #dummy
434 0 #dummy
435 0 #dummy
436 0 #dummy
437 0 #dummy
438 0 #dummy
439 0 #dummy
440 0 #dummy
441 0 #dummy
442 0 #dummy
443 0 #dummy
444 0 #dummy
445 0 #dummy
446 0 #dummy
447 0 #dummy
448 0             # nTT4 = 28-32 ieta = 1
449 0
450 0
451 0
452 0
453 0
454 0
455 0
456 0
457 0
458 0
459 0
460 0
461 0
462 0
463 0
464 0
465 0
466 0
467 0
468 0
469 0
470 0
471 0
472 0
473 0
474 0
475 0
476 0
477 0
478 0
479 0
480 0
481 0
482 0
483 0
484 0
485 0
486 0
487 0
488 0 #dummy
489 0 #dummy
490 0 #dummy
491 0 #dummy
492 0 #dummy
493 0 #dummy
494 0 #dummy
495 0 #dummy
496 0 #dummy
497 0 #dummy
498 0 #dummy
499 0 #dummy
500 0 #dummy
501 0 #dummy
502 0 #dummy
503 0 #dummy
504 0 #dummy
505 0 #dummy
506 0 #dummy
507 0 #dummy
508 0 #dummy
509 0 #dummy
510 0 #dummy
511 0 #dummy
512 0             # nTT4 = 32-36 ieta = 1
513 0
514 0
515 0
516 0
517 0
518 0
519 0
520 0
521 0
522 0
523 0
524 0
525 0
526 0
527 0
528 0
529 0
530 0
531 0
532 0
533 0
534 0
535 0
536 0
537 0
538 0
539 0
540 0
541 0
542 0
543 0
544 0
545 0
546 0
547 0
548 0
549 0
550 0
551 0
552 0 #dummy
553 0 #dummy
554 0 #dummy
555 0 #dummy
556 0 #dummy
557 0 #dummy
558 0 #dummy
559 0 #dummy
560 0 #dummy
561 0 #dummy
562 0 #dummy
563 0 #dummy
564 0 #dummy
565 0 #dummy
566 0 #dummy
567 0 #dummy
568 0 #dummy
569 0 #dummy
570 0 #dummy
571 0 #dummy
572 0 #dummy
573 0 #dummy
574 0 #dummy
575 0 #dummy
576 0             # nTT4 = 36-40 ieta = 1
577 0
578 0
579 0
580 0
581 0
582 0
583 0
584 0
585 0
586 0
587 0
588 0
589 0
590 0
591 0
592 0
593 0
594 0
595 0
596 0
597 0
598 0
599 0
600 0
601 0
602 0
603 0
604 0
605 0
606 0
607 0
608 0
609 0
610 0
611 0
612 0
613 0
614 0
615 0
616 0 #dummy
617 0 #dummy
618 0 #dummy
619 0 #dummy
620 0 #dummy
621 0 #dummy
622 0 #dummy
623 0 #dummy
624 0 #dummy
625 0 #dummy
626 0 #dummy
627 0 #dummy
628 0 #dummy
629 0 #dummy
630 0 #dummy
631 0 #dummy
632 0 #dummy
633 0 #dummy
634 0 #dummy
635 0 #dummy
636 0 #dummy
637 0 #dummy
638 0 #dummy
639 0 #dummy
640 0             # nTT4 = 40-44 ieta = 1
641 0
642 0
643 0
644 0
645 0
646 0
647 0
648 0
649 0
650 1
651 1
652 1
653 1
654 1
655 1
656 1
657 1
658 1
659 1
660 1
661 1
662 1
663 2
664 2
665 3
666 2
667 6
668 5
669 3
670 3
671 3
672 3
673 3
674 4
675 4
676 4
677 4
678 4
679 7
680 0 #dummy
681 0 #dummy
682 0 #dummy
683 0 #dummy
684 0 #dummy
685 0 #dummy
686 0 #dummy
687 0 #dummy
688 0 #dummy
689 0 #dummy
690 0 #dummy
691 0 #dummy
692 0 #dummy
693 0 #dummy
694 0 #dummy
695 0 #dummy
696 0 #dummy
697 0 #dummy
698 0 #dummy
699 0 #dummy
700 0 #dummy
701 0 #dummy
702 0 #dummy
703 0 #dummy
704 0             # nTT4 = 44-48 ieta = 1
705 0
706 0
707 0
708 0
709 0
710 0
711 0
712 0
713 0
714 1
715 1
716 1
717 1
718 1
719 1
720 1
721 1
722 1
723 1
724 1
725 1
726 1
727 2
728 2
729 3
730 2
731 6
732 5
733 3
734 3
735 3
736 3
737 3
738 4
739 4
740 4
741 4
742 4
743 7
744 0 #dummy
745 0 #dummy
746 0 #dummy
747 0 #dummy
748 0 #dummy
749 0 #dummy
750 0 #dummy
751 0 #dummy
752 0 #dummy
753 0 #dummy
754 0 #dummy
755 0 #dummy
756 0 #dummy
757 0 #dummy
758 0 #dummy
759 0 #dummy
760 0 #dummy
761 0 #dummy
762 0 #dummy
763 0 #dummy
764 0 #dummy
765 0 #dummy
766 0 #dummy
767 0 #dummy
768 0             # nTT4 = 48-52 ieta = 1
769 0
770 0
771 0
772 0
773 0
774 0
775 0
776 0
777 0
778 1
779 1
780 1
781 1
782 1
783 1
784 1
785 1
786 1
787 1
788 1
789 1
790 1
791 2
792 2
793 3
794 2
795 6
796 5
797 3
798 3
799 3
800 3
801 3
802 4
803 4
804 4
805 4
806 4
807 7
808 0 #dummy
809 0 #dummy
810 0 #dummy
811 0 #dummy
812 0 #dummy
813 0 #dummy
814 0 #dummy
815 0 #dummy
816 0 #dummy
817 0 #dummy
818 0 #dummy
819 0 #dummy
820 0 #dummy
821 0 #dummy
822 0 #dummy
823 0 #dummy
824 0 #dummy
825 0 #dummy
826 0 #dummy
827 0 #dummy
828 0 #dummy
829 0 #dummy
830 0 #dummy
831 0 #dummy
832 0             # nTT4 = 52-56 ieta = 1
833 0
834 0
835 0
836 0
837 0
838 0
839 0
840 0
841 0
842 1
843 1
844 1
845 1
846 1
847 1
848 1
849 1
850 1
851 1
852 1
853 1
854 1
855 2
856 2
857 3
858 2
859 6
860 5
861 3
862 3
863 3
864 3
865 3
866 4
867 4
868 4
869 4
870 4
871 7
872 0 #dummy
873 0 #dummy
874 0 #dummy
875 0 #dummy
876 0 #dummy
877 0 #dummy
878 0 #dummy
879 0 #dummy
880 0 #dummy
881 0 #dummy
882 0 #dummy
883 0 #dummy
884 0 #dummy
885 0 #dummy
886 0 #dummy
887 0 #dummy
888 0 #dummy
889 0 #dummy
890 0 #dummy
891 0 #dummy
892 0 #dummy
893 0 #dummy
894 0 #dummy
895 0 #dummy
896 0             # nTT4 = 56-60 ieta = 1
897 0
898 0
899 0
900 0
901 0
902 0
903 0
904 0
905 0
906 1
907 1
908 1
909 1
910 1
911 1
912 1
913 1
914 1
915 1
916 1
917 1
918 1
919 2
920 2
921 3
922 2
923 6
924 5
925 3
926 3
927 3
928 3
929 3
930 4
931 4
932 4
933 4
934 4
935 7
936 0 #dummy
937 0 #dummy
938 0 #dummy
939 0 #dummy
940 0 #dummy
941 0 #dummy
942 0 #dummy
943 0 #dummy
944 0 #dummy
945 0 #dummy
946 0 #dummy
947 0 #dummy
948 0 #dummy
949 0 #dummy
950 0 #dummy
951 0 #dummy
952 0 #dummy
953 0 #dummy
954 0 #dummy
955 0 #dummy
956 0 #dummy
957 0 #dummy
958 0 #dummy
959 0 #dummy
960 0             # nTT4 = 60-64 ieta = 1
961 0
962 0
963 0
964 0
965 0
966 0
967 0
968 0
969 0
970 1
971 1
972 1
973 1
974 1
975 1
976 1
977 1
978 1
979 1
980 1
981 1
982 1
983 2
984 2
985 3
986 2
987 6
988 5
989 3
990 3
991 3
992 3
993 3
994 4
995 4
996 4
997 4
998 4
999 7
1000 0 #dummy
1001 0 #dummy
1002 0 #dummy
1003 0 #dummy
1004 0 #dummy
1005 0 #dummy
1006 0 #dummy
1007 0 #dummy
1008 0 #dummy
1009 0 #dummy
1010 0 #dummy
1011 0 #dummy
1012 0 #dummy
1013 0 #dummy
1014 0 #dummy
1015 0 #dummy
1016 0 #dummy
1017 0 #dummy
1018 0 #dummy
1019 0 #dummy
1020 0 #dummy
1021 0 #dummy
1022 0 #dummy
1023 0 #dummy
1024 0             # nTT4 = 64-68 ieta = 1
1025 0
1026 0
1027 0
1028 0
1029 0
1030 0
1031 0
1032 0
1033 0
1034 1
1035 1
1036 1
1037 1
1038 1
1039 1
1040 1
1041 1
1042 1
1043 1
1044 1
1045 1
1046 1
1047 2
1048 2
1049 3
1050 2
1051 6
1052 5
1053 3
1054 3
1055 3
1056 3
1057 3
1058 4
1059 4
1060 4
1061 4
1062 4
1063 7
1064 0 #dummy
1065 0 #dummy
1066 0 #dummy
1067 0 #dummy
1068 0 #dummy
1069 0 #dummy
1070 0 #dummy
1071 0 #dummy
1072 0 #dummy
1073 0 #dummy
1074 0 #dummy
1075 0 #dummy
1076 0 #dummy
1077 0 #dummy
1078 0 #dummy
1079 0 #dummy
1080 0 #dummy
1081 0 #dummy
1082 0 #dummy
1083 0 #dummy
1084 0 #dummy
1085 0 #dummy
1086 0 #dummy
1087 0 #dummy
1088 0             # nTT4 = 68-72 ieta = 1
1089 0
1090 0
1091 0
1092 0
1093 0
1094 0
1095 0
1096 0
1097 0
1098 1
1099 1
1100 1
1101 1
1102 1
1103 1
1104 1
1105 1
1106 1
1107 1
1108 1
1109 1
1110 1
1111 2
1112 2
1113 3
1114 2
1115 6
1116 5
1117 3
1118 3
1119 3
1120 3
1121 3
1122 4
1123 4
1124 4
1125 4
1126 4
1127 7
1128 0 #dummy
1129 0 #dummy
1130 0 #dummy
1131 0 #dummy
1132 0 #dummy
1133 0 #dummy
1134 0 #dummy
1135 0 #dummy
1136 0 #dummy
1137 0 #dummy
1138 0 #dummy
1139 0 #dummy
1140 0 #dummy
1141 0 #dummy
1142 0 #dummy
1143 0 #dummy
1144 0 #dummy
1145 0 #dummy
1146 0 #dummy
1147 0 #dummy
1148 0 #dummy
1149 0 #dummy
1150 0 #dummy
1151 0 #dummy
1152 0             # nTT4 = 72-76 ieta = 1
1153 0
1154 0
1155 0
1156 0
1157 0
1158 0
1159 0
1160 0
1161 0
1162 1
1163 1
1164 1
1165 1
1166 1
1167 1
1168 1
1169 1
1170 1
1171 1
1172 1
1173 1
1174 1
1175 2
1176 2
1177 3
1178 2
1179 6
1180 5
1181 3
1182 3
1183 3
1184 3
1185 3
1186 4
1187 4
1188 4
1189 4
1190 4
1191 7
1192 0 #dummy
1193 0 #dummy
1194 0 #dummy
1195 0 #dummy
1196 0 #dummy
1197 0 #dummy
1198 0 #dummy
1199 0 #dummy
1200 0 #dummy
1201 0 #dummy
1202 0 #dummy
1203 0 #dummy
1204 0 #dummy
1205 0 #dummy
1206 0 #dummy
1207 0 #dummy
1208 0 #dummy
1209 0 #dummy
1210 0 #dummy
1211 0 #dummy
1212 0 #dummy
1213 0 #dummy
1214 0 #dummy
1215 0 #dummy
1216 0             # nTT4 = 76-80 ieta = 1
1217 0
1218 0
1219 0
1220 0
1221 0
1222 0
1223 0
1224 0
1225 0
1226 1
1227 1
1228 1
1229 1
1230 1
1231 1
1232 1
1233 1
1234 1
1235 1
1236 1
1237 1
1238 1
1239 2
1240 2
1241 3
1242 2
1243 6
1244 5
1245 3
1246 3
1247 3
1248 3
1249 3
1250 4
1251 4
1252 4
1253 4
1254 4
1255 7
1256 0 #dummy
1257 0 #dummy
1258 0 #dummy
1259 0 #dummy
1260 0 #dummy
1261 0 #dummy
1262 0 #dummy
1263 0 #dummy
1264 0 #dummy
1265 0 #dummy
1266 0 #dummy
1267 0 #dummy
1268 0 #dummy
1269 0 #dummy
1270 0 #dummy
1271 0 #dummy
1272 0 #dummy
1273 0 #dummy
1274 0 #dummy
1275 0 #dummy
1276 0 #dummy
1277 0 #dummy
1278 0 #dummy
1279 0 #dummy
1280 0             # nTT4 = 80-84 ieta = 1
1281 0
1282 0
1283 0
1284 0
1285 1
1286 1
1287 1
1288 1
1289 1
1290 1
1291 1
1292 1
1293 1
1294 1
1295 2
1296 2
1297 2
1298 2
1299 2
1300 2
1301 3
1302 3
1303 4
1304 4
1305 5
1306 5
1307 11
1308 9
1309 6
1310 6
1311 6
1312 7
1313 7
1314 7
1315 7
1316 7
1317 8
1318 8
1319 14
1320 0 #dummy
1321 0 #dummy
1322 0 #dummy
1323 0 #dummy
1324 0 #dummy
1325 0 #dummy
1326 0 #dummy
1327 0 #dummy
1328 0 #dummy
1329 0 #dummy
1330 0 #dummy
1331 0 #dummy
1332 0 #dummy
1333 0 #dummy
1334 0 #dummy
1335 0 #dummy
1336 0 #dummy
1337 0 #dummy
1338 0 #dummy
1339 0 #dummy
1340 0 #dummy
1341 0 #dummy
1342 0 #dummy
1343 0 #dummy
1344 0             # nTT4 = 84-88 ieta = 1
1345 0
1346 0
1347 0
1348 0
1349 1
1350 1
1351 1
1352 1
1353 1
1354 1
1355 1
1356 1
1357 1
1358 1
1359 2
1360 2
1361 2
1362 2
1363 2
1364 2
1365 3
1366 3
1367 4
1368 4
1369 5
1370 5
1371 11
1372 9
1373 6
1374 6
1375 6
1376 7
1377 7
1378 7
1379 7
1380 7
1381 8
1382 8
1383 14
1384 0 #dummy
1385 0 #dummy
1386 0 #dummy
1387 0 #dummy
1388 0 #dummy
1389 0 #dummy
1390 0 #dummy
1391 0 #dummy
1392 0 #dummy
1393 0 #dummy
1394 0 #dummy
1395 0 #dummy
1396 0 #dummy
1397 0 #dummy
1398 0 #dummy
1399 0 #dummy
1400 0 #dummy
1401 0 #dummy
1402 0 #dummy
1403 0 #dummy
1404 0 #dummy
1405 0 #dummy
1406 0 #dummy
1407 0 #dummy
1408 0             # nTT4 = 88-92 ieta = 1
1409 0
1410 0
1411 0
1412 0
1413 1
1414 1
1415 1
1416 1
1417 1
1418 1
1419 1
1420 1
1421 1
1422 1
1423 2
1424 2
1425 2
1426 2
1427 2
1428 2
1429 3
1430 3
1431 4
1432 4
1433 5
1434 5
1435 11
1436 9
1437 6
1438 6
1439 6
1440 7
1441 7
1442 7
1443 7
1444 7
1445 8
1446 8
1447 14
1448 0 #dummy
1449 0 #dummy
1450 0 #dummy
1451 0 #dummy
1452 0 #dummy
1453 0 #dummy
1454 0 #dummy
1455 0 #dummy
1456 0 #dummy
1457 0 #dummy
1458 0 #dummy
1459 0 #dummy
1460 0 #dummy
1461 0 #dummy
1462 0 #dummy
1463 0 #dummy
1464 0 #dummy
1465 0 #dummy
1466 0 #dummy
1467 0 #dummy
1468 0 #dummy
1469 0 #dummy
1470 0 #dummy
1471 0 #dummy
1472 0             # nTT4 = 92-96 ieta = 1
1473 0
1474 0
1475 0
1476 0
1477 1
1478 1
1479 1
1480 1
1481 1
1482 1
1483 1
1484 1
1485 1
1486 1
1487 2
1488 2
1489 2
1490 2
1491 2
1492 2
1493 3
1494 3
1495 4
1496 4
1497 5
1498 5
1499 11
1500 9
1501 6
1502 6
1503 6
1504 7
1505 7
1506 7
1507 7
1508 7
1509 8
1510 8
1511 14
1512 0 #dummy
1513 0 #dummy
1514 0 #dummy
1515 0 #dummy
1516 0 #dummy
1517 0 #dummy
1518 0 #dummy
1519 0 #dummy
1520 0 #dummy
1521 0 #dummy
1522 0 #dummy
1523 0 #dummy
1524 0 #dummy
1525 0 #dummy
1526 0 #dummy
1527 0 #dummy
1528 0 #dummy
1529 0 #dummy
1530 0 #dummy
1531 0 #dummy
1532 0 #dummy
1533 0 #dummy
1534 0 #dummy
1535 0 #dummy
1536 0             # nTT4 = 96-100 ieta = 1
1537 0
1538 0
1539 0
1540 0
1541 1
1542 1
1543 1
1544 1
1545 1
1546 1
1547 1
1548 1
1549 1
1550 1
1551 2
1552 2
1553 2
1554 2
1555 2
1556 2
1557 3
1558 3
1559 4
1560 4
1561 5
1562 5
1563 11
1564 9
1565 6
1566 6
1567 6
1568 7
1569 7
1570 7
1571 7
1572 7
1573 8
1574 8
1575 14
1576 0 #dummy
1577 0 #dummy
1578 0 #dummy
1579 0 #dummy
1580 0 #dummy
1581 0 #dummy
1582 0 #dummy
1583 0 #dummy
1584 0 #dummy
1585 0 #dummy
1586 0 #dummy
1587 0 #dummy
1588 0 #dummy
1589 0 #dummy
1590 0 #dummy
1591 0 #dummy
1592 0 #dummy
1593 0 #dummy
1594 0 #dummy
1595 0 #dummy
1596 0 #dummy
1597 0 #dummy
1598 0 #dummy
1599 0 #dummy
1600 0             # nTT4 = 100-104 ieta = 1
1601 0
1602 0
1603 0
1604 0
1605 1
1606 1
1607 1
1608 1
1609 1
1610 1
1611 1
1612 1
1613 1
1614 1
1615 2
1616 2
1617 2
1618 2
1619 2
1620 2
1621 3
1622 3
1623 4
1624 4
1625 5
1626 5
1627 11
1628 9
1629 6
1630 6
1631 6
1632 7
1633 7
1634 7
1635 7
1636 7
1637 8
1638 8
1639 14
1640 0 #dummy
1641 0 #dummy
1642 0 #dummy
1643 0 #dummy
1644 0 #dummy
1645 0 #dummy
1646 0 #dummy
1647 0 #dummy
1648 0 #dummy
1649 0 #dummy
1650 0 #dummy
1651 0 #dummy
1652 0 #dummy
1653 0 #dummy
1654 0 #dummy
1655 0 #dummy
1656 0 #dummy
1657 0 #dummy
1658 0 #dummy
1659 0 #dummy
1660 0 #dummy
1661 0 #dummy
1662 0 #dummy
1663 0 #dummy
1664 0             # nTT4 = 104-108 ieta = 1
1665 0
1666 0
1667 0
1668 0
1669 1
1670 1
1671 1
1672 1
1673 1
1674 1
1675 1
1676 1
1677 1
1678 1
1679 2
1680 2
1681 2
1682 2
1683 2
1684 2
1685 3
1686 3
1687 4
1688 4
1689 5
1690 5
1691 11
1692 9
1693 6
1694 6
1695 6
1696 7
1697 7
1698 7
1699 7
1700 7
1701 8
1702 8
1703 14
1704 0 #dummy
1705 0 #dummy
1706 0 #dummy
1707 0 #dummy
1708 0 #dummy
1709 0 #dummy
1710 0 #dummy
1711 0 #dummy
1712 0 #dummy
1713 0 #dummy
1714 0 #dummy
1715 0 #dummy
1716 0 #dummy
1717 0 #dummy
1718 0 #dummy
1719 0 #dummy
1720 0 #dummy
1721 0 #dummy
1722 0 #dummy
1723 0 #dummy
1724 0 #dummy
1725 0 #dummy
1726 0 #dummy
1727 0 #dummy
1728 0             # nTT4 = 108-112 ieta = 1
1729 0
1730 0
1731 0
1732 0
1733 1
1734 1
1735 1
1736 1
1737 1
1738 1
1739 1
1740 1
1741 1
1742 1
1743 2
1744 2
1745 2
1746 2
1747 2
1748 2
1749 3
1750 3
1751 4
1752 4
1753 5
1754 5
1755 11
1756 9
1757 6
1758 6
1759 6
1760 7
1761 7
1762 7
1763 7
1764 7
1765 8
1766 8
1767 14
1768 0 #dummy
1769 0 #dummy
1770 0 #dummy
1771 0 #dummy
1772 0 #dummy
1773 0 #dummy
1774 0 #dummy
1775 0 #dummy
1776 0 #dummy
1777 0 #dummy
1778 0 #dummy
1779 0 #dummy
1780 0 #dummy
1781 0 #dummy
1782 0 #dummy
1783 0 #dummy
1784 0 #dummy
1785 0 #dummy
1786 0 #dummy
1787 0 #dummy
1788 0 #dummy
1789 0 #dummy
1790 0 #dummy
1791 0 #dummy
1792 0             # nTT4 = 112-116 ieta = 1
1793 0
1794 0
1795 0
1796 0
1797 1
1798 1
1799 1
1800 1
1801 1
1802 1
1803 1
1804 1
1805 1
1806 1
1807 2
1808 2
1809 2
1810 2
1811 2
1812 2
1813 3
1814 3
1815 4
1816 4
1817 5
1818 5
1819 11
1820 9
1821 6
1822 6
1823 6
1824 7
1825 7
1826 7
1827 7
1828 7
1829 8
1830 8
1831 14
1832 0 #dummy
1833 0 #dummy
1834 0 #dummy
1835 0 #dummy
1836 0 #dummy
1837 0 #dummy
1838 0 #dummy
1839 0 #dummy
1840 0 #dummy
1841 0 #dummy
1842 0 #dummy
1843 0 #dummy
1844 0 #dummy
1845 0 #dummy
1846 0 #dummy
1847 0 #dummy
1848 0 #dummy
1849 0 #dummy
1850 0 #dummy
1851 0 #dummy
1852 0 #dummy
1853 0 #dummy
1854 0 #dummy
1855 0 #dummy
1856 0             # nTT4 = 116-120 ieta = 1
1857 0
1858 0
1859 0
1860 0
1861 1
1862 1
1863 1
1864 1
1865 1
1866 1
1867 1
1868 1
1869 1
1870 1
1871 2
1872 2
1873 2
1874 2
1875 2
1876 2
1877 3
1878 3
1879 4
1880 4
1881 5
1882 5
1883 11
1884 9
1885 6
1886 6
1887 6
1888 7
1889 7
1890 7
1891 7
1892 7
1893 8
1894 8
1895 14
1896 0 #dummy
1897 0 #dummy
1898 0 #dummy
1899 0 #dummy
1900 0 #dummy
1901 0 #dummy
1902 0 #dummy
1903 0 #dummy
1904 0 #dummy
1905 0 #dummy
1906 0 #dummy
1907 0 #dummy
1908 0 #dummy
1909 0 #dummy
1910 0 #dummy
1911 0 #dummy
1912 0 #dummy
1913 0 #dummy
1914 0 #dummy
1915 0 #dummy
1916 0 #dummy
1917 0 #dummy
1918 0 #dummy
1919 0 #dummy
1920 0             # nTT4 = 120-124 ieta = 1
1921 0
1922 0
1923 1
1924 1
1925 1
1926 1
1927 1
1928 1
1929 1
1930 2
1931 2
1932 2
1933 2
1934 2
1935 2
1936 3
1937 3
1938 3
1939 3
1940 3
1941 4
1942 4
1943 5
1944 6
1945 8
1946 7
1947 17
1948 14
1949 9
1950 9
1951 10
1952 10
1953 10
1954 11
1955 11
1956 11
1957 12
1958 12
1959 20
1960 0 #dummy
1961 0 #dummy
1962 0 #dummy
1963 0 #dummy
1964 0 #dummy
1965 0 #dummy
1966 0 #dummy
1967 0 #dummy
1968 0 #dummy
1969 0 #dummy
1970 0 #dummy
1971 0 #dummy
1972 0 #dummy
1973 0 #dummy
1974 0 #dummy
1975 0 #dummy
1976 0 #dummy
1977 0 #dummy
1978 0 #dummy
1979 0 #dummy
1980 0 #dummy
1981 0 #dummy
1982 0 #dummy
1983 0 #dummy
1984 0             # nTT4 = 124-128 ieta = 1
1985 0
1986 0
1987 1
1988 1
1989 1
1990 1
1991 1
1992 1
1993 1
1994 2
1995 2
1996 2
1997 2
1998 2
1999 2
2000 3
2001 3
2002 3
2003 3
2004 3
2005 4
2006 4
2007 5
2008 6
2009 8
2010 7
2011 17
2012 14
2013 9
2014 9
2015 10
2016 10
2017 10
2018 11
2019 11
2020 11
2021 12
2022 12
2023 20
2024 0 #dummy
2025 0 #dummy
2026 0 #dummy
2027 0 #dummy
2028 0 #dummy
2029 0 #dummy
2030 0 #dummy
2031 0 #dummy
2032 0 #dummy
2033 0 #dummy
2034 0 #dummy
2035 0 #dummy
2036 0 #dummy
2037 0 #dummy
2038 0 #dummy
2039 0 #dummy
2040 0 #dummy
2041 0 #dummy
2042 0 #dummy
2043 0 #dummy
2044 0 #dummy
2045 0 #dummy
2046 0 #dummy
2047 0 #dummy
2048 0             # nTT4 = 128-132 ieta = 1
2049 0
2050 0
2051 1
2052 1
2053 1
2054 1
2055 1
2056 1
2057 1
2058 2
2059 2
2060 2
2061 2
2062 2
2063 2
2064 3
2065 3
2066 3
2067 3
2068 3
2069 4
2070 4
2071 5
2072 6
2073 8
2074 7
2075 17
2076 14
2077 9
2078 9
2079 10
2080 10
2081 10
2082 11
2083 11
2084 11
2085 12
2086 12
2087 20
2088 0 #dummy
2089 0 #dummy
2090 0 #dummy
2091 0 #dummy
2092 0 #dummy
2093 0 #dummy
2094 0 #dummy
2095 0 #dummy
2096 0 #dummy
2097 0 #dummy
2098 0 #dummy
2099 0 #dummy
2100 0 #dummy
2101 0 #dummy
2102 0 #dummy
2103 0 #dummy
2104 0 #dummy
2105 0 #dummy
2106 0 #dummy
2107 0 #dummy
2108 0 #dummy
2109 0 #dummy
2110 0 #dummy
2111 0 #dummy
2112 0             # nTT4 = 132-136 ieta = 1
2113 0
2114 0
2115 1
2116 1
2117 1
2118 1
2119 1
2120 1
2121 1
2122 2
2123 2
2124 2
2125 2
2126 2
2127 2
2128 3
2129 3
2130 3
2131 3
2132 3
2133 4
2134 4
2135 5
2136 6
2137 8
2138 7
2139 17
2140 14
2141 9
2142 9
2143 10
2144 10
2145 10
2146 11
2147 11
2148 11
2149 12
2150 12
2151 20
2152 0 #dummy
2153 0 #dummy
2154 0 #dummy
2155 0 #dummy
2156 0 #dummy
2157 0 #dummy
2158 0 #dummy
2159 0 #dummy
2160 0 #dummy
2161 0 #dummy
2162 0 #dummy
2163 0 #dummy
2164 0 #dummy
2165 0 #dummy
2166 0 #dummy
2167 0 #dummy
2168 0 #dummy
2169 0 #dummy
2170 0 #dummy
2171 0 #dummy
2172 0 #dummy
2173 0 #dummy
2174 0 #dummy
2175 0 #dummy
2176 0             # nTT4 = 136-140 ieta = 1
2177 0
2178 0
2179 1
2180 1
2181 1
2182 1
2183 1
2184 1
2185 1
2186 2
2187 2
2188 2
2189 2
2190 2
2191 2
2192 3
2193 3
2194 3
2195 3
2196 3
2197 4
2198 4
2199 5
2200 6
2201 8
2202 7
2203 17
2204 14
2205 9
2206 9
2207 10
2208 10
2209 10
2210 11
2211 11
2212 11
2213 12
2214 12
2215 20
2216 0 #dummy
2217 0 #dummy
2218 0 #dummy
2219 0 #dummy
2220 0 #dummy
2221 0 #dummy
2222 0 #dummy
2223 0 #dummy
2224 0 #dummy
2225 0 #dummy
2226 0 #dummy
2227 0 #dummy
2228 0 #dummy
2229 0 #dummy
2230 0 #dummy
2231 0 #dummy
2232 0 #dummy
2233 0 #dummy
2234 0 #dummy
2235 0 #dummy
2236 0 #dummy
2237 0 #dummy
2238 0 #dummy
2239 0 #dummy
2240 0             # nTT4 = 140-144 ieta = 1
2241 0
2242 0
2243 1
2244 1
2245 1
2246 1
2247 1
2248 1
2249 1
2250 2
2251 2
2252 2
2253 2
2254 2
2255 2
2256 3
2257 3
2258 3
2259 3
2260 3
2261 4
2262 4
2263 5
2264 6
2265 8
2266 7
2267 17
2268 14
2269 9
2270 9
2271 10
2272 10
2273 10
2274 11
2275 11
2276 11
2277 12
2278 12
2279 20
2280 0 #dummy
2281 0 #dummy
2282 0 #dummy
2283 0 #dummy
2284 0 #dummy
2285 0 #dummy
2286 0 #dummy
2287 0 #dummy
2288 0 #dummy
2289 0 #dummy
2290 0 #dummy
2291 0 #dummy
2292 0 #dummy
2293 0 #dummy
2294 0 #dummy
2295 0 #dummy
2296 0 #dummy
2297 0 #dummy
2298 0 #dummy
2299 0 #dummy
2300 0 #dummy
2301 0 #dummy
2302 0 #dummy
2303 0 #dummy
2304 0             # nTT4 = 144-148 ieta = 1
2305 0
2306 0
2307 1
2308 1
2309 1
2310 1
2311 1
2312 1
2313 1
2314 2
2315 2
2316 2
2317 2
2318 2
2319 2
2320 3
2321 3
2322 3
2323 3
2324 3
2325 4
2326 4
2327 5
2328 6
2329 8
2330 7
2331 17
2332 14
2333 9
2334 9
2335 10
2336 10
2337 10
2338 11
2339 11
2340 11
2341 12
2342 12
2343 20
2344 0 #dummy
2345 0 #dummy
2346 0 #dummy
2347 0 #dummy
2348 0 #dummy
2349 0 #dummy
2350 0 #dummy
2351 0 #dummy
2352 0 #dummy
2353 0 #dummy
2354 0 #dummy
2355 0 #dummy
2356 0 #dummy
2357 0 #dummy
2358 0 #dummy
2359 0 #dummy
2360 0 #dummy
2361 0 #dummy
2362 0 #dummy
2363 0 #dummy
2364 0 #dummy
2365 0 #dummy
2366 0 #dummy
2367 0 #dummy
2368 0             # nTT4 = 148-152 ieta = 1
2369 0
2370 0
2371 1
2372 1
2373 1
2374 1
2375 1
2376 1
2377 1
2378 2
2379 2
2380 2
2381 2
2382 2
2383 2
2384 3
2385 3
2386 3
2387 3
2388 3
2389 4
2390 4
2391 5
2392 6
2393 8
2394 7
2395 17
2396 14
2397 9
2398 9
2399 10
2400 10
2401 10
2402 11
2403 11
2404 11
2405 12
2406 12
2407 20
2408 0 #dummy
2409 0 #dummy
2410 0 #dummy
2411 0 #dummy
2412 0 #dummy
2413 0 #dummy
2414 0 #dummy
2415 0 #dummy
2416 0 #dummy
2417 0 #dummy
2418 0 #dummy
2419 0 #dummy
2420 0 #dummy
2421 0 #dummy
2422 0 #dummy
2423 0 #dummy
2424 0 #dummy
2425 0 #dummy
2426 0 #dummy
2427 0 #dummy
2428 0 #dummy
2429 0 #dummy
2430 0 #dummy
2431 0 #dummy
2432 0             # nTT4 = 152-156 ieta = 1
2433 0
2434 0
2435 1
2436 1
2437 1
2438 1
2439 1
2440 1
2441 1
2442 2
2443 2
2444 2
2445 2
2446 2
2447 2
2448 3
2449 3
2450 3
2451 3
2452 3
2453 4
2454 4
2455 5
2456 6
2457 8
2458 7
2459 17
2460 14
2461 9
2462 9
2463 10
2464 10
2465 10
2466 11
2467 11
2468 11
2469 12
2470 12
2471 20
2472 0 #dummy
2473 0 #dummy
2474 0 #dummy
2475 0 #dummy
2476 0 #dummy
2477 0 #dummy
2478 0 #dummy
2479 0 #dummy
2480 0 #dummy
2481 0 #dummy
2482 0 #dummy
2483 0 #dummy
2484 0 #dummy
2485 0 #dummy
2486 0 #dummy
2487 0 #dummy
2488 0 #dummy
2489 0 #dummy
2490 0 #dummy
2491 0 #dummy
2492 0 #dummy
2493 0 #dummy
2494 0 #dummy
2495 0 #dummy
2496 0             # nTT4 = 156-160 ieta = 1
2497 0
2498 0
2499 1
2500 1
2501 1
2502 1
2503 1
2504 1
2505 1
2506 2
2507 2
2508 2
2509 2
2510 2
2511 2
2512 3
2513 3
2514 3
2515 3
2516 3
2517 4
2518 4
2519 5
2520 6
2521 8
2522 7
2523 17
2524 14
2525 9
2526 9
2527 10
2528 10
2529 10
2530 11
2531 11
2532 11
2533 12
2534 12
2535 20
2536 0 #dummy
2537 0 #dummy
2538 0 #dummy
2539 0 #dummy
2540 0 #dummy
2541 0 #dummy
2542 0 #dummy
2543 0 #dummy
2544 0 #dummy
2545 0 #dummy
2546 0 #dummy
2547 0 #dummy
2548 0 #dummy
2549 0 #dummy
2550 0 #dummy
2551 0 #dummy
2552 0 #dummy
2553 0 #dummy
2554 0 #dummy
2555 0 #dummy
2556 0 #dummy
2557 0 #dummy
2558 0 #dummy
2559 0 #dummy
2560 0             # nTT4 = 160-164 ieta = 1
2561 0
2562 1
2563 1
2564 1
2565 1
2566 1
2567 2
2568 2
2569 2
2570 2
2571 2
2572 3
2573 3
2574 3
2575 3
2576 3
2577 4
2578 4
2579 4
2580 4
2581 5
2582 6
2583 7
2584 9
2585 11
2586 9
2587 20
2588 19
2589 12
2590 12
2591 13
2592 13
2593 14
2594 14
2595 14
2596 15
2597 15
2598 15
2599 20
2600 0 #dummy
2601 0 #dummy
2602 0 #dummy
2603 0 #dummy
2604 0 #dummy
2605 0 #dummy
2606 0 #dummy
2607 0 #dummy
2608 0 #dummy
2609 0 #dummy
2610 0 #dummy
2611 0 #dummy
2612 0 #dummy
2613 0 #dummy
2614 0 #dummy
2615 0 #dummy
2616 0 #dummy
2617 0 #dummy
2618 0 #dummy
2619 0 #dummy
2620 0 #dummy
2621 0 #dummy
2622 0 #dummy
2623 0 #dummy
2624 0             # nTT4 = 164-168 ieta = 1
2625 0
2626 1
2627 1
2628 1
2629 1
2630 1
2631 2
2632 2
2633 2
2634 2
2635 2
2636 3
2637 3
2638 3
2639 3
2640 3
2641 4
2642 4
2643 4
2644 4
2645 5
2646 6
2647 7
2648 9
2649 11
2650 9
2651 20
2652 19
2653 12
2654 12
2655 13
2656 13
2657 14
2658 14
2659 14
2660 15
2661 15
2662 15
2663 20
2664 0 #dummy
2665 0 #dummy
2666 0 #dummy
2667 0 #dummy
2668 0 #dummy
2669 0 #dummy
2670 0 #dummy
2671 0 #dummy
2672 0 #dummy
2673 0 #dummy
2674 0 #dummy
2675 0 #dummy
2676 0 #dummy
2677 0 #dummy
2678 0 #dummy
2679 0 #dummy
2680 0 #dummy
2681 0 #dummy
2682 0 #dummy
2683 0 #dummy
2684 0 #dummy
2685 0 #dummy
2686 0 #dummy
2687 0 #dummy
2688 0             # nTT4 = 168-172 ieta = 1
2689 0
2690 1
2691 1
2692 1
2693 1
2694 1
2695 2
2696 2
2697 2
2698 2
2699 2
2700 3
2701 3
2702 3
2703 3
2704 3
2705 4
2706 4
2707 4
2708 4
2709 5
2710 6
2711 7
2712 9
2713 11
2714 9
2715 20
2716 19
2717 12
2718 12
2719 13
2720 13
2721 14
2722 14
2723 14
2724 15
2725 15
2726 15
2727 20
2728 0 #dummy
2729 0 #dummy
2730 0 #dummy
2731 0 #dummy
2732 0 #dummy
2733 0 #dummy
2734 0 #dummy
2735 0 #dummy
2736 0 #dummy
2737 0 #dummy
2738 0 #dummy
2739 0 #dummy
2740 0 #dummy
2741 0 #dummy
2742 0 #dummy
2743 0 #dummy
2744 0 #dummy
2745 0 #dummy
2746 0 #dummy
2747 0 #dummy
2748 0 #dummy
2749 0 #dummy
2750 0 #dummy
2751 0 #dummy
2752 0             # nTT4 = 172-176 ieta = 1
2753 0
2754 1
2755 1
2756 1
2757 1
2758 1
2759 2
2760 2
2761 2
2762 2
2763 2
2764 3
2765 3
2766 3
2767 3
2768 3
2769 4
2770 4
2771 4
2772 4
2773 5
2774 6
2775 7
2776 9
2777 11
2778 9
2779 20
2780 19
2781 12
2782 12
2783 13
2784 13
2785 14
2786 14
2787 14
2788 15
2789 15
2790 15
2791 20
2792 0 #dummy
2793 0 #dummy
2794 0 #dummy
2795 0 #dummy
2796 0 #dummy
2797 0 #dummy
2798 0 #dummy
2799 0 #dummy
2800 0 #dummy
2801 0 #dummy
2802 0 #dummy
2803 0 #dummy
2804 0 #dummy
2805 0 #dummy
2806 0 #dummy
2807 0 #dummy
2808 0 #dummy
2809 0 #dummy
2810 0 #dummy
2811 0 #dummy
2812 0 #dummy
2813 0 #dummy
2814 0 #dummy
2815 0 #dummy
2816 0             # nTT4 = 176-180 ieta = 1
2817 0
2818 1
2819 1
2820 1
2821 1
2822 1
2823 2
2824 2
2825 2
2826 2
2827 2
2828 3
2829 3
2830 3
2831 3
2832 3
2833 4
2834 4
2835 4
2836 4
2837 5
2838 6
2839 7
2840 9
2841 11
2842 9
2843 20
2844 19
2845 12
2846 12
2847 13
2848 13
2849 14
2850 14
2851 14
2852 15
2853 15
2854 15
2855 20
2856 0 #dummy
2857 0 #dummy
2858 0 #dummy
2859 0 #dummy
2860 0 #dummy
2861 0 #dummy
2862 0 #dummy
2863 0 #dummy
2864 0 #dummy
2865 0 #dummy
2866 0 #dummy
2867 0 #dummy
2868 0 #dummy
2869 0 #dummy
2870 0 #dummy
2871 0 #dummy
2872 0 #dummy
2873 0 #dummy
2874 0 #dummy
2875 0 #dummy
2876 0 #dummy
2877 0 #dummy
2878 0 #dummy
2879 0 #dummy
2880 0             # nTT4 = 180-184 ieta = 1
2881 0
2882 1
2883 1
2884 1
2885 1
2886 1
2887 2
2888 2
2889 2
2890 2
2891 2
2892 3
2893 3
2894 3
2895 3
2896 3
2897 4
2898 4
2899 4
2900 4
2901 5
2902 6
2903 7
2904 9
2905 11
2906 9
2907 20
2908 19
2909 12
2910 12
2911 13
2912 13
2913 14
2914 14
2915 14
2916 15
2917 15
2918 15
2919 20
2920 0 #dummy
2921 0 #dummy
2922 0 #dummy
2923 0 #dummy
2924 0 #dummy
2925 0 #dummy
2926 0 #dummy
2927 0 #dummy
2928 0 #dummy
2929 0 #dummy
2930 0 #dummy
2931 0 #dummy
2932 0 #dummy
2933 0 #dummy
2934 0 #dummy
2935 0 #dummy
2936 0 #dummy
2937 0 #dummy
2938 0 #dummy
2939 0 #dummy
2940 0 #dummy
2941 0 #dummy
2942 0 #dummy
2943 0 #dummy
2944 0             # nTT4 = 184-188 ieta = 1
2945 0
2946 1
2947 1
2948 1
2949 1
2950 1
2951 2
2952 2
2953 2
2954 2
2955 2
2956 3
2957 3
2958 3
2959 3
2960 3
2961 4
2962 4
2963 4
2964 4
2965 5
2966 6
2967 7
2968 9
2969 11
2970 9
2971 20
2972 19
2973 12
2974 12
2975 13
2976 13
2977 14
2978 14
2979 14
2980 15
2981 15
2982 15
2983 20
2984 0 #dummy
2985 0 #dummy
2986 0 #dummy
2987 0 #dummy
2988 0 #dummy
2989 0 #dummy
2990 0 #dummy
2991 0 #dummy
2992 0 #dummy
2993 0 #dummy
2994 0 #dummy
2995 0 #dummy
2996 0 #dummy
2997 0 #dummy
2998 0 #dummy
2999 0 #dummy
3000 0 #dummy
3001 0 #dummy
3002 0 #dummy
3003 0 #dummy
3004 0 #dummy
3005 0 #dummy
3006 0 #dummy
3007 0 #dummy
3008 0             # nTT4 = 188-192 ieta = 1
3009 0
3010 1
3011 1
3012 1
3013 1
3014 1
3015 2
3016 2
3017 2
3018 2
3019 2
3020 3
3021 3
3022 3
3023 3
3024 3
3025 4
3026 4
3027 4
3028 4
3029 5
3030 6
3031 7
3032 9
3033 11
3034 9
3035 20
3036 19
3037 12
3038 12
3039 13
3040 13
3041 14
3042 14
3043 14
3044 15
3045 15
3046 15
3047 20
3048 0 #dummy
3049 0 #dummy
3050 0 #dummy
3051 0 #dummy
3052 0 #dummy
3053 0 #dummy
3054 0 #dummy
3055 0 #dummy
3056 0 #dummy
3057 0 #dummy
3058 0 #dummy
3059 0 #dummy
3060 0 #dummy
3061 0 #dummy
3062 0 #dummy
3063 0 #dummy
3064 0 #dummy
3065 0 #dummy
3066 0 #dummy
3067 0 #dummy
3068 0 #dummy
3069 0 #dummy
3070 0 #dummy
3071 0 #dummy
3072 0             # nTT4 = 192-196 ieta = 1
3073 0
3074 1
3075 1
3076 1
3077 1
3078 1
3079 2
3080 2
3081 2
3082 2
3083 2
3084 3
3085 3
3086 3
3087 3
3088 3
3089 4
3090 4
3091 4
3092 4
3093 5
3094 6
3095 7
3096 9
3097 11
3098 9
3099 20
3100 19
3101 12
3102 12
3103 13
3104 13
3105 14
3106 14
3107 14
3108 15
3109 15
3110 15
3111 20
3112 0 #dummy
3113 0 #dummy
3114 0 #dummy
3115 0 #dummy
3116 0 #dummy
3117 0 #dummy
3118 0 #dummy
3119 0 #dummy
3120 0 #dummy
3121 0 #dummy
3122 0 #dummy
3123 0 #dummy
3124 0 #dummy
3125 0 #dummy
3126 0 #dummy
3127 0 #dummy
3128 0 #dummy
3129 0 #dummy
3130 0 #dummy
3131 0 #dummy
3132 0 #dummy
3133 0 #dummy
3134 0 #dummy
3135 0 #dummy
3136 0             # nTT4 = 196-200 ieta = 1
3137 0
3138 1
3139 1
3140 1
3141 1
3142 1
3143 2
3144 2
3145 2
3146 2
3147 2
3148 3
3149 3
3150 3
3151 3
3152 3
3153 4
3154 4
3155 4
3156 4
3157 5
3158 6
3159 7
3160 9
3161 11
3162 9
3163 20
3164 19
3165 12
3166 12
3167 13
3168 13
3169 14
3170 14
3171 14
3172 15
3173 15
3174 15
3175 20
3176 0 #dummy
3177 0 #dummy
3178 0 #dummy
3179 0 #dummy
3180 0 #dummy
3181 0 #dummy
3182 0 #dummy
3183 0 #dummy
3184 0 #dummy
3185 0 #dummy
3186 0 #dummy
3187 0 #dummy
3188 0 #dummy
3189 0 #dummy
3190 0 #dummy
3191 0 #dummy
3192 0 #dummy
3193 0 #dummy
3194 0 #dummy
3195 0 #dummy
3196 0 #dummy
3197 0 #dummy
3198 0 #dummy
3199 0 #dummy
3200 0             # nTT4 = 200-204 ieta = 1
3201 0
3202 1
3203 1
3204 1
3205 1
3206 2
3207 2
3208 2
3209 2
3210 3
3211 3
3212 3
3213 3
3214 4
3215 4
3216 4
3217 4
3218 5
3219 5
3220 5
3221 6
3222 7
3223 9
3224 11
3225 13
3226 12
3227 20
3228 20
3229 15
3230 16
3231 16
3232 17
3233 17
3234 18
3235 18
3236 19
3237 19
3238 19
3239 20
3240 0 #dummy
3241 0 #dummy
3242 0 #dummy
3243 0 #dummy
3244 0 #dummy
3245 0 #dummy
3246 0 #dummy
3247 0 #dummy
3248 0 #dummy
3249 0 #dummy
3250 0 #dummy
3251 0 #dummy
3252 0 #dummy
3253 0 #dummy
3254 0 #dummy
3255 0 #dummy
3256 0 #dummy
3257 0 #dummy
3258 0 #dummy
3259 0 #dummy
3260 0 #dummy
3261 0 #dummy
3262 0 #dummy
3263 0 #dummy
3264 0             # nTT4 = 204-208 ieta = 1
3265 0
3266 1
3267 1
3268 1
3269 1
3270 2
3271 2
3272 2
3273 2
3274 3
3275 3
3276 3
3277 3
3278 4
3279 4
3280 4
3281 4
3282 5
3283 5
3284 5
3285 6
3286 7
3287 9
3288 11
3289 13
3290 12
3291 20
3292 20
3293 15
3294 16
3295 16
3296 17
3297 17
3298 18
3299 18
3300 19
3301 19
3302 19
3303 20
3304 0 #dummy
3305 0 #dummy
3306 0 #dummy
3307 0 #dummy
3308 0 #dummy
3309 0 #dummy
3310 0 #dummy
3311 0 #dummy
3312 0 #dummy
3313 0 #dummy
3314 0 #dummy
3315 0 #dummy
3316 0 #dummy
3317 0 #dummy
3318 0 #dummy
3319 0 #dummy
3320 0 #dummy
3321 0 #dummy
3322 0 #dummy
3323 0 #dummy
3324 0 #dummy
3325 0 #dummy
3326 0 #dummy
3327 0 #dummy
3328 0             # nTT4 = 208-212 ieta = 1
3329 0
3330 1
3331 1
3332 1
3333 1
3334 2
3335 2
3336 2
3337 2
3338 3
3339 3
3340 3
3341 3
3342 4
3343 4
3344 4
3345 4
3346 5
3347 5
3348 5
3349 6
3350 7
3351 9
3352 11
3353 13
3354 12
3355 20
3356 20
3357 15
3358 16
3359 16
3360 17
3361 17
3362 18
3363 18
3364 19
3365 19
3366 19
3367 20
3368 0 #dummy
3369 0 #dummy
3370 0 #dummy
3371 0 #dummy
3372 0 #dummy
3373 0 #dummy
3374 0 #dummy
3375 0 #dummy
3376 0 #dummy
3377 0 #dummy
3378 0 #dummy
3379 0 #dummy
3380 0 #dummy
3381 0 #dummy
3382 0 #dummy
3383 0 #dummy
3384 0 #dummy
3385 0 #dummy
3386 0 #dummy
3387 0 #dummy
3388 0 #dummy
3389 0 #dummy
3390 0 #dummy
3391 0 #dummy
3392 0             # nTT4 = 212-216 ieta = 1
3393 0
3394 1
3395 1
3396 1
3397 1
3398 2
3399 2
3400 2
3401 2
3402 3
3403 3
3404 3
3405 3
3406 4
3407 4
3408 4
3409 4
3410 5
3411 5
3412 5
3413 6
3414 7
3415 9
3416 11
3417 13
3418 12
3419 20
3420 20
3421 15
3422 16
3423 16
3424 17
3425 17
3426 18
3427 18
3428 19
3429 19
3430 19
3431 20
3432 0 #dummy
3433 0 #dummy
3434 0 #dummy
3435 0 #dummy
3436 0 #dummy
3437 0 #dummy
3438 0 #dummy
3439 0 #dummy
3440 0 #dummy
3441 0 #dummy
3442 0 #dummy
3443 0 #dummy
3444 0 #dummy
3445 0 #dummy
3446 0 #dummy
3447 0 #dummy
3448 0 #dummy
3449 0 #dummy
3450 0 #dummy
3451 0 #dummy
3452 0 #dummy
3453 0 #dummy
3454 0 #dummy
3455 0 #dummy
3456 0             # nTT4 = 216-220 ieta = 1
3457 0
3458 1
3459 1
3460 1
3461 1
3462 2
3463 2
3464 2
3465 2
3466 3
3467 3
3468 3
3469 3
3470 4
3471 4
3472 4
3473 4
3474 5
3475 5
3476 5
3477 6
3478 7
3479 9
3480 11
3481 13
3482 12
3483 20
3484 20
3485 15
3486 16
3487 16
3488 17
3489 17
3490 18
3491 18
3492 19
3493 19
3494 19
3495 20
3496 0 #dummy
3497 0 #dummy
3498 0 #dummy
3499 0 #dummy
3500 0 #dummy
3501 0 #dummy
3502 0 #dummy
3503 0 #dummy
3504 0 #dummy
3505 0 #dummy
3506 0 #dummy
3507 0 #dummy
3508 0 #dummy
3509 0 #dummy
3510 0 #dummy
3511 0 #dummy
3512 0 #dummy
3513 0 #dummy
3514 0 #dummy
3515 0 #dummy
3516 0 #dummy
3517 0 #dummy
3518 0 #dummy
3519 0 #dummy
3520 0             # nTT4 = 220-224 ieta = 1
3521 0
3522 1
3523 1
3524 1
3525 1
3526 2
3527 2
3528 2
3529 2
3530 3
3531 3
3532 3
3533 3
3534 4
3535 4
3536 4
3537 4
3538 5
3539 5
3540 5
3541 6
3542 7
3543 9
3544 11
3545 13
3546 12
3547 20
3548 20
3549 15
3550 16
3551 16
3552 17
3553 17
3554 18
3555 18
3556 19
3557 19
3558 19
3559 20
3560 0 #dummy
3561 0 #dummy
3562 0 #dummy
3563 0 #dummy
3564 0 #dummy
3565 0 #dummy
3566 0 #dummy
3567 0 #dummy
3568 0 #dummy
3569 0 #dummy
3570 0 #dummy
3571 0 #dummy
3572 0 #dummy
3573 0 #dummy
3574 0 #dummy
3575 0 #dummy
3576 0 #dummy
3577 0 #dummy
3578 0 #dummy
3579 0 #dummy
3580 0 #dummy
3581 0 #dummy
3582 0 #dummy
3583 0 #dummy
3584 0             # nTT4 = 224-228 ieta = 1
3585 0
3586 1
3587 1
3588 1
3589 1
3590 2
3591 2
3592 2
3593 2
3594 3
3595 3
3596 3
3597 3
3598 4
3599 4
3600 4
3601 4
3602 5
3603 5
3604 5
3605 6
3606 7
3607 9
3608 11
3609 13
3610 12
3611 20
3612 20
3613 15
3614 16
3615 16
3616 17
3617 17
3618 18
3619 18
3620 19
3621 19
3622 19
3623 20
3624 0 #dummy
3625 0 #dummy
3626 0 #dummy
3627 0 #dummy
3628 0 #dummy
3629 0 #dummy
3630 0 #dummy
3631 0 #dummy
3632 0 #dummy
3633 0 #dummy
3634 0 #dummy
3635 0 #dummy
3636 0 #dummy
3637 0 #dummy
3638 0 #dummy
3639 0 #dummy
3640 0 #dummy
3641 0 #dummy
3642 0 #dummy
3643 0 #dummy
3644 0 #dummy
3645 0 #dummy
3646 0 #dummy
3647 0 #dummy
3648 0             # nTT4 = 228-232 ieta = 1
3649 0
3650 1
3651 1
3652 1
3653 1
3654 2
3655 2
3656 2
3657 2
3658 3
3659 3
3660 3
3661 3
3662 4
3663 4
3664 4
3665 4
3666 5
3667 5
3668 5
3669 6
3670 7
3671 9
3672 11
3673 13
3674 12
3675 20
3676 20
3677 15
3678 16
3679 16
3680 17
3681 17
3682 18
3683 18
3684 19
3685 19
3686 19
3687 20
3688 0 #dummy
3689 0 #dummy
3690 0 #dummy
3691 0 #dummy
3692 0 #dummy
3693 0 #dummy
3694 0 #dummy
3695 0 #dummy
3696 0 #dummy
3697 0 #dummy
3698 0 #dummy
3699 0 #dummy
3700 0 #dummy
3701 0 #dummy
3702 0 #dummy
3703 0 #dummy
3704 0 #dummy
3705 0 #dummy
3706 0 #dummy
3707 0 #dummy
3708 0 #dummy
3709 0 #dummy
3710 0 #dummy
3711 0 #dummy
3712 0             # nTT4 = 232-236 ieta = 1
3713 0
3714 1
3715 1
3716 1
3717 1
3718 2
3719 2
3720 2
3721 2
3722 3
3723 3
3724 3
3725 3
3726 4
3727 4
3728 4
3729 4
3730 5
3731 5
3732 5
3733 6
3734 7
3735 9
3736 11
3737 13
3738 12
3739 20
3740 20
3741 15
3742 16
3743 16
3744 17
3745 17
3746 18
3747 18
3748 19
3749 19
3750 19
3751 20
3752 0 #dummy
3753 0 #dummy
3754 0 #dummy
3755 0 #dummy
3756 0 #dummy
3757 0 #dummy
3758 0 #dummy
3759 0 #dummy
3760 0 #dummy
3761 0 #dummy
3762 0 #dummy
3763 0 #dummy
3764 0 #dummy
3765 0 #dummy
3766 0 #dummy
3767 0 #dummy
3768 0 #dummy
3769 0 #dummy
3770 0 #dummy
3771 0 #dummy
3772 0 #dummy
3773 0 #dummy
3774 0 #dummy
3775 0 #dummy
3776 0             # nTT4 = 236-240 ieta = 1
3777 0
3778 1
3779 1
3780 1
3781 1
3782 2
3783 2
3784 2
3785 2
3786 3
3787 3
3788 3
3789 3
3790 4
3791 4
3792 4
3793 4
3794 5
3795 5
3796 5
3797 6
3798 7
3799 9
3800 11
3801 13
3802 12
3803 20
3804 20
3805 15
3806 16
3807 16
3808 17
3809 17
3810 18
3811 18
3812 19
3813 19
3814 19
3815 20
3816 0 #dummy
3817 0 #dummy
3818 0 #dummy
3819 0 #dummy
3820 0 #dummy
3821 0 #dummy
3822 0 #dummy
3823 0 #dummy
3824 0 #dummy
3825 0 #dummy
3826 0 #dummy
3827 0 #dummy
3828 0 #dummy
3829 0 #dummy
3830 0 #dummy
3831 0 #dummy
3832 0 #dummy
3833 0 #dummy
3834 0 #dummy
3835 0 #dummy
3836 0 #dummy
3837 0 #dummy
3838 0 #dummy
3839 0 #dummy
3840 0             # nTT4 = 240-244 ieta = 1
3841 1
3842 1
3843 1
3844 1
3845 2
3846 2
3847 2
3848 3
3849 3
3850 3
3851 4
3852 4
3853 4
3854 4
3855 5
3856 5
3857 5
3858 6
3859 6
3860 6
3861 8
3862 9
3863 11
3864 13
3865 16
3866 14
3867 20
3868 20
3869 18
3870 19
3871 19
3872 20
3873 20
3874 20
3875 20
3876 20
3877 20
3878 20
3879 20
3880 0 #dummy
3881 0 #dummy
3882 0 #dummy
3883 0 #dummy
3884 0 #dummy
3885 0 #dummy
3886 0 #dummy
3887 0 #dummy
3888 0 #dummy
3889 0 #dummy
3890 0 #dummy
3891 0 #dummy
3892 0 #dummy
3893 0 #dummy
3894 0 #dummy
3895 0 #dummy
3896 0 #dummy
3897 0 #dummy
3898 0 #dummy
3899 0 #dummy
3900 0 #dummy
3901 0 #dummy
3902 0 #dummy
3903 0 #dummy
3904 0             # nTT4 = 244-248 ieta = 1
3905 1
3906 1
3907 1
3908 1
3909 2
3910 2
3911 2
3912 3
3913 3
3914 3
3915 4
3916 4
3917 4
3918 4
3919 5
3920 5
3921 5
3922 6
3923 6
3924 6
3925 8
3926 9
3927 11
3928 13
3929 16
3930 14
3931 20
3932 20
3933 18
3934 19
3935 19
3936 20
3937 20
3938 20
3939 20
3940 20
3941 20
3942 20
3943 20
3944 0 #dummy
3945 0 #dummy
3946 0 #dummy
3947 0 #dummy
3948 0 #dummy
3949 0 #dummy
3950 0 #dummy
3951 0 #dummy
3952 0 #dummy
3953 0 #dummy
3954 0 #dummy
3955 0 #dummy
3956 0 #dummy
3957 0 #dummy
3958 0 #dummy
3959 0 #dummy
3960 0 #dummy
3961 0 #dummy
3962 0 #dummy
3963 0 #dummy
3964 0 #dummy
3965 0 #dummy
3966 0 #dummy
3967 0 #dummy
3968 0             # nTT4 = 248-252 ieta = 1
3969 1
3970 1
3971 1
3972 1
3973 2
3974 2
3975 2
3976 3
3977 3
3978 3
3979 4
3980 4
3981 4
3982 4
3983 5
3984 5
3985 5
3986 6
3987 6
3988 6
3989 8
3990 9
3991 11
3992 13
3993 16
3994 14
3995 20
3996 20
3997 18
3998 19
3999 19
4000 20
4001 20
4002 20
4003 20
4004 20
4005 20
4006 20
4007 20
4008 0 #dummy
4009 0 #dummy
4010 0 #dummy
4011 0 #dummy
4012 0 #dummy
4013 0 #dummy
4014 0 #dummy
4015 0 #dummy
4016 0 #dummy
4017 0 #dummy
4018 0 #dummy
4019 0 #dummy
4020 0 #dummy
4021 0 #dummy
4022 0 #dummy
4023 0 #dummy
4024 0 #dummy
4025 0 #dummy
4026 0 #dummy
4027 0 #dummy
4028 0 #dummy
4029 0 #dummy
4030 0 #dummy
4031 0 #dummy
4032 0             # nTT4 = 252-256 ieta = 1
4033 1
4034 1
4035 1
4036 1
4037 2
4038 2
4039 2
4040 3
4041 3
4042 3
4043 4
4044 4
4045 4
4046 4
4047 5
4048 5
4049 5
4050 6
4051 6
4052 6
4053 8
4054 9
4055 11
4056 13
4057 16
4058 14
4059 20
4060 20
4061 18
4062 19
4063 19
4064 20
4065 20
4066 20
4067 20
4068 20
4069 20
4070 20
4071 20
4072 0 #dummy
4073 0 #dummy
4074 0 #dummy
4075 0 #dummy
4076 0 #dummy
4077 0 #dummy
4078 0 #dummy
4079 0 #dummy
4080 0 #dummy
4081 0 #dummy
4082 0 #dummy
4083 0 #dummy
4084 0 #dummy
4085 0 #dummy
4086 0 #dummy
4087 0 #dummy
4088 0 #dummy
4089 0 #dummy
4090 0 #dummy
4091 0 #dummy
4092 0 #dummy
4093 0 #dummy
4094 0 #dummy
4095 0 #dummy
4096 0             # nTT4 = 256-260 ieta = 1
4097 1
4098 1
4099 1
4100 1
4101 2
4102 2
4103 2
4104 3
4105 3
4106 3
4107 4
4108 4
4109 4
4110 4
4111 5
4112 5
4113 5
4114 6
4115 6
4116 6
4117 8
4118 9
4119 11
4120 13
4121 16
4122 14
4123 20
4124 20
4125 18
4126 19
4127 19
4128 20
4129 20
4130 20
4131 20
4132 20
4133 20
4134 20
4135 20
4136 0 #dummy
4137 0 #dummy
4138 0 #dummy
4139 0 #dummy
4140 0 #dummy
4141 0 #dummy
4142 0 #dummy
4143 0 #dummy
4144 0 #dummy
4145 0 #dummy
4146 0 #dummy
4147 0 #dummy
4148 0 #dummy
4149 0 #dummy
4150 0 #dummy
4151 0 #dummy
4152 0 #dummy
4153 0 #dummy
4154 0 #dummy
4155 0 #dummy
4156 0 #dummy
4157 0 #dummy
4158 0 #dummy
4159 0 #dummy
4160 0             # nTT4 = 260-264 ieta = 1
4161 1
4162 1
4163 1
4164 1
4165 2
4166 2
4167 2
4168 3
4169 3
4170 3
4171 4
4172 4
4173 4
4174 4
4175 5
4176 5
4177 5
4178 6
4179 6
4180 6
4181 8
4182 9
4183 11
4184 13
4185 16
4186 14
4187 20
4188 20
4189 18
4190 19
4191 19
4192 20
4193 20
4194 20
4195 20
4196 20
4197 20
4198 20
4199 20
4200 0 #dummy
4201 0 #dummy
4202 0 #dummy
4203 0 #dummy
4204 0 #dummy
4205 0 #dummy
4206 0 #dummy
4207 0 #dummy
4208 0 #dummy
4209 0 #dummy
4210 0 #dummy
4211 0 #dummy
4212 0 #dummy
4213 0 #dummy
4214 0 #dummy
4215 0 #dummy
4216 0 #dummy
4217 0 #dummy
4218 0 #dummy
4219 0 #dummy
4220 0 #dummy
4221 0 #dummy
4222 0 #dummy
4223 0 #dummy
4224 0             # nTT4 = 264-268 ieta = 1
4225 1
4226 1
4227 1
4228 1
4229 2
4230 2
4231 2
4232 3
4233 3
4234 3
4235 4
4236 4
4237 4
4238 4
4239 5
4240 5
4241 5
4242 6
4243 6
4244 6
4245 8
4246 9
4247 11
4248 13
4249 16
4250 14
4251 20
4252 20
4253 18
4254 19
4255 19
4256 20
4257 20
4258 20
4259 20
4260 20
4261 20
4262 20
4263 20
4264 0 #dummy
4265 0 #dummy
4266 0 #dummy
4267 0 #dummy
4268 0 #dummy
4269 0 #dummy
4270 0 #dummy
4271 0 #dummy
4272 0 #dummy
4273 0 #dummy
4274 0 #dummy
4275 0 #dummy
4276 0 #dummy
4277 0 #dummy
4278 0 #dummy
4279 0 #dummy
4280 0 #dummy
4281 0 #dummy
4282 0 #dummy
4283 0 #dummy
4284 0 #dummy
4285 0 #dummy
4286 0 #dummy
4287 0 #dummy
4288 0             # nTT4 = 268-272 ieta = 1
4289 1
4290 1
4291 1
4292 1
4293 2
4294 2
4295 2
4296 3
4297 3
4298 3
4299 4
4300 4
4301 4
4302 4
4303 5
4304 5
4305 5
4306 6
4307 6
4308 6
4309 8
4310 9
4311 11
4312 13
4313 16
4314 14
4315 20
4316 20
4317 18
4318 19
4319 19
4320 20
4321 20
4322 20
4323 20
4324 20
4325 20
4326 20
4327 20
4328 0 #dummy
4329 0 #dummy
4330 0 #dummy
4331 0 #dummy
4332 0 #dummy
4333 0 #dummy
4334 0 #dummy
4335 0 #dummy
4336 0 #dummy
4337 0 #dummy
4338 0 #dummy
4339 0 #dummy
4340 0 #dummy
4341 0 #dummy
4342 0 #dummy
4343 0 #dummy
4344 0 #dummy
4345 0 #dummy
4346 0 #dummy
4347 0 #dummy
4348 0 #dummy
4349 0 #dummy
4350 0 #dummy
4351 0 #dummy
4352 0             # nTT4 = 272-276 ieta = 1
4353 1
4354 1
4355 1
4356 1
4357 2
4358 2
4359 2
4360 3
4361 3
4362 3
4363 4
4364 4
4365 4
4366 4
4367 5
4368 5
4369 5
4370 6
4371 6
4372 6
4373 8
4374 9
4375 11
4376 13
4377 16
4378 14
4379 20
4380 20
4381 18
4382 19
4383 19
4384 20
4385 20
4386 20
4387 20
4388 20
4389 20
4390 20
4391 20
4392 0 #dummy
4393 0 #dummy
4394 0 #dummy
4395 0 #dummy
4396 0 #dummy
4397 0 #dummy
4398 0 #dummy
4399 0 #dummy
4400 0 #dummy
4401 0 #dummy
4402 0 #dummy
4403 0 #dummy
4404 0 #dummy
4405 0 #dummy
4406 0 #dummy
4407 0 #dummy
4408 0 #dummy
4409 0 #dummy
4410 0 #dummy
4411 0 #dummy
4412 0 #dummy
4413 0 #dummy
4414 0 #dummy
4415 0 #dummy
4416 0             # nTT4 = 276-280 ieta = 1
4417 1
4418 1
4419 1
4420 1
4421 2
4422 2
4423 2
4424 3
4425 3
4426 3
4427 4
4428 4
4429 4
4430 4
4431 5
4432 5
4433 5
4434 6
4435 6
4436 6
4437 8
4438 9
4439 11
4440 13
4441 16
4442 14
4443 20
4444 20
4445 18
4446 19
4447 19
4448 20
4449 20
4450 20
4451 20
4452 20
4453 20
4454 20
4455 20
4456 0 #dummy
4457 0 #dummy
4458 0 #dummy
4459 0 #dummy
4460 0 #dummy
4461 0 #dummy
4462 0 #dummy
4463 0 #dummy
4464 0 #dummy
4465 0 #dummy
4466 0 #dummy
4467 0 #dummy
4468 0 #dummy
4469 0 #dummy
4470 0 #dummy
4471 0 #dummy
4472 0 #dummy
4473 0 #dummy
4474 0 #dummy
4475 0 #dummy
4476 0 #dummy
4477 0 #dummy
4478 0 #dummy
4479 0 #dummy
4480 0             # nTT4 = 280-284 ieta = 1
4481 1
4482 1
4483 1
4484 2
4485 2
4486 2
4487 3
4488 3
4489 3
4490 4
4491 4
4492 5
4493 5
4494 5
4495 6
4496 6
4497 6
4498 7
4499 7
4500 8
4501 9
4502 10
4503 12
4504 15
4505 19
4506 16
4507 20
4508 20
4509 20
4510 20
4511 20
4512 20
4513 20
4514 20
4515 20
4516 20
4517 20
4518 20
4519 20
4520 0 #dummy
4521 0 #dummy
4522 0 #dummy
4523 0 #dummy
4524 0 #dummy
4525 0 #dummy
4526 0 #dummy
4527 0 #dummy
4528 0 #dummy
4529 0 #dummy
4530 0 #dummy
4531 0 #dummy
4532 0 #dummy
4533 0 #dummy
4534 0 #dummy
4535 0 #dummy
4536 0 #dummy
4537 0 #dummy
4538 0 #dummy
4539 0 #dummy
4540 0 #dummy
4541 0 #dummy
4542 0 #dummy
4543 0 #dummy
4544 0             # nTT4 = 284-288 ieta = 1
4545 1
4546 1
4547 1
4548 2
4549 2
4550 2
4551 3
4552 3
4553 3
4554 4
4555 4
4556 5
4557 5
4558 5
4559 6
4560 6
4561 6
4562 7
4563 7
4564 8
4565 9
4566 10
4567 12
4568 15
4569 19
4570 16
4571 20
4572 20
4573 20
4574 20
4575 20
4576 20
4577 20
4578 20
4579 20
4580 20
4581 20
4582 20
4583 20
4584 0 #dummy
4585 0 #dummy
4586 0 #dummy
4587 0 #dummy
4588 0 #dummy
4589 0 #dummy
4590 0 #dummy
4591 0 #dummy
4592 0 #dummy
4593 0 #dummy
4594 0 #dummy
4595 0 #dummy
4596 0 #dummy
4597 0 #dummy
4598 0 #dummy
4599 0 #dummy
4600 0 #dummy
4601 0 #dummy
4602 0 #dummy
4603 0 #dummy
4604 0 #dummy
4605 0 #dummy
4606 0 #dummy
4607 0 #dummy
4608 0             # nTT4 = 288-292 ieta = 1
4609 1
4610 1
4611 1
4612 2
4613 2
4614 2
4615 3
4616 3
4617 3
4618 4
4619 4
4620 5
4621 5
4622 5
4623 6
4624 6
4625 6
4626 7
4627 7
4628 8
4629 9
4630 10
4631 12
4632 15
4633 19
4634 16
4635 20
4636 20
4637 20
4638 20
4639 20
4640 20
4641 20
4642 20
4643 20
4644 20
4645 20
4646 20
4647 20
4648 0 #dummy
4649 0 #dummy
4650 0 #dummy
4651 0 #dummy
4652 0 #dummy
4653 0 #dummy
4654 0 #dummy
4655 0 #dummy
4656 0 #dummy
4657 0 #dummy
4658 0 #dummy
4659 0 #dummy
4660 0 #dummy
4661 0 #dummy
4662 0 #dummy
4663 0 #dummy
4664 0 #dummy
4665 0 #dummy
4666 0 #dummy
4667 0 #dummy
4668 0 #dummy
4669 0 #dummy
4670 0 #dummy
4671 0 #dummy
4672 0             # nTT4 = 292-296 ieta = 1
4673 1
4674 1
4675 1
4676 2
4677 2
4678 2
4679 3
4680 3
4681 3
4682 4
4683 4
4684 5
4685 5
4686 5
4687 6
4688 6
4689 6
4690 7
4691 7
4692 8
4693 9
4694 10
4695 12
4696 15
4697 19
4698 16
4699 20
4700 20
4701 20
4702 20
4703 20
4704 20
4705 20
4706 20
4707 20
4708 20
4709 20
4710 20
4711 20
4712 0 #dummy
4713 0 #dummy
4714 0 #dummy
4715 0 #dummy
4716 0 #dummy
4717 0 #dummy
4718 0 #dummy
4719 0 #dummy
4720 0 #dummy
4721 0 #dummy
4722 0 #dummy
4723 0 #dummy
4724 0 #dummy
4725 0 #dummy
4726 0 #dummy
4727 0 #dummy
4728 0 #dummy
4729 0 #dummy
4730 0 #dummy
4731 0 #dummy
4732 0 #dummy
4733 0 #dummy
4734 0 #dummy
4735 0 #dummy
4736 0             # nTT4 = 296-300 ieta = 1
4737 1
4738 1
4739 1
4740 2
4741 2
4742 2
4743 3
4744 3
4745 3
4746 4
4747 4
4748 5
4749 5
4750 5
4751 6
4752 6
4753 6
4754 7
4755 7
4756 8
4757 9
4758 10
4759 12
4760 15
4761 19
4762 16
4763 20
4764 20
4765 20
4766 20
4767 20
4768 20
4769 20
4770 20
4771 20
4772 20
4773 20
4774 20
4775 20
4776 0 #dummy
4777 0 #dummy
4778 0 #dummy
4779 0 #dummy
4780 0 #dummy
4781 0 #dummy
4782 0 #dummy
4783 0 #dummy
4784 0 #dummy
4785 0 #dummy
4786 0 #dummy
4787 0 #dummy
4788 0 #dummy
4789 0 #dummy
4790 0 #dummy
4791 0 #dummy
4792 0 #dummy
4793 0 #dummy
4794 0 #dummy
4795 0 #dummy
4796 0 #dummy
4797 0 #dummy
4798 0 #dummy
4799 0 #dummy
4800 0             # nTT4 = 300-304 ieta = 1
4801 1
4802 1
4803 1
4804 2
4805 2
4806 2
4807 3
4808 3
4809 3
4810 4
4811 4
4812 5
4813 5
4814 5
4815 6
4816 6
4817 6
4818 7
4819 7
4820 8
4821 9
4822 10
4823 12
4824 15
4825 19
4826 16
4827 20
4828 20
4829 20
4830 20
4831 20
4832 20
4833 20
4834 20
4835 20
4836 20
4837 20
4838 20
4839 20
4840 0 #dummy
4841 0 #dummy
4842 0 #dummy
4843 0 #dummy
4844 0 #dummy
4845 0 #dummy
4846 0 #dummy
4847 0 #dummy
4848 0 #dummy
4849 0 #dummy
4850 0 #dummy
4851 0 #dummy
4852 0 #dummy
4853 0 #dummy
4854 0 #dummy
4855 0 #dummy
4856 0 #dummy
4857 0 #dummy
4858 0 #dummy
4859 0 #dummy
4860 0 #dummy
4861 0 #dummy
4862 0 #dummy
4863 0 #dummy
4864 0             # nTT4 = 304-308 ieta = 1
4865 1
4866 1
4867 1
4868 2
4869 2
4870 2
4871 3
4872 3
4873 3
4874 4
4875 4
4876 5
4877 5
4878 5
4879 6
4880 6
4881 6
4882 7
4883 7
4884 8
4885 9
4886 10
4887 12
4888 15
4889 19
4890 16
4891 20
4892 20
4893 20
4894 20
4895 20
4896 20
4897 20
4898 20
4899 20
4900 20
4901 20
4902 20
4903 20
4904 0 #dummy
4905 0 #dummy
4906 0 #dummy
4907 0 #dummy
4908 0 #dummy
4909 0 #dummy
4910 0 #dummy
4911 0 #dummy
4912 0 #dummy
4913 0 #dummy
4914 0 #dummy
4915 0 #dummy
4916 0 #dummy
4917 0 #dummy
4918 0 #dummy
4919 0 #dummy
4920 0 #dummy
4921 0 #dummy
4922 0 #dummy
4923 0 #dummy
4924 0 #dummy
4925 0 #dummy
4926 0 #dummy
4927 0 #dummy
4928 0             # nTT4 = 308-312 ieta = 1
4929 1
4930 1
4931 1
4932 2
4933 2
4934 2
4935 3
4936 3
4937 3
4938 4
4939 4
4940 5
4941 5
4942 5
4943 6
4944 6
4945 6
4946 7
4947 7
4948 8
4949 9
4950 10
4951 12
4952 15
4953 19
4954 16
4955 20
4956 20
4957 20
4958 20
4959 20
4960 20
4961 20
4962 20
4963 20
4964 20
4965 20
4966 20
4967 20
4968 0 #dummy
4969 0 #dummy
4970 0 #dummy
4971 0 #dummy
4972 0 #dummy
4973 0 #dummy
4974 0 #dummy
4975 0 #dummy
4976 0 #dummy
4977 0 #dummy
4978 0 #dummy
4979 0 #dummy
4980 0 #dummy
4981 0 #dummy
4982 0 #dummy
4983 0 #dummy
4984 0 #dummy
4985 0 #dummy
4986 0 #dummy
4987 0 #dummy
4988 0 #dummy
4989 0 #dummy
4990 0 #dummy
4991 0 #dummy
4992 0             # nTT4 = 312-316 ieta = 1
4993 1
4994 1
4995 1
4996 2
4997 2
4998 2
4999 3
5000 3
5001 3
5002 4
5003 4
5004 5
5005 5
5006 5
5007 6
5008 6
5009 6
5010 7
5011 7
5012 8
5013 9
5014 10
5015 12
5016 15
5017 19
5018 16
5019 20
5020 20
5021 20
5022 20
5023 20
5024 20
5025 20
5026 20
5027 20
5028 20
5029 20
5030 20
5031 20
5032 0 #dummy
5033 0 #dummy
5034 0 #dummy
5035 0 #dummy
5036 0 #dummy
5037 0 #dummy
5038 0 #dummy
5039 0 #dummy
5040 0 #dummy
5041 0 #dummy
5042 0 #dummy
5043 0 #dummy
5044 0 #dummy
5045 0 #dummy
5046 0 #dummy
5047 0 #dummy
5048 0 #dummy
5049 0 #dummy
5050 0 #dummy
5051 0 #dummy
5052 0 #dummy
5053 0 #dummy
5054 0 #dummy
5055 0 #dummy
5056 0             # nTT4 = 316-320 ieta = 1
5057 1
5058 1
5059 1
5060 2
5061 2
5062 2
5063 3
5064 3
5065 3
5066 4
5067 4
5068 5
5069 5
5070 5
5071 6
5072 6
5073 6
5074 7
5075 7
5076 8
5077 9
5078 10
5079 12
5080 15
5081 19
5082 16
5083 20
5084 20
5085 20
5086 20
5087 20
5088 20
5089 20
5090 20
5091 20
5092 20
5093 20
5094 20
5095 20
5096 0 #dummy
5097 0 #dummy
5098 0 #dummy
5099 0 #dummy
5100 0 #dummy
5101 0 #dummy
5102 0 #dummy
5103 0 #dummy
5104 0 #dummy
5105 0 #dummy
5106 0 #dummy
5107 0 #dummy
5108 0 #dummy
5109 0 #dummy
5110 0 #dummy
5111 0 #dummy
5112 0 #dummy
5113 0 #dummy
5114 0 #dummy
5115 0 #dummy
5116 0 #dummy
5117 0 #dummy
5118 0 #dummy
5119 0 #dummy
5120 0             # nTT4 = 320-324 ieta = 1
5121 1
5122 1
5123 2
5124 2
5125 2
5126 3
5127 3
5128 4
5129 4
5130 4
5131 5
5132 5
5133 6
5134 6
5135 6
5136 7
5137 7
5138 8
5139 8
5140 9
5141 10
5142 12
5143 14
5144 17
5145 20
5146 18
5147 20
5148 20
5149 20
5150 20
5151 20
5152 20
5153 20
5154 20
5155 20
5156 20
5157 20
5158 20
5159 20
5160 0 #dummy
5161 0 #dummy
5162 0 #dummy
5163 0 #dummy
5164 0 #dummy
5165 0 #dummy
5166 0 #dummy
5167 0 #dummy
5168 0 #dummy
5169 0 #dummy
5170 0 #dummy
5171 0 #dummy
5172 0 #dummy
5173 0 #dummy
5174 0 #dummy
5175 0 #dummy
5176 0 #dummy
5177 0 #dummy
5178 0 #dummy
5179 0 #dummy
5180 0 #dummy
5181 0 #dummy
5182 0 #dummy
5183 0 #dummy
5184 0             # nTT4 = 324-328 ieta = 1
5185 1
5186 1
5187 2
5188 2
5189 2
5190 3
5191 3
5192 4
5193 4
5194 4
5195 5
5196 5
5197 6
5198 6
5199 6
5200 7
5201 7
5202 8
5203 8
5204 9
5205 10
5206 12
5207 14
5208 17
5209 20
5210 18
5211 20
5212 20
5213 20
5214 20
5215 20
5216 20
5217 20
5218 20
5219 20
5220 20
5221 20
5222 20
5223 20
5224 0 #dummy
5225 0 #dummy
5226 0 #dummy
5227 0 #dummy
5228 0 #dummy
5229 0 #dummy
5230 0 #dummy
5231 0 #dummy
5232 0 #dummy
5233 0 #dummy
5234 0 #dummy
5235 0 #dummy
5236 0 #dummy
5237 0 #dummy
5238 0 #dummy
5239 0 #dummy
5240 0 #dummy
5241 0 #dummy
5242 0 #dummy
5243 0 #dummy
5244 0 #dummy
5245 0 #dummy
5246 0 #dummy
5247 0 #dummy
5248 0             # nTT4 = 328-332 ieta = 1
5249 1
5250 1
5251 2
5252 2
5253 2
5254 3
5255 3
5256 4
5257 4
5258 4
5259 5
5260 5
5261 6
5262 6
5263 6
5264 7
5265 7
5266 8
5267 8
5268 9
5269 10
5270 12
5271 14
5272 17
5273 20
5274 18
5275 20
5276 20
5277 20
5278 20
5279 20
5280 20
5281 20
5282 20
5283 20
5284 20
5285 20
5286 20
5287 20
5288 0 #dummy
5289 0 #dummy
5290 0 #dummy
5291 0 #dummy
5292 0 #dummy
5293 0 #dummy
5294 0 #dummy
5295 0 #dummy
5296 0 #dummy
5297 0 #dummy
5298 0 #dummy
5299 0 #dummy
5300 0 #dummy
5301 0 #dummy
5302 0 #dummy
5303 0 #dummy
5304 0 #dummy
5305 0 #dummy
5306 0 #dummy
5307 0 #dummy
5308 0 #dummy
5309 0 #dummy
5310 0 #dummy
5311 0 #dummy
5312 0             # nTT4 = 332-336 ieta = 1
5313 1
5314 1
5315 2
5316 2
5317 2
5318 3
5319 3
5320 4
5321 4
5322 4
5323 5
5324 5
5325 6
5326 6
5327 6
5328 7
5329 7
5330 8
5331 8
5332 9
5333 10
5334 12
5335 14
5336 17
5337 20
5338 18
5339 20
5340 20
5341 20
5342 20
5343 20
5344 20
5345 20
5346 20
5347 20
5348 20
5349 20
5350 20
5351 20
5352 0 #dummy
5353 0 #dummy
5354 0 #dummy
5355 0 #dummy
5356 0 #dummy
5357 0 #dummy
5358 0 #dummy
5359 0 #dummy
5360 0 #dummy
5361 0 #dummy
5362 0 #dummy
5363 0 #dummy
5364 0 #dummy
5365 0 #dummy
5366 0 #dummy
5367 0 #dummy
5368 0 #dummy
5369 0 #dummy
5370 0 #dummy
5371 0 #dummy
5372 0 #dummy
5373 0 #dummy
5374 0 #dummy
5375 0 #dummy
5376 0             # nTT4 = 336-340 ieta = 1
5377 1
5378 1
5379 2
5380 2
5381 2
5382 3
5383 3
5384 4
5385 4
5386 4
5387 5
5388 5
5389 6
5390 6
5391 6
5392 7
5393 7
5394 8
5395 8
5396 9
5397 10
5398 12
5399 14
5400 17
5401 20
5402 18
5403 20
5404 20
5405 20
5406 20
5407 20
5408 20
5409 20
5410 20
5411 20
5412 20
5413 20
5414 20
5415 20
5416 0 #dummy
5417 0 #dummy
5418 0 #dummy
5419 0 #dummy
5420 0 #dummy
5421 0 #dummy
5422 0 #dummy
5423 0 #dummy
5424 0 #dummy
5425 0 #dummy
5426 0 #dummy
5427 0 #dummy
5428 0 #dummy
5429 0 #dummy
5430 0 #dummy
5431 0 #dummy
5432 0 #dummy
5433 0 #dummy
5434 0 #dummy
5435 0 #dummy
5436 0 #dummy
5437 0 #dummy
5438 0 #dummy
5439 0 #dummy
5440 0             # nTT4 = 340-344 ieta = 1
5441 1
5442 1
5443 2
5444 2
5445 2
5446 3
5447 3
5448 4
5449 4
5450 4
5451 5
5452 5
5453 6
5454 6
5455 6
5456 7
5457 7
5458 8
5459 8
5460 9
5461 10
5462 12
5463 14
5464 17
5465 20
5466 18
5467 20
5468 20
5469 20
5470 20
5471 20
5472 20
5473 20
5474 20
5475 20
5476 20
5477 20
5478 20
5479 20
5480 0 #dummy
5481 0 #dummy
5482 0 #dummy
5483 0 #dummy
5484 0 #dummy
5485 0 #dummy
5486 0 #dummy
5487 0 #dummy
5488 0 #dummy
5489 0 #dummy
5490 0 #dummy
5491 0 #dummy
5492 0 #dummy
5493 0 #dummy
5494 0 #dummy
5495 0 #dummy
5496 0 #dummy
5497 0 #dummy
5498 0 #dummy
5499 0 #dummy
5500 0 #dummy
5501 0 #dummy
5502 0 #dummy
5503 0 #dummy
5504 0             # nTT4 = 344-348 ieta = 1
5505 1
5506 1
5507 2
5508 2
5509 2
5510 3
5511 3
5512 4
5513 4
5514 4
5515 5
5516 5
5517 6
5518 6
5519 6
5520 7
5521 7
5522 8
5523 8
5524 9
5525 10
5526 12
5527 14
5528 17
5529 20
5530 18
5531 20
5532 20
5533 20
5534 20
5535 20
5536 20
5537 20
5538 20
5539 20
5540 20
5541 20
5542 20
5543 20
5544 0 #dummy
5545 0 #dummy
5546 0 #dummy
5547 0 #dummy
5548 0 #dummy
5549 0 #dummy
5550 0 #dummy
5551 0 #dummy
5552 0 #dummy
5553 0 #dummy
5554 0 #dummy
5555 0 #dummy
5556 0 #dummy
5557 0 #dummy
5558 0 #dummy
5559 0 #dummy
5560 0 #dummy
5561 0 #dummy
5562 0 #dummy
5563 0 #dummy
5564 0 #dummy
5565 0 #dummy
5566 0 #dummy
5567 0 #dummy
5568 0             # nTT4 = 348-352 ieta = 1
5569 1
5570 1
5571 2
5572 2
5573 2
5574 3
5575 3
5576 4
5577 4
5578 4
5579 5
5580 5
5581 6
5582 6
5583 6
5584 7
5585 7
5586 8
5587 8
5588 9
5589 10
5590 12
5591 14
5592 17
5593 20
5594 18
5595 20
5596 20
5597 20
5598 20
5599 20
5600 20
5601 20
5602 20
5603 20
5604 20
5605 20
5606 20
5607 20
5608 0 #dummy
5609 0 #dummy
5610 0 #dummy
5611 0 #dummy
5612 0 #dummy
5613 0 #dummy
5614 0 #dummy
5615 0 #dummy
5616 0 #dummy
5617 0 #dummy
5618 0 #dummy
5619 0 #dummy
5620 0 #dummy
5621 0 #dummy
5622 0 #dummy
5623 0 #dummy
5624 0 #dummy
5625 0 #dummy
5626 0 #dummy
5627 0 #dummy
5628 0 #dummy
5629 0 #dummy
5630 0 #dummy
5631 0 #dummy
5632 0             # nTT4 = 352-356 ieta = 1
5633 1
5634 1
5635 2
5636 2
5637 2
5638 3
5639 3
5640 4
5641 4
5642 4
5643 5
5644 5
5645 6
5646 6
5647 6
5648 7
5649 7
5650 8
5651 8
5652 9
5653 10
5654 12
5655 14
5656 17
5657 20
5658 18
5659 20
5660 20
5661 20
5662 20
5663 20
5664 20
5665 20
5666 20
5667 20
5668 20
5669 20
5670 20
5671 20
5672 0 #dummy
5673 0 #dummy
5674 0 #dummy
5675 0 #dummy
5676 0 #dummy
5677 0 #dummy
5678 0 #dummy
5679 0 #dummy
5680 0 #dummy
5681 0 #dummy
5682 0 #dummy
5683 0 #dummy
5684 0 #dummy
5685 0 #dummy
5686 0 #dummy
5687 0 #dummy
5688 0 #dummy
5689 0 #dummy
5690 0 #dummy
5691 0 #dummy
5692 0 #dummy
5693 0 #dummy
5694 0 #dummy
5695 0 #dummy
5696 0             # nTT4 = 356-360 ieta = 1
5697 1
5698 1
5699 2
5700 2
5701 2
5702 3
5703 3
5704 4
5705 4
5706 4
5707 5
5708 5
5709 6
5710 6
5711 6
5712 7
5713 7
5714 8
5715 8
5716 9
5717 10
5718 12
5719 14
5720 17
5721 20
5722 18
5723 20
5724 20
5725 20
5726 20
5727 20
5728 20
5729 20
5730 20
5731 20
5732 20
5733 20
5734 20
5735 20
5736 0 #dummy
5737 0 #dummy
5738 0 #dummy
5739 0 #dummy
5740 0 #dummy
5741 0 #dummy
5742 0 #dummy
5743 0 #dummy
5744 0 #dummy
5745 0 #dummy
5746 0 #dummy
5747 0 #dummy
5748 0 #dummy
5749 0 #dummy
5750 0 #dummy
5751 0 #dummy
5752 0 #dummy
5753 0 #dummy
5754 0 #dummy
5755 0 #dummy
5756 0 #dummy
5757 0 #dummy
5758 0 #dummy
5759 0 #dummy
5760 0             # nTT4 = 360-364 ieta = 1
5761 1
5762 1
5763 2
5764 2
5765 3
5766 3
5767 4
5768 4
5769 4
5770 5
5771 5
5772 6
5773 6
5774 7
5775 7
5776 8
5777 8
5778 9
5779 9
5780 10
5781 11
5782 13
5783 16
5784 19
5785 20
5786 20
5787 20
5788 20
5789 20
5790 20
5791 20
5792 20
5793 20
5794 20
5795 20
5796 20
5797 20
5798 20
5799 20
5800 0 #dummy
5801 0 #dummy
5802 0 #dummy
5803 0 #dummy
5804 0 #dummy
5805 0 #dummy
5806 0 #dummy
5807 0 #dummy
5808 0 #dummy
5809 0 #dummy
5810 0 #dummy
5811 0 #dummy
5812 0 #dummy
5813 0 #dummy
5814 0 #dummy
5815 0 #dummy
5816 0 #dummy
5817 0 #dummy
5818 0 #dummy
5819 0 #dummy
5820 0 #dummy
5821 0 #dummy
5822 0 #dummy
5823 0 #dummy
5824 0             # nTT4 = 364-368 ieta = 1
5825 1
5826 1
5827 2
5828 2
5829 3
5830 3
5831 4
5832 4
5833 4
5834 5
5835 5
5836 6
5837 6
5838 7
5839 7
5840 8
5841 8
5842 9
5843 9
5844 10
5845 11
5846 13
5847 16
5848 19
5849 20
5850 20
5851 20
5852 20
5853 20
5854 20
5855 20
5856 20
5857 20
5858 20
5859 20
5860 20
5861 20
5862 20
5863 20
5864 0 #dummy
5865 0 #dummy
5866 0 #dummy
5867 0 #dummy
5868 0 #dummy
5869 0 #dummy
5870 0 #dummy
5871 0 #dummy
5872 0 #dummy
5873 0 #dummy
5874 0 #dummy
5875 0 #dummy
5876 0 #dummy
5877 0 #dummy
5878 0 #dummy
5879 0 #dummy
5880 0 #dummy
5881 0 #dummy
5882 0 #dummy
5883 0 #dummy
5884 0 #dummy
5885 0 #dummy
5886 0 #dummy
5887 0 #dummy
5888 0             # nTT4 = 368-372 ieta = 1
5889 1
5890 1
5891 2
5892 2
5893 3
5894 3
5895 4
5896 4
5897 4
5898 5
5899 5
5900 6
5901 6
5902 7
5903 7
5904 8
5905 8
5906 9
5907 9
5908 10
5909 11
5910 13
5911 16
5912 19
5913 20
5914 20
5915 20
5916 20
5917 20
5918 20
5919 20
5920 20
5921 20
5922 20
5923 20
5924 20
5925 20
5926 20
5927 20
5928 0 #dummy
5929 0 #dummy
5930 0 #dummy
5931 0 #dummy
5932 0 #dummy
5933 0 #dummy
5934 0 #dummy
5935 0 #dummy
5936 0 #dummy
5937 0 #dummy
5938 0 #dummy
5939 0 #dummy
5940 0 #dummy
5941 0 #dummy
5942 0 #dummy
5943 0 #dummy
5944 0 #dummy
5945 0 #dummy
5946 0 #dummy
5947 0 #dummy
5948 0 #dummy
5949 0 #dummy
5950 0 #dummy
5951 0 #dummy
5952 0             # nTT4 = 372-376 ieta = 1
5953 1
5954 1
5955 2
5956 2
5957 3
5958 3
5959 4
5960 4
5961 4
5962 5
5963 5
5964 6
5965 6
5966 7
5967 7
5968 8
5969 8
5970 9
5971 9
5972 10
5973 11
5974 13
5975 16
5976 19
5977 20
5978 20
5979 20
5980 20
5981 20
5982 20
5983 20
5984 20
5985 20
5986 20
5987 20
5988 20
5989 20
5990 20
5991 20
5992 0 #dummy
5993 0 #dummy
5994 0 #dummy
5995 0 #dummy
5996 0 #dummy
5997 0 #dummy
5998 0 #dummy
5999 0 #dummy
6000 0 #dummy
6001 0 #dummy
6002 0 #dummy
6003 0 #dummy
6004 0 #dummy
6005 0 #dummy
6006 0 #dummy
6007 0 #dummy
6008 0 #dummy
6009 0 #dummy
6010 0 #dummy
6011 0 #dummy
6012 0 #dummy
6013 0 #dummy
6014 0 #dummy
6015 0 #dummy
6016 0             # nTT4 = 376-380 ieta = 1
6017 1
6018 1
6019 2
6020 2
6021 3
6022 3
6023 4
6024 4
6025 4
6026 5
6027 5
6028 6
6029 6
6030 7
6031 7
6032 8
6033 8
6034 9
6035 9
6036 10
6037 11
6038 13
6039 16
6040 19
6041 20
6042 20
6043 20
6044 20
6045 20
6046 20
6047 20
6048 20
6049 20
6050 20
6051 20
6052 20
6053 20
6054 20
6055 20
6056 0 #dummy
6057 0 #dummy
6058 0 #dummy
6059 0 #dummy
6060 0 #dummy
6061 0 #dummy
6062 0 #dummy
6063 0 #dummy
6064 0 #dummy
6065 0 #dummy
6066 0 #dummy
6067 0 #dummy
6068 0 #dummy
6069 0 #dummy
6070 0 #dummy
6071 0 #dummy
6072 0 #dummy
6073 0 #dummy
6074 0 #dummy
6075 0 #dummy
6076 0 #dummy
6077 0 #dummy
6078 0 #dummy
6079 0 #dummy
6080 0             # nTT4 = 380-384 ieta = 1
6081 1
6082 1
6083 2
6084 2
6085 3
6086 3
6087 4
6088 4
6089 4
6090 5
6091 5
6092 6
6093 6
6094 7
6095 7
6096 8
6097 8
6098 9
6099 9
6100 10
6101 11
6102 13
6103 16
6104 19
6105 20
6106 20
6107 20
6108 20
6109 20
6110 20
6111 20
6112 20
6113 20
6114 20
6115 20
6116 20
6117 20
6118 20
6119 20
6120 0 #dummy
6121 0 #dummy
6122 0 #dummy
6123 0 #dummy
6124 0 #dummy
6125 0 #dummy
6126 0 #dummy
6127 0 #dummy
6128 0 #dummy
6129 0 #dummy
6130 0 #dummy
6131 0 #dummy
6132 0 #dummy
6133 0 #dummy
6134 0 #dummy
6135 0 #dummy
6136 0 #dummy
6137 0 #dummy
6138 0 #dummy
6139 0 #dummy
6140 0 #dummy
6141 0 #dummy
6142 0 #dummy
6143 0 #dummy
6144 0             # nTT4 = 384-388 ieta = 1
6145 1
6146 1
6147 2
6148 2
6149 3
6150 3
6151 4
6152 4
6153 4
6154 5
6155 5
6156 6
6157 6
6158 7
6159 7
6160 8
6161 8
6162 9
6163 9
6164 10
6165 11
6166 13
6167 16
6168 19
6169 20
6170 20
6171 20
6172 20
6173 20
6174 20
6175 20
6176 20
6177 20
6178 20
6179 20
6180 20
6181 20
6182 20
6183 20
6184 0 #dummy
6185 0 #dummy
6186 0 #dummy
6187 0 #dummy
6188 0 #dummy
6189 0 #dummy
6190 0 #dummy
6191 0 #dummy
6192 0 #dummy
6193 0 #dummy
6194 0 #dummy
6195 0 #dummy
6196 0 #dummy
6197 0 #dummy
6198 0 #dummy
6199 0 #dummy
6200 0 #dummy
6201 0 #dummy
6202 0 #dummy
6203 0 #dummy
6204 0 #dummy
6205 0 #dummy
6206 0 #dummy
6207 0 #dummy
6208 0             # nTT4 = 388-392 ieta = 1
6209 1
6210 1
6211 2
6212 2
6213 3
6214 3
6215 4
6216 4
6217 4
6218 5
6219 5
6220 6
6221 6
6222 7
6223 7
6224 8
6225 8
6226 9
6227 9
6228 10
6229 11
6230 13
6231 16
6232 19
6233 20
6234 20
6235 20
6236 20
6237 20
6238 20
6239 20
6240 20
6241 20
6242 20
6243 20
6244 20
6245 20
6246 20
6247 20
6248 0 #dummy
6249 0 #dummy
6250 0 #dummy
6251 0 #dummy
6252 0 #dummy
6253 0 #dummy
6254 0 #dummy
6255 0 #dummy
6256 0 #dummy
6257 0 #dummy
6258 0 #dummy
6259 0 #dummy
6260 0 #dummy
6261 0 #dummy
6262 0 #dummy
6263 0 #dummy
6264 0 #dummy
6265 0 #dummy
6266 0 #dummy
6267 0 #dummy
6268 0 #dummy
6269 0 #dummy
6270 0 #dummy
6271 0 #dummy
6272 0             # nTT4 = 392-396 ieta = 1
6273 1
6274 1
6275 2
6276 2
6277 3
6278 3
6279 4
6280 4
6281 4
6282 5
6283 5
6284 6
6285 6
6286 7
6287 7
6288 8
6289 8
6290 9
6291 9
6292 10
6293 11
6294 13
6295 16
6296 19
6297 20
6298 20
6299 20
6300 20
6301 20
6302 20
6303 20
6304 20
6305 20
6306 20
6307 20
6308 20
6309 20
6310 20
6311 20
6312 0 #dummy
6313 0 #dummy
6314 0 #dummy
6315 0 #dummy
6316 0 #dummy
6317 0 #dummy
6318 0 #dummy
6319 0 #dummy
6320 0 #dummy
6321 0 #dummy
6322 0 #dummy
6323 0 #dummy
6324 0 #dummy
6325 0 #dummy
6326 0 #dummy
6327 0 #dummy
6328 0 #dummy
6329 0 #dummy
6330 0 #dummy
6331 0 #dummy
6332 0 #dummy
6333 0 #dummy
6334 0 #dummy
6335 0 #dummy
6336 0             # nTT4 = 396-400 ieta = 1
6337 1
6338 1
6339 2
6340 2
6341 3
6342 3
6343 4
6344 4
6345 4
6346 5
6347 5
6348 6
6349 6
6350 7
6351 7
6352 8
6353 8
6354 9
6355 9
6356 10
6357 11
6358 13
6359 16
6360 19
6361 20
6362 20
6363 20
6364 20
6365 20
6366 20
6367 20
6368 20
6369 20
6370 20
6371 20
6372 20
6373 20
6374 20
6375 20
6376 0 #dummy
6377 0 #dummy
6378 0 #dummy
6379 0 #dummy
6380 0 #dummy
6381 0 #dummy
6382 0 #dummy
6383 0 #dummy
6384 0 #dummy
6385 0 #dummy
6386 0 #dummy
6387 0 #dummy
6388 0 #dummy
6389 0 #dummy
6390 0 #dummy
6391 0 #dummy
6392 0 #dummy
6393 0 #dummy
6394 0 #dummy
6395 0 #dummy
6396 0 #dummy
6397 0 #dummy
6398 0 #dummy
6399 0 #dummy
6400 0             # nTT4 = 400-404 ieta = 1
6401 1
6402 1
6403 2
6404 2
6405 3
6406 3
6407 4
6408 4
6409 5
6410 5
6411 6
6412 6
6413 7
6414 7
6415 8
6416 8
6417 9
6418 9
6419 10
6420 11
6421 13
6422 15
6423 18
6424 20
6425 20
6426 20
6427 20
6428 20
6429 20
6430 20
6431 20
6432 20
6433 20
6434 20
6435 20
6436 20
6437 20
6438 20
6439 20
6440 0 #dummy
6441 0 #dummy
6442 0 #dummy
6443 0 #dummy
6444 0 #dummy
6445 0 #dummy
6446 0 #dummy
6447 0 #dummy
6448 0 #dummy
6449 0 #dummy
6450 0 #dummy
6451 0 #dummy
6452 0 #dummy
6453 0 #dummy
6454 0 #dummy
6455 0 #dummy
6456 0 #dummy
6457 0 #dummy
6458 0 #dummy
6459 0 #dummy
6460 0 #dummy
6461 0 #dummy
6462 0 #dummy
6463 0 #dummy
6464 0             # nTT4 = 404-408 ieta = 1
6465 1
6466 1
6467 2
6468 2
6469 3
6470 3
6471 4
6472 4
6473 5
6474 5
6475 6
6476 6
6477 7
6478 7
6479 8
6480 8
6481 9
6482 9
6483 10
6484 11
6485 13
6486 15
6487 18
6488 20
6489 20
6490 20
6491 20
6492 20
6493 20
6494 20
6495 20
6496 20
6497 20
6498 20
6499 20
6500 20
6501 20
6502 20
6503 20
6504 0 #dummy
6505 0 #dummy
6506 0 #dummy
6507 0 #dummy
6508 0 #dummy
6509 0 #dummy
6510 0 #dummy
6511 0 #dummy
6512 0 #dummy
6513 0 #dummy
6514 0 #dummy
6515 0 #dummy
6516 0 #dummy
6517 0 #dummy
6518 0 #dummy
6519 0 #dummy
6520 0 #dummy
6521 0 #dummy
6522 0 #dummy
6523 0 #dummy
6524 0 #dummy
6525 0 #dummy
6526 0 #dummy
6527 0 #dummy
6528 0             # nTT4 = 408-412 ieta = 1
6529 1
6530 1
6531 2
6532 2
6533 3
6534 3
6535 4
6536 4
6537 5
6538 5
6539 6
6540 6
6541 7
6542 7
6543 8
6544 8
6545 9
6546 9
6547 10
6548 11
6549 13
6550 15
6551 18
6552 20
6553 20
6554 20
6555 20
6556 20
6557 20
6558 20
6559 20
6560 20
6561 20
6562 20
6563 20
6564 20
6565 20
6566 20
6567 20
6568 0 #dummy
6569 0 #dummy
6570 0 #dummy
6571 0 #dummy
6572 0 #dummy
6573 0 #dummy
6574 0 #dummy
6575 0 #dummy
6576 0 #dummy
6577 0 #dummy
6578 0 #dummy
6579 0 #dummy
6580 0 #dummy
6581 0 #dummy
6582 0 #dummy
6583 0 #dummy
6584 0 #dummy
6585 0 #dummy
6586 0 #dummy
6587 0 #dummy
6588 0 #dummy
6589 0 #dummy
6590 0 #dummy
6591 0 #dummy
6592 0             # nTT4 = 412-416 ieta = 1
6593 1
6594 1
6595 2
6596 2
6597 3
6598 3
6599 4
6600 4
6601 5
6602 5
6603 6
6604 6
6605 7
6606 7
6607 8
6608 8
6609 9
6610 9
6611 10
6612 11
6613 13
6614 15
6615 18
6616 20
6617 20
6618 20
6619 20
6620 20
6621 20
6622 20
6623 20
6624 20
6625 20
6626 20
6627 20
6628 20
6629 20
6630 20
6631 20
6632 0 #dummy
6633 0 #dummy
6634 0 #dummy
6635 0 #dummy
6636 0 #dummy
6637 0 #dummy
6638 0 #dummy
6639 0 #dummy
6640 0 #dummy
6641 0 #dummy
6642 0 #dummy
6643 0 #dummy
6644 0 #dummy
6645 0 #dummy
6646 0 #dummy
6647 0 #dummy
6648 0 #dummy
6649 0 #dummy
6650 0 #dummy
6651 0 #dummy
6652 0 #dummy
6653 0 #dummy
6654 0 #dummy
6655 0 #dummy
6656 0             # nTT4 = 416-420 ieta = 1
6657 1
6658 1
6659 2
6660 2
6661 3
6662 3
6663 4
6664 4
6665 5
6666 5
6667 6
6668 6
6669 7
6670 7
6671 8
6672 8
6673 9
6674 9
6675 10
6676 11
6677 13
6678 15
6679 18
6680 20
6681 20
6682 20
6683 20
6684 20
6685 20
6686 20
6687 20
6688 20
6689 20
6690 20
6691 20
6692 20
6693 20
6694 20
6695 20
6696 0 #dummy
6697 0 #dummy
6698 0 #dummy
6699 0 #dummy
6700 0 #dummy
6701 0 #dummy
6702 0 #dummy
6703 0 #dummy
6704 0 #dummy
6705 0 #dummy
6706 0 #dummy
6707 0 #dummy
6708 0 #dummy
6709 0 #dummy
6710 0 #dummy
6711 0 #dummy
6712 0 #dummy
6713 0 #dummy
6714 0 #dummy
6715 0 #dummy
6716 0 #dummy
6717 0 #dummy
6718 0 #dummy
6719 0 #dummy
6720 0             # nTT4 = 420-424 ieta = 1
6721 1
6722 1
6723 2
6724 2
6725 3
6726 3
6727 4
6728 4
6729 5
6730 5
6731 6
6732 6
6733 7
6734 7
6735 8
6736 8
6737 9
6738 9
6739 10
6740 11
6741 13
6742 15
6743 18
6744 20
6745 20
6746 20
6747 20
6748 20
6749 20
6750 20
6751 20
6752 20
6753 20
6754 20
6755 20
6756 20
6757 20
6758 20
6759 20
6760 0 #dummy
6761 0 #dummy
6762 0 #dummy
6763 0 #dummy
6764 0 #dummy
6765 0 #dummy
6766 0 #dummy
6767 0 #dummy
6768 0 #dummy
6769 0 #dummy
6770 0 #dummy
6771 0 #dummy
6772 0 #dummy
6773 0 #dummy
6774 0 #dummy
6775 0 #dummy
6776 0 #dummy
6777 0 #dummy
6778 0 #dummy
6779 0 #dummy
6780 0 #dummy
6781 0 #dummy
6782 0 #dummy
6783 0 #dummy
6784 0             # nTT4 = 424-428 ieta = 1
6785 1
6786 1
6787 2
6788 2
6789 3
6790 3
6791 4
6792 4
6793 5
6794 5
6795 6
6796 6
6797 7
6798 7
6799 8
6800 8
6801 9
6802 9
6803 10
6804 11
6805 13
6806 15
6807 18
6808 20
6809 20
6810 20
6811 20
6812 20
6813 20
6814 20
6815 20
6816 20
6817 20
6818 20
6819 20
6820 20
6821 20
6822 20
6823 20
6824 0 #dummy
6825 0 #dummy
6826 0 #dummy
6827 0 #dummy
6828 0 #dummy
6829 0 #dummy
6830 0 #dummy
6831 0 #dummy
6832 0 #dummy
6833 0 #dummy
6834 0 #dummy
6835 0 #dummy
6836 0 #dummy
6837 0 #dummy
6838 0 #dummy
6839 0 #dummy
6840 0 #dummy
6841 0 #dummy
6842 0 #dummy
6843 0 #dummy
6844 0 #dummy
6845 0 #dummy
6846 0 #dummy
6847 0 #dummy
6848 0             # nTT4 = 428-432 ieta = 1
6849 1
6850 1
6851 2
6852 2
6853 3
6854 3
6855 4
6856 4
6857 5
6858 5
6859 6
6860 6
6861 7
6862 7
6863 8
6864 8
6865 9
6866 9
6867 10
6868 11
6869 13
6870 15
6871 18
6872 20
6873 20
6874 20
6875 20
6876 20
6877 20
6878 20
6879 20
6880 20
6881 20
6882 20
6883 20
6884 20
6885 20
6886 20
6887 20
6888 0 #dummy
6889 0 #dummy
6890 0 #dummy
6891 0 #dummy
6892 0 #dummy
6893 0 #dummy
6894 0 #dummy
6895 0 #dummy
6896 0 #dummy
6897 0 #dummy
6898 0 #dummy
6899 0 #dummy
6900 0 #dummy
6901 0 #dummy
6902 0 #dummy
6903 0 #dummy
6904 0 #dummy
6905 0 #dummy
6906 0 #dummy
6907 0 #dummy
6908 0 #dummy
6909 0 #dummy
6910 0 #dummy
6911 0 #dummy
6912 0             # nTT4 = 432-436 ieta = 1
6913 1
6914 1
6915 2
6916 2
6917 3
6918 3
6919 4
6920 4
6921 5
6922 5
6923 6
6924 6
6925 7
6926 7
6927 8
6928 8
6929 9
6930 9
6931 10
6932 11
6933 13
6934 15
6935 18
6936 20
6937 20
6938 20
6939 20
6940 20
6941 20
6942 20
6943 20
6944 20
6945 20
6946 20
6947 20
6948 20
6949 20
6950 20
6951 20
6952 0 #dummy
6953 0 #dummy
6954 0 #dummy
6955 0 #dummy
6956 0 #dummy
6957 0 #dummy
6958 0 #dummy
6959 0 #dummy
6960 0 #dummy
6961 0 #dummy
6962 0 #dummy
6963 0 #dummy
6964 0 #dummy
6965 0 #dummy
6966 0 #dummy
6967 0 #dummy
6968 0 #dummy
6969 0 #dummy
6970 0 #dummy
6971 0 #dummy
6972 0 #dummy
6973 0 #dummy
6974 0 #dummy
6975 0 #dummy
6976 0             # nTT4 = 436-440 ieta = 1
6977 1
6978 1
6979 2
6980 2
6981 3
6982 3
6983 4
6984 4
6985 5
6986 5
6987 6
6988 6
6989 7
6990 7
6991 8
6992 8
6993 9
6994 9
6995 10
6996 11
6997 13
6998 15
6999 18
7000 20
7001 20
7002 20
7003 20
7004 20
7005 20
7006 20
7007 20
7008 20
7009 20
7010 20
7011 20
7012 20
7013 20
7014 20
7015 20
7016 0 #dummy
7017 0 #dummy
7018 0 #dummy
7019 0 #dummy
7020 0 #dummy
7021 0 #dummy
7022 0 #dummy
7023 0 #dummy
7024 0 #dummy
7025 0 #dummy
7026 0 #dummy
7027 0 #dummy
7028 0 #dummy
7029 0 #dummy
7030 0 #dummy
7031 0 #dummy
7032 0 #dummy
7033 0 #dummy
7034 0 #dummy
7035 0 #dummy
7036 0 #dummy
7037 0 #dummy
7038 0 #dummy
7039 0 #dummy
7040 1             # nTT4 = 440-444 ieta = 1
7041 1
7042 2
7043 2
7044 3
7045 3
7046 4
7047 4
7048 5
7049 5
7050 6
7051 7
7052 7
7053 8
7054 8
7055 9
7056 9
7057 10
7058 10
7059 11
7060 12
7061 14
7062 16
7063 19
7064 20
7065 20
7066 20
7067 20
7068 20
7069 20
7070 20
7071 20
7072 20
7073 20
7074 20
7075 20
7076 20
7077 20
7078 20
7079 20
7080 0 #dummy
7081 0 #dummy
7082 0 #dummy
7083 0 #dummy
7084 0 #dummy
7085 0 #dummy
7086 0 #dummy
7087 0 #dummy
7088 0 #dummy
7089 0 #dummy
7090 0 #dummy
7091 0 #dummy
7092 0 #dummy
7093 0 #dummy
7094 0 #dummy
7095 0 #dummy
7096 0 #dummy
7097 0 #dummy
7098 0 #dummy
7099 0 #dummy
7100 0 #dummy
7101 0 #dummy
7102 0 #dummy
7103 0 #dummy
7104 1             # nTT4 = 444-448 ieta = 1
7105 1
7106 2
7107 2
7108 3
7109 3
7110 4
7111 4
7112 5
7113 5
7114 6
7115 7
7116 7
7117 8
7118 8
7119 9
7120 9
7121 10
7122 10
7123 11
7124 12
7125 14
7126 16
7127 19
7128 20
7129 20
7130 20
7131 20
7132 20
7133 20
7134 20
7135 20
7136 20
7137 20
7138 20
7139 20
7140 20
7141 20
7142 20
7143 20
7144 0 #dummy
7145 0 #dummy
7146 0 #dummy
7147 0 #dummy
7148 0 #dummy
7149 0 #dummy
7150 0 #dummy
7151 0 #dummy
7152 0 #dummy
7153 0 #dummy
7154 0 #dummy
7155 0 #dummy
7156 0 #dummy
7157 0 #dummy
7158 0 #dummy
7159 0 #dummy
7160 0 #dummy
7161 0 #dummy
7162 0 #dummy
7163 0 #dummy
7164 0 #dummy
7165 0 #dummy
7166 0 #dummy
7167 0 #dummy
7168 1             # nTT4 = 448-452 ieta = 1
7169 1
7170 2
7171 2
7172 3
7173 3
7174 4
7175 4
7176 5
7177 5
7178 6
7179 7
7180 7
7181 8
7182 8
7183 9
7184 9
7185 10
7186 10
7187 11
7188 12
7189 14
7190 16
7191 19
7192 20
7193 20
7194 20
7195 20
7196 20
7197 20
7198 20
7199 20
7200 20
7201 20
7202 20
7203 20
7204 20
7205 20
7206 20
7207 20
7208 0 #dummy
7209 0 #dummy
7210 0 #dummy
7211 0 #dummy
7212 0 #dummy
7213 0 #dummy
7214 0 #dummy
7215 0 #dummy
7216 0 #dummy
7217 0 #dummy
7218 0 #dummy
7219 0 #dummy
7220 0 #dummy
7221 0 #dummy
7222 0 #dummy
7223 0 #dummy
7224 0 #dummy
7225 0 #dummy
7226 0 #dummy
7227 0 #dummy
7228 0 #dummy
7229 0 #dummy
7230 0 #dummy
7231 0 #dummy
7232 1             # nTT4 = 452-456 ieta = 1
7233 1
7234 2
7235 2
7236 3
7237 3
7238 4
7239 4
7240 5
7241 5
7242 6
7243 7
7244 7
7245 8
7246 8
7247 9
7248 9
7249 10
7250 10
7251 11
7252 12
7253 14
7254 16
7255 19
7256 20
7257 20
7258 20
7259 20
7260 20
7261 20
7262 20
7263 20
7264 20
7265 20
7266 20
7267 20
7268 20
7269 20
7270 20
7271 20
7272 0 #dummy
7273 0 #dummy
7274 0 #dummy
7275 0 #dummy
7276 0 #dummy
7277 0 #dummy
7278 0 #dummy
7279 0 #dummy
7280 0 #dummy
7281 0 #dummy
7282 0 #dummy
7283 0 #dummy
7284 0 #dummy
7285 0 #dummy
7286 0 #dummy
7287 0 #dummy
7288 0 #dummy
7289 0 #dummy
7290 0 #dummy
7291 0 #dummy
7292 0 #dummy
7293 0 #dummy
7294 0 #dummy
7295 0 #dummy
7296 1             # nTT4 = 456-460 ieta = 1
7297 1
7298 2
7299 2
7300 3
7301 3
7302 4
7303 4
7304 5
7305 5
7306 6
7307 7
7308 7
7309 8
7310 8
7311 9
7312 9
7313 10
7314 10
7315 11
7316 12
7317 14
7318 16
7319 19
7320 20
7321 20
7322 20
7323 20
7324 20
7325 20
7326 20
7327 20
7328 20
7329 20
7330 20
7331 20
7332 20
7333 20
7334 20
7335 20
7336 0 #dummy
7337 0 #dummy
7338 0 #dummy
7339 0 #dummy
7340 0 #dummy
7341 0 #dummy
7342 0 #dummy
7343 0 #dummy
7344 0 #dummy
7345 0 #dummy
7346 0 #dummy
7347 0 #dummy
7348 0 #dummy
7349 0 #dummy
7350 0 #dummy
7351 0 #dummy
7352 0 #dummy
7353 0 #dummy
7354 0 #dummy
7355 0 #dummy
7356 0 #dummy
7357 0 #dummy
7358 0 #dummy
7359 0 #dummy
7360 1             # nTT4 = 460-464 ieta = 1
7361 1
7362 2
7363 2
7364 3
7365 3
7366 4
7367 4
7368 5
7369 5
7370 6
7371 7
7372 7
7373 8
7374 8
7375 9
7376 9
7377 10
7378 10
7379 11
7380 12
7381 14
7382 16
7383 19
7384 20
7385 20
7386 20
7387 20
7388 20
7389 20
7390 20
7391 20
7392 20
7393 20
7394 20
7395 20
7396 20
7397 20
7398 20
7399 20
7400 0 #dummy
7401 0 #dummy
7402 0 #dummy
7403 0 #dummy
7404 0 #dummy
7405 0 #dummy
7406 0 #dummy
7407 0 #dummy
7408 0 #dummy
7409 0 #dummy
7410 0 #dummy
7411 0 #dummy
7412 0 #dummy
7413 0 #dummy
7414 0 #dummy
7415 0 #dummy
7416 0 #dummy
7417 0 #dummy
7418 0 #dummy
7419 0 #dummy
7420 0 #dummy
7421 0 #dummy
7422 0 #dummy
7423 0 #dummy
7424 1             # nTT4 = 464-468 ieta = 1
7425 1
7426 2
7427 2
7428 3
7429 3
7430 4
7431 4
7432 5
7433 5
7434 6
7435 7
7436 7
7437 8
7438 8
7439 9
7440 9
7441 10
7442 10
7443 11
7444 12
7445 14
7446 16
7447 19
7448 20
7449 20
7450 20
7451 20
7452 20
7453 20
7454 20
7455 20
7456 20
7457 20
7458 20
7459 20
7460 20
7461 20
7462 20
7463 20
7464 0 #dummy
7465 0 #dummy
7466 0 #dummy
7467 0 #dummy
7468 0 #dummy
7469 0 #dummy
7470 0 #dummy
7471 0 #dummy
7472 0 #dummy
7473 0 #dummy
7474 0 #dummy
7475 0 #dummy
7476 0 #dummy
7477 0 #dummy
7478 0 #dummy
7479 0 #dummy
7480 0 #dummy
7481 0 #dummy
7482 0 #dummy
7483 0 #dummy
7484 0 #dummy
7485 0 #dummy
7486 0 #dummy
7487 0 #dummy
7488 1             # nTT4 = 468-472 ieta = 1
7489 1
7490 2
7491 2
7492 3
7493 3
7494 4
7495 4
7496 5
7497 5
7498 6
7499 7
7500 7
7501 8
7502 8
7503 9
7504 9
7505 10
7506 10
7507 11
7508 12
7509 14
7510 16
7511 19
7512 20
7513 20
7514 20
7515 20
7516 20
7517 20
7518 20
7519 20
7520 20
7521 20
7522 20
7523 20
7524 20
7525 20
7526 20
7527 20
7528 0 #dummy
7529 0 #dummy
7530 0 #dummy
7531 0 #dummy
7532 0 #dummy
7533 0 #dummy
7534 0 #dummy
7535 0 #dummy
7536 0 #dummy
7537 0 #dummy
7538 0 #dummy
7539 0 #dummy
7540 0 #dummy
7541 0 #dummy
7542 0 #dummy
7543 0 #dummy
7544 0 #dummy
7545 0 #dummy
7546 0 #dummy
7547 0 #dummy
7548 0 #dummy
7549 0 #dummy
7550 0 #dummy
7551 0 #dummy
7552 1             # nTT4 = 472-476 ieta = 1
7553 1
7554 2
7555 2
7556 3
7557 3
7558 4
7559 4
7560 5
7561 5
7562 6
7563 7
7564 7
7565 8
7566 8
7567 9
7568 9
7569 10
7570 10
7571 11
7572 12
7573 14
7574 16
7575 19
7576 20
7577 20
7578 20
7579 20
7580 20
7581 20
7582 20
7583 20
7584 20
7585 20
7586 20
7587 20
7588 20
7589 20
7590 20
7591 20
7592 0 #dummy
7593 0 #dummy
7594 0 #dummy
7595 0 #dummy
7596 0 #dummy
7597 0 #dummy
7598 0 #dummy
7599 0 #dummy
7600 0 #dummy
7601 0 #dummy
7602 0 #dummy
7603 0 #dummy
7604 0 #dummy
7605 0 #dummy
7606 0 #dummy
7607 0 #dummy
7608 0 #dummy
7609 0 #dummy
7610 0 #dummy
7611 0 #dummy
7612 0 #dummy
7613 0 #dummy
7614 0 #dummy
7615 0 #dummy
7616 1             # nTT4 = 476-480 ieta = 1
7617 1
7618 2
7619 2
7620 3
7621 3
7622 4
7623 4
7624 5
7625 5
7626 6
7627 7
7628 7
7629 8
7630 8
7631 9
7632 9
7633 10
7634 10
7635 11
7636 12
7637 14
7638 16
7639 19
7640 20
7641 20
7642 20
7643 20
7644 20
7645 20
7646 20
7647 20
7648 20
7649 20
7650 20
7651 20
7652 20
7653 20
7654 20
7655 20
7656 0 #dummy
7657 0 #dummy
7658 0 #dummy
7659 0 #dummy
7660 0 #dummy
7661 0 #dummy
7662 0 #dummy
7663 0 #dummy
7664 0 #dummy
7665 0 #dummy
7666 0 #dummy
7667 0 #dummy
7668 0 #dummy
7669 0 #dummy
7670 0 #dummy
7671 0 #dummy
7672 0 #dummy
7673 0 #dummy
7674 0 #dummy
7675 0 #dummy
7676 0 #dummy
7677 0 #dummy
7678 0 #dummy
7679 0 #dummy
7680 1             # nTT4 = 480-484 ieta = 1
7681 1
7682 2
7683 2
7684 3
7685 4
7686 4
7687 5
7688 5
7689 6
7690 7
7691 7
7692 8
7693 8
7694 9
7695 10
7696 10
7697 11
7698 11
7699 12
7700 13
7701 15
7702 18
7703 20
7704 20
7705 20
7706 20
7707 20
7708 20
7709 20
7710 20
7711 20
7712 20
7713 20
7714 20
7715 20
7716 20
7717 20
7718 20
7719 20
7720 0 #dummy
7721 0 #dummy
7722 0 #dummy
7723 0 #dummy
7724 0 #dummy
7725 0 #dummy
7726 0 #dummy
7727 0 #dummy
7728 0 #dummy
7729 0 #dummy
7730 0 #dummy
7731 0 #dummy
7732 0 #dummy
7733 0 #dummy
7734 0 #dummy
7735 0 #dummy
7736 0 #dummy
7737 0 #dummy
7738 0 #dummy
7739 0 #dummy
7740 0 #dummy
7741 0 #dummy
7742 0 #dummy
7743 0 #dummy
7744 1             # nTT4 = 484-488 ieta = 1
7745 1
7746 2
7747 2
7748 3
7749 4
7750 4
7751 5
7752 5
7753 6
7754 7
7755 7
7756 8
7757 8
7758 9
7759 10
7760 10
7761 11
7762 11
7763 12
7764 13
7765 15
7766 18
7767 20
7768 20
7769 20
7770 20
7771 20
7772 20
7773 20
7774 20
7775 20
7776 20
7777 20
7778 20
7779 20
7780 20
7781 20
7782 20
7783 20
7784 0 #dummy
7785 0 #dummy
7786 0 #dummy
7787 0 #dummy
7788 0 #dummy
7789 0 #dummy
7790 0 #dummy
7791 0 #dummy
7792 0 #dummy
7793 0 #dummy
7794 0 #dummy
7795 0 #dummy
7796 0 #dummy
7797 0 #dummy
7798 0 #dummy
7799 0 #dummy
7800 0 #dummy
7801 0 #dummy
7802 0 #dummy
7803 0 #dummy
7804 0 #dummy
7805 0 #dummy
7806 0 #dummy
7807 0 #dummy
7808 1             # nTT4 = 488-492 ieta = 1
7809 1
7810 2
7811 2
7812 3
7813 4
7814 4
7815 5
7816 5
7817 6
7818 7
7819 7
7820 8
7821 8
7822 9
7823 10
7824 10
7825 11
7826 11
7827 12
7828 13
7829 15
7830 18
7831 20
7832 20
7833 20
7834 20
7835 20
7836 20
7837 20
7838 20
7839 20
7840 20
7841 20
7842 20
7843 20
7844 20
7845 20
7846 20
7847 20
7848 0 #dummy
7849 0 #dummy
7850 0 #dummy
7851 0 #dummy
7852 0 #dummy
7853 0 #dummy
7854 0 #dummy
7855 0 #dummy
7856 0 #dummy
7857 0 #dummy
7858 0 #dummy
7859 0 #dummy
7860 0 #dummy
7861 0 #dummy
7862 0 #dummy
7863 0 #dummy
7864 0 #dummy
7865 0 #dummy
7866 0 #dummy
7867 0 #dummy
7868 0 #dummy
7869 0 #dummy
7870 0 #dummy
7871 0 #dummy
7872 1             # nTT4 = 492-496 ieta = 1
7873 1
7874 2
7875 2
7876 3
7877 4
7878 4
7879 5
7880 5
7881 6
7882 7
7883 7
7884 8
7885 8
7886 9
7887 10
7888 10
7889 11
7890 11
7891 12
7892 13
7893 15
7894 18
7895 20
7896 20
7897 20
7898 20
7899 20
7900 20
7901 20
7902 20
7903 20
7904 20
7905 20
7906 20
7907 20
7908 20
7909 20
7910 20
7911 20
7912 0 #dummy
7913 0 #dummy
7914 0 #dummy
7915 0 #dummy
7916 0 #dummy
7917 0 #dummy
7918 0 #dummy
7919 0 #dummy
7920 0 #dummy
7921 0 #dummy
7922 0 #dummy
7923 0 #dummy
7924 0 #dummy
7925 0 #dummy
7926 0 #dummy
7927 0 #dummy
7928 0 #dummy
7929 0 #dummy
7930 0 #dummy
7931 0 #dummy
7932 0 #dummy
7933 0 #dummy
7934 0 #dummy
7935 0 #dummy
7936 1             # nTT4 = 496-500 ieta = 1
7937 1
7938 2
7939 2
7940 3
7941 4
7942 4
7943 5
7944 5
7945 6
7946 7
7947 7
7948 8
7949 8
7950 9
7951 10
7952 10
7953 11
7954 11
7955 12
7956 13
7957 15
7958 18
7959 20
7960 20
7961 20
7962 20
7963 20
7964 20
7965 20
7966 20
7967 20
7968 20
7969 20
7970 20
7971 20
7972 20
7973 20
7974 20
7975 20
7976 0 #dummy
7977 0 #dummy
7978 0 #dummy
7979 0 #dummy
7980 0 #dummy
7981 0 #dummy
7982 0 #dummy
7983 0 #dummy
7984 0 #dummy
7985 0 #dummy
7986 0 #dummy
7987 0 #dummy
7988 0 #dummy
7989 0 #dummy
7990 0 #dummy
7991 0 #dummy
7992 0 #dummy
7993 0 #dummy
7994 0 #dummy
7995 0 #dummy
7996 0 #dummy
7997 0 #dummy
7998 0 #dummy
7999 0 #dummy
8000 1             # nTT4 = 500-504 ieta = 1
8001 1
8002 2
8003 2
8004 3
8005 4
8006 4
8007 5
8008 5
8009 6
8010 7
8011 7
8012 8
8013 8
8014 9
8015 10
8016 10
8017 11
8018 11
8019 12
8020 13
8021 15
8022 18
8023 20
8024 20
8025 20
8026 20
8027 20
8028 20
8029 20
8030 20
8031 20
8032 20
8033 20
8034 20
8035 20
8036 20
8037 20
8038 20
8039 20
8040 0 #dummy
8041 0 #dummy
8042 0 #dummy
8043 0 #dummy
8044 0 #dummy
8045 0 #dummy
8046 0 #dummy
8047 0 #dummy
8048 0 #dummy
8049 0 #dummy
8050 0 #dummy
8051 0 #dummy
8052 0 #dummy
8053 0 #dummy
8054 0 #dummy
8055 0 #dummy
8056 0 #dummy
8057 0 #dummy
8058 0 #dummy
8059 0 #dummy
8060 0 #dummy
8061 0 #dummy
8062 0 #dummy
8063 0 #dummy
8064 1             # nTT4 = 504-508 ieta = 1
8065 1
8066 2
8067 2
8068 3
8069 4
8070 4
8071 5
8072 5
8073 6
8074 7
8075 7
8076 8
8077 8
8078 9
8079 10
8080 10
8081 11
8082 11
8083 12
8084 13
8085 15
8086 18
8087 20
8088 20
8089 20
8090 20
8091 20
8092 20
8093 20
8094 20
8095 20
8096 20
8097 20
8098 20
8099 20
8100 20
8101 20
8102 20
8103 20
8104 0 #dummy
8105 0 #dummy
8106 0 #dummy
8107 0 #dummy
8108 0 #dummy
8109 0 #dummy
8110 0 #dummy
8111 0 #dummy
8112 0 #dummy
8113 0 #dummy
8114 0 #dummy
8115 0 #dummy
8116 0 #dummy
8117 0 #dummy
8118 0 #dummy
8119 0 #dummy
8120 0 #dummy
8121 0 #dummy
8122 0 #dummy
8123 0 #dummy
8124 0 #dummy
8125 0 #dummy
8126 0 #dummy
8127 0 #dummy
8128 1             # nTT4 = 508-512 ieta = 1
8129 1
8130 2
8131 2
8132 3
8133 4
8134 4
8135 5
8136 5
8137 6
8138 7
8139 7
8140 8
8141 8
8142 9
8143 10
8144 10
8145 11
8146 11
8147 12
8148 13
8149 15
8150 18
8151 20
8152 20
8153 20
8154 20
8155 20
8156 20
8157 20
8158 20
8159 20
8160 20
8161 20
8162 20
8163 20
8164 20
8165 20
8166 20
8167 20
8168 0 #dummy
8169 0 #dummy
8170 0 #dummy
8171 0 #dummy
8172 0 #dummy
8173 0 #dummy
8174 0 #dummy
8175 0 #dummy
8176 0 #dummy
8177 0 #dummy
8178 0 #dummy
8179 0 #dummy
8180 0 #dummy
8181 0 #dummy
8182 0 #dummy
8183 0 #dummy
8184 0 #dummy
8185 0 #dummy
8186 0 #dummy
8187 0 #dummy
8188 0 #dummy
8189 0 #dummy
8190 0 #dummy
8191 0 #dummy
