# Dummy LUT
# anything after # is ignored with the exception of the header
# the header is first valid line starting with #<header> versionStr nrBitsAddress nrBitsData </header>
#<header> v1 1 1 </header>
0 512
1 512
2 512
3 512
4 512
5 512
6 512
7 512
8 512
9 512
10 512
11 512
12 512
13 512
14 512
15 512
16 512
17 512
18 512
19 512
20 512
21 512
22 512
23 512
24 512
25 512
26 512
27 512
28 512
29 512
30 512
31 512
32 512
33 512
34 512
35 512
36 512
37 512
38 512
39 512
40 512
41 512
42 512
43 512
44 512
45 512
46 512
47 512
48 512
49 512
50 512
51 512
52 512
53 512
54 512
55 512
56 512
57 512
58 512
59 512
60 512
61 512
62 512
63 512
64 512
65 512
66 512
67 512
68 512
69 512
70 512
71 512
72 512
73 512
74 512
75 512
76 512
77 512
78 512
79 512
80 512
81 512
82 512
83 512
84 512
85 512
86 512
87 512
88 512
89 512
90 512
91 512
92 512
93 512
94 512
95 512
96 512
97 512
98 512
99 512
100 512
101 512
102 512
103 512
104 512
105 512
106 512
107 512
108 512
109 512
110 512
111 512
112 512
113 512
114 512
115 512
116 512
117 512
118 512
119 512
120 512
121 512
122 512
123 512
124 512
125 512
126 512
127 512
128 512
129 512
130 512
131 512
132 512
133 512
134 512
135 512
136 512
137 512
138 512
139 512
140 512
141 512
142 512
143 512
144 512
145 512
146 512
147 512
148 512
149 512
150 512
151 512
152 512
153 512
154 512
155 512
156 512
157 512
158 512
159 512
160 512
161 512
162 512
163 512
164 512
165 512
166 512
167 512
168 512
169 512
170 512
171 512
172 512
173 512
174 512
175 512
176 512
177 512
178 512
179 512
180 512
181 512
182 512
183 512
184 512
185 512
186 512
187 512
188 512
189 512
190 512
191 512
192 512
193 512
194 512
195 512
196 512
197 512
198 512
199 512
200 512
201 512
202 512
203 512
204 512
205 512
206 512
207 512
208 512
209 512
210 512
211 512
212 512
213 512
214 512
215 512
216 512
217 512
218 512
219 512
220 512
221 512
222 512
223 512
224 512
225 512
226 512
227 512
228 512
229 512
230 512
231 512
232 512
233 512
234 512
235 512
236 512
237 512
238 512
239 512
240 512
241 512
242 512
243 512
244 512
245 512
246 512
247 512
248 512
249 512
250 512
251 512
252 512
253 512
254 512
255 512
256 512
257 512
258 512
259 512
260 512
261 512
262 512
263 512
264 512
265 512
266 512
267 512
268 512
269 512
270 512
271 512
272 512
273 512
274 512
275 512
276 512
277 512
278 512
279 512
280 512
281 512
282 512
283 512
284 512
285 512
286 512
287 512
288 512
289 512
290 512
291 512
292 512
293 512
294 512
295 512
296 512
297 512
298 512
299 512
300 512
301 512
302 512
303 512
304 512
305 512
306 512
307 512
308 512
309 512
310 512
311 512
312 512
313 512
314 512
315 512
316 512
317 512
318 512
319 512
320 512
321 512
322 512
323 512
324 512
325 512
326 512
327 512
328 512
329 512
330 512
331 512
332 512
333 512
334 512
335 512
336 512
337 512
338 512
339 512
340 512
341 512
342 512
343 512
344 512
345 512
346 512
347 512
348 512
349 512
350 512
351 512
352 512
353 512
354 512
355 512
356 512
357 512
358 512
359 512
360 512
361 512
362 512
363 512
364 512
365 512
366 512
367 512
368 512
369 512
370 512
371 512
372 512
373 512
374 512
375 512
376 512
377 512
378 512
379 512
380 512
381 512
382 512
383 512
384 512
385 512
386 512
387 512
388 512
389 512
390 512
391 512
392 512
393 512
394 512
395 512
396 512
397 512
398 512
399 512
400 512
401 512
402 512
403 512
404 512
405 512
406 512
407 512
408 512
409 512
410 512
411 512
412 512
413 512
414 512
415 512
416 512
417 512
418 512
419 512
420 512
421 512
422 512
423 512
424 512
425 512
426 512
427 512
428 512
429 512
430 512
431 512
432 512
433 512
434 512
435 512
436 512
437 512
438 512
439 512
440 512
441 512
442 512
443 512
444 512
445 512
446 512
447 512
448 512
449 512
450 512
451 512
452 512
453 512
454 512
455 512
456 512
457 512
458 512
459 512
460 512
461 512
462 512
463 512
464 512
465 512
466 512
467 512
468 512
469 512
470 512
471 512
472 512
473 512
474 512
475 512
476 512
477 512
478 512
479 512
480 512
481 512
482 512
483 512
484 512
485 512
486 512
487 512
488 512
489 512
490 512
491 512
492 512
493 512
494 512
495 512
496 512
497 512
498 512
499 512
500 512
501 512
502 512
503 512
504 512
505 512
506 512
507 512
508 512
509 512
510 512
511 512
512 512
513 512
514 512
515 512
516 512
517 512
518 512
519 512
520 512
521 512
522 512
523 512
524 512
525 512
526 512
527 512
528 512
529 512
530 512
531 512
532 512
533 512
534 512
535 512
536 512
537 512
538 512
539 512
540 512
541 512
542 512
543 512
544 512
545 512
546 512
547 512
548 512
549 512
550 512
551 512
552 512
553 512
554 512
555 512
556 512
557 512
558 512
559 512
560 512
561 512
562 512
563 512
564 512
565 512
566 512
567 512
568 512
569 512
570 512
571 512
572 512
573 512
574 512
575 512
576 512
577 512
578 512
579 512
580 512
581 512
582 512
583 512
584 512
585 512
586 512
587 512
588 512
589 512
590 512
591 512
592 512
593 512
594 512
595 512
596 512
597 512
598 512
599 512
600 512
601 512
602 512
603 512
604 512
605 512
606 512
607 512
608 512
609 512
610 512
611 512
612 512
613 512
614 512
615 512
616 512
617 512
618 512
619 512
620 512
621 512
622 512
623 512
624 512
625 512
626 512
627 512
628 512
629 512
630 512
631 512
632 512
633 512
634 512
635 512
636 512
637 512
638 512
639 512
640 512
641 512
642 512
643 512
644 512
645 512
646 512
647 512
648 512
649 512
650 512
651 512
652 512
653 512
654 512
655 512
656 512
657 512
658 512
659 512
660 512
661 512
662 512
663 512
664 512
665 512
666 512
667 512
668 512
669 512
670 512
671 512
672 512
673 512
674 512
675 512
676 512
677 512
678 512
679 512
680 512
681 512
682 512
683 512
684 512
685 512
686 512
687 512
688 512
689 512
690 512
691 512
692 512
693 512
694 512
695 512
696 512
697 512
698 512
699 512
700 512
701 512
702 512
703 512
704 512
705 512
706 512
707 512
708 512
709 512
710 512
711 512
712 512
713 512
714 512
715 512
716 512
717 512
718 512
719 512
720 512
721 512
722 512
723 512
724 512
725 512
726 512
727 512
728 512
729 512
730 512
731 512
732 512
733 512
734 512
735 512
736 512
737 512
738 512
739 512
740 512
741 512
742 512
743 512
744 512
745 512
746 512
747 512
748 512
749 512
750 512
751 512
752 512
753 512
754 512
755 512
756 512
757 512
758 512
759 512
760 512
761 512
762 512
763 512
764 512
765 512
766 512
767 512
768 512
769 512
770 512
771 512
772 512
773 512
774 512
775 512
776 512
777 512
778 512
779 512
780 512
781 512
782 512
783 512
784 512
785 512
786 512
787 512
788 512
789 512
790 512
791 512
792 512
793 512
794 512
795 512
796 512
797 512
798 512
799 512
800 512
801 512
802 512
803 512
804 512
805 512
806 512
807 512
808 512
809 512
810 512
811 512
812 512
813 512
814 512
815 512
816 512
817 512
818 512
819 512
820 512
821 512
822 512
823 512
824 512
825 512
826 512
827 512
828 512
829 512
830 512
831 512
832 512
833 512
834 512
835 512
836 512
837 512
838 512
839 512
840 512
841 512
842 512
843 512
844 512
845 512
846 512
847 512
848 512
849 512
850 512
851 512
852 512
853 512
854 512
855 512
856 512
857 512
858 512
859 512
860 512
861 512
862 512
863 512
864 512
865 512
866 512
867 512
868 512
869 512
870 512
871 512
872 512
873 512
874 512
875 512
876 512
877 512
878 512
879 512
880 512
881 512
882 512
883 512
884 512
885 512
886 512
887 512
888 512
889 512
890 512
891 512
892 512
893 512
894 512
895 512
896 512
897 512
898 512
899 512
900 512
901 512
902 512
903 512
904 512
905 512
906 512
907 512
908 512
909 512
910 512
911 512
912 512
913 512
914 512
915 512
916 512
917 512
918 512
919 512
920 512
921 512
922 512
923 512
924 512
925 512
926 512
927 512
928 512
929 512
930 512
931 512
932 512
933 512
934 512
935 512
936 512
937 512
938 512
939 512
940 512
941 512
942 512
943 512
944 512
945 512
946 512
947 512
948 512
949 512
950 512
951 512
952 512
953 512
954 512
955 512
956 512
957 512
958 512
959 512
960 512
961 512
962 512
963 512
964 512
965 512
966 512
967 512
968 512
969 512
970 512
971 512
972 512
973 512
974 512
975 512
976 512
977 512
978 512
979 512
980 512
981 512
982 512
983 512
984 512
985 512
986 512
987 512
988 512
989 512
990 512
991 512
992 512
993 512
994 512
995 512
996 512
997 512
998 512
999 512
1000 512
1001 512
1002 512
1003 512
1004 512
1005 512
1006 512
1007 512
1008 512
1009 512
1010 512
1011 512
1012 512
1013 512
1014 512
1015 512
1016 512
1017 512
1018 512
1019 512
1020 512
1021 512
1022 512
1023 512
1024 512
1025 512
1026 512
1027 512
1028 512
1029 512
1030 512
1031 512
1032 512
1033 512
1034 512
1035 512
1036 512
1037 512
1038 512
1039 512
1040 512
1041 512
1042 512
1043 512
1044 512
1045 512
1046 512
1047 512
1048 512
1049 512
1050 512
1051 512
1052 512
1053 512
1054 512
1055 512
1056 512
1057 512
1058 512
1059 512
1060 512
1061 512
1062 512
1063 512
1064 512
1065 512
1066 512
1067 512
1068 512
1069 512
1070 512
1071 512
1072 512
1073 512
1074 512
1075 512
1076 512
1077 512
1078 512
1079 512
1080 512
1081 512
1082 512
1083 512
1084 512
1085 512
1086 512
1087 512
1088 512
1089 512
1090 512
1091 512
1092 512
1093 512
1094 512
1095 512
1096 512
1097 512
1098 512
1099 512
1100 512
1101 512
1102 512
1103 512
1104 512
1105 512
1106 512
1107 512
1108 512
1109 512
1110 512
1111 512
1112 512
1113 512
1114 512
1115 512
1116 512
1117 512
1118 512
1119 512
1120 512
1121 512
1122 512
1123 512
1124 512
1125 512
1126 512
1127 512
1128 512
1129 512
1130 512
1131 512
1132 512
1133 512
1134 512
1135 512
1136 512
1137 512
1138 512
1139 512
1140 512
1141 512
1142 512
1143 512
1144 512
1145 512
1146 512
1147 512
1148 512
1149 512
1150 512
1151 512
1152 512
1153 512
1154 512
1155 512
1156 512
1157 512
1158 512
1159 512
1160 512
1161 512
1162 512
1163 512
1164 512
1165 512
1166 512
1167 512
1168 512
1169 512
1170 512
1171 512
1172 512
1173 512
1174 512
1175 512
1176 512
1177 512
1178 512
1179 512
1180 512
1181 512
1182 512
1183 512
1184 512
1185 512
1186 512
1187 512
1188 512
1189 512
1190 512
1191 512
1192 512
1193 512
1194 512
1195 512
1196 512
1197 512
1198 512
1199 512
1200 512
1201 512
1202 512
1203 512
1204 512
1205 512
1206 512
1207 512
1208 512
1209 512
1210 512
1211 512
1212 512
1213 512
1214 512
1215 512
1216 512
1217 512
1218 512
1219 512
1220 512
1221 512
1222 512
1223 512
1224 512
1225 512
1226 512
1227 512
1228 512
1229 512
1230 512
1231 512
1232 512
1233 512
1234 512
1235 512
1236 512
1237 512
1238 512
1239 512
1240 512
1241 512
1242 512
1243 512
1244 512
1245 512
1246 512
1247 512
1248 512
1249 512
1250 512
1251 512
1252 512
1253 512
1254 512
1255 512
1256 512
1257 512
1258 512
1259 512
1260 512
1261 512
1262 512
1263 512
1264 512
1265 512
1266 512
1267 512
1268 512
1269 512
1270 512
1271 512
1272 512
1273 512
1274 512
1275 512
1276 512
1277 512
1278 512
1279 512
1280 512
1281 512
1282 512
1283 512
1284 512
1285 512
1286 512
1287 512
1288 512
1289 512
1290 512
1291 512
1292 512
1293 512
1294 512
1295 512
1296 512
1297 512
1298 512
1299 512
1300 512
1301 512
1302 512
1303 512
1304 512
1305 512
1306 512
1307 512
1308 512
1309 512
1310 512
1311 512
1312 512
1313 512
1314 512
1315 512
1316 512
1317 512
1318 512
1319 512
1320 512
1321 512
1322 512
1323 512
1324 512
1325 512
1326 512
1327 512
1328 512
1329 512
1330 512
1331 512
1332 512
1333 512
1334 512
1335 512
1336 512
1337 512
1338 512
1339 512
1340 512
1341 512
1342 512
1343 512
1344 512
1345 512
1346 512
1347 512
1348 512
1349 512
1350 512
1351 512
1352 512
1353 512
1354 512
1355 512
1356 512
1357 512
1358 512
1359 512
1360 512
1361 512
1362 512
1363 512
1364 512
1365 512
1366 512
1367 512
1368 512
1369 512
1370 512
1371 512
1372 512
1373 512
1374 512
1375 512
1376 512
1377 512
1378 512
1379 512
1380 512
1381 512
1382 512
1383 512
1384 512
1385 512
1386 512
1387 512
1388 512
1389 512
1390 512
1391 512
1392 512
1393 512
1394 512
1395 512
1396 512
1397 512
1398 512
1399 512
1400 512
1401 512
1402 512
1403 512
1404 512
1405 512
1406 512
1407 512
1408 512
1409 512
1410 512
1411 512
1412 512
1413 512
1414 512
1415 512
1416 512
1417 512
1418 512
1419 512
1420 512
1421 512
1422 512
1423 512
1424 512
1425 512
1426 512
1427 512
1428 512
1429 512
1430 512
1431 512
1432 512
1433 512
1434 512
1435 512
1436 512
1437 512
1438 512
1439 512
1440 512
1441 512
1442 512
1443 512
1444 512
1445 512
1446 512
1447 512
1448 512
1449 512
1450 512
1451 512
1452 512
1453 512
1454 512
1455 512
1456 512
1457 512
1458 512
1459 512
1460 512
1461 512
1462 512
1463 512
1464 512
1465 512
1466 512
1467 512
1468 512
1469 512
1470 512
1471 512
1472 512
1473 512
1474 512
1475 512
1476 512
1477 512
1478 512
1479 512
1480 512
1481 512
1482 512
1483 512
1484 512
1485 512
1486 512
1487 512
1488 512
1489 512
1490 512
1491 512
1492 512
1493 512
1494 512
1495 512
1496 512
1497 512
1498 512
1499 512
1500 512
1501 512
1502 512
1503 512
1504 512
1505 512
1506 512
1507 512
1508 512
1509 512
1510 512
1511 512
1512 512
1513 512
1514 512
1515 512
1516 512
1517 512
1518 512
1519 512
1520 512
1521 512
1522 512
1523 512
1524 512
1525 512
1526 512
1527 512
1528 512
1529 512
1530 512
1531 512
1532 512
1533 512
1534 512
1535 512
1536 512
1537 512
1538 512
1539 512
1540 512
1541 512
1542 512
1543 512
1544 512
1545 512
1546 512
1547 512
1548 512
1549 512
1550 512
1551 512
1552 512
1553 512
1554 512
1555 512
1556 512
1557 512
1558 512
1559 512
1560 512
1561 512
1562 512
1563 512
1564 512
1565 512
1566 512
1567 512
1568 512
1569 512
1570 512
1571 512
1572 512
1573 512
1574 512
1575 512
1576 512
1577 512
1578 512
1579 512
1580 512
1581 512
1582 512
1583 512
1584 512
1585 512
1586 512
1587 512
1588 512
1589 512
1590 512
1591 512
1592 512
1593 512
1594 512
1595 512
1596 512
1597 512
1598 512
1599 512
1600 512
1601 512
1602 512
1603 512
1604 512
1605 512
1606 512
1607 512
1608 512
1609 512
1610 512
1611 512
1612 512
1613 512
1614 512
1615 512
1616 512
1617 512
1618 512
1619 512
1620 512
1621 512
1622 512
1623 512
1624 512
1625 512
1626 512
1627 512
1628 512
1629 512
1630 512
1631 512
1632 512
1633 512
1634 512
1635 512
1636 512
1637 512
1638 512
1639 512
1640 512
1641 512
1642 512
1643 512
1644 512
1645 512
1646 512
1647 512
1648 512
1649 512
1650 512
1651 512
1652 512
1653 512
1654 512
1655 512
1656 512
1657 512
1658 512
1659 512
1660 512
1661 512
1662 512
1663 512
1664 512
1665 512
1666 512
1667 512
1668 512
1669 512
1670 512
1671 512
1672 512
1673 512
1674 512
1675 512
1676 512
1677 512
1678 512
1679 512
1680 512
1681 512
1682 512
1683 512
1684 512
1685 512
1686 512
1687 512
1688 512
1689 512
1690 512
1691 512
1692 512
1693 512
1694 512
1695 512
1696 512
1697 512
1698 512
1699 512
1700 512
1701 512
1702 512
1703 512
1704 512
1705 512
1706 512
1707 512
1708 512
1709 512
1710 512
1711 512
1712 512
1713 512
1714 512
1715 512
1716 512
1717 512
1718 512
1719 512
1720 512
1721 512
1722 512
1723 512
1724 512
1725 512
1726 512
1727 512
1728 512
1729 512
1730 512
1731 512
1732 512
1733 512
1734 512
1735 512
1736 512
1737 512
1738 512
1739 512
1740 512
1741 512
1742 512
1743 512
1744 512
1745 512
1746 512
1747 512
1748 512
1749 512
1750 512
1751 512
1752 512
1753 512
1754 512
1755 512
1756 512
1757 512
1758 512
1759 512
1760 512
1761 512
1762 512
1763 512
1764 512
1765 512
1766 512
1767 512
1768 512
1769 512
1770 512
1771 512
1772 512
1773 512
1774 512
1775 512
1776 512
1777 512
1778 512
1779 512
1780 512
1781 512
1782 512
1783 512
1784 512
1785 512
1786 512
1787 512
1788 512
1789 512
1790 512
1791 512
1792 512
1793 512
1794 512
1795 512
1796 512
1797 512
1798 512
1799 512
1800 512
1801 512
1802 512
1803 512
1804 512
1805 512
1806 512
1807 512
1808 512
1809 512
1810 512
1811 512
1812 512
1813 512
1814 512
1815 512
1816 512
1817 512
1818 512
1819 512
1820 512
1821 512
1822 512
1823 512
1824 512
1825 512
1826 512
1827 512
1828 512
1829 512
1830 512
1831 512
1832 512
1833 512
1834 512
1835 512
1836 512
1837 512
1838 512
1839 512
1840 512
1841 512
1842 512
1843 512
1844 512
1845 512
1846 512
1847 512
1848 512
1849 512
1850 512
1851 512
1852 512
1853 512
1854 512
1855 512
1856 512
1857 512
1858 512
1859 512
1860 512
1861 512
1862 512
1863 512
1864 512
1865 512
1866 512
1867 512
1868 512
1869 512
1870 512
1871 512
1872 512
1873 512
1874 512
1875 512
1876 512
1877 512
1878 512
1879 512
1880 512
1881 512
1882 512
1883 512
1884 512
1885 512
1886 512
1887 512
1888 512
1889 512
1890 512
1891 512
1892 512
1893 512
1894 512
1895 512
1896 512
1897 512
1898 512
1899 512
1900 512
1901 512
1902 512
1903 512
1904 512
1905 512
1906 512
1907 512
1908 512
1909 512
1910 512
1911 512
1912 512
1913 512
1914 512
1915 512
1916 512
1917 512
1918 512
1919 512
1920 512
1921 512
1922 512
1923 512
1924 512
1925 512
1926 512
1927 512
1928 512
1929 512
1930 512
1931 512
1932 512
1933 512
1934 512
1935 512
1936 512
1937 512
1938 512
1939 512
1940 512
1941 512
1942 512
1943 512
1944 512
1945 512
1946 512
1947 512
1948 512
1949 512
1950 512
1951 512
1952 512
1953 512
1954 512
1955 512
1956 512
1957 512
1958 512
1959 512
1960 512
1961 512
1962 512
1963 512
1964 512
1965 512
1966 512
1967 512
1968 512
1969 512
1970 512
1971 512
1972 512
1973 512
1974 512
1975 512
1976 512
1977 512
1978 512
1979 512
1980 512
1981 512
1982 512
1983 512
1984 512
1985 512
1986 512
1987 512
1988 512
1989 512
1990 512
1991 512
1992 512
1993 512
1994 512
1995 512
1996 512
1997 512
1998 512
1999 512
2000 512
2001 512
2002 512
2003 512
2004 512
2005 512
2006 512
2007 512
2008 512
2009 512
2010 512
2011 512
2012 512
2013 512
2014 512
2015 512
2016 512
2017 512
2018 512
2019 512
2020 512
2021 512
2022 512
2023 512
2024 512
2025 512
2026 512
2027 512
2028 512
2029 512
2030 512
2031 512
2032 512
2033 512
2034 512
2035 512
2036 512
2037 512
2038 512
2039 512
2040 512
2041 512
2042 512
2043 512
2044 512
2045 512
2046 512
2047 512
2048 512
2049 512
2050 512
2051 512
2052 512
2053 512
2054 512
2055 512
2056 512
2057 512
2058 512
2059 512
2060 512
2061 512
2062 512
2063 512
2064 512
2065 512
2066 512
2067 512
2068 512
2069 512
2070 512
2071 512
2072 512
2073 512
2074 512
2075 512
2076 512
2077 512
2078 512
2079 512
2080 512
2081 512
2082 512
2083 512
2084 512
2085 512
2086 512
2087 512
2088 512
2089 512
2090 512
2091 512
2092 512
2093 512
2094 512
2095 512
2096 512
2097 512
2098 512
2099 512
2100 512
2101 512
2102 512
2103 512
2104 512
2105 512
2106 512
2107 512
2108 512
2109 512
2110 512
2111 512
2112 512
2113 512
2114 512
2115 512
2116 512
2117 512
2118 512
2119 512
2120 512
2121 512
2122 512
2123 512
2124 512
2125 512
2126 512
2127 512
2128 512
2129 512
2130 512
2131 512
2132 512
2133 512
2134 512
2135 512
2136 512
2137 512
2138 512
2139 512
2140 512
2141 512
2142 512
2143 512
2144 512
2145 512
2146 512
2147 512
2148 512
2149 512
2150 512
2151 512
2152 512
2153 512
2154 512
2155 512
2156 512
2157 512
2158 512
2159 512
2160 512
2161 512
2162 512
2163 512
2164 512
2165 512
2166 512
2167 512
2168 512
2169 512
2170 512
2171 512
2172 512
2173 512
2174 512
2175 512
2176 512
2177 512
2178 512
2179 512
2180 512
2181 512
2182 512
2183 512
2184 512
2185 512
2186 512
2187 512
2188 512
2189 512
2190 512
2191 512
2192 512
2193 512
2194 512
2195 512
2196 512
2197 512
2198 512
2199 512
2200 512
2201 512
2202 512
2203 512
2204 512
2205 512
2206 512
2207 512
2208 512
2209 512
2210 512
2211 512
2212 512
2213 512
2214 512
2215 512
2216 512
2217 512
2218 512
2219 512
2220 512
2221 512
2222 512
2223 512
2224 512
2225 512
2226 512
2227 512
2228 512
2229 512
2230 512
2231 512
2232 512
2233 512
2234 512
2235 512
2236 512
2237 512
2238 512
2239 512
2240 512
2241 512
2242 512
2243 512
2244 512
2245 512
2246 512
2247 512
2248 512
2249 512
2250 512
2251 512
2252 512
2253 512
2254 512
2255 512
2256 512
2257 512
2258 512
2259 512
2260 512
2261 512
2262 512
2263 512
2264 512
2265 512
2266 512
2267 512
2268 512
2269 512
2270 512
2271 512
2272 512
2273 512
2274 512
2275 512
2276 512
2277 512
2278 512
2279 512
2280 512
2281 512
2282 512
2283 512
2284 512
2285 512
2286 512
2287 512
2288 512
2289 512
2290 512
2291 512
2292 512
2293 512
2294 512
2295 512
2296 512
2297 512
2298 512
2299 512
2300 512
2301 512
2302 512
2303 512
2304 512
2305 512
2306 512
2307 512
2308 512
2309 512
2310 512
2311 512
2312 512
2313 512
2314 512
2315 512
2316 512
2317 512
2318 512
2319 512
2320 512
2321 512
2322 512
2323 512
2324 512
2325 512
2326 512
2327 512
2328 512
2329 512
2330 512
2331 512
2332 512
2333 512
2334 512
2335 512
2336 512
2337 512
2338 512
2339 512
2340 512
2341 512
2342 512
2343 512
2344 512
2345 512
2346 512
2347 512
2348 512
2349 512
2350 512
2351 512
2352 512
2353 512
2354 512
2355 512
2356 512
2357 512
2358 512
2359 512
2360 512
2361 512
2362 512
2363 512
2364 512
2365 512
2366 512
2367 512
2368 512
2369 512
2370 512
2371 512
2372 512
2373 512
2374 512
2375 512
2376 512
2377 512
2378 512
2379 512
2380 512
2381 512
2382 512
2383 512
2384 512
2385 512
2386 512
2387 512
2388 512
2389 512
2390 512
2391 512
2392 512
2393 512
2394 512
2395 512
2396 512
2397 512
2398 512
2399 512
2400 512
2401 512
2402 512
2403 512
2404 512
2405 512
2406 512
2407 512
2408 512
2409 512
2410 512
2411 512
2412 512
2413 512
2414 512
2415 512
2416 512
2417 512
2418 512
2419 512
2420 512
2421 512
2422 512
2423 512
2424 512
2425 512
2426 512
2427 512
2428 512
2429 512
2430 512
2431 512
2432 512
2433 512
2434 512
2435 512
2436 512
2437 512
2438 512
2439 512
2440 512
2441 512
2442 512
2443 512
2444 512
2445 512
2446 512
2447 512
2448 512
2449 512
2450 512
2451 512
2452 512
2453 512
2454 512
2455 512
2456 512
2457 512
2458 512
2459 512
2460 512
2461 512
2462 512
2463 512
2464 512
2465 512
2466 512
2467 512
2468 512
2469 512
2470 512
2471 512
2472 512
2473 512
2474 512
2475 512
2476 512
2477 512
2478 512
2479 512
2480 512
2481 512
2482 512
2483 512
2484 512
2485 512
2486 512
2487 512
2488 512
2489 512
2490 512
2491 512
2492 512
2493 512
2494 512
2495 512
2496 512
2497 512
2498 512
2499 512
2500 512
2501 512
2502 512
2503 512
2504 512
2505 512
2506 512
2507 512
2508 512
2509 512
2510 512
2511 512
2512 512
2513 512
2514 512
2515 512
2516 512
2517 512
2518 512
2519 512
2520 512
2521 512
2522 512
2523 512
2524 512
2525 512
2526 512
2527 512
2528 512
2529 512
2530 512
2531 512
2532 512
2533 512
2534 512
2535 512
2536 512
2537 512
2538 512
2539 512
2540 512
2541 512
2542 512
2543 512
2544 512
2545 512
2546 512
2547 512
2548 512
2549 512
2550 512
2551 512
2552 512
2553 512
2554 512
2555 512
2556 512
2557 512
2558 512
2559 512
2560 512
2561 512
2562 512
2563 512
2564 512
2565 512
2566 512
2567 512
2568 512
2569 512
2570 512
2571 512
2572 512
2573 512
2574 512
2575 512
2576 512
2577 512
2578 512
2579 512
2580 512
2581 512
2582 512
2583 512
2584 512
2585 512
2586 512
2587 512
2588 512
2589 512
2590 512
2591 512
2592 512
2593 512
2594 512
2595 512
2596 512
2597 512
2598 512
2599 512
2600 512
2601 512
2602 512
2603 512
2604 512
2605 512
2606 512
2607 512
2608 512
2609 512
2610 512
2611 512
2612 512
2613 512
2614 512
2615 512
2616 512
2617 512
2618 512
2619 512
2620 512
2621 512
2622 512
2623 512
2624 512
2625 512
2626 512
2627 512
2628 512
2629 512
2630 512
2631 512
2632 512
2633 512
2634 512
2635 512
2636 512
2637 512
2638 512
2639 512
2640 512
2641 512
2642 512
2643 512
2644 512
2645 512
2646 512
2647 512
2648 512
2649 512
2650 512
2651 512
2652 512
2653 512
2654 512
2655 512
2656 512
2657 512
2658 512
2659 512
2660 512
2661 512
2662 512
2663 512
2664 512
2665 512
2666 512
2667 512
2668 512
2669 512
2670 512
2671 512
2672 512
2673 512
2674 512
2675 512
2676 512
2677 512
2678 512
2679 512
2680 512
2681 512
2682 512
2683 512
2684 512
2685 512
2686 512
2687 512
2688 512
2689 512
2690 512
2691 512
2692 512
2693 512
2694 512
2695 512
2696 512
2697 512
2698 512
2699 512
2700 512
2701 512
2702 512
2703 512
2704 512
2705 512
2706 512
2707 512
2708 512
2709 512
2710 512
2711 512
2712 512
2713 512
2714 512
2715 512
2716 512
2717 512
2718 512
2719 512
2720 512
2721 512
2722 512
2723 512
2724 512
2725 512
2726 512
2727 512
2728 512
2729 512
2730 512
2731 512
2732 512
2733 512
2734 512
2735 512
2736 512
2737 512
2738 512
2739 512
2740 512
2741 512
2742 512
2743 512
2744 512
2745 512
2746 512
2747 512
2748 512
2749 512
2750 512
2751 512
2752 512
2753 512
2754 512
2755 512
2756 512
2757 512
2758 512
2759 512
2760 512
2761 512
2762 512
2763 512
2764 512
2765 512
2766 512
2767 512
2768 512
2769 512
2770 512
2771 512
2772 512
2773 512
2774 512
2775 512
2776 512
2777 512
2778 512
2779 512
2780 512
2781 512
2782 512
2783 512
2784 512
2785 512
2786 512
2787 512
2788 512
2789 512
2790 512
2791 512
2792 512
2793 512
2794 512
2795 512
2796 512
2797 512
2798 512
2799 512
2800 512
2801 512
2802 512
2803 512
2804 512
2805 512
2806 512
2807 512
2808 512
2809 512
2810 512
2811 512
2812 512
2813 512
2814 512
2815 512
2816 512
2817 512
2818 512
2819 512
2820 512
2821 512
2822 512
2823 512
2824 512
2825 512
2826 512
2827 512
2828 512
2829 512
2830 512
2831 512
2832 512
2833 512
2834 512
2835 512
2836 512
2837 512
2838 512
2839 512
2840 512
2841 512
2842 512
2843 512
2844 512
2845 512
2846 512
2847 512
2848 512
2849 512
2850 512
2851 512
2852 512
2853 512
2854 512
2855 512
2856 512
2857 512
2858 512
2859 512
2860 512
2861 512
2862 512
2863 512
2864 512
2865 512
2866 512
2867 512
2868 512
2869 512
2870 512
2871 512
2872 512
2873 512
2874 512
2875 512
2876 512
2877 512
2878 512
2879 512
2880 512
2881 512
2882 512
2883 512
2884 512
2885 512
2886 512
2887 512
2888 512
2889 512
2890 512
2891 512
2892 512
2893 512
2894 512
2895 512
2896 512
2897 512
2898 512
2899 512
2900 512
2901 512
2902 512
2903 512
2904 512
2905 512
2906 512
2907 512
2908 512
2909 512
2910 512
2911 512
2912 512
2913 512
2914 512
2915 512
2916 512
2917 512
2918 512
2919 512
2920 512
2921 512
2922 512
2923 512
2924 512
2925 512
2926 512
2927 512
2928 512
2929 512
2930 512
2931 512
2932 512
2933 512
2934 512
2935 512
2936 512
2937 512
2938 512
2939 512
2940 512
2941 512
2942 512
2943 512
2944 512
2945 512
2946 512
2947 512
2948 512
2949 512
2950 512
2951 512
2952 512
2953 512
2954 512
2955 512
2956 512
2957 512
2958 512
2959 512
2960 512
2961 512
2962 512
2963 512
2964 512
2965 512
2966 512
2967 512
2968 512
2969 512
2970 512
2971 512
2972 512
2973 512
2974 512
2975 512
2976 512
2977 512
2978 512
2979 512
2980 512
2981 512
2982 512
2983 512
2984 512
2985 512
2986 512
2987 512
2988 512
2989 512
2990 512
2991 512
2992 512
2993 512
2994 512
2995 512
2996 512
2997 512
2998 512
2999 512
3000 512
3001 512
3002 512
3003 512
3004 512
3005 512
3006 512
3007 512
3008 512
3009 512
3010 512
3011 512
3012 512
3013 512
3014 512
3015 512
3016 512
3017 512
3018 512
3019 512
3020 512
3021 512
3022 512
3023 512
3024 512
3025 512
3026 512
3027 512
3028 512
3029 512
3030 512
3031 512
3032 512
3033 512
3034 512
3035 512
3036 512
3037 512
3038 512
3039 512
3040 512
3041 512
3042 512
3043 512
3044 512
3045 512
3046 512
3047 512
3048 512
3049 512
3050 512
3051 512
3052 512
3053 512
3054 512
3055 512
3056 512
3057 512
3058 512
3059 512
3060 512
3061 512
3062 512
3063 512
3064 512
3065 512
3066 512
3067 512
3068 512
3069 512
3070 512
3071 512
3072 512
3073 512
3074 512
3075 512
3076 512
3077 512
3078 512
3079 512
3080 512
3081 512
3082 512
3083 512
3084 512
3085 512
3086 512
3087 512
3088 512
3089 512
3090 512
3091 512
3092 512
3093 512
3094 512
3095 512
3096 512
3097 512
3098 512
3099 512
3100 512
3101 512
3102 512
3103 512
3104 512
3105 512
3106 512
3107 512
3108 512
3109 512
3110 512
3111 512
3112 512
3113 512
3114 512
3115 512
3116 512
3117 512
3118 512
3119 512
3120 512
3121 512
3122 512
3123 512
3124 512
3125 512
3126 512
3127 512
3128 512
3129 512
3130 512
3131 512
3132 512
3133 512
3134 512
3135 512
3136 512
3137 512
3138 512
3139 512
3140 512
3141 512
3142 512
3143 512
3144 512
3145 512
3146 512
3147 512
3148 512
3149 512
3150 512
3151 512
3152 512
3153 512
3154 512
3155 512
3156 512
3157 512
3158 512
3159 512
3160 512
3161 512
3162 512
3163 512
3164 512
3165 512
3166 512
3167 512
3168 512
3169 512
3170 512
3171 512
3172 512
3173 512
3174 512
3175 512
3176 512
3177 512
3178 512
3179 512
3180 512
3181 512
3182 512
3183 512
3184 512
3185 512
3186 512
3187 512
3188 512
3189 512
3190 512
3191 512
3192 512
3193 512
3194 512
3195 512
3196 512
3197 512
3198 512
3199 512
3200 512
3201 512
3202 512
3203 512
3204 512
3205 512
3206 512
3207 512
3208 512
3209 512
3210 512
3211 512
3212 512
3213 512
3214 512
3215 512
3216 512
3217 512
3218 512
3219 512
3220 512
3221 512
3222 512
3223 512
3224 512
3225 512
3226 512
3227 512
3228 512
3229 512
3230 512
3231 512
3232 512
3233 512
3234 512
3235 512
3236 512
3237 512
3238 512
3239 512
3240 512
3241 512
3242 512
3243 512
3244 512
3245 512
3246 512
3247 512
3248 512
3249 512
3250 512
3251 512
3252 512
3253 512
3254 512
3255 512
3256 512
3257 512
3258 512
3259 512
3260 512
3261 512
3262 512
3263 512
3264 512
3265 512
3266 512
3267 512
3268 512
3269 512
3270 512
3271 512
3272 512
3273 512
3274 512
3275 512
3276 512
3277 512
3278 512
3279 512
3280 512
3281 512
3282 512
3283 512
3284 512
3285 512
3286 512
3287 512
3288 512
3289 512
3290 512
3291 512
3292 512
3293 512
3294 512
3295 512
3296 512
3297 512
3298 512
3299 512
3300 512
3301 512
3302 512
3303 512
3304 512
3305 512
3306 512
3307 512
3308 512
3309 512
3310 512
3311 512
3312 512
3313 512
3314 512
3315 512
3316 512
3317 512
3318 512
3319 512
3320 512
3321 512
3322 512
3323 512
3324 512
3325 512
3326 512
3327 512
3328 512
3329 512
3330 512
3331 512
3332 512
3333 512
3334 512
3335 512
3336 512
3337 512
3338 512
3339 512
3340 512
3341 512
3342 512
3343 512
3344 512
3345 512
3346 512
3347 512
3348 512
3349 512
3350 512
3351 512
3352 512
3353 512
3354 512
3355 512
3356 512
3357 512
3358 512
3359 512
3360 512
3361 512
3362 512
3363 512
3364 512
3365 512
3366 512
3367 512
3368 512
3369 512
3370 512
3371 512
3372 512
3373 512
3374 512
3375 512
3376 512
3377 512
3378 512
3379 512
3380 512
3381 512
3382 512
3383 512
3384 512
3385 512
3386 512
3387 512
3388 512
3389 512
3390 512
3391 512
3392 512
3393 512
3394 512
3395 512
3396 512
3397 512
3398 512
3399 512
3400 512
3401 512
3402 512
3403 512
3404 512
3405 512
3406 512
3407 512
3408 512
3409 512
3410 512
3411 512
3412 512
3413 512
3414 512
3415 512
3416 512
3417 512
3418 512
3419 512
3420 512
3421 512
3422 512
3423 512
3424 512
3425 512
3426 512
3427 512
3428 512
3429 512
3430 512
3431 512
3432 512
3433 512
3434 512
3435 512
3436 512
3437 512
3438 512
3439 512
3440 512
3441 512
3442 512
3443 512
3444 512
3445 512
3446 512
3447 512
3448 512
3449 512
3450 512
3451 512
3452 512
3453 512
3454 512
3455 512
3456 512
3457 512
3458 512
3459 512
3460 512
3461 512
3462 512
3463 512
3464 512
3465 512
3466 512
3467 512
3468 512
3469 512
3470 512
3471 512
3472 512
3473 512
3474 512
3475 512
3476 512
3477 512
3478 512
3479 512
3480 512
3481 512
3482 512
3483 512
3484 512
3485 512
3486 512
3487 512
3488 512
3489 512
3490 512
3491 512
3492 512
3493 512
3494 512
3495 512
3496 512
3497 512
3498 512
3499 512
3500 512
3501 512
3502 512
3503 512
3504 512
3505 512
3506 512
3507 512
3508 512
3509 512
3510 512
3511 512
3512 512
3513 512
3514 512
3515 512
3516 512
3517 512
3518 512
3519 512
3520 512
3521 512
3522 512
3523 512
3524 512
3525 512
3526 512
3527 512
3528 512
3529 512
3530 512
3531 512
3532 512
3533 512
3534 512
3535 512
3536 512
3537 512
3538 512
3539 512
3540 512
3541 512
3542 512
3543 512
3544 512
3545 512
3546 512
3547 512
3548 512
3549 512
3550 512
3551 512
3552 512
3553 512
3554 512
3555 512
3556 512
3557 512
3558 512
3559 512
3560 512
3561 512
3562 512
3563 512
3564 512
3565 512
3566 512
3567 512
3568 512
3569 512
3570 512
3571 512
3572 512
3573 512
3574 512
3575 512
3576 512
3577 512
3578 512
3579 512
3580 512
3581 512
3582 512
3583 512
3584 512
3585 512
3586 512
3587 512
3588 512
3589 512
3590 512
3591 512
3592 512
3593 512
3594 512
3595 512
3596 512
3597 512
3598 512
3599 512
3600 512
3601 512
3602 512
3603 512
3604 512
3605 512
3606 512
3607 512
3608 512
3609 512
3610 512
3611 512
3612 512
3613 512
3614 512
3615 512
3616 512
3617 512
3618 512
3619 512
3620 512
3621 512
3622 512
3623 512
3624 512
3625 512
3626 512
3627 512
3628 512
3629 512
3630 512
3631 512
3632 512
3633 512
3634 512
3635 512
3636 512
3637 512
3638 512
3639 512
3640 512
3641 512
3642 512
3643 512
3644 512
3645 512
3646 512
3647 512
3648 512
3649 512
3650 512
3651 512
3652 512
3653 512
3654 512
3655 512
3656 512
3657 512
3658 512
3659 512
3660 512
3661 512
3662 512
3663 512
3664 512
3665 512
3666 512
3667 512
3668 512
3669 512
3670 512
3671 512
3672 512
3673 512
3674 512
3675 512
3676 512
3677 512
3678 512
3679 512
3680 512
3681 512
3682 512
3683 512
3684 512
3685 512
3686 512
3687 512
3688 512
3689 512
3690 512
3691 512
3692 512
3693 512
3694 512
3695 512
3696 512
3697 512
3698 512
3699 512
3700 512
3701 512
3702 512
3703 512
3704 512
3705 512
3706 512
3707 512
3708 512
3709 512
3710 512
3711 512
3712 512
3713 512
3714 512
3715 512
3716 512
3717 512
3718 512
3719 512
3720 512
3721 512
3722 512
3723 512
3724 512
3725 512
3726 512
3727 512
3728 512
3729 512
3730 512
3731 512
3732 512
3733 512
3734 512
3735 512
3736 512
3737 512
3738 512
3739 512
3740 512
3741 512
3742 512
3743 512
3744 512
3745 512
3746 512
3747 512
3748 512
3749 512
3750 512
3751 512
3752 512
3753 512
3754 512
3755 512
3756 512
3757 512
3758 512
3759 512
3760 512
3761 512
3762 512
3763 512
3764 512
3765 512
3766 512
3767 512
3768 512
3769 512
3770 512
3771 512
3772 512
3773 512
3774 512
3775 512
3776 512
3777 512
3778 512
3779 512
3780 512
3781 512
3782 512
3783 512
3784 512
3785 512
3786 512
3787 512
3788 512
3789 512
3790 512
3791 512
3792 512
3793 512
3794 512
3795 512
3796 512
3797 512
3798 512
3799 512
3800 512
3801 512
3802 512
3803 512
3804 512
3805 512
3806 512
3807 512
3808 512
3809 512
3810 512
3811 512
3812 512
3813 512
3814 512
3815 512
3816 512
3817 512
3818 512
3819 512
3820 512
3821 512
3822 512
3823 512
3824 512
3825 512
3826 512
3827 512
3828 512
3829 512
3830 512
3831 512
3832 512
3833 512
3834 512
3835 512
3836 512
3837 512
3838 512
3839 512
3840 512
3841 512
3842 512
3843 512
3844 512
3845 512
3846 512
3847 512
3848 512
3849 512
3850 512
3851 512
3852 512
3853 512
3854 512
3855 512
3856 512
3857 512
3858 512
3859 512
3860 512
3861 512
3862 512
3863 512
3864 512
3865 512
3866 512
3867 512
3868 512
3869 512
3870 512
3871 512
3872 512
3873 512
3874 512
3875 512
3876 512
3877 512
3878 512
3879 512
3880 512
3881 512
3882 512
3883 512
3884 512
3885 512
3886 512
3887 512
3888 512
3889 512
3890 512
3891 512
3892 512
3893 512
3894 512
3895 512
3896 512
3897 512
3898 512
3899 512
3900 512
3901 512
3902 512
3903 512
3904 512
3905 512
3906 512
3907 512
3908 512
3909 512
3910 512
3911 512
3912 512
3913 512
3914 512
3915 512
3916 512
3917 512
3918 512
3919 512
3920 512
3921 512
3922 512
3923 512
3924 512
3925 512
3926 512
3927 512
3928 512
3929 512
3930 512
3931 512
3932 512
3933 512
3934 512
3935 512
3936 512
3937 512
3938 512
3939 512
3940 512
3941 512
3942 512
3943 512
3944 512
3945 512
3946 512
3947 512
3948 512
3949 512
3950 512
3951 512
3952 512
3953 512
3954 512
3955 512
3956 512
3957 512
3958 512
3959 512
3960 512
3961 512
3962 512
3963 512
3964 512
3965 512
3966 512
3967 512
3968 512
3969 512
3970 512
3971 512
3972 512
3973 512
3974 512
3975 512
3976 512
3977 512
3978 512
3979 512
3980 512
3981 512
3982 512
3983 512
3984 512
3985 512
3986 512
3987 512
3988 512
3989 512
3990 512
3991 512
3992 512
3993 512
3994 512
3995 512
3996 512
3997 512
3998 512
3999 512
4000 512
4001 512
4002 512
4003 512
4004 512
4005 512
4006 512
4007 512
4008 512
4009 512
4010 512
4011 512
4012 512
4013 512
4014 512
4015 512
4016 512
4017 512
4018 512
4019 512
4020 512
4021 512
4022 512
4023 512
4024 512
4025 512
4026 512
4027 512
4028 512
4029 512
4030 512
4031 512
4032 512
4033 512
4034 512
4035 512
4036 512
4037 512
4038 512
4039 512
4040 512
4041 512
4042 512
4043 512
4044 512
4045 512
4046 512
4047 512
4048 512
4049 512
4050 512
4051 512
4052 512
4053 512
4054 512
4055 512
4056 512
4057 512
4058 512
4059 512
4060 512
4061 512
4062 512
4063 512
4064 512
4065 512
4066 512
4067 512
4068 512
4069 512
4070 512
4071 512
4072 512
4073 512
4074 512
4075 512
4076 512
4077 512
4078 512
4079 512
4080 512
4081 512
4082 512
4083 512
4084 512
4085 512
4086 512
4087 512
4088 512
4089 512
4090 512
4091 512
4092 512
4093 512
4094 512
4095 512
