# LUT for PUM0 values in hardware scale
# Index is [18*hwEta + PUM0], lines beyond 395 are not used
#anything after # is ignored with the exception of the header
#the header is first valid line starting with #<header> versionStr(unused but may be in future) nrBitsAddress nrBitsData </header>
#<header> V1 9 14 </header>
0 0
1 0
2 0
3 0
4 1
5 2
6 2
7 2
8 3
9 3
10 4
11 5
12 6
13 6
14 7
15 8
16 10
17 13
18 0
19 0
20 0
21 0
22 1
23 2
24 2
25 2
26 3
27 4
28 4
29 5
30 6
31 6
32 7
33 9
34 10
35 12
36 0
37 0
38 0
39 0
40 2
41 2
42 2
43 3
44 3
45 4
46 4
47 5
48 6
49 7
50 8
51 9
52 10
53 11
54 0
55 0
56 0
57 0
58 1
59 1
60 1
61 1
62 2
63 2
64 2
65 2
66 3
67 3
68 4
69 4
70 5
71 6
72 0
73 0
74 0
75 0
76 1
77 1
78 2
79 2
80 2
81 2
82 3
83 4
84 5
85 6
86 8
87 11
88 15
89 17
90 0
91 0
92 0
93 0
94 1
95 1
96 1
97 1
98 1
99 1
100 1
101 2
102 2
103 2
104 3
105 3
106 4
107 6
108 0
109 0
110 0
111 0
112 1
113 1
114 1
115 1
116 1
117 1
118 1
119 2
120 2
121 2
122 2
123 3
124 3
125 3
126 0
127 0
128 0
129 0
130 1
131 1
132 1
133 1
134 1
135 1
136 2
137 2
138 2
139 2
140 3
141 3
142 4
143 8
144 0
145 0
146 0
147 0
148 1
149 1
150 1
151 1
152 1
153 1
154 2
155 2
156 2
157 2
158 3
159 3
160 4
161 4
162 0
163 0
164 0
165 0
166 1
167 1
168 1
169 1
170 1
171 1
172 2
173 2
174 2
175 2
176 3
177 3
178 4
179 5
180 0
181 0
182 0
183 0
184 1
185 1
186 1
187 1
188 1
189 2
190 2
191 2
192 2
193 3
194 3
195 4
196 4
197 5
198 0
199 0
200 0
201 0
202 1
203 2
204 1
205 1
206 1
207 2
208 2
209 2
210 2
211 3
212 3
213 4
214 4
215 4
216 0
217 0
218 0
219 0
220 2
221 1
222 1
223 1
224 1
225 1
226 2
227 2
228 2
229 3
230 3
231 3
232 4
233 4
234 0
235 0
236 0
237 0
238 1
239 1
240 1
241 1
242 1
243 1
244 2
245 2
246 2
247 2
248 3
249 3
250 4
251 3
252 0
253 0
254 0
255 0
256 1
257 1
258 1
259 1
260 1
261 1
262 2
263 2
264 2
265 2
266 3
267 3
268 4
269 4
270 0
271 0
272 0
273 0
274 1
275 1
276 1
277 1
278 1
279 1
280 1
281 2
282 2
283 2
284 2
285 3
286 3
287 5
288 0
289 0
290 0
291 0
292 1
293 1
294 1
295 1
296 1
297 1
298 1
299 2
300 2
301 2
302 3
303 3
304 4
305 6
306 0
307 0
308 0
309 0
310 1
311 2
312 2
313 2
314 2
315 2
316 3
317 4
318 5
319 6
320 8
321 11
322 14
323 22
324 0
325 0
326 0
327 0
328 1
329 1
330 1
331 1
332 2
333 2
334 2
335 2
336 3
337 3
338 4
339 5
340 5
341 7
342 0
343 0
344 0
345 0
346 2
347 2
348 2
349 2
350 3
351 4
352 4
353 5
354 6
355 7
356 8
357 9
358 10
359 12
360 0
361 0
362 0
363 0
364 1
365 2
366 2
367 2
368 3
369 4
370 4
371 5
372 6
373 6
374 7
375 9
376 10
377 12
378 0
379 0
380 0
381 0
382 1
383 2
384 2
385 2
386 3
387 3
388 4
389 5
390 6
391 6
392 7
393 8
394 10
395 12
