# Tau trimming and shape veto LUT
# the header is first valid line starting with #<header> versionStr(unused but may be in future) </header>
#<header> V1.0 13 8 </header>
0 255
1 253
2 255
3 253
4 255
5 253
6 255
7 253
8 255
9 253
10 255
11 253
12 255
13 253
14 255
15 253
16 255
17 253
18 255
19 253
20 255
21 253
22 255
23 253
24 255
25 253
26 255
27 253
28 255
29 253
30 255
31 253
32 255
33 253
34 255
35 253
36 255
37 253
38 255
39 253
40 255
41 253
42 255
43 253
44 255
45 253
46 255
47 253
48 255
49 253
50 255
51 253
52 255
53 253
54 255
55 253
56 255
57 253
58 255
59 253
60 255
61 253
62 255
63 253
64 255
65 253
66 255
67 253
68 255
69 253
70 255
71 253
72 255
73 253
74 255
75 253
76 255
77 253
78 255
79 253
80 255
81 253
82 255
83 253
84 255
85 253
86 255
87 253
88 255
89 253
90 255
91 253
92 255
93 253
94 255
95 253
96 255
97 253
98 255
99 253
100 255
101 253
102 255
103 253
104 255
105 253
106 255
107 253
108 255
109 253
110 255
111 253
112 255
113 253
114 255
115 253
116 255
117 253
118 255
119 253
120 255
121 253
122 255
123 253
124 255
125 253
126 255
127 253
128 255
129 253
130 255
131 253
132 255
133 253
134 255
135 253
136 255
137 253
138 255
139 253
140 255
141 253
142 255
143 253
144 255
145 253
146 255
147 253
148 255
149 253
150 255
151 253
152 255
153 253
154 255
155 253
156 255
157 253
158 255
159 253
160 255
161 253
162 255
163 253
164 255
165 253
166 255
167 253
168 255
169 253
170 255
171 253
172 255
173 253
174 255
175 253
176 255
177 253
178 255
179 253
180 255
181 253
182 255
183 253
184 255
185 253
186 255
187 253
188 255
189 253
190 255
191 253
192 255
193 253
194 255
195 253
196 255
197 253
198 255
199 253
200 255
201 253
202 255
203 253
204 255
205 253
206 255
207 253
208 255
209 253
210 255
211 253
212 255
213 253
214 255
215 253
216 255
217 253
218 255
219 253
220 255
221 253
222 255
223 253
224 255
225 253
226 255
227 253
228 255
229 253
230 255
231 253
232 255
233 253
234 255
235 253
236 255
237 253
238 255
239 253
240 255
241 253
242 255
243 253
244 255
245 253
246 255
247 253
248 255
249 253
250 255
251 253
252 255
253 253
254 255
255 253
256 191
257 189
258 191
259 189
260 191
261 189
262 191
263 189
264 191
265 189
266 191
267 189
268 191
269 189
270 191
271 189
272 191
273 189
274 191
275 189
276 191
277 189
278 191
279 189
280 191
281 189
282 191
283 189
284 191
285 189
286 191
287 189
288 191
289 189
290 191
291 189
292 191
293 189
294 191
295 189
296 191
297 189
298 191
299 189
300 191
301 189
302 191
303 189
304 191
305 189
306 191
307 189
308 191
309 189
310 191
311 189
312 191
313 189
314 191
315 189
316 191
317 189
318 191
319 189
320 191
321 189
322 191
323 189
324 191
325 189
326 191
327 189
328 191
329 189
330 191
331 189
332 191
333 189
334 191
335 189
336 191
337 189
338 191
339 189
340 191
341 189
342 191
343 189
344 191
345 189
346 191
347 189
348 191
349 189
350 191
351 189
352 191
353 189
354 191
355 189
356 191
357 189
358 191
359 189
360 191
361 189
362 191
363 189
364 191
365 189
366 191
367 189
368 191
369 189
370 191
371 189
372 191
373 189
374 191
375 189
376 191
377 189
378 191
379 189
380 191
381 189
382 191
383 189
384 191
385 189
386 191
387 189
388 191
389 189
390 191
391 189
392 191
393 189
394 191
395 189
396 191
397 189
398 191
399 189
400 191
401 189
402 191
403 189
404 191
405 189
406 191
407 189
408 191
409 189
410 191
411 189
412 191
413 189
414 191
415 189
416 191
417 189
418 191
419 189
420 191
421 189
422 191
423 189
424 191
425 189
426 191
427 189
428 191
429 189
430 191
431 189
432 191
433 189
434 191
435 189
436 191
437 189
438 191
439 189
440 191
441 189
442 191
443 189
444 191
445 189
446 191
447 189
448 191
449 189
450 191
451 189
452 191
453 189
454 191
455 189
456 191
457 189
458 191
459 189
460 191
461 189
462 191
463 189
464 191
465 189
466 191
467 189
468 191
469 189
470 191
471 189
472 191
473 189
474 191
475 189
476 191
477 189
478 191
479 189
480 191
481 189
482 191
483 189
484 191
485 189
486 191
487 189
488 191
489 189
490 191
491 189
492 191
493 189
494 191
495 189
496 191
497 189
498 191
499 189
500 191
501 189
502 191
503 189
504 191
505 189
506 191
507 189
508 191
509 189
510 191
511 189
512 255
513 253
514 255
515 253
516 255
517 253
518 255
519 253
520 255
521 253
522 255
523 253
524 255
525 253
526 255
527 253
528 255
529 253
530 255
531 253
532 255
533 253
534 255
535 253
536 255
537 253
538 255
539 253
540 255
541 253
542 255
543 253
544 255
545 253
546 255
547 253
548 255
549 253
550 255
551 253
552 255
553 253
554 255
555 253
556 255
557 253
558 255
559 253
560 255
561 253
562 255
563 253
564 255
565 253
566 255
567 253
568 255
569 253
570 255
571 253
572 255
573 253
574 255
575 253
576 255
577 253
578 255
579 253
580 255
581 253
582 255
583 253
584 255
585 253
586 255
587 253
588 255
589 253
590 255
591 253
592 255
593 253
594 255
595 253
596 255
597 253
598 255
599 253
600 255
601 253
602 255
603 253
604 255
605 253
606 255
607 253
608 255
609 253
610 255
611 253
612 255
613 253
614 255
615 253
616 255
617 253
618 255
619 253
620 255
621 253
622 255
623 253
624 255
625 253
626 255
627 253
628 255
629 253
630 255
631 253
632 255
633 253
634 255
635 253
636 255
637 253
638 255
639 253
640 255
641 253
642 255
643 253
644 255
645 253
646 255
647 253
648 255
649 253
650 255
651 253
652 255
653 253
654 255
655 253
656 255
657 253
658 255
659 253
660 255
661 253
662 255
663 253
664 255
665 253
666 255
667 253
668 255
669 253
670 255
671 253
672 255
673 253
674 255
675 253
676 255
677 253
678 255
679 253
680 255
681 253
682 255
683 253
684 255
685 253
686 255
687 253
688 255
689 253
690 255
691 253
692 255
693 253
694 255
695 253
696 255
697 253
698 255
699 253
700 255
701 253
702 255
703 253
704 255
705 253
706 255
707 253
708 255
709 253
710 255
711 253
712 255
713 253
714 255
715 253
716 255
717 253
718 255
719 253
720 255
721 253
722 255
723 253
724 255
725 253
726 255
727 253
728 255
729 253
730 255
731 253
732 255
733 253
734 255
735 253
736 255
737 253
738 255
739 253
740 255
741 253
742 255
743 253
744 255
745 253
746 255
747 253
748 255
749 253
750 255
751 253
752 255
753 253
754 255
755 253
756 255
757 253
758 255
759 253
760 255
761 253
762 255
763 253
764 255
765 253
766 255
767 253
768 191
769 189
770 191
771 189
772 191
773 189
774 191
775 189
776 191
777 189
778 191
779 189
780 191
781 189
782 191
783 189
784 191
785 189
786 191
787 189
788 191
789 189
790 191
791 189
792 191
793 189
794 191
795 189
796 191
797 189
798 191
799 189
800 191
801 189
802 191
803 189
804 191
805 189
806 191
807 189
808 191
809 189
810 191
811 189
812 191
813 189
814 191
815 189
816 191
817 189
818 191
819 189
820 191
821 189
822 191
823 189
824 191
825 189
826 191
827 189
828 191
829 189
830 191
831 189
832 191
833 189
834 191
835 189
836 191
837 189
838 191
839 189
840 191
841 189
842 191
843 189
844 191
845 189
846 191
847 189
848 191
849 189
850 191
851 189
852 191
853 189
854 191
855 189
856 191
857 189
858 191
859 189
860 191
861 189
862 191
863 189
864 191
865 189
866 191
867 189
868 191
869 189
870 191
871 189
872 191
873 189
874 191
875 189
876 191
877 189
878 191
879 189
880 191
881 189
882 191
883 189
884 191
885 189
886 191
887 189
888 191
889 189
890 191
891 189
892 191
893 189
894 191
895 189
896 191
897 189
898 191
899 189
900 191
901 189
902 191
903 189
904 191
905 189
906 191
907 189
908 191
909 189
910 191
911 189
912 191
913 189
914 191
915 189
916 191
917 189
918 191
919 189
920 191
921 189
922 191
923 189
924 191
925 189
926 191
927 189
928 191
929 189
930 191
931 189
932 191
933 189
934 191
935 189
936 191
937 189
938 191
939 189
940 191
941 189
942 191
943 189
944 191
945 189
946 191
947 189
948 191
949 189
950 191
951 189
952 191
953 189
954 191
955 189
956 191
957 189
958 191
959 189
960 191
961 189
962 191
963 189
964 191
965 189
966 191
967 189
968 191
969 189
970 191
971 189
972 191
973 189
974 191
975 189
976 191
977 189
978 191
979 189
980 191
981 189
982 191
983 189
984 191
985 189
986 191
987 189
988 191
989 189
990 191
991 189
992 191
993 189
994 191
995 189
996 191
997 189
998 191
999 189
1000 191
1001 189
1002 191
1003 189
1004 191
1005 189
1006 191
1007 189
1008 191
1009 189
1010 191
1011 189
1012 191
1013 189
1014 191
1015 189
1016 191
1017 189
1018 191
1019 189
1020 191
1021 189
1022 191
1023 189
1024 253
1025 253
1026 253
1027 253
1028 253
1029 253
1030 253
1031 253
1032 253
1033 253
1034 253
1035 253
1036 253
1037 253
1038 253
1039 253
1040 253
1041 253
1042 253
1043 253
1044 253
1045 253
1046 253
1047 253
1048 253
1049 253
1050 253
1051 253
1052 253
1053 253
1054 253
1055 253
1056 253
1057 253
1058 253
1059 253
1060 253
1061 253
1062 253
1063 253
1064 253
1065 253
1066 253
1067 253
1068 253
1069 253
1070 253
1071 253
1072 253
1073 253
1074 253
1075 253
1076 253
1077 253
1078 253
1079 253
1080 253
1081 253
1082 253
1083 253
1084 253
1085 253
1086 253
1087 253
1088 253
1089 253
1090 253
1091 253
1092 253
1093 253
1094 253
1095 253
1096 253
1097 253
1098 253
1099 253
1100 253
1101 253
1102 253
1103 253
1104 253
1105 253
1106 253
1107 253
1108 253
1109 253
1110 253
1111 253
1112 253
1113 253
1114 253
1115 253
1116 253
1117 253
1118 253
1119 253
1120 253
1121 253
1122 253
1123 253
1124 253
1125 253
1126 253
1127 253
1128 253
1129 253
1130 253
1131 253
1132 253
1133 253
1134 253
1135 253
1136 253
1137 253
1138 253
1139 253
1140 253
1141 253
1142 253
1143 253
1144 253
1145 253
1146 253
1147 253
1148 253
1149 253
1150 253
1151 253
1152 253
1153 253
1154 253
1155 253
1156 253
1157 253
1158 253
1159 253
1160 253
1161 253
1162 253
1163 253
1164 253
1165 253
1166 253
1167 253
1168 253
1169 253
1170 253
1171 253
1172 253
1173 253
1174 253
1175 253
1176 253
1177 253
1178 253
1179 253
1180 253
1181 253
1182 253
1183 253
1184 253
1185 253
1186 253
1187 253
1188 253
1189 253
1190 253
1191 253
1192 253
1193 253
1194 253
1195 253
1196 253
1197 253
1198 253
1199 253
1200 253
1201 253
1202 253
1203 253
1204 253
1205 253
1206 253
1207 253
1208 253
1209 253
1210 253
1211 253
1212 253
1213 253
1214 253
1215 253
1216 253
1217 253
1218 253
1219 253
1220 253
1221 253
1222 253
1223 253
1224 253
1225 253
1226 253
1227 253
1228 253
1229 253
1230 253
1231 253
1232 253
1233 253
1234 253
1235 253
1236 253
1237 253
1238 253
1239 253
1240 253
1241 253
1242 253
1243 253
1244 253
1245 253
1246 253
1247 253
1248 253
1249 253
1250 253
1251 253
1252 253
1253 253
1254 253
1255 253
1256 253
1257 253
1258 253
1259 253
1260 253
1261 253
1262 253
1263 253
1264 253
1265 253
1266 253
1267 253
1268 253
1269 253
1270 253
1271 253
1272 253
1273 253
1274 253
1275 253
1276 253
1277 253
1278 253
1279 253
1280 189
1281 189
1282 189
1283 189
1284 189
1285 189
1286 189
1287 189
1288 189
1289 189
1290 189
1291 189
1292 189
1293 189
1294 189
1295 189
1296 189
1297 189
1298 189
1299 189
1300 189
1301 189
1302 189
1303 189
1304 189
1305 189
1306 189
1307 189
1308 189
1309 189
1310 189
1311 189
1312 189
1313 189
1314 189
1315 189
1316 189
1317 189
1318 189
1319 189
1320 189
1321 189
1322 189
1323 189
1324 189
1325 189
1326 189
1327 189
1328 189
1329 189
1330 189
1331 189
1332 189
1333 189
1334 189
1335 189
1336 189
1337 189
1338 189
1339 189
1340 189
1341 189
1342 189
1343 189
1344 189
1345 189
1346 189
1347 189
1348 189
1349 189
1350 189
1351 189
1352 189
1353 189
1354 189
1355 189
1356 189
1357 189
1358 189
1359 189
1360 189
1361 189
1362 189
1363 189
1364 189
1365 189
1366 189
1367 189
1368 189
1369 189
1370 189
1371 189
1372 189
1373 189
1374 189
1375 189
1376 189
1377 189
1378 189
1379 189
1380 189
1381 189
1382 189
1383 189
1384 189
1385 189
1386 189
1387 189
1388 189
1389 189
1390 189
1391 189
1392 189
1393 189
1394 189
1395 189
1396 189
1397 189
1398 189
1399 189
1400 189
1401 189
1402 189
1403 189
1404 189
1405 189
1406 189
1407 189
1408 189
1409 189
1410 189
1411 189
1412 189
1413 189
1414 189
1415 189
1416 189
1417 189
1418 189
1419 189
1420 189
1421 189
1422 189
1423 189
1424 189
1425 189
1426 189
1427 189
1428 189
1429 189
1430 189
1431 189
1432 189
1433 189
1434 189
1435 189
1436 189
1437 189
1438 189
1439 189
1440 189
1441 189
1442 189
1443 189
1444 189
1445 189
1446 189
1447 189
1448 189
1449 189
1450 189
1451 189
1452 189
1453 189
1454 189
1455 189
1456 189
1457 189
1458 189
1459 189
1460 189
1461 189
1462 189
1463 189
1464 189
1465 189
1466 189
1467 189
1468 189
1469 189
1470 189
1471 189
1472 189
1473 189
1474 189
1475 189
1476 189
1477 189
1478 189
1479 189
1480 189
1481 189
1482 189
1483 189
1484 189
1485 189
1486 189
1487 189
1488 189
1489 189
1490 189
1491 189
1492 189
1493 189
1494 189
1495 189
1496 189
1497 189
1498 189
1499 189
1500 189
1501 189
1502 189
1503 189
1504 189
1505 189
1506 189
1507 189
1508 189
1509 189
1510 189
1511 189
1512 189
1513 189
1514 189
1515 189
1516 189
1517 189
1518 189
1519 189
1520 189
1521 189
1522 189
1523 189
1524 189
1525 189
1526 189
1527 189
1528 189
1529 189
1530 189
1531 189
1532 189
1533 189
1534 189
1535 189
1536 237
1537 233
1538 237
1539 233
1540 237
1541 233
1542 237
1543 233
1544 237
1545 233
1546 237
1547 233
1548 237
1549 233
1550 237
1551 233
1552 237
1553 233
1554 237
1555 233
1556 237
1557 233
1558 237
1559 233
1560 237
1561 233
1562 237
1563 233
1564 237
1565 233
1566 237
1567 233
1568 237
1569 233
1570 237
1571 233
1572 237
1573 233
1574 237
1575 233
1576 237
1577 233
1578 237
1579 233
1580 237
1581 233
1582 237
1583 233
1584 237
1585 233
1586 237
1587 233
1588 237
1589 233
1590 237
1591 233
1592 237
1593 233
1594 237
1595 233
1596 237
1597 233
1598 237
1599 233
1600 237
1601 233
1602 237
1603 233
1604 237
1605 233
1606 237
1607 233
1608 237
1609 233
1610 237
1611 233
1612 237
1613 233
1614 237
1615 233
1616 237
1617 233
1618 237
1619 233
1620 237
1621 233
1622 237
1623 233
1624 237
1625 233
1626 237
1627 233
1628 237
1629 233
1630 237
1631 233
1632 237
1633 233
1634 237
1635 233
1636 237
1637 233
1638 237
1639 233
1640 237
1641 233
1642 237
1643 233
1644 237
1645 233
1646 237
1647 233
1648 237
1649 233
1650 237
1651 233
1652 237
1653 233
1654 237
1655 233
1656 237
1657 233
1658 237
1659 233
1660 237
1661 233
1662 237
1663 233
1664 237
1665 233
1666 237
1667 233
1668 237
1669 233
1670 237
1671 233
1672 237
1673 233
1674 237
1675 233
1676 237
1677 233
1678 237
1679 233
1680 237
1681 233
1682 237
1683 233
1684 237
1685 233
1686 237
1687 233
1688 237
1689 233
1690 237
1691 233
1692 237
1693 233
1694 237
1695 233
1696 237
1697 233
1698 237
1699 233
1700 237
1701 233
1702 237
1703 233
1704 237
1705 233
1706 237
1707 233
1708 237
1709 233
1710 237
1711 233
1712 237
1713 233
1714 237
1715 233
1716 237
1717 233
1718 237
1719 233
1720 237
1721 233
1722 237
1723 233
1724 237
1725 233
1726 237
1727 233
1728 237
1729 233
1730 237
1731 233
1732 237
1733 233
1734 237
1735 233
1736 237
1737 233
1738 237
1739 233
1740 237
1741 233
1742 237
1743 233
1744 237
1745 233
1746 237
1747 233
1748 237
1749 233
1750 237
1751 233
1752 237
1753 233
1754 237
1755 233
1756 237
1757 233
1758 237
1759 233
1760 237
1761 233
1762 237
1763 233
1764 237
1765 233
1766 237
1767 233
1768 237
1769 233
1770 237
1771 233
1772 237
1773 233
1774 237
1775 233
1776 237
1777 233
1778 237
1779 233
1780 237
1781 233
1782 237
1783 233
1784 237
1785 233
1786 237
1787 233
1788 237
1789 233
1790 237
1791 233
1792 173
1793 169
1794 173
1795 169
1796 173
1797 169
1798 173
1799 169
1800 173
1801 169
1802 173
1803 169
1804 173
1805 169
1806 173
1807 169
1808 173
1809 169
1810 173
1811 169
1812 173
1813 169
1814 173
1815 169
1816 173
1817 169
1818 173
1819 169
1820 173
1821 169
1822 173
1823 169
1824 173
1825 169
1826 173
1827 169
1828 173
1829 169
1830 173
1831 169
1832 173
1833 169
1834 173
1835 169
1836 173
1837 169
1838 173
1839 169
1840 173
1841 169
1842 173
1843 169
1844 173
1845 169
1846 173
1847 169
1848 173
1849 169
1850 173
1851 169
1852 173
1853 169
1854 173
1855 169
1856 173
1857 169
1858 173
1859 169
1860 173
1861 169
1862 173
1863 169
1864 173
1865 169
1866 173
1867 169
1868 173
1869 169
1870 173
1871 169
1872 173
1873 169
1874 173
1875 169
1876 173
1877 169
1878 173
1879 169
1880 173
1881 169
1882 173
1883 169
1884 173
1885 169
1886 173
1887 169
1888 173
1889 169
1890 173
1891 169
1892 173
1893 169
1894 173
1895 169
1896 173
1897 169
1898 173
1899 169
1900 173
1901 169
1902 173
1903 169
1904 173
1905 169
1906 173
1907 169
1908 173
1909 169
1910 173
1911 169
1912 173
1913 169
1914 173
1915 169
1916 173
1917 169
1918 173
1919 169
1920 173
1921 169
1922 173
1923 169
1924 173
1925 169
1926 173
1927 169
1928 173
1929 169
1930 173
1931 169
1932 173
1933 169
1934 173
1935 169
1936 173
1937 169
1938 173
1939 169
1940 173
1941 169
1942 173
1943 169
1944 173
1945 169
1946 173
1947 169
1948 173
1949 169
1950 173
1951 169
1952 173
1953 169
1954 173
1955 169
1956 173
1957 169
1958 173
1959 169
1960 173
1961 169
1962 173
1963 169
1964 173
1965 169
1966 173
1967 169
1968 173
1969 169
1970 173
1971 169
1972 173
1973 169
1974 173
1975 169
1976 173
1977 169
1978 173
1979 169
1980 173
1981 169
1982 173
1983 169
1984 173
1985 169
1986 173
1987 169
1988 173
1989 169
1990 173
1991 169
1992 173
1993 169
1994 173
1995 169
1996 173
1997 169
1998 173
1999 169
2000 173
2001 169
2002 173
2003 169
2004 173
2005 169
2006 173
2007 169
2008 173
2009 169
2010 173
2011 169
2012 173
2013 169
2014 173
2015 169
2016 173
2017 169
2018 173
2019 169
2020 173
2021 169
2022 173
2023 169
2024 173
2025 169
2026 173
2027 169
2028 173
2029 169
2030 173
2031 169
2032 173
2033 169
2034 173
2035 169
2036 173
2037 169
2038 173
2039 169
2040 173
2041 169
2042 173
2043 169
2044 173
2045 169
2046 173
2047 169
2048 237
2049 237
2050 237
2051 237
2052 237
2053 237
2054 237
2055 237
2056 237
2057 237
2058 237
2059 237
2060 237
2061 237
2062 237
2063 237
2064 237
2065 237
2066 237
2067 237
2068 237
2069 237
2070 237
2071 237
2072 237
2073 237
2074 237
2075 237
2076 237
2077 237
2078 237
2079 237
2080 237
2081 237
2082 237
2083 237
2084 237
2085 237
2086 237
2087 237
2088 237
2089 237
2090 237
2091 237
2092 237
2093 237
2094 237
2095 237
2096 237
2097 237
2098 237
2099 237
2100 237
2101 237
2102 237
2103 237
2104 237
2105 237
2106 237
2107 237
2108 237
2109 237
2110 237
2111 237
2112 237
2113 237
2114 237
2115 237
2116 237
2117 237
2118 237
2119 237
2120 237
2121 237
2122 237
2123 237
2124 237
2125 237
2126 237
2127 237
2128 237
2129 237
2130 237
2131 237
2132 237
2133 237
2134 237
2135 237
2136 237
2137 237
2138 237
2139 237
2140 237
2141 237
2142 237
2143 237
2144 237
2145 237
2146 237
2147 237
2148 237
2149 237
2150 237
2151 237
2152 237
2153 237
2154 237
2155 237
2156 237
2157 237
2158 237
2159 237
2160 237
2161 237
2162 237
2163 237
2164 237
2165 237
2166 237
2167 237
2168 237
2169 237
2170 237
2171 237
2172 237
2173 237
2174 237
2175 237
2176 237
2177 237
2178 237
2179 237
2180 237
2181 237
2182 237
2183 237
2184 237
2185 237
2186 237
2187 237
2188 237
2189 237
2190 237
2191 237
2192 237
2193 237
2194 237
2195 237
2196 237
2197 237
2198 237
2199 237
2200 237
2201 237
2202 237
2203 237
2204 237
2205 237
2206 237
2207 237
2208 237
2209 237
2210 237
2211 237
2212 237
2213 237
2214 237
2215 237
2216 237
2217 237
2218 237
2219 237
2220 237
2221 237
2222 237
2223 237
2224 237
2225 237
2226 237
2227 237
2228 237
2229 237
2230 237
2231 237
2232 237
2233 237
2234 237
2235 237
2236 237
2237 237
2238 237
2239 237
2240 237
2241 237
2242 237
2243 237
2244 237
2245 237
2246 237
2247 237
2248 237
2249 237
2250 237
2251 237
2252 237
2253 237
2254 237
2255 237
2256 237
2257 237
2258 237
2259 237
2260 237
2261 237
2262 237
2263 237
2264 237
2265 237
2266 237
2267 237
2268 237
2269 237
2270 237
2271 237
2272 237
2273 237
2274 237
2275 237
2276 237
2277 237
2278 237
2279 237
2280 237
2281 237
2282 237
2283 237
2284 237
2285 237
2286 237
2287 237
2288 237
2289 237
2290 237
2291 237
2292 237
2293 237
2294 237
2295 237
2296 237
2297 237
2298 237
2299 237
2300 237
2301 237
2302 237
2303 237
2304 173
2305 173
2306 173
2307 173
2308 173
2309 173
2310 173
2311 173
2312 173
2313 173
2314 173
2315 173
2316 173
2317 173
2318 173
2319 173
2320 173
2321 173
2322 173
2323 173
2324 173
2325 173
2326 173
2327 173
2328 173
2329 173
2330 173
2331 173
2332 173
2333 173
2334 173
2335 173
2336 173
2337 173
2338 173
2339 173
2340 173
2341 173
2342 173
2343 173
2344 173
2345 173
2346 173
2347 173
2348 173
2349 173
2350 173
2351 173
2352 173
2353 173
2354 173
2355 173
2356 173
2357 173
2358 173
2359 173
2360 173
2361 173
2362 173
2363 173
2364 173
2365 173
2366 173
2367 173
2368 173
2369 173
2370 173
2371 173
2372 173
2373 173
2374 173
2375 173
2376 173
2377 173
2378 173
2379 173
2380 173
2381 173
2382 173
2383 173
2384 173
2385 173
2386 173
2387 173
2388 173
2389 173
2390 173
2391 173
2392 173
2393 173
2394 173
2395 173
2396 173
2397 173
2398 173
2399 173
2400 173
2401 173
2402 173
2403 173
2404 173
2405 173
2406 173
2407 173
2408 173
2409 173
2410 173
2411 173
2412 173
2413 173
2414 173
2415 173
2416 173
2417 173
2418 173
2419 173
2420 173
2421 173
2422 173
2423 173
2424 173
2425 173
2426 173
2427 173
2428 173
2429 173
2430 173
2431 173
2432 173
2433 173
2434 173
2435 173
2436 173
2437 173
2438 173
2439 173
2440 173
2441 173
2442 173
2443 173
2444 173
2445 173
2446 173
2447 173
2448 173
2449 173
2450 173
2451 173
2452 173
2453 173
2454 173
2455 173
2456 173
2457 173
2458 173
2459 173
2460 173
2461 173
2462 173
2463 173
2464 173
2465 173
2466 173
2467 173
2468 173
2469 173
2470 173
2471 173
2472 173
2473 173
2474 173
2475 173
2476 173
2477 173
2478 173
2479 173
2480 173
2481 173
2482 173
2483 173
2484 173
2485 173
2486 173
2487 173
2488 173
2489 173
2490 173
2491 173
2492 173
2493 173
2494 173
2495 173
2496 173
2497 173
2498 173
2499 173
2500 173
2501 173
2502 173
2503 173
2504 173
2505 173
2506 173
2507 173
2508 173
2509 173
2510 173
2511 173
2512 173
2513 173
2514 173
2515 173
2516 173
2517 173
2518 173
2519 173
2520 173
2521 173
2522 173
2523 173
2524 173
2525 173
2526 173
2527 173
2528 173
2529 173
2530 173
2531 173
2532 173
2533 173
2534 173
2535 173
2536 173
2537 173
2538 173
2539 173
2540 173
2541 173
2542 173
2543 173
2544 173
2545 173
2546 173
2547 173
2548 173
2549 173
2550 173
2551 173
2552 173
2553 173
2554 173
2555 173
2556 173
2557 173
2558 173
2559 173
2560 237
2561 237
2562 237
2563 237
2564 237
2565 237
2566 237
2567 237
2568 237
2569 237
2570 237
2571 237
2572 237
2573 237
2574 237
2575 237
2576 237
2577 237
2578 237
2579 237
2580 237
2581 237
2582 237
2583 237
2584 237
2585 237
2586 237
2587 237
2588 237
2589 237
2590 237
2591 237
2592 237
2593 237
2594 237
2595 237
2596 237
2597 237
2598 237
2599 237
2600 237
2601 237
2602 237
2603 237
2604 237
2605 237
2606 237
2607 237
2608 237
2609 237
2610 237
2611 237
2612 237
2613 237
2614 237
2615 237
2616 237
2617 237
2618 237
2619 237
2620 237
2621 237
2622 237
2623 237
2624 237
2625 237
2626 237
2627 237
2628 237
2629 237
2630 237
2631 237
2632 237
2633 237
2634 237
2635 237
2636 237
2637 237
2638 237
2639 237
2640 237
2641 237
2642 237
2643 237
2644 237
2645 237
2646 237
2647 237
2648 237
2649 237
2650 237
2651 237
2652 237
2653 237
2654 237
2655 237
2656 237
2657 237
2658 237
2659 237
2660 237
2661 237
2662 237
2663 237
2664 237
2665 237
2666 237
2667 237
2668 237
2669 237
2670 237
2671 237
2672 237
2673 237
2674 237
2675 237
2676 237
2677 237
2678 237
2679 237
2680 237
2681 237
2682 237
2683 237
2684 237
2685 237
2686 237
2687 237
2688 237
2689 237
2690 237
2691 237
2692 237
2693 237
2694 237
2695 237
2696 237
2697 237
2698 237
2699 237
2700 237
2701 237
2702 237
2703 237
2704 237
2705 237
2706 237
2707 237
2708 237
2709 237
2710 237
2711 237
2712 237
2713 237
2714 237
2715 237
2716 237
2717 237
2718 237
2719 237
2720 237
2721 237
2722 237
2723 237
2724 237
2725 237
2726 237
2727 237
2728 237
2729 237
2730 237
2731 237
2732 237
2733 237
2734 237
2735 237
2736 237
2737 237
2738 237
2739 237
2740 237
2741 237
2742 237
2743 237
2744 237
2745 237
2746 237
2747 237
2748 237
2749 237
2750 237
2751 237
2752 237
2753 237
2754 237
2755 237
2756 237
2757 237
2758 237
2759 237
2760 237
2761 237
2762 237
2763 237
2764 237
2765 237
2766 237
2767 237
2768 237
2769 237
2770 237
2771 237
2772 237
2773 237
2774 237
2775 237
2776 237
2777 237
2778 237
2779 237
2780 237
2781 237
2782 237
2783 237
2784 237
2785 237
2786 237
2787 237
2788 237
2789 237
2790 237
2791 237
2792 237
2793 237
2794 237
2795 237
2796 237
2797 237
2798 237
2799 237
2800 237
2801 237
2802 237
2803 237
2804 237
2805 237
2806 237
2807 237
2808 237
2809 237
2810 237
2811 237
2812 237
2813 237
2814 237
2815 237
2816 173
2817 173
2818 173
2819 173
2820 173
2821 173
2822 173
2823 173
2824 173
2825 173
2826 173
2827 173
2828 173
2829 173
2830 173
2831 173
2832 173
2833 173
2834 173
2835 173
2836 173
2837 173
2838 173
2839 173
2840 173
2841 173
2842 173
2843 173
2844 173
2845 173
2846 173
2847 173
2848 173
2849 173
2850 173
2851 173
2852 173
2853 173
2854 173
2855 173
2856 173
2857 173
2858 173
2859 173
2860 173
2861 173
2862 173
2863 173
2864 173
2865 173
2866 173
2867 173
2868 173
2869 173
2870 173
2871 173
2872 173
2873 173
2874 173
2875 173
2876 173
2877 173
2878 173
2879 173
2880 173
2881 173
2882 173
2883 173
2884 173
2885 173
2886 173
2887 173
2888 173
2889 173
2890 173
2891 173
2892 173
2893 173
2894 173
2895 173
2896 173
2897 173
2898 173
2899 173
2900 173
2901 173
2902 173
2903 173
2904 173
2905 173
2906 173
2907 173
2908 173
2909 173
2910 173
2911 173
2912 173
2913 173
2914 173
2915 173
2916 173
2917 173
2918 173
2919 173
2920 173
2921 173
2922 173
2923 173
2924 173
2925 173
2926 173
2927 173
2928 173
2929 173
2930 173
2931 173
2932 173
2933 173
2934 173
2935 173
2936 173
2937 173
2938 173
2939 173
2940 173
2941 173
2942 173
2943 173
2944 173
2945 173
2946 173
2947 173
2948 173
2949 173
2950 173
2951 173
2952 173
2953 173
2954 173
2955 173
2956 173
2957 173
2958 173
2959 173
2960 173
2961 173
2962 173
2963 173
2964 173
2965 173
2966 173
2967 173
2968 173
2969 173
2970 173
2971 173
2972 173
2973 173
2974 173
2975 173
2976 173
2977 173
2978 173
2979 173
2980 173
2981 173
2982 173
2983 173
2984 173
2985 173
2986 173
2987 173
2988 173
2989 173
2990 173
2991 173
2992 173
2993 173
2994 173
2995 173
2996 173
2997 173
2998 173
2999 173
3000 173
3001 173
3002 173
3003 173
3004 173
3005 173
3006 173
3007 173
3008 173
3009 173
3010 173
3011 173
3012 173
3013 173
3014 173
3015 173
3016 173
3017 173
3018 173
3019 173
3020 173
3021 173
3022 173
3023 173
3024 173
3025 173
3026 173
3027 173
3028 173
3029 173
3030 173
3031 173
3032 173
3033 173
3034 173
3035 173
3036 173
3037 173
3038 173
3039 173
3040 173
3041 173
3042 173
3043 173
3044 173
3045 173
3046 173
3047 173
3048 173
3049 173
3050 173
3051 173
3052 173
3053 173
3054 173
3055 173
3056 173
3057 173
3058 173
3059 173
3060 173
3061 173
3062 173
3063 173
3064 173
3065 173
3066 173
3067 173
3068 173
3069 173
3070 173
3071 173
3072 237
3073 233
3074 237
3075 233
3076 237
3077 233
3078 237
3079 233
3080 237
3081 233
3082 237
3083 233
3084 237
3085 233
3086 237
3087 233
3088 237
3089 233
3090 237
3091 233
3092 237
3093 233
3094 237
3095 233
3096 237
3097 233
3098 237
3099 233
3100 237
3101 233
3102 237
3103 233
3104 237
3105 233
3106 237
3107 233
3108 237
3109 233
3110 237
3111 233
3112 237
3113 233
3114 237
3115 233
3116 237
3117 233
3118 237
3119 233
3120 237
3121 233
3122 237
3123 233
3124 237
3125 233
3126 237
3127 233
3128 237
3129 233
3130 237
3131 233
3132 237
3133 233
3134 237
3135 233
3136 237
3137 233
3138 237
3139 233
3140 237
3141 233
3142 237
3143 233
3144 237
3145 233
3146 237
3147 233
3148 237
3149 233
3150 237
3151 233
3152 237
3153 233
3154 237
3155 233
3156 237
3157 233
3158 237
3159 233
3160 237
3161 233
3162 237
3163 233
3164 237
3165 233
3166 237
3167 233
3168 237
3169 233
3170 237
3171 233
3172 237
3173 233
3174 237
3175 233
3176 237
3177 233
3178 237
3179 233
3180 237
3181 233
3182 237
3183 233
3184 237
3185 233
3186 237
3187 233
3188 237
3189 233
3190 237
3191 233
3192 237
3193 233
3194 237
3195 233
3196 237
3197 233
3198 237
3199 233
3200 237
3201 233
3202 237
3203 233
3204 237
3205 233
3206 237
3207 233
3208 237
3209 233
3210 237
3211 233
3212 237
3213 233
3214 237
3215 233
3216 237
3217 233
3218 237
3219 233
3220 237
3221 233
3222 237
3223 233
3224 237
3225 233
3226 237
3227 233
3228 237
3229 233
3230 237
3231 233
3232 237
3233 233
3234 237
3235 233
3236 237
3237 233
3238 237
3239 233
3240 237
3241 233
3242 237
3243 233
3244 237
3245 233
3246 237
3247 233
3248 237
3249 233
3250 237
3251 233
3252 237
3253 233
3254 237
3255 233
3256 237
3257 233
3258 237
3259 233
3260 237
3261 233
3262 237
3263 233
3264 237
3265 233
3266 237
3267 233
3268 237
3269 233
3270 237
3271 233
3272 237
3273 233
3274 237
3275 233
3276 237
3277 233
3278 237
3279 233
3280 237
3281 233
3282 237
3283 233
3284 237
3285 233
3286 237
3287 233
3288 237
3289 233
3290 237
3291 233
3292 237
3293 233
3294 237
3295 233
3296 237
3297 233
3298 237
3299 233
3300 237
3301 233
3302 237
3303 233
3304 237
3305 233
3306 237
3307 233
3308 237
3309 233
3310 237
3311 233
3312 237
3313 233
3314 237
3315 233
3316 237
3317 233
3318 237
3319 233
3320 237
3321 233
3322 237
3323 233
3324 237
3325 233
3326 237
3327 233
3328 173
3329 169
3330 173
3331 169
3332 173
3333 169
3334 173
3335 169
3336 173
3337 169
3338 173
3339 169
3340 173
3341 169
3342 173
3343 169
3344 173
3345 169
3346 173
3347 169
3348 173
3349 169
3350 173
3351 169
3352 173
3353 169
3354 173
3355 169
3356 173
3357 169
3358 173
3359 169
3360 173
3361 169
3362 173
3363 169
3364 173
3365 169
3366 173
3367 169
3368 173
3369 169
3370 173
3371 169
3372 173
3373 169
3374 173
3375 169
3376 173
3377 169
3378 173
3379 169
3380 173
3381 169
3382 173
3383 169
3384 173
3385 169
3386 173
3387 169
3388 173
3389 169
3390 173
3391 169
3392 173
3393 169
3394 173
3395 169
3396 173
3397 169
3398 173
3399 169
3400 173
3401 169
3402 173
3403 169
3404 173
3405 169
3406 173
3407 169
3408 173
3409 169
3410 173
3411 169
3412 173
3413 169
3414 173
3415 169
3416 173
3417 169
3418 173
3419 169
3420 173
3421 169
3422 173
3423 169
3424 173
3425 169
3426 173
3427 169
3428 173
3429 169
3430 173
3431 169
3432 173
3433 169
3434 173
3435 169
3436 173
3437 169
3438 173
3439 169
3440 173
3441 169
3442 173
3443 169
3444 173
3445 169
3446 173
3447 169
3448 173
3449 169
3450 173
3451 169
3452 173
3453 169
3454 173
3455 169
3456 173
3457 169
3458 173
3459 169
3460 173
3461 169
3462 173
3463 169
3464 173
3465 169
3466 173
3467 169
3468 173
3469 169
3470 173
3471 169
3472 173
3473 169
3474 173
3475 169
3476 173
3477 169
3478 173
3479 169
3480 173
3481 169
3482 173
3483 169
3484 173
3485 169
3486 173
3487 169
3488 173
3489 169
3490 173
3491 169
3492 173
3493 169
3494 173
3495 169
3496 173
3497 169
3498 173
3499 169
3500 173
3501 169
3502 173
3503 169
3504 173
3505 169
3506 173
3507 169
3508 173
3509 169
3510 173
3511 169
3512 173
3513 169
3514 173
3515 169
3516 173
3517 169
3518 173
3519 169
3520 173
3521 169
3522 173
3523 169
3524 173
3525 169
3526 173
3527 169
3528 173
3529 169
3530 173
3531 169
3532 173
3533 169
3534 173
3535 169
3536 173
3537 169
3538 173
3539 169
3540 173
3541 169
3542 173
3543 169
3544 173
3545 169
3546 173
3547 169
3548 173
3549 169
3550 173
3551 169
3552 173
3553 169
3554 173
3555 169
3556 173
3557 169
3558 173
3559 169
3560 173
3561 169
3562 173
3563 169
3564 173
3565 169
3566 173
3567 169
3568 173
3569 169
3570 173
3571 169
3572 173
3573 169
3574 173
3575 169
3576 173
3577 169
3578 173
3579 169
3580 173
3581 169
3582 173
3583 169
3584 253
3585 253
3586 253
3587 253
3588 253
3589 253
3590 253
3591 253
3592 253
3593 253
3594 253
3595 253
3596 253
3597 253
3598 253
3599 253
3600 253
3601 253
3602 253
3603 253
3604 253
3605 253
3606 253
3607 253
3608 253
3609 253
3610 253
3611 253
3612 253
3613 253
3614 253
3615 253
3616 253
3617 253
3618 253
3619 253
3620 253
3621 253
3622 253
3623 253
3624 253
3625 253
3626 253
3627 253
3628 253
3629 253
3630 253
3631 253
3632 253
3633 253
3634 253
3635 253
3636 253
3637 253
3638 253
3639 253
3640 253
3641 253
3642 253
3643 253
3644 253
3645 253
3646 253
3647 253
3648 253
3649 253
3650 253
3651 253
3652 253
3653 253
3654 253
3655 253
3656 253
3657 253
3658 253
3659 253
3660 253
3661 253
3662 253
3663 253
3664 253
3665 253
3666 253
3667 253
3668 253
3669 253
3670 253
3671 253
3672 253
3673 253
3674 253
3675 253
3676 253
3677 253
3678 253
3679 253
3680 253
3681 253
3682 253
3683 253
3684 253
3685 253
3686 253
3687 253
3688 253
3689 253
3690 253
3691 253
3692 253
3693 253
3694 253
3695 253
3696 253
3697 253
3698 253
3699 253
3700 253
3701 253
3702 253
3703 253
3704 253
3705 253
3706 253
3707 253
3708 253
3709 253
3710 253
3711 253
3712 253
3713 253
3714 253
3715 253
3716 253
3717 253
3718 253
3719 253
3720 253
3721 253
3722 253
3723 253
3724 253
3725 253
3726 253
3727 253
3728 253
3729 253
3730 253
3731 253
3732 253
3733 253
3734 253
3735 253
3736 253
3737 253
3738 253
3739 253
3740 253
3741 253
3742 253
3743 253
3744 253
3745 253
3746 253
3747 253
3748 253
3749 253
3750 253
3751 253
3752 253
3753 253
3754 253
3755 253
3756 253
3757 253
3758 253
3759 253
3760 253
3761 253
3762 253
3763 253
3764 253
3765 253
3766 253
3767 253
3768 253
3769 253
3770 253
3771 253
3772 253
3773 253
3774 253
3775 253
3776 253
3777 253
3778 253
3779 253
3780 253
3781 253
3782 253
3783 253
3784 253
3785 253
3786 253
3787 253
3788 253
3789 253
3790 253
3791 253
3792 253
3793 253
3794 253
3795 253
3796 253
3797 253
3798 253
3799 253
3800 253
3801 253
3802 253
3803 253
3804 253
3805 253
3806 253
3807 253
3808 253
3809 253
3810 253
3811 253
3812 253
3813 253
3814 253
3815 253
3816 253
3817 253
3818 253
3819 253
3820 253
3821 253
3822 253
3823 253
3824 253
3825 253
3826 253
3827 253
3828 253
3829 253
3830 253
3831 253
3832 253
3833 253
3834 253
3835 253
3836 253
3837 253
3838 253
3839 253
3840 189
3841 189
3842 189
3843 189
3844 189
3845 189
3846 189
3847 189
3848 189
3849 189
3850 189
3851 189
3852 189
3853 189
3854 189
3855 189
3856 189
3857 189
3858 189
3859 189
3860 189
3861 189
3862 189
3863 189
3864 189
3865 189
3866 189
3867 189
3868 189
3869 189
3870 189
3871 189
3872 189
3873 189
3874 189
3875 189
3876 189
3877 189
3878 189
3879 189
3880 189
3881 189
3882 189
3883 189
3884 189
3885 189
3886 189
3887 189
3888 189
3889 189
3890 189
3891 189
3892 189
3893 189
3894 189
3895 189
3896 189
3897 189
3898 189
3899 189
3900 189
3901 189
3902 189
3903 189
3904 189
3905 189
3906 189
3907 189
3908 189
3909 189
3910 189
3911 189
3912 189
3913 189
3914 189
3915 189
3916 189
3917 189
3918 189
3919 189
3920 189
3921 189
3922 189
3923 189
3924 189
3925 189
3926 189
3927 189
3928 189
3929 189
3930 189
3931 189
3932 189
3933 189
3934 189
3935 189
3936 189
3937 189
3938 189
3939 189
3940 189
3941 189
3942 189
3943 189
3944 189
3945 189
3946 189
3947 189
3948 189
3949 189
3950 189
3951 189
3952 189
3953 189
3954 189
3955 189
3956 189
3957 189
3958 189
3959 189
3960 189
3961 189
3962 189
3963 189
3964 189
3965 189
3966 189
3967 189
3968 189
3969 189
3970 189
3971 189
3972 189
3973 189
3974 189
3975 189
3976 189
3977 189
3978 189
3979 189
3980 189
3981 189
3982 189
3983 189
3984 189
3985 189
3986 189
3987 189
3988 189
3989 189
3990 189
3991 189
3992 189
3993 189
3994 189
3995 189
3996 189
3997 189
3998 189
3999 189
4000 189
4001 189
4002 189
4003 189
4004 189
4005 189
4006 189
4007 189
4008 189
4009 189
4010 189
4011 189
4012 189
4013 189
4014 189
4015 189
4016 189
4017 189
4018 189
4019 189
4020 189
4021 189
4022 189
4023 189
4024 189
4025 189
4026 189
4027 189
4028 189
4029 189
4030 189
4031 189
4032 189
4033 189
4034 189
4035 189
4036 189
4037 189
4038 189
4039 189
4040 189
4041 189
4042 189
4043 189
4044 189
4045 189
4046 189
4047 189
4048 189
4049 189
4050 189
4051 189
4052 189
4053 189
4054 189
4055 189
4056 189
4057 189
4058 189
4059 189
4060 189
4061 189
4062 189
4063 189
4064 189
4065 189
4066 189
4067 189
4068 189
4069 189
4070 189
4071 189
4072 189
4073 189
4074 189
4075 189
4076 189
4077 189
4078 189
4079 189
4080 189
4081 189
4082 189
4083 189
4084 189
4085 189
4086 189
4087 189
4088 189
4089 189
4090 189
4091 189
4092 189
4093 189
4094 189
4095 189
4096 254
4097 254
4098 254
4099 254
4100 254
4101 254
4102 254
4103 254
4104 254
4105 254
4106 254
4107 254
4108 254
4109 254
4110 254
4111 254
4112 254
4113 254
4114 254
4115 254
4116 254
4117 254
4118 254
4119 254
4120 254
4121 254
4122 254
4123 254
4124 254
4125 254
4126 254
4127 254
4128 254
4129 254
4130 254
4131 254
4132 254
4133 254
4134 254
4135 254
4136 254
4137 254
4138 254
4139 254
4140 254
4141 254
4142 254
4143 254
4144 254
4145 254
4146 254
4147 254
4148 254
4149 254
4150 254
4151 254
4152 254
4153 254
4154 254
4155 254
4156 254
4157 254
4158 254
4159 254
4160 254
4161 254
4162 254
4163 254
4164 254
4165 254
4166 254
4167 254
4168 254
4169 254
4170 254
4171 254
4172 254
4173 254
4174 254
4175 254
4176 254
4177 254
4178 254
4179 254
4180 254
4181 254
4182 254
4183 254
4184 254
4185 254
4186 254
4187 254
4188 254
4189 254
4190 254
4191 254
4192 254
4193 254
4194 254
4195 254
4196 254
4197 254
4198 254
4199 254
4200 254
4201 254
4202 254
4203 254
4204 254
4205 254
4206 254
4207 254
4208 254
4209 254
4210 254
4211 254
4212 254
4213 254
4214 254
4215 254
4216 254
4217 254
4218 254
4219 254
4220 254
4221 254
4222 254
4223 254
4224 222
4225 222
4226 222
4227 222
4228 222
4229 222
4230 222
4231 222
4232 222
4233 222
4234 222
4235 222
4236 222
4237 222
4238 222
4239 222
4240 222
4241 222
4242 222
4243 222
4244 222
4245 222
4246 222
4247 222
4248 222
4249 222
4250 222
4251 222
4252 222
4253 222
4254 222
4255 222
4256 222
4257 222
4258 222
4259 222
4260 222
4261 222
4262 222
4263 222
4264 222
4265 222
4266 222
4267 222
4268 222
4269 222
4270 222
4271 222
4272 222
4273 222
4274 222
4275 222
4276 222
4277 222
4278 222
4279 222
4280 222
4281 222
4282 222
4283 222
4284 222
4285 222
4286 222
4287 222
4288 222
4289 222
4290 222
4291 222
4292 222
4293 222
4294 222
4295 222
4296 222
4297 222
4298 222
4299 222
4300 222
4301 222
4302 222
4303 222
4304 222
4305 222
4306 222
4307 222
4308 222
4309 222
4310 222
4311 222
4312 222
4313 222
4314 222
4315 222
4316 222
4317 222
4318 222
4319 222
4320 222
4321 222
4322 222
4323 222
4324 222
4325 222
4326 222
4327 222
4328 222
4329 222
4330 222
4331 222
4332 222
4333 222
4334 222
4335 222
4336 222
4337 222
4338 222
4339 222
4340 222
4341 222
4342 222
4343 222
4344 222
4345 222
4346 222
4347 222
4348 222
4349 222
4350 222
4351 222
4352 254
4353 254
4354 254
4355 254
4356 254
4357 254
4358 254
4359 254
4360 254
4361 254
4362 254
4363 254
4364 254
4365 254
4366 254
4367 254
4368 254
4369 254
4370 254
4371 254
4372 254
4373 254
4374 254
4375 254
4376 254
4377 254
4378 254
4379 254
4380 254
4381 254
4382 254
4383 254
4384 254
4385 254
4386 254
4387 254
4388 254
4389 254
4390 254
4391 254
4392 254
4393 254
4394 254
4395 254
4396 254
4397 254
4398 254
4399 254
4400 254
4401 254
4402 254
4403 254
4404 254
4405 254
4406 254
4407 254
4408 254
4409 254
4410 254
4411 254
4412 254
4413 254
4414 254
4415 254
4416 254
4417 254
4418 254
4419 254
4420 254
4421 254
4422 254
4423 254
4424 254
4425 254
4426 254
4427 254
4428 254
4429 254
4430 254
4431 254
4432 254
4433 254
4434 254
4435 254
4436 254
4437 254
4438 254
4439 254
4440 254
4441 254
4442 254
4443 254
4444 254
4445 254
4446 254
4447 254
4448 254
4449 254
4450 254
4451 254
4452 254
4453 254
4454 254
4455 254
4456 254
4457 254
4458 254
4459 254
4460 254
4461 254
4462 254
4463 254
4464 254
4465 254
4466 254
4467 254
4468 254
4469 254
4470 254
4471 254
4472 254
4473 254
4474 254
4475 254
4476 254
4477 254
4478 254
4479 254
4480 222
4481 222
4482 222
4483 222
4484 222
4485 222
4486 222
4487 222
4488 222
4489 222
4490 222
4491 222
4492 222
4493 222
4494 222
4495 222
4496 222
4497 222
4498 222
4499 222
4500 222
4501 222
4502 222
4503 222
4504 222
4505 222
4506 222
4507 222
4508 222
4509 222
4510 222
4511 222
4512 222
4513 222
4514 222
4515 222
4516 222
4517 222
4518 222
4519 222
4520 222
4521 222
4522 222
4523 222
4524 222
4525 222
4526 222
4527 222
4528 222
4529 222
4530 222
4531 222
4532 222
4533 222
4534 222
4535 222
4536 222
4537 222
4538 222
4539 222
4540 222
4541 222
4542 222
4543 222
4544 222
4545 222
4546 222
4547 222
4548 222
4549 222
4550 222
4551 222
4552 222
4553 222
4554 222
4555 222
4556 222
4557 222
4558 222
4559 222
4560 222
4561 222
4562 222
4563 222
4564 222
4565 222
4566 222
4567 222
4568 222
4569 222
4570 222
4571 222
4572 222
4573 222
4574 222
4575 222
4576 222
4577 222
4578 222
4579 222
4580 222
4581 222
4582 222
4583 222
4584 222
4585 222
4586 222
4587 222
4588 222
4589 222
4590 222
4591 222
4592 222
4593 222
4594 222
4595 222
4596 222
4597 222
4598 222
4599 222
4600 222
4601 222
4602 222
4603 222
4604 222
4605 222
4606 222
4607 222
4608 246
4609 246
4610 242
4611 242
4612 246
4613 246
4614 242
4615 242
4616 246
4617 246
4618 242
4619 242
4620 246
4621 246
4622 242
4623 242
4624 246
4625 246
4626 242
4627 242
4628 246
4629 246
4630 242
4631 242
4632 246
4633 246
4634 242
4635 242
4636 246
4637 246
4638 242
4639 242
4640 246
4641 246
4642 242
4643 242
4644 246
4645 246
4646 242
4647 242
4648 246
4649 246
4650 242
4651 242
4652 246
4653 246
4654 242
4655 242
4656 246
4657 246
4658 242
4659 242
4660 246
4661 246
4662 242
4663 242
4664 246
4665 246
4666 242
4667 242
4668 246
4669 246
4670 242
4671 242
4672 246
4673 246
4674 242
4675 242
4676 246
4677 246
4678 242
4679 242
4680 246
4681 246
4682 242
4683 242
4684 246
4685 246
4686 242
4687 242
4688 246
4689 246
4690 242
4691 242
4692 246
4693 246
4694 242
4695 242
4696 246
4697 246
4698 242
4699 242
4700 246
4701 246
4702 242
4703 242
4704 246
4705 246
4706 242
4707 242
4708 246
4709 246
4710 242
4711 242
4712 246
4713 246
4714 242
4715 242
4716 246
4717 246
4718 242
4719 242
4720 246
4721 246
4722 242
4723 242
4724 246
4725 246
4726 242
4727 242
4728 246
4729 246
4730 242
4731 242
4732 246
4733 246
4734 242
4735 242
4736 214
4737 214
4738 210
4739 210
4740 214
4741 214
4742 210
4743 210
4744 214
4745 214
4746 210
4747 210
4748 214
4749 214
4750 210
4751 210
4752 214
4753 214
4754 210
4755 210
4756 214
4757 214
4758 210
4759 210
4760 214
4761 214
4762 210
4763 210
4764 214
4765 214
4766 210
4767 210
4768 214
4769 214
4770 210
4771 210
4772 214
4773 214
4774 210
4775 210
4776 214
4777 214
4778 210
4779 210
4780 214
4781 214
4782 210
4783 210
4784 214
4785 214
4786 210
4787 210
4788 214
4789 214
4790 210
4791 210
4792 214
4793 214
4794 210
4795 210
4796 214
4797 214
4798 210
4799 210
4800 214
4801 214
4802 210
4803 210
4804 214
4805 214
4806 210
4807 210
4808 214
4809 214
4810 210
4811 210
4812 214
4813 214
4814 210
4815 210
4816 214
4817 214
4818 210
4819 210
4820 214
4821 214
4822 210
4823 210
4824 214
4825 214
4826 210
4827 210
4828 214
4829 214
4830 210
4831 210
4832 214
4833 214
4834 210
4835 210
4836 214
4837 214
4838 210
4839 210
4840 214
4841 214
4842 210
4843 210
4844 214
4845 214
4846 210
4847 210
4848 214
4849 214
4850 210
4851 210
4852 214
4853 214
4854 210
4855 210
4856 214
4857 214
4858 210
4859 210
4860 214
4861 214
4862 210
4863 210
4864 246
4865 246
4866 242
4867 242
4868 246
4869 246
4870 242
4871 242
4872 246
4873 246
4874 242
4875 242
4876 246
4877 246
4878 242
4879 242
4880 246
4881 246
4882 242
4883 242
4884 246
4885 246
4886 242
4887 242
4888 246
4889 246
4890 242
4891 242
4892 246
4893 246
4894 242
4895 242
4896 246
4897 246
4898 242
4899 242
4900 246
4901 246
4902 242
4903 242
4904 246
4905 246
4906 242
4907 242
4908 246
4909 246
4910 242
4911 242
4912 246
4913 246
4914 242
4915 242
4916 246
4917 246
4918 242
4919 242
4920 246
4921 246
4922 242
4923 242
4924 246
4925 246
4926 242
4927 242
4928 246
4929 246
4930 242
4931 242
4932 246
4933 246
4934 242
4935 242
4936 246
4937 246
4938 242
4939 242
4940 246
4941 246
4942 242
4943 242
4944 246
4945 246
4946 242
4947 242
4948 246
4949 246
4950 242
4951 242
4952 246
4953 246
4954 242
4955 242
4956 246
4957 246
4958 242
4959 242
4960 246
4961 246
4962 242
4963 242
4964 246
4965 246
4966 242
4967 242
4968 246
4969 246
4970 242
4971 242
4972 246
4973 246
4974 242
4975 242
4976 246
4977 246
4978 242
4979 242
4980 246
4981 246
4982 242
4983 242
4984 246
4985 246
4986 242
4987 242
4988 246
4989 246
4990 242
4991 242
4992 214
4993 214
4994 210
4995 210
4996 214
4997 214
4998 210
4999 210
5000 214
5001 214
5002 210
5003 210
5004 214
5005 214
5006 210
5007 210
5008 214
5009 214
5010 210
5011 210
5012 214
5013 214
5014 210
5015 210
5016 214
5017 214
5018 210
5019 210
5020 214
5021 214
5022 210
5023 210
5024 214
5025 214
5026 210
5027 210
5028 214
5029 214
5030 210
5031 210
5032 214
5033 214
5034 210
5035 210
5036 214
5037 214
5038 210
5039 210
5040 214
5041 214
5042 210
5043 210
5044 214
5045 214
5046 210
5047 210
5048 214
5049 214
5050 210
5051 210
5052 214
5053 214
5054 210
5055 210
5056 214
5057 214
5058 210
5059 210
5060 214
5061 214
5062 210
5063 210
5064 214
5065 214
5066 210
5067 210
5068 214
5069 214
5070 210
5071 210
5072 214
5073 214
5074 210
5075 210
5076 214
5077 214
5078 210
5079 210
5080 214
5081 214
5082 210
5083 210
5084 214
5085 214
5086 210
5087 210
5088 214
5089 214
5090 210
5091 210
5092 214
5093 214
5094 210
5095 210
5096 214
5097 214
5098 210
5099 210
5100 214
5101 214
5102 210
5103 210
5104 214
5105 214
5106 210
5107 210
5108 214
5109 214
5110 210
5111 210
5112 214
5113 214
5114 210
5115 210
5116 214
5117 214
5118 210
5119 210
5120 246
5121 246
5122 246
5123 246
5124 246
5125 246
5126 246
5127 246
5128 246
5129 246
5130 246
5131 246
5132 246
5133 246
5134 246
5135 246
5136 246
5137 246
5138 246
5139 246
5140 246
5141 246
5142 246
5143 246
5144 246
5145 246
5146 246
5147 246
5148 246
5149 246
5150 246
5151 246
5152 246
5153 246
5154 246
5155 246
5156 246
5157 246
5158 246
5159 246
5160 246
5161 246
5162 246
5163 246
5164 246
5165 246
5166 246
5167 246
5168 246
5169 246
5170 246
5171 246
5172 246
5173 246
5174 246
5175 246
5176 246
5177 246
5178 246
5179 246
5180 246
5181 246
5182 246
5183 246
5184 246
5185 246
5186 246
5187 246
5188 246
5189 246
5190 246
5191 246
5192 246
5193 246
5194 246
5195 246
5196 246
5197 246
5198 246
5199 246
5200 246
5201 246
5202 246
5203 246
5204 246
5205 246
5206 246
5207 246
5208 246
5209 246
5210 246
5211 246
5212 246
5213 246
5214 246
5215 246
5216 246
5217 246
5218 246
5219 246
5220 246
5221 246
5222 246
5223 246
5224 246
5225 246
5226 246
5227 246
5228 246
5229 246
5230 246
5231 246
5232 246
5233 246
5234 246
5235 246
5236 246
5237 246
5238 246
5239 246
5240 246
5241 246
5242 246
5243 246
5244 246
5245 246
5246 246
5247 246
5248 214
5249 214
5250 214
5251 214
5252 214
5253 214
5254 214
5255 214
5256 214
5257 214
5258 214
5259 214
5260 214
5261 214
5262 214
5263 214
5264 214
5265 214
5266 214
5267 214
5268 214
5269 214
5270 214
5271 214
5272 214
5273 214
5274 214
5275 214
5276 214
5277 214
5278 214
5279 214
5280 214
5281 214
5282 214
5283 214
5284 214
5285 214
5286 214
5287 214
5288 214
5289 214
5290 214
5291 214
5292 214
5293 214
5294 214
5295 214
5296 214
5297 214
5298 214
5299 214
5300 214
5301 214
5302 214
5303 214
5304 214
5305 214
5306 214
5307 214
5308 214
5309 214
5310 214
5311 214
5312 214
5313 214
5314 214
5315 214
5316 214
5317 214
5318 214
5319 214
5320 214
5321 214
5322 214
5323 214
5324 214
5325 214
5326 214
5327 214
5328 214
5329 214
5330 214
5331 214
5332 214
5333 214
5334 214
5335 214
5336 214
5337 214
5338 214
5339 214
5340 214
5341 214
5342 214
5343 214
5344 214
5345 214
5346 214
5347 214
5348 214
5349 214
5350 214
5351 214
5352 214
5353 214
5354 214
5355 214
5356 214
5357 214
5358 214
5359 214
5360 214
5361 214
5362 214
5363 214
5364 214
5365 214
5366 214
5367 214
5368 214
5369 214
5370 214
5371 214
5372 214
5373 214
5374 214
5375 214
5376 246
5377 246
5378 246
5379 246
5380 246
5381 246
5382 246
5383 246
5384 246
5385 246
5386 246
5387 246
5388 246
5389 246
5390 246
5391 246
5392 246
5393 246
5394 246
5395 246
5396 246
5397 246
5398 246
5399 246
5400 246
5401 246
5402 246
5403 246
5404 246
5405 246
5406 246
5407 246
5408 246
5409 246
5410 246
5411 246
5412 246
5413 246
5414 246
5415 246
5416 246
5417 246
5418 246
5419 246
5420 246
5421 246
5422 246
5423 246
5424 246
5425 246
5426 246
5427 246
5428 246
5429 246
5430 246
5431 246
5432 246
5433 246
5434 246
5435 246
5436 246
5437 246
5438 246
5439 246
5440 246
5441 246
5442 246
5443 246
5444 246
5445 246
5446 246
5447 246
5448 246
5449 246
5450 246
5451 246
5452 246
5453 246
5454 246
5455 246
5456 246
5457 246
5458 246
5459 246
5460 246
5461 246
5462 246
5463 246
5464 246
5465 246
5466 246
5467 246
5468 246
5469 246
5470 246
5471 246
5472 246
5473 246
5474 246
5475 246
5476 246
5477 246
5478 246
5479 246
5480 246
5481 246
5482 246
5483 246
5484 246
5485 246
5486 246
5487 246
5488 246
5489 246
5490 246
5491 246
5492 246
5493 246
5494 246
5495 246
5496 246
5497 246
5498 246
5499 246
5500 246
5501 246
5502 246
5503 246
5504 214
5505 214
5506 214
5507 214
5508 214
5509 214
5510 214
5511 214
5512 214
5513 214
5514 214
5515 214
5516 214
5517 214
5518 214
5519 214
5520 214
5521 214
5522 214
5523 214
5524 214
5525 214
5526 214
5527 214
5528 214
5529 214
5530 214
5531 214
5532 214
5533 214
5534 214
5535 214
5536 214
5537 214
5538 214
5539 214
5540 214
5541 214
5542 214
5543 214
5544 214
5545 214
5546 214
5547 214
5548 214
5549 214
5550 214
5551 214
5552 214
5553 214
5554 214
5555 214
5556 214
5557 214
5558 214
5559 214
5560 214
5561 214
5562 214
5563 214
5564 214
5565 214
5566 214
5567 214
5568 214
5569 214
5570 214
5571 214
5572 214
5573 214
5574 214
5575 214
5576 214
5577 214
5578 214
5579 214
5580 214
5581 214
5582 214
5583 214
5584 214
5585 214
5586 214
5587 214
5588 214
5589 214
5590 214
5591 214
5592 214
5593 214
5594 214
5595 214
5596 214
5597 214
5598 214
5599 214
5600 214
5601 214
5602 214
5603 214
5604 214
5605 214
5606 214
5607 214
5608 214
5609 214
5610 214
5611 214
5612 214
5613 214
5614 214
5615 214
5616 214
5617 214
5618 214
5619 214
5620 214
5621 214
5622 214
5623 214
5624 214
5625 214
5626 214
5627 214
5628 214
5629 214
5630 214
5631 214
5632 246
5633 246
5634 246
5635 246
5636 246
5637 246
5638 246
5639 246
5640 246
5641 246
5642 246
5643 246
5644 246
5645 246
5646 246
5647 246
5648 246
5649 246
5650 246
5651 246
5652 246
5653 246
5654 246
5655 246
5656 246
5657 246
5658 246
5659 246
5660 246
5661 246
5662 246
5663 246
5664 246
5665 246
5666 246
5667 246
5668 246
5669 246
5670 246
5671 246
5672 246
5673 246
5674 246
5675 246
5676 246
5677 246
5678 246
5679 246
5680 246
5681 246
5682 246
5683 246
5684 246
5685 246
5686 246
5687 246
5688 246
5689 246
5690 246
5691 246
5692 246
5693 246
5694 246
5695 246
5696 246
5697 246
5698 246
5699 246
5700 246
5701 246
5702 246
5703 246
5704 246
5705 246
5706 246
5707 246
5708 246
5709 246
5710 246
5711 246
5712 246
5713 246
5714 246
5715 246
5716 246
5717 246
5718 246
5719 246
5720 246
5721 246
5722 246
5723 246
5724 246
5725 246
5726 246
5727 246
5728 246
5729 246
5730 246
5731 246
5732 246
5733 246
5734 246
5735 246
5736 246
5737 246
5738 246
5739 246
5740 246
5741 246
5742 246
5743 246
5744 246
5745 246
5746 246
5747 246
5748 246
5749 246
5750 246
5751 246
5752 246
5753 246
5754 246
5755 246
5756 246
5757 246
5758 246
5759 246
5760 214
5761 214
5762 214
5763 214
5764 214
5765 214
5766 214
5767 214
5768 214
5769 214
5770 214
5771 214
5772 214
5773 214
5774 214
5775 214
5776 214
5777 214
5778 214
5779 214
5780 214
5781 214
5782 214
5783 214
5784 214
5785 214
5786 214
5787 214
5788 214
5789 214
5790 214
5791 214
5792 214
5793 214
5794 214
5795 214
5796 214
5797 214
5798 214
5799 214
5800 214
5801 214
5802 214
5803 214
5804 214
5805 214
5806 214
5807 214
5808 214
5809 214
5810 214
5811 214
5812 214
5813 214
5814 214
5815 214
5816 214
5817 214
5818 214
5819 214
5820 214
5821 214
5822 214
5823 214
5824 214
5825 214
5826 214
5827 214
5828 214
5829 214
5830 214
5831 214
5832 214
5833 214
5834 214
5835 214
5836 214
5837 214
5838 214
5839 214
5840 214
5841 214
5842 214
5843 214
5844 214
5845 214
5846 214
5847 214
5848 214
5849 214
5850 214
5851 214
5852 214
5853 214
5854 214
5855 214
5856 214
5857 214
5858 214
5859 214
5860 214
5861 214
5862 214
5863 214
5864 214
5865 214
5866 214
5867 214
5868 214
5869 214
5870 214
5871 214
5872 214
5873 214
5874 214
5875 214
5876 214
5877 214
5878 214
5879 214
5880 214
5881 214
5882 214
5883 214
5884 214
5885 214
5886 214
5887 214
5888 246
5889 246
5890 246
5891 246
5892 246
5893 246
5894 246
5895 246
5896 246
5897 246
5898 246
5899 246
5900 246
5901 246
5902 246
5903 246
5904 246
5905 246
5906 246
5907 246
5908 246
5909 246
5910 246
5911 246
5912 246
5913 246
5914 246
5915 246
5916 246
5917 246
5918 246
5919 246
5920 246
5921 246
5922 246
5923 246
5924 246
5925 246
5926 246
5927 246
5928 246
5929 246
5930 246
5931 246
5932 246
5933 246
5934 246
5935 246
5936 246
5937 246
5938 246
5939 246
5940 246
5941 246
5942 246
5943 246
5944 246
5945 246
5946 246
5947 246
5948 246
5949 246
5950 246
5951 246
5952 246
5953 246
5954 246
5955 246
5956 246
5957 246
5958 246
5959 246
5960 246
5961 246
5962 246
5963 246
5964 246
5965 246
5966 246
5967 246
5968 246
5969 246
5970 246
5971 246
5972 246
5973 246
5974 246
5975 246
5976 246
5977 246
5978 246
5979 246
5980 246
5981 246
5982 246
5983 246
5984 246
5985 246
5986 246
5987 246
5988 246
5989 246
5990 246
5991 246
5992 246
5993 246
5994 246
5995 246
5996 246
5997 246
5998 246
5999 246
6000 246
6001 246
6002 246
6003 246
6004 246
6005 246
6006 246
6007 246
6008 246
6009 246
6010 246
6011 246
6012 246
6013 246
6014 246
6015 246
6016 214
6017 214
6018 214
6019 214
6020 214
6021 214
6022 214
6023 214
6024 214
6025 214
6026 214
6027 214
6028 214
6029 214
6030 214
6031 214
6032 214
6033 214
6034 214
6035 214
6036 214
6037 214
6038 214
6039 214
6040 214
6041 214
6042 214
6043 214
6044 214
6045 214
6046 214
6047 214
6048 214
6049 214
6050 214
6051 214
6052 214
6053 214
6054 214
6055 214
6056 214
6057 214
6058 214
6059 214
6060 214
6061 214
6062 214
6063 214
6064 214
6065 214
6066 214
6067 214
6068 214
6069 214
6070 214
6071 214
6072 214
6073 214
6074 214
6075 214
6076 214
6077 214
6078 214
6079 214
6080 214
6081 214
6082 214
6083 214
6084 214
6085 214
6086 214
6087 214
6088 214
6089 214
6090 214
6091 214
6092 214
6093 214
6094 214
6095 214
6096 214
6097 214
6098 214
6099 214
6100 214
6101 214
6102 214
6103 214
6104 214
6105 214
6106 214
6107 214
6108 214
6109 214
6110 214
6111 214
6112 214
6113 214
6114 214
6115 214
6116 214
6117 214
6118 214
6119 214
6120 214
6121 214
6122 214
6123 214
6124 214
6125 214
6126 214
6127 214
6128 214
6129 214
6130 214
6131 214
6132 214
6133 214
6134 214
6135 214
6136 214
6137 214
6138 214
6139 214
6140 214
6141 214
6142 214
6143 214
6144 246
6145 246
6146 242
6147 242
6148 246
6149 246
6150 242
6151 242
6152 246
6153 246
6154 242
6155 242
6156 246
6157 246
6158 242
6159 242
6160 246
6161 246
6162 242
6163 242
6164 246
6165 246
6166 242
6167 242
6168 246
6169 246
6170 242
6171 242
6172 246
6173 246
6174 242
6175 242
6176 246
6177 246
6178 242
6179 242
6180 246
6181 246
6182 242
6183 242
6184 246
6185 246
6186 242
6187 242
6188 246
6189 246
6190 242
6191 242
6192 246
6193 246
6194 242
6195 242
6196 246
6197 246
6198 242
6199 242
6200 246
6201 246
6202 242
6203 242
6204 246
6205 246
6206 242
6207 242
6208 246
6209 246
6210 242
6211 242
6212 246
6213 246
6214 242
6215 242
6216 246
6217 246
6218 242
6219 242
6220 246
6221 246
6222 242
6223 242
6224 246
6225 246
6226 242
6227 242
6228 246
6229 246
6230 242
6231 242
6232 246
6233 246
6234 242
6235 242
6236 246
6237 246
6238 242
6239 242
6240 246
6241 246
6242 242
6243 242
6244 246
6245 246
6246 242
6247 242
6248 246
6249 246
6250 242
6251 242
6252 246
6253 246
6254 242
6255 242
6256 246
6257 246
6258 242
6259 242
6260 246
6261 246
6262 242
6263 242
6264 246
6265 246
6266 242
6267 242
6268 246
6269 246
6270 242
6271 242
6272 214
6273 214
6274 210
6275 210
6276 214
6277 214
6278 210
6279 210
6280 214
6281 214
6282 210
6283 210
6284 214
6285 214
6286 210
6287 210
6288 214
6289 214
6290 210
6291 210
6292 214
6293 214
6294 210
6295 210
6296 214
6297 214
6298 210
6299 210
6300 214
6301 214
6302 210
6303 210
6304 214
6305 214
6306 210
6307 210
6308 214
6309 214
6310 210
6311 210
6312 214
6313 214
6314 210
6315 210
6316 214
6317 214
6318 210
6319 210
6320 214
6321 214
6322 210
6323 210
6324 214
6325 214
6326 210
6327 210
6328 214
6329 214
6330 210
6331 210
6332 214
6333 214
6334 210
6335 210
6336 214
6337 214
6338 210
6339 210
6340 214
6341 214
6342 210
6343 210
6344 214
6345 214
6346 210
6347 210
6348 214
6349 214
6350 210
6351 210
6352 214
6353 214
6354 210
6355 210
6356 214
6357 214
6358 210
6359 210
6360 214
6361 214
6362 210
6363 210
6364 214
6365 214
6366 210
6367 210
6368 214
6369 214
6370 210
6371 210
6372 214
6373 214
6374 210
6375 210
6376 214
6377 214
6378 210
6379 210
6380 214
6381 214
6382 210
6383 210
6384 214
6385 214
6386 210
6387 210
6388 214
6389 214
6390 210
6391 210
6392 214
6393 214
6394 210
6395 210
6396 214
6397 214
6398 210
6399 210
6400 246
6401 246
6402 242
6403 242
6404 246
6405 246
6406 242
6407 242
6408 246
6409 246
6410 242
6411 242
6412 246
6413 246
6414 242
6415 242
6416 246
6417 246
6418 242
6419 242
6420 246
6421 246
6422 242
6423 242
6424 246
6425 246
6426 242
6427 242
6428 246
6429 246
6430 242
6431 242
6432 246
6433 246
6434 242
6435 242
6436 246
6437 246
6438 242
6439 242
6440 246
6441 246
6442 242
6443 242
6444 246
6445 246
6446 242
6447 242
6448 246
6449 246
6450 242
6451 242
6452 246
6453 246
6454 242
6455 242
6456 246
6457 246
6458 242
6459 242
6460 246
6461 246
6462 242
6463 242
6464 246
6465 246
6466 242
6467 242
6468 246
6469 246
6470 242
6471 242
6472 246
6473 246
6474 242
6475 242
6476 246
6477 246
6478 242
6479 242
6480 246
6481 246
6482 242
6483 242
6484 246
6485 246
6486 242
6487 242
6488 246
6489 246
6490 242
6491 242
6492 246
6493 246
6494 242
6495 242
6496 246
6497 246
6498 242
6499 242
6500 246
6501 246
6502 242
6503 242
6504 246
6505 246
6506 242
6507 242
6508 246
6509 246
6510 242
6511 242
6512 246
6513 246
6514 242
6515 242
6516 246
6517 246
6518 242
6519 242
6520 246
6521 246
6522 242
6523 242
6524 246
6525 246
6526 242
6527 242
6528 214
6529 214
6530 210
6531 210
6532 214
6533 214
6534 210
6535 210
6536 214
6537 214
6538 210
6539 210
6540 214
6541 214
6542 210
6543 210
6544 214
6545 214
6546 210
6547 210
6548 214
6549 214
6550 210
6551 210
6552 214
6553 214
6554 210
6555 210
6556 214
6557 214
6558 210
6559 210
6560 214
6561 214
6562 210
6563 210
6564 214
6565 214
6566 210
6567 210
6568 214
6569 214
6570 210
6571 210
6572 214
6573 214
6574 210
6575 210
6576 214
6577 214
6578 210
6579 210
6580 214
6581 214
6582 210
6583 210
6584 214
6585 214
6586 210
6587 210
6588 214
6589 214
6590 210
6591 210
6592 214
6593 214
6594 210
6595 210
6596 214
6597 214
6598 210
6599 210
6600 214
6601 214
6602 210
6603 210
6604 214
6605 214
6606 210
6607 210
6608 214
6609 214
6610 210
6611 210
6612 214
6613 214
6614 210
6615 210
6616 214
6617 214
6618 210
6619 210
6620 214
6621 214
6622 210
6623 210
6624 214
6625 214
6626 210
6627 210
6628 214
6629 214
6630 210
6631 210
6632 214
6633 214
6634 210
6635 210
6636 214
6637 214
6638 210
6639 210
6640 214
6641 214
6642 210
6643 210
6644 214
6645 214
6646 210
6647 210
6648 214
6649 214
6650 210
6651 210
6652 214
6653 214
6654 210
6655 210
6656 254
6657 254
6658 254
6659 254
6660 254
6661 254
6662 254
6663 254
6664 254
6665 254
6666 254
6667 254
6668 254
6669 254
6670 254
6671 254
6672 254
6673 254
6674 254
6675 254
6676 254
6677 254
6678 254
6679 254
6680 254
6681 254
6682 254
6683 254
6684 254
6685 254
6686 254
6687 254
6688 254
6689 254
6690 254
6691 254
6692 254
6693 254
6694 254
6695 254
6696 254
6697 254
6698 254
6699 254
6700 254
6701 254
6702 254
6703 254
6704 254
6705 254
6706 254
6707 254
6708 254
6709 254
6710 254
6711 254
6712 254
6713 254
6714 254
6715 254
6716 254
6717 254
6718 254
6719 254
6720 254
6721 254
6722 254
6723 254
6724 254
6725 254
6726 254
6727 254
6728 254
6729 254
6730 254
6731 254
6732 254
6733 254
6734 254
6735 254
6736 254
6737 254
6738 254
6739 254
6740 254
6741 254
6742 254
6743 254
6744 254
6745 254
6746 254
6747 254
6748 254
6749 254
6750 254
6751 254
6752 254
6753 254
6754 254
6755 254
6756 254
6757 254
6758 254
6759 254
6760 254
6761 254
6762 254
6763 254
6764 254
6765 254
6766 254
6767 254
6768 254
6769 254
6770 254
6771 254
6772 254
6773 254
6774 254
6775 254
6776 254
6777 254
6778 254
6779 254
6780 254
6781 254
6782 254
6783 254
6784 222
6785 222
6786 222
6787 222
6788 222
6789 222
6790 222
6791 222
6792 222
6793 222
6794 222
6795 222
6796 222
6797 222
6798 222
6799 222
6800 222
6801 222
6802 222
6803 222
6804 222
6805 222
6806 222
6807 222
6808 222
6809 222
6810 222
6811 222
6812 222
6813 222
6814 222
6815 222
6816 222
6817 222
6818 222
6819 222
6820 222
6821 222
6822 222
6823 222
6824 222
6825 222
6826 222
6827 222
6828 222
6829 222
6830 222
6831 222
6832 222
6833 222
6834 222
6835 222
6836 222
6837 222
6838 222
6839 222
6840 222
6841 222
6842 222
6843 222
6844 222
6845 222
6846 222
6847 222
6848 222
6849 222
6850 222
6851 222
6852 222
6853 222
6854 222
6855 222
6856 222
6857 222
6858 222
6859 222
6860 222
6861 222
6862 222
6863 222
6864 222
6865 222
6866 222
6867 222
6868 222
6869 222
6870 222
6871 222
6872 222
6873 222
6874 222
6875 222
6876 222
6877 222
6878 222
6879 222
6880 222
6881 222
6882 222
6883 222
6884 222
6885 222
6886 222
6887 222
6888 222
6889 222
6890 222
6891 222
6892 222
6893 222
6894 222
6895 222
6896 222
6897 222
6898 222
6899 222
6900 222
6901 222
6902 222
6903 222
6904 222
6905 222
6906 222
6907 222
6908 222
6909 222
6910 222
6911 222
6912 254
6913 254
6914 254
6915 254
6916 254
6917 254
6918 254
6919 254
6920 254
6921 254
6922 254
6923 254
6924 254
6925 254
6926 254
6927 254
6928 254
6929 254
6930 254
6931 254
6932 254
6933 254
6934 254
6935 254
6936 254
6937 254
6938 254
6939 254
6940 254
6941 254
6942 254
6943 254
6944 254
6945 254
6946 254
6947 254
6948 254
6949 254
6950 254
6951 254
6952 254
6953 254
6954 254
6955 254
6956 254
6957 254
6958 254
6959 254
6960 254
6961 254
6962 254
6963 254
6964 254
6965 254
6966 254
6967 254
6968 254
6969 254
6970 254
6971 254
6972 254
6973 254
6974 254
6975 254
6976 254
6977 254
6978 254
6979 254
6980 254
6981 254
6982 254
6983 254
6984 254
6985 254
6986 254
6987 254
6988 254
6989 254
6990 254
6991 254
6992 254
6993 254
6994 254
6995 254
6996 254
6997 254
6998 254
6999 254
7000 254
7001 254
7002 254
7003 254
7004 254
7005 254
7006 254
7007 254
7008 254
7009 254
7010 254
7011 254
7012 254
7013 254
7014 254
7015 254
7016 254
7017 254
7018 254
7019 254
7020 254
7021 254
7022 254
7023 254
7024 254
7025 254
7026 254
7027 254
7028 254
7029 254
7030 254
7031 254
7032 254
7033 254
7034 254
7035 254
7036 254
7037 254
7038 254
7039 254
7040 222
7041 222
7042 222
7043 222
7044 222
7045 222
7046 222
7047 222
7048 222
7049 222
7050 222
7051 222
7052 222
7053 222
7054 222
7055 222
7056 222
7057 222
7058 222
7059 222
7060 222
7061 222
7062 222
7063 222
7064 222
7065 222
7066 222
7067 222
7068 222
7069 222
7070 222
7071 222
7072 222
7073 222
7074 222
7075 222
7076 222
7077 222
7078 222
7079 222
7080 222
7081 222
7082 222
7083 222
7084 222
7085 222
7086 222
7087 222
7088 222
7089 222
7090 222
7091 222
7092 222
7093 222
7094 222
7095 222
7096 222
7097 222
7098 222
7099 222
7100 222
7101 222
7102 222
7103 222
7104 222
7105 222
7106 222
7107 222
7108 222
7109 222
7110 222
7111 222
7112 222
7113 222
7114 222
7115 222
7116 222
7117 222
7118 222
7119 222
7120 222
7121 222
7122 222
7123 222
7124 222
7125 222
7126 222
7127 222
7128 222
7129 222
7130 222
7131 222
7132 222
7133 222
7134 222
7135 222
7136 222
7137 222
7138 222
7139 222
7140 222
7141 222
7142 222
7143 222
7144 222
7145 222
7146 222
7147 222
7148 222
7149 222
7150 222
7151 222
7152 222
7153 222
7154 222
7155 222
7156 222
7157 222
7158 222
7159 222
7160 222
7161 222
7162 222
7163 222
7164 222
7165 222
7166 222
7167 222
7168 255
7169 255
7170 254
7171 254
7172 255
7173 255
7174 254
7175 254
7176 255
7177 255
7178 254
7179 254
7180 255
7181 255
7182 254
7183 254
7184 255
7185 255
7186 254
7187 254
7188 255
7189 255
7190 254
7191 254
7192 255
7193 255
7194 254
7195 254
7196 255
7197 255
7198 254
7199 254
7200 255
7201 255
7202 254
7203 254
7204 255
7205 255
7206 254
7207 254
7208 255
7209 255
7210 254
7211 254
7212 255
7213 255
7214 254
7215 254
7216 255
7217 255
7218 254
7219 254
7220 255
7221 255
7222 254
7223 254
7224 255
7225 255
7226 254
7227 254
7228 255
7229 255
7230 254
7231 254
7232 255
7233 255
7234 254
7235 254
7236 255
7237 255
7238 254
7239 254
7240 255
7241 255
7242 254
7243 254
7244 255
7245 255
7246 254
7247 254
7248 255
7249 255
7250 254
7251 254
7252 255
7253 255
7254 254
7255 254
7256 255
7257 255
7258 254
7259 254
7260 255
7261 255
7262 254
7263 254
7264 255
7265 255
7266 254
7267 254
7268 255
7269 255
7270 254
7271 254
7272 255
7273 255
7274 254
7275 254
7276 255
7277 255
7278 254
7279 254
7280 255
7281 255
7282 254
7283 254
7284 255
7285 255
7286 254
7287 254
7288 255
7289 255
7290 254
7291 254
7292 255
7293 255
7294 254
7295 254
7296 223
7297 223
7298 222
7299 222
7300 223
7301 223
7302 222
7303 222
7304 223
7305 223
7306 222
7307 222
7308 223
7309 223
7310 222
7311 222
7312 223
7313 223
7314 222
7315 222
7316 223
7317 223
7318 222
7319 222
7320 223
7321 223
7322 222
7323 222
7324 223
7325 223
7326 222
7327 222
7328 223
7329 223
7330 222
7331 222
7332 223
7333 223
7334 222
7335 222
7336 223
7337 223
7338 222
7339 222
7340 223
7341 223
7342 222
7343 222
7344 223
7345 223
7346 222
7347 222
7348 223
7349 223
7350 222
7351 222
7352 223
7353 223
7354 222
7355 222
7356 223
7357 223
7358 222
7359 222
7360 223
7361 223
7362 222
7363 222
7364 223
7365 223
7366 222
7367 222
7368 223
7369 223
7370 222
7371 222
7372 223
7373 223
7374 222
7375 222
7376 223
7377 223
7378 222
7379 222
7380 223
7381 223
7382 222
7383 222
7384 223
7385 223
7386 222
7387 222
7388 223
7389 223
7390 222
7391 222
7392 223
7393 223
7394 222
7395 222
7396 223
7397 223
7398 222
7399 222
7400 223
7401 223
7402 222
7403 222
7404 223
7405 223
7406 222
7407 222
7408 223
7409 223
7410 222
7411 222
7412 223
7413 223
7414 222
7415 222
7416 223
7417 223
7418 222
7419 222
7420 223
7421 223
7422 222
7423 222
7424 255
7425 255
7426 254
7427 254
7428 255
7429 255
7430 254
7431 254
7432 255
7433 255
7434 254
7435 254
7436 255
7437 255
7438 254
7439 254
7440 255
7441 255
7442 254
7443 254
7444 255
7445 255
7446 254
7447 254
7448 255
7449 255
7450 254
7451 254
7452 255
7453 255
7454 254
7455 254
7456 255
7457 255
7458 254
7459 254
7460 255
7461 255
7462 254
7463 254
7464 255
7465 255
7466 254
7467 254
7468 255
7469 255
7470 254
7471 254
7472 255
7473 255
7474 254
7475 254
7476 255
7477 255
7478 254
7479 254
7480 255
7481 255
7482 254
7483 254
7484 255
7485 255
7486 254
7487 254
7488 255
7489 255
7490 254
7491 254
7492 255
7493 255
7494 254
7495 254
7496 255
7497 255
7498 254
7499 254
7500 255
7501 255
7502 254
7503 254
7504 255
7505 255
7506 254
7507 254
7508 255
7509 255
7510 254
7511 254
7512 255
7513 255
7514 254
7515 254
7516 255
7517 255
7518 254
7519 254
7520 255
7521 255
7522 254
7523 254
7524 255
7525 255
7526 254
7527 254
7528 255
7529 255
7530 254
7531 254
7532 255
7533 255
7534 254
7535 254
7536 255
7537 255
7538 254
7539 254
7540 255
7541 255
7542 254
7543 254
7544 255
7545 255
7546 254
7547 254
7548 255
7549 255
7550 254
7551 254
7552 223
7553 223
7554 222
7555 222
7556 223
7557 223
7558 222
7559 222
7560 223
7561 223
7562 222
7563 222
7564 223
7565 223
7566 222
7567 222
7568 223
7569 223
7570 222
7571 222
7572 223
7573 223
7574 222
7575 222
7576 223
7577 223
7578 222
7579 222
7580 223
7581 223
7582 222
7583 222
7584 223
7585 223
7586 222
7587 222
7588 223
7589 223
7590 222
7591 222
7592 223
7593 223
7594 222
7595 222
7596 223
7597 223
7598 222
7599 222
7600 223
7601 223
7602 222
7603 222
7604 223
7605 223
7606 222
7607 222
7608 223
7609 223
7610 222
7611 222
7612 223
7613 223
7614 222
7615 222
7616 223
7617 223
7618 222
7619 222
7620 223
7621 223
7622 222
7623 222
7624 223
7625 223
7626 222
7627 222
7628 223
7629 223
7630 222
7631 222
7632 223
7633 223
7634 222
7635 222
7636 223
7637 223
7638 222
7639 222
7640 223
7641 223
7642 222
7643 222
7644 223
7645 223
7646 222
7647 222
7648 223
7649 223
7650 222
7651 222
7652 223
7653 223
7654 222
7655 222
7656 223
7657 223
7658 222
7659 222
7660 223
7661 223
7662 222
7663 222
7664 223
7665 223
7666 222
7667 222
7668 223
7669 223
7670 222
7671 222
7672 223
7673 223
7674 222
7675 222
7676 223
7677 223
7678 222
7679 222
7680 255
7681 255
7682 254
7683 254
7684 255
7685 255
7686 254
7687 254
7688 255
7689 255
7690 254
7691 254
7692 255
7693 255
7694 254
7695 254
7696 255
7697 255
7698 254
7699 254
7700 255
7701 255
7702 254
7703 254
7704 255
7705 255
7706 254
7707 254
7708 255
7709 255
7710 254
7711 254
7712 255
7713 255
7714 254
7715 254
7716 255
7717 255
7718 254
7719 254
7720 255
7721 255
7722 254
7723 254
7724 255
7725 255
7726 254
7727 254
7728 255
7729 255
7730 254
7731 254
7732 255
7733 255
7734 254
7735 254
7736 255
7737 255
7738 254
7739 254
7740 255
7741 255
7742 254
7743 254
7744 255
7745 255
7746 254
7747 254
7748 255
7749 255
7750 254
7751 254
7752 255
7753 255
7754 254
7755 254
7756 255
7757 255
7758 254
7759 254
7760 255
7761 255
7762 254
7763 254
7764 255
7765 255
7766 254
7767 254
7768 255
7769 255
7770 254
7771 254
7772 255
7773 255
7774 254
7775 254
7776 255
7777 255
7778 254
7779 254
7780 255
7781 255
7782 254
7783 254
7784 255
7785 255
7786 254
7787 254
7788 255
7789 255
7790 254
7791 254
7792 255
7793 255
7794 254
7795 254
7796 255
7797 255
7798 254
7799 254
7800 255
7801 255
7802 254
7803 254
7804 255
7805 255
7806 254
7807 254
7808 223
7809 223
7810 222
7811 222
7812 223
7813 223
7814 222
7815 222
7816 223
7817 223
7818 222
7819 222
7820 223
7821 223
7822 222
7823 222
7824 223
7825 223
7826 222
7827 222
7828 223
7829 223
7830 222
7831 222
7832 223
7833 223
7834 222
7835 222
7836 223
7837 223
7838 222
7839 222
7840 223
7841 223
7842 222
7843 222
7844 223
7845 223
7846 222
7847 222
7848 223
7849 223
7850 222
7851 222
7852 223
7853 223
7854 222
7855 222
7856 223
7857 223
7858 222
7859 222
7860 223
7861 223
7862 222
7863 222
7864 223
7865 223
7866 222
7867 222
7868 223
7869 223
7870 222
7871 222
7872 223
7873 223
7874 222
7875 222
7876 223
7877 223
7878 222
7879 222
7880 223
7881 223
7882 222
7883 222
7884 223
7885 223
7886 222
7887 222
7888 223
7889 223
7890 222
7891 222
7892 223
7893 223
7894 222
7895 222
7896 223
7897 223
7898 222
7899 222
7900 223
7901 223
7902 222
7903 222
7904 223
7905 223
7906 222
7907 222
7908 223
7909 223
7910 222
7911 222
7912 223
7913 223
7914 222
7915 222
7916 223
7917 223
7918 222
7919 222
7920 223
7921 223
7922 222
7923 222
7924 223
7925 223
7926 222
7927 222
7928 223
7929 223
7930 222
7931 222
7932 223
7933 223
7934 222
7935 222
7936 255
7937 255
7938 254
7939 254
7940 255
7941 255
7942 254
7943 254
7944 255
7945 255
7946 254
7947 254
7948 255
7949 255
7950 254
7951 254
7952 255
7953 255
7954 254
7955 254
7956 255
7957 255
7958 254
7959 254
7960 255
7961 255
7962 254
7963 254
7964 255
7965 255
7966 254
7967 254
7968 255
7969 255
7970 254
7971 254
7972 255
7973 255
7974 254
7975 254
7976 255
7977 255
7978 254
7979 254
7980 255
7981 255
7982 254
7983 254
7984 255
7985 255
7986 254
7987 254
7988 255
7989 255
7990 254
7991 254
7992 255
7993 255
7994 254
7995 254
7996 255
7997 255
7998 254
7999 254
8000 255
8001 255
8002 254
8003 254
8004 255
8005 255
8006 254
8007 254
8008 255
8009 255
8010 254
8011 254
8012 255
8013 255
8014 254
8015 254
8016 255
8017 255
8018 254
8019 254
8020 255
8021 255
8022 254
8023 254
8024 255
8025 255
8026 254
8027 254
8028 255
8029 255
8030 254
8031 254
8032 255
8033 255
8034 254
8035 254
8036 255
8037 255
8038 254
8039 254
8040 255
8041 255
8042 254
8043 254
8044 255
8045 255
8046 254
8047 254
8048 255
8049 255
8050 254
8051 254
8052 255
8053 255
8054 254
8055 254
8056 255
8057 255
8058 254
8059 254
8060 255
8061 255
8062 254
8063 254
8064 223
8065 223
8066 222
8067 222
8068 223
8069 223
8070 222
8071 222
8072 223
8073 223
8074 222
8075 222
8076 223
8077 223
8078 222
8079 222
8080 223
8081 223
8082 222
8083 222
8084 223
8085 223
8086 222
8087 222
8088 223
8089 223
8090 222
8091 222
8092 223
8093 223
8094 222
8095 222
8096 223
8097 223
8098 222
8099 222
8100 223
8101 223
8102 222
8103 222
8104 223
8105 223
8106 222
8107 222
8108 223
8109 223
8110 222
8111 222
8112 223
8113 223
8114 222
8115 222
8116 223
8117 223
8118 222
8119 222
8120 223
8121 223
8122 222
8123 222
8124 223
8125 223
8126 222
8127 222
8128 223
8129 223
8130 222
8131 222
8132 223
8133 223
8134 222
8135 222
8136 223
8137 223
8138 222
8139 222
8140 223
8141 223
8142 222
8143 222
8144 223
8145 223
8146 222
8147 222
8148 223
8149 223
8150 222
8151 222
8152 223
8153 223
8154 222
8155 222
8156 223
8157 223
8158 222
8159 222
8160 223
8161 223
8162 222
8163 222
8164 223
8165 223
8166 222
8167 222
8168 223
8169 223
8170 222
8171 222
8172 223
8173 223
8174 222
8175 222
8176 223
8177 223
8178 222
8179 222
8180 223
8181 223
8182 222
8183 222
8184 223
8185 223
8186 222
8187 222
8188 223
8189 223
8190 222
8191 222
