#Min 0
#Max 2
#CutOff 100
#First value E+H (directly in GeV) Second number is the multiplicate coefficient on 9 bits between Min and Max 
#anything after # is ignored with the exception of the header
#the header is first valid line starting with #<header> versionStr(unused but may be in future) nrBitsAddress nrBitsData </header>
#<header> V1 7 9 </header>
0 87
1 87
2 87
3 87
4 87
5 169
6 240
7 293
8 330
9 355
10 368
11 375
12 381
13 384
14 388
15 389
16 391
17 392
18 392
19 391
20 390
21 387
22 384
23 380
24 377
25 372
26 367
27 362
28 357
29 352
30 347
31 342
32 337
33 333
34 328
35 324
36 320
37 317
38 314
39 311
40 308
41 305
42 302
43 300
44 298
45 296
46 294
47 293
48 291
49 290
50 288
51 287
52 286
53 286
54 285
55 284
56 284
57 283
58 283
59 282
60 282
61 281
62 280
63 280
64 279
65 278
66 277
67 276
68 275
69 274
70 273
71 273
72 272
73 271
74 270
75 270
76 270
77 270
78 270
79 270
80 270
81 270
82 270
83 270
84 270
85 270
86 269
87 269
88 269
89 268
90 267
91 267
92 266
93 265
94 264
95 263
96 262
97 261
98 260
99 259
100 259
101 259
102 259
103 259
104 259
105 259
106 259
107 259
108 259
109 259
110 259
111 259
112 259
113 259
114 259
115 259
116 259
117 259
118 259
119 259
120 259
121 259
122 259
123 259
124 259
125 259
126 259
127 259
