#Min 0
#Max 2
#CutOff 100
#First value E+H (directly in GeV) Second number is the multiplicate coefficient on 9 bits between Min and Max 
#anything after # is ignored with the exception of the header
#the header is first valid line starting with #<header> versionStr(unused but may be in future) nrBitsAddress nrBitsData </header>
#<header> V1 7 9 </header>
0 40
1 40
2 40
3 40
4 40
5 80
6 120
7 162
8 205
9 250
10 287
11 316
12 342
13 362
14 382
15 398
16 414
17 424
18 434
19 439
20 444
21 445
22 445
23 443
24 440
25 436
26 432
27 428
28 424
29 420
30 416
31 413
32 410
33 407
34 404
35 402
36 399
37 396
38 393
39 391
40 388
41 385
42 382
43 380
44 377
45 375
46 372
47 370
48 368
49 366
50 364
51 362
52 360
53 358
54 356
55 355
56 353
57 351
58 350
59 348
60 346
61 345
62 343
63 342
64 341
65 339
66 338
67 337
68 336
69 335
70 334
71 333
72 332
73 331
74 330
75 329
76 328
77 327
78 326
79 325
80 324
81 323
82 323
83 322
84 321
85 320
86 320
87 319
88 319
89 318
90 317
91 317
92 316
93 315
94 315
95 314
96 313
97 313
98 312
99 312
100 312
101 312
102 312
103 312
104 312
105 312
106 312
107 312
108 312
109 312
110 312
111 312
112 312
113 312
114 312
115 312
116 312
117 312
118 312
119 312
120 312
121 312
122 312
123 312
124 312
125 312
126 312
127 312
