#Min 0
#Max 2
#CutOff 100
#First value E+H (directly in GeV) Second number is the multiplicate coefficient on 9 bits between Min and Max 
#anything after # is ignored with the exception of the header
#the header is first valid line starting with #<header> versionStr(unused but may be in future) nrBitsAddress nrBitsData </header>
#<header> V1 7 9 </header>
0 81
1 81
2 81
3 81
4 81
5 159
6 229
7 285
8 329
9 364
10 386
11 400
12 411
13 419
14 426
15 431
16 436
17 439
18 441
19 441
20 442
21 440
22 438
23 435
24 433
25 429
26 425
27 422
28 418
29 414
30 410
31 407
32 404
33 401
34 398
35 395
36 392
37 390
38 387
39 385
40 383
41 381
42 378
43 376
44 374
45 372
46 370
47 368
48 366
49 364
50 362
51 361
52 359
53 358
54 356
55 355
56 354
57 353
58 352
59 352
60 351
61 350
62 350
63 349
64 349
65 348
66 348
67 347
68 346
69 345
70 344
71 343
72 341
73 340
74 338
75 337
76 335
77 334
78 333
79 332
80 331
81 330
82 329
83 329
84 328
85 328
86 327
87 327
88 327
89 327
90 327
91 326
92 326
93 326
94 325
95 325
96 324
97 324
98 323
99 323
100 323
101 323
102 323
103 323
104 323
105 323
106 323
107 323
108 323
109 323
110 323
111 323
112 323
113 323
114 323
115 323
116 323
117 323
118 323
119 323
120 323
121 323
122 323
123 323
124 323
125 323
126 323
127 323
