# Compressed ieta 5->2 bits, compressed E 8->5 bits, compressed nTT 10->5 bits.
# Index is ieta,E,nTT (12 bits).
# anything after # is ignored with the exception of the header
# the header is first valid line starting with #<header> versionStr(unused but may be in future) nrBitsAddress nrBitsData </header>
#<header> V2 12 5 </header>>
0 0
1 0
2 0
3 0
4 0
5 0
6 1
7 1
8 1
9 1
10 1
11 1
12 2
13 2
14 2
15 2
16 2
17 2
18 3
19 3
20 3
21 3
22 3
23 3
24 3
25 3
26 3
27 3
28 3
29 3
30 3
31 3
32 0
33 0
34 0
35 0
36 0
37 0
38 0
39 0
40 0
41 0
42 0
43 0
44 0
45 0
46 0
47 1
48 1
49 1
50 2
51 2
52 2
53 3
54 3
55 4
56 4
57 5
58 5
59 6
60 6
61 7
62 7
63 8
64 8
65 9
66 9
67 10
68 10
69 11
70 11
71 12
72 12
73 13
74 13
75 14
76 14
77 15
78 15
79 16
80 16
81 16
82 17
83 17
84 17
85 18
86 18
87 18
88 19
89 19
90 19
91 20
92 20
93 20
94 21
95 21
96 21
97 22
98 22
99 22
100 22
101 23
102 23
103 23
104 23
105 24
106 24
107 24
108 24
109 25
110 25
111 25
112 25
113 25
114 26
115 26
116 26
117 26
118 26
119 26
120 27
121 27
122 27
123 27
124 27
125 27
126 27
127 28
128 28
129 28
130 28
131 28
132 28
133 28
134 28
135 28
136 28
137 29
138 29
139 29
140 29
141 29
142 29
143 29
144 29
145 29
146 29
147 29
148 29
149 29
150 29
151 29
152 30
153 30
154 30
155 30
156 30
157 30
158 30
159 30
160 30
161 30
162 30
163 30
164 30
165 30
166 30
167 30
168 30
169 30
170 30
171 30
172 30
173 30
174 30
175 30
176 30
177 30
178 30
179 30
180 30
181 30
182 30
183 30
184 30
185 30
186 30
187 30
188 30
189 31
190 31
191 31
192 31
193 31
194 31
195 31
196 31
197 31
198 31
199 31
200 31
201 31
202 31
203 31
204 31
205 31
206 31
207 31
208 31
209 31
210 31
211 31
212 31
213 31
214 31
215 31
216 31
217 31
218 31
219 31
220 31
221 31
222 31
223 31
224 31
225 31
226 31
227 31
228 31
229 31
230 31
231 31
232 31
233 31
234 31
235 31
236 31
237 31
238 31
239 31
240 31
241 31
242 31
243 31
244 31
245 31
246 31
247 31
248 31
249 31
250 31
251 31
252 31
253 31
254 31
255 31
256 31
257 31
258 31
259 31
260 31
261 31
262 31
263 31
264 31
265 31
266 31
267 31
268 31
269 31
270 31
271 31
272 31
273 31
274 31
275 31
276 31
277 31
278 31
279 31
280 31
281 31
282 31
283 31
284 31
285 31
286 31
287 31
288 0
289 0
290 0
291 0
292 0
293 0
294 0
295 0
296 0
297 1
298 1
299 2
300 2
301 3
302 3
303 4
304 5
305 6
306 7
307 8
308 9
309 10
310 11
311 12
312 13
313 14
314 15
315 16
316 17
317 18
318 19
319 20
320 21
321 22
322 22
323 23
324 23
325 24
326 24
327 25
328 25
329 26
330 26
331 27
332 27
333 27
334 28
335 28
336 28
337 29
338 29
339 29
340 29
341 30
342 30
343 30
344 30
345 30
346 30
347 30
348 31
349 31
350 31
351 31
352 31
353 31
354 31
355 31
356 31
357 31
358 31
359 31
360 31
361 31
362 31
363 31
364 31
365 31
366 31
367 31
368 31
369 31
370 31
371 31
372 31
373 31
374 31
375 31
376 31
377 31
378 31
379 31
380 31
381 31
382 31
383 31
384 31
385 31
386 31
387 31
388 31
389 31
390 31
391 31
392 31
393 31
394 31
395 31
396 31
397 31
398 31
399 31
400 31
401 31
402 31
403 31
404 31
405 31
406 31
407 31
408 31
409 31
410 31
411 31
412 31
413 31
414 31
415 31
416 31
417 31
418 31
419 31
420 31
421 31
422 31
423 31
424 31
425 31
426 31
427 31
428 31
429 31
430 31
431 31
432 31
433 31
434 31
435 31
436 31
437 31
438 31
439 31
440 31
441 31
442 31
443 31
444 31
445 31
446 31
447 31
448 31
449 31
450 31
451 31
452 31
453 31
454 31
455 31
456 31
457 31
458 31
459 31
460 31
461 31
462 31
463 31
464 31
465 31
466 31
467 31
468 31
469 31
470 31
471 31
472 31
473 31
474 31
475 31
476 31
477 31
478 31
479 31
480 31
481 31
482 31
483 31
484 31
485 31
486 31
487 31
488 31
489 31
490 31
491 31
492 31
493 31
494 31
495 31
496 31
497 31
498 31
499 31
500 31
501 31
502 31
503 31
504 31
505 31
506 31
507 31
508 31
509 31
510 31
511 31
512 31
513 31
514 31
515 31
516 31
517 31
518 31
519 31
520 31
521 31
522 31
523 31
524 31
525 31
526 31
527 31
528 31
529 31
530 31
531 31
532 31
533 31
534 31
535 31
536 31
537 31
538 31
539 31
540 31
541 31
542 31
543 31
544 31
545 31
546 31
547 31
548 31
549 31
550 31
551 31
552 31
553 31
554 31
555 31
556 31
557 31
558 31
559 31
560 31
561 31
562 31
563 31
564 31
565 31
566 31
567 31
568 31
569 31
570 31
571 31
572 31
573 31
574 31
575 31
576 31
577 31
578 31
579 31
580 31
581 31
582 31
583 31
584 31
585 31
586 31
587 31
588 31
589 31
590 31
591 31
592 31
593 31
594 31
595 31
596 31
597 31
598 31
599 31
600 31
601 31
602 31
603 31
604 31
605 31
606 31
607 31
608 31
609 31
610 31
611 31
612 31
613 31
614 31
615 31
616 31
617 31
618 31
619 31
620 31
621 31
622 31
623 31
624 31
625 31
626 31
627 31
628 31
629 31
630 31
631 31
632 31
633 31
634 31
635 31
636 31
637 31
638 31
639 31
640 31
641 31
642 31
643 31
644 31
645 31
646 31
647 31
648 31
649 31
650 31
651 31
652 31
653 31
654 31
655 31
656 31
657 31
658 31
659 31
660 31
661 31
662 31
663 31
664 31
665 31
666 31
667 31
668 31
669 31
670 31
671 31
672 31
673 31
674 31
675 31
676 31
677 31
678 31
679 31
680 31
681 31
682 31
683 31
684 31
685 31
686 31
687 31
688 31
689 31
690 31
691 31
692 31
693 31
694 31
695 31
696 31
697 31
698 31
699 31
700 31
701 31
702 31
703 31
704 31
705 31
706 31
707 31
708 31
709 31
710 31
711 31
712 31
713 31
714 31
715 31
716 31
717 31
718 31
719 31
720 31
721 31
722 31
723 31
724 31
725 31
726 31
727 31
728 31
729 31
730 31
731 31
732 31
733 31
734 31
735 31
736 31
737 31
738 31
739 31
740 31
741 31
742 31
743 31
744 31
745 31
746 31
747 31
748 31
749 31
750 31
751 31
752 31
753 31
754 31
755 31
756 31
757 31
758 31
759 31
760 31
761 31
762 31
763 31
764 31
765 31
766 31
767 31
768 31
769 31
770 31
771 31
772 31
773 31
774 31
775 31
776 31
777 31
778 31
779 31
780 31
781 31
782 31
783 31
784 31
785 31
786 31
787 31
788 31
789 31
790 31
791 31
792 31
793 31
794 31
795 31
796 31
797 31
798 31
799 31
800 31
801 31
802 31
803 31
804 31
805 31
806 31
807 31
808 31
809 31
810 31
811 31
812 31
813 31
814 31
815 31
816 31
817 31
818 31
819 31
820 31
821 31
822 31
823 31
824 31
825 31
826 31
827 31
828 31
829 31
830 31
831 31
832 31
833 31
834 31
835 31
836 31
837 31
838 31
839 31
840 31
841 31
842 31
843 31
844 31
845 31
846 31
847 31
848 31
849 31
850 31
851 31
852 31
853 31
854 31
855 31
856 31
857 31
858 31
859 31
860 31
861 31
862 31
863 31
864 31
865 31
866 31
867 31
868 31
869 31
870 31
871 31
872 31
873 31
874 31
875 31
876 31
877 31
878 31
879 31
880 31
881 31
882 31
883 31
884 31
885 31
886 31
887 31
888 31
889 31
890 31
891 31
892 31
893 31
894 31
895 31
896 31
897 31
898 31
899 31
900 31
901 31
902 31
903 31
904 31
905 31
906 31
907 31
908 31
909 31
910 31
911 31
912 31
913 31
914 31
915 31
916 31
917 31
918 31
919 31
920 31
921 31
922 31
923 31
924 31
925 31
926 31
927 31
928 31
929 31
930 31
931 31
932 31
933 31
934 31
935 31
936 31
937 31
938 31
939 31
940 31
941 31
942 31
943 31
944 31
945 31
946 31
947 31
948 31
949 31
950 31
951 31
952 31
953 31
954 31
955 31
956 31
957 31
958 31
959 31
960 31
961 31
962 31
963 31
964 31
965 31
966 31
967 31
968 31
969 31
970 31
971 31
972 31
973 31
974 31
975 31
976 31
977 31
978 31
979 31
980 31
981 31
982 31
983 31
984 31
985 31
986 31
987 31
988 31
989 31
990 31
991 31
992 31
993 31
994 31
995 31
996 31
997 31
998 31
999 31
1000 31
1001 31
1002 31
1003 31
1004 31
1005 31
1006 31
1007 31
1008 31
1009 31
1010 31
1011 31
1012 31
1013 31
1014 31
1015 31
1016 31
1017 31
1018 31
1019 31
1020 31
1021 31
1022 31
1023 31
1024 31
1025 31
1026 31
1027 31
1028 31
1029 31
1030 31
1031 31
1032 31
1033 31
1034 31
1035 31
1036 31
1037 31
1038 31
1039 31
1040 31
1041 31
1042 31
1043 31
1044 31
1045 31
1046 31
1047 31
1048 31
1049 31
1050 31
1051 31
1052 31
1053 31
1054 31
1055 31
1056 31
1057 31
1058 31
1059 31
1060 31
1061 31
1062 31
1063 31
1064 31
1065 31
1066 31
1067 31
1068 31
1069 31
1070 31
1071 31
1072 31
1073 31
1074 31
1075 31
1076 31
1077 31
1078 31
1079 31
1080 31
1081 31
1082 31
1083 31
1084 31
1085 31
1086 31
1087 31
1088 31
1089 31
1090 31
1091 31
1092 31
1093 31
1094 31
1095 31
1096 31
1097 31
1098 31
1099 31
1100 31
1101 31
1102 31
1103 31
1104 31
1105 31
1106 31
1107 31
1108 31
1109 31
1110 31
1111 31
1112 31
1113 31
1114 31
1115 31
1116 31
1117 31
1118 31
1119 31
1120 31
1121 31
1122 31
1123 31
1124 31
1125 31
1126 31
1127 31
1128 31
1129 31
1130 31
1131 31
1132 31
1133 31
1134 31
1135 31
1136 31
1137 31
1138 31
1139 31
1140 31
1141 31
1142 31
1143 31
1144 31
1145 31
1146 31
1147 31
1148 31
1149 31
1150 31
1151 31
1152 31
1153 31
1154 31
1155 31
1156 31
1157 31
1158 31
1159 31
1160 31
1161 31
1162 31
1163 31
1164 31
1165 31
1166 31
1167 31
1168 31
1169 31
1170 31
1171 31
1172 31
1173 31
1174 31
1175 31
1176 31
1177 31
1178 31
1179 31
1180 31
1181 31
1182 31
1183 31
1184 31
1185 31
1186 31
1187 31
1188 31
1189 31
1190 31
1191 31
1192 31
1193 31
1194 31
1195 31
1196 31
1197 31
1198 31
1199 31
1200 31
1201 31
1202 31
1203 31
1204 31
1205 31
1206 31
1207 31
1208 31
1209 31
1210 31
1211 31
1212 31
1213 31
1214 31
1215 31
1216 31
1217 31
1218 31
1219 31
1220 31
1221 31
1222 31
1223 31
1224 31
1225 31
1226 31
1227 31
1228 31
1229 31
1230 31
1231 31
1232 31
1233 31
1234 31
1235 31
1236 31
1237 31
1238 31
1239 31
1240 31
1241 31
1242 31
1243 31
1244 31
1245 31
1246 31
1247 31
1248 31
1249 31
1250 31
1251 31
1252 31
1253 31
1254 31
1255 31
1256 31
1257 31
1258 31
1259 31
1260 31
1261 31
1262 31
1263 31
1264 31
1265 31
1266 31
1267 31
1268 31
1269 31
1270 31
1271 31
1272 31
1273 31
1274 31
1275 31
1276 31
1277 31
1278 31
1279 31
1280 31
1281 31
1282 31
1283 31
1284 31
1285 31
1286 31
1287 31
1288 31
1289 31
1290 31
1291 31
1292 31
1293 31
1294 31
1295 31
1296 31
1297 31
1298 31
1299 31
1300 31
1301 31
1302 31
1303 31
1304 31
1305 31
1306 31
1307 31
1308 31
1309 31
1310 31
1311 31
