# A single LUT file assembled from several LUT files by merge_lookups.pl
#<header> V1 10 9 </header>
# LUT data extracted from file tauCalibrationLUTBarrelA.txt, will offset address by 0x0
#Min 0
#Max 2
#CutOff 100
#First value E+H (directly in GeV) Second number is the multiplicate coefficient on 9 bits between Min and Max 
0 40
1 40
2 40
3 40
4 40
5 80
6 120
7 162
8 205
9 250
10 287
11 316
12 342
13 362
14 382
15 398
16 414
17 424
18 434
19 439
20 444
21 445
22 445
23 443
24 440
25 436
26 432
27 428
28 424
29 420
30 416
31 413
32 410
33 407
34 404
35 402
36 399
37 396
38 393
39 391
40 388
41 385
42 382
43 380
44 377
45 375
46 372
47 370
48 368
49 366
50 364
51 362
52 360
53 358
54 356
55 355
56 353
57 351
58 350
59 348
60 346
61 345
62 343
63 342
64 341
65 339
66 338
67 337
68 336
69 335
70 334
71 333
72 332
73 331
74 330
75 329
76 328
77 327
78 326
79 325
80 324
81 323
82 323
83 322
84 321
85 320
86 320
87 319
88 319
89 318
90 317
91 317
92 316
93 315
94 315
95 314
96 313
97 313
98 312
99 312
100 312
101 312
102 312
103 312
104 312
105 312
106 312
107 312
108 312
109 312
110 312
111 312
112 312
113 312
114 312
115 312
116 312
117 312
118 312
119 312
120 312
121 312
122 312
123 312
124 312
125 312
126 312
127 312
# LUT data extracted from file tauCalibrationLUTBarrelB.txt, will offset address by 0x80
#Min 0
#Max 2
#CutOff 100
#First value E+H (directly in GeV) Second number is the multiplicate coefficient on 9 bits between Min and Max 
128 83
129 83
130 83
131 83
132 83
133 161
134 231
135 289
136 333
137 363
138 379
139 387
140 393
141 395
142 397
143 397
144 397
145 396
146 394
147 392
148 390
149 388
150 386
151 383
152 381
153 378
154 376
155 373
156 370
157 368
158 365
159 363
160 361
161 359
162 357
163 355
164 353
165 351
166 350
167 348
168 347
169 345
170 344
171 343
172 341
173 340
174 339
175 338
176 337
177 335
178 334
179 333
180 332
181 331
182 329
183 328
184 327
185 326
186 325
187 324
188 323
189 323
190 322
191 321
192 320
193 320
194 319
195 318
196 317
197 317
198 316
199 316
200 315
201 315
202 314
203 314
204 313
205 312
206 312
207 311
208 310
209 309
210 308
211 307
212 307
213 306
214 305
215 305
216 305
217 305
218 305
219 305
220 305
221 305
222 306
223 305
224 305
225 304
226 304
227 303
228 303
229 303
230 303
231 303
232 303
233 303
234 303
235 303
236 303
237 303
238 303
239 303
240 303
241 303
242 303
243 303
244 303
245 303
246 303
247 303
248 303
249 303
250 303
251 303
252 303
253 303
254 303
255 303
# LUT data extracted from file tauCalibrationLUTBarrelC.txt, will offset address by 0x100
#Min 0
#Max 2
#CutOff 100
#First value E+H (directly in GeV) Second number is the multiplicate coefficient on 9 bits between Min and Max 
256 93
257 93
258 93
259 93
260 93
261 179
262 252
263 308
264 347
265 371
266 381
267 386
268 389
269 390
270 390
271 389
272 388
273 386
274 384
275 381
276 378
277 374
278 371
279 367
280 362
281 358
282 354
283 350
284 346
285 342
286 338
287 335
288 331
289 328
290 325
291 322
292 319
293 316
294 314
295 311
296 309
297 307
298 304
299 302
300 300
301 299
302 297
303 295
304 293
305 291
306 289
307 288
308 286
309 284
310 283
311 281
312 280
313 278
314 277
315 276
316 275
317 274
318 273
319 273
320 272
321 272
322 272
323 271
324 271
325 270
326 270
327 269
328 269
329 268
330 267
331 266
332 265
333 264
334 263
335 263
336 262
337 261
338 261
339 261
340 261
341 261
342 261
343 262
344 262
345 262
346 263
347 263
348 264
349 264
350 264
351 264
352 264
353 264
354 263
355 263
356 263
357 263
358 263
359 263
360 263
361 263
362 263
363 263
364 263
365 263
366 263
367 263
368 263
369 263
370 263
371 263
372 263
373 263
374 263
375 263
376 263
377 263
378 263
379 263
380 263
381 263
382 263
383 263
# LUT data extracted from file tauCalibrationLUTEndcapsA.txt, will offset address by 0x180
#Min 0
#Max 2
#CutOff 100
#First value E+H (directly in GeV) Second number is the multiplicate coefficient on 9 bits between Min and Max 
384 39
385 39
386 39
387 39
388 39
389 83
390 134
391 189
392 249
393 309
394 356
395 391
396 421
397 443
398 465
399 482
400 498
401 509
402 520
403 526
404 532
405 534
406 535
407 534
408 532
409 528
410 524
411 519
412 514
413 509
414 504
415 499
416 494
417 489
418 485
419 480
420 476
421 472
422 468
423 465
424 461
425 458
426 455
427 452
428 449
429 446
430 444
431 441
432 439
433 436
434 434
435 432
436 429
437 427
438 425
439 422
440 420
441 417
442 415
443 413
444 410
445 408
446 406
447 404
448 401
449 399
450 398
451 396
452 394
453 393
454 392
455 391
456 390
457 389
458 388
459 388
460 387
461 386
462 386
463 385
464 384
465 382
466 381
467 380
468 378
469 377
470 375
471 373
472 372
473 370
474 369
475 368
476 367
477 366
478 365
479 364
480 363
481 362
482 361
483 360
484 360
485 360
486 360
487 360
488 360
489 360
490 360
491 360
492 360
493 360
494 360
495 360
496 360
497 360
498 360
499 360
500 360
501 360
502 360
503 360
504 360
505 360
506 360
507 360
508 360
509 360
510 360
511 360
# LUT data extracted from file tauCalibrationLUTEndcapsB.txt, will offset address by 0x200
#Min 0
#Max 2
#CutOff 100
#First value E+H (directly in GeV) Second number is the multiplicate coefficient on 9 bits between Min and Max 
512 81
513 81
514 81
515 81
516 81
517 159
518 229
519 285
520 329
521 364
522 386
523 400
524 411
525 419
526 426
527 431
528 436
529 439
530 441
531 441
532 442
533 440
534 438
535 435
536 433
537 429
538 425
539 422
540 418
541 414
542 410
543 407
544 404
545 401
546 398
547 395
548 392
549 390
550 387
551 385
552 383
553 381
554 378
555 376
556 374
557 372
558 370
559 368
560 366
561 364
562 362
563 361
564 359
565 358
566 356
567 355
568 354
569 353
570 352
571 352
572 351
573 350
574 350
575 349
576 349
577 348
578 348
579 347
580 346
581 345
582 344
583 343
584 341
585 340
586 338
587 337
588 335
589 334
590 333
591 332
592 331
593 330
594 329
595 329
596 328
597 328
598 327
599 327
600 327
601 327
602 327
603 326
604 326
605 326
606 325
607 325
608 324
609 324
610 323
611 323
612 323
613 323
614 323
615 323
616 323
617 323
618 323
619 323
620 323
621 323
622 323
623 323
624 323
625 323
626 323
627 323
628 323
629 323
630 323
631 323
632 323
633 323
634 323
635 323
636 323
637 323
638 323
639 323
# LUT data extracted from file tauCalibrationLUTEndcapsC.txt, will offset address by 0x280
#Min 0
#Max 2
#CutOff 100
#First value E+H (directly in GeV) Second number is the multiplicate coefficient on 9 bits between Min and Max 
640 87
641 87
642 87
643 87
644 87
645 169
646 240
647 293
648 330
649 355
650 368
651 375
652 381
653 384
654 388
655 389
656 391
657 392
658 392
659 391
660 390
661 387
662 384
663 380
664 377
665 372
666 367
667 362
668 357
669 352
670 347
671 342
672 337
673 333
674 328
675 324
676 320
677 317
678 314
679 311
680 308
681 305
682 302
683 300
684 298
685 296
686 294
687 293
688 291
689 290
690 288
691 287
692 286
693 286
694 285
695 284
696 284
697 283
698 283
699 282
700 282
701 281
702 280
703 280
704 279
705 278
706 277
707 276
708 275
709 274
710 273
711 273
712 272
713 271
714 270
715 270
716 270
717 270
718 270
719 270
720 270
721 270
722 270
723 270
724 270
725 270
726 269
727 269
728 269
729 268
730 267
731 267
732 266
733 265
734 264
735 263
736 262
737 261
738 260
739 259
740 259
741 259
742 259
743 259
744 259
745 259
746 259
747 259
748 259
749 259
750 259
751 259
752 259
753 259
754 259
755 259
756 259
757 259
758 259
759 259
760 259
761 259
762 259
763 259
764 259
765 259
766 259
767 259
# LUT data extracted from file tauCalibrationLUTEta.txt, will offset address by 0x300
#Min 0.5
#Max 1.5
#First value is ieta from 0 to 55. Second number is the multiplicate coefficient on 9 bits between Min and Max 
768 162
769 162
770 162
771 162
772 162
773 162
774 153
775 153
776 153
777 153
778 153
779 206
780 206
781 206
782 206
783 206
784 201
785 204
786 199
787 185
788 178
789 185
790 185
791 165
792 170
793 173
794 167
795 170
796 168
797 173
798 172
799 170
800 175
801 179
802 169
803 184
804 187
805 179
806 186
807 193
808 206
809 206
810 206
811 206
812 206
813 157
814 157
815 157
816 157
817 157
818 157
819 175
820 175
821 175
822 175
823 175
824 256
825 256
826 256
827 256
828 256
829 256
830 256
831 256
