#Min 0
#Max 2
#CutOff 100
#First value E+H (directly in GeV) Second number is the multiplicate coefficient on 9 bits between Min and Max 
#anything after # is ignored with the exception of the header
#the header is first valid line starting with #<header> versionStr(unused but may be in future) nrBitsAddress nrBitsData </header>
#<header> V1 7 9 </header>
0 83
1 83
2 83
3 83
4 83
5 161
6 231
7 289
8 333
9 363
10 379
11 387
12 393
13 395
14 397
15 397
16 397
17 396
18 394
19 392
20 390
21 388
22 386
23 383
24 381
25 378
26 376
27 373
28 370
29 368
30 365
31 363
32 361
33 359
34 357
35 355
36 353
37 351
38 350
39 348
40 347
41 345
42 344
43 343
44 341
45 340
46 339
47 338
48 337
49 335
50 334
51 333
52 332
53 331
54 329
55 328
56 327
57 326
58 325
59 324
60 323
61 323
62 322
63 321
64 320
65 320
66 319
67 318
68 317
69 317
70 316
71 316
72 315
73 315
74 314
75 314
76 313
77 312
78 312
79 311
80 310
81 309
82 308
83 307
84 307
85 306
86 305
87 305
88 305
89 305
90 305
91 305
92 305
93 305
94 306
95 305
96 305
97 304
98 304
99 303
100 303
101 303
102 303
103 303
104 303
105 303
106 303
107 303
108 303
109 303
110 303
111 303
112 303
113 303
114 303
115 303
116 303
117 303
118 303
119 303
120 303
121 303
122 303
123 303
124 303
125 303
126 303
127 303
