#Min 0
#Max 2
#CutOff 100
#First value E+H (directly in GeV) Second number is the multiplicate coefficient on 9 bits between Min and Max 
#anything after # is ignored with the exception of the header
#the header is first valid line starting with #<header> versionStr(unused but may be in future) nrBitsAddress nrBitsData </header>
#<header> V1 7 9 </header>
0 39
1 39
2 39
3 39
4 39
5 83
6 134
7 189
8 249
9 309
10 356
11 391
12 421
13 443
14 465
15 482
16 498
17 509
18 520
19 526
20 532
21 534
22 535
23 534
24 532
25 528
26 524
27 519
28 514
29 509
30 504
31 499
32 494
33 489
34 485
35 480
36 476
37 472
38 468
39 465
40 461
41 458
42 455
43 452
44 449
45 446
46 444
47 441
48 439
49 436
50 434
51 432
52 429
53 427
54 425
55 422
56 420
57 417
58 415
59 413
60 410
61 408
62 406
63 404
64 401
65 399
66 398
67 396
68 394
69 393
70 392
71 391
72 390
73 389
74 388
75 388
76 387
77 386
78 386
79 385
80 384
81 382
82 381
83 380
84 378
85 377
86 375
87 373
88 372
89 370
90 369
91 368
92 367
93 366
94 365
95 364
96 363
97 362
98 361
99 360
100 360
101 360
102 360
103 360
104 360
105 360
106 360
107 360
108 360
109 360
110 360
111 360
112 360
113 360
114 360
115 360
116 360
117 360
118 360
119 360
120 360
121 360
122 360
123 360
124 360
125 360
126 360
127 360
