#Min 0
#Max 2
#CutOff 100
#First value E+H (directly in GeV) Second number is the multiplicate coefficient on 9 bits between Min and Max 
#anything after # is ignored with the exception of the header
#the header is first valid line starting with #<header> versionStr(unused but may be in future) nrBitsAddress nrBitsData </header>
#<header> V1 7 9 </header>
0 93
1 93
2 93
3 93
4 93
5 179
6 252
7 308
8 347
9 371
10 381
11 386
12 389
13 390
14 390
15 389
16 388
17 386
18 384
19 381
20 378
21 374
22 371
23 367
24 362
25 358
26 354
27 350
28 346
29 342
30 338
31 335
32 331
33 328
34 325
35 322
36 319
37 316
38 314
39 311
40 309
41 307
42 304
43 302
44 300
45 299
46 297
47 295
48 293
49 291
50 289
51 288
52 286
53 284
54 283
55 281
56 280
57 278
58 277
59 276
60 275
61 274
62 273
63 273
64 272
65 272
66 272
67 271
68 271
69 270
70 270
71 269
72 269
73 268
74 267
75 266
76 265
77 264
78 263
79 263
80 262
81 261
82 261
83 261
84 261
85 261
86 261
87 262
88 262
89 262
90 263
91 263
92 264
93 264
94 264
95 264
96 264
97 264
98 263
99 263
100 263
101 263
102 263
103 263
104 263
105 263
106 263
107 263
108 263
109 263
110 263
111 263
112 263
113 263
114 263
115 263
116 263
117 263
118 263
119 263
120 263
121 263
122 263
123 263
124 263
125 263
126 263
127 263
