 1   2   0
 1   1  -1
 1   0  -2
 1  -1   1
 1   5  10
 1  -2   8
 1  10   3
 1 -10  -4
 2  -2   0
 2  -2  -1
 2   1   2
 2 -10  -5
 2   5  10
 2   4  -6
 2  10   6
 5   0   2
 5  -2  -1
 5  -2   0
 5   5  10
 5  -2   8
 5  10   3
 5 -10  -4
 6   5  10
 6  -5   5
 6 -10  -6
 6  -5 -10
 6  10   5
 6   5  -5
27   1  10
27 -10  -9
27   9  -1
27   2   0
27   0   2
27  -2  -2
27   2   2
27  -2   0
27   0  -2
27   4  11
27  -11 -7
27   7  -4
27   5  11
27  -11 -6
27   6  -5
27   6  11
27 -11  -5
27   5  -6
27   7  11
27 -11  -4
27   4  -7
27   8  11
27 -11  -3
27   3  -8
27   9   0
27   0   9
27  -9  -9
27   9   9
27  -9   0
27   0  -9
27   9  10
27 -10  -1
27   1  -9
27  10   1
27  -1   9
27  -9 -10
27  10   9
27  -9   1
27  -1 -10
27  11   3
27  -3   8
27  -8 -11
27  11   4
27  -4   7
27  -7 -11
27  11   5
27  -5   6
27  -6 -11
27  11   6
27  -6   5
27  -5 -11
27  11   7
27  -7   4
27  -4 -11
27  11   8
27  -8   3
27  -3 -11
34   1  10
34  -9  -8
34   9   0
34   2   4
34  -3  -1
34   2  -1
34   3   1
34   0   3
34  -2  -2
34   3   3
34  -2   1
34   0  -2
34   3  11
34 -10  -7
34   8  -2
34   4  11
34 -10  -6
34   7  -3
34   5  11
34 -10  -5
34   6  -4
34   6  11
34 -10  -4
34   5  -5
34   7  11
34 -10  -3
34   4  -6
34   8  11
34 -10  -2
34   3  -7
34   9  10
34  -9   0
34   1  -8
34  10   2
34  -1   9
34  -8  -9
34  10   3
34  -2   8
34  -7  -9
34  10   8
34  -7   3
34  -2  -9
34  10   9
34  -8   2
34  -1  -9
34  11   5
34  -4   7
34  -6 -10
34  11   6
34  -5   6
34  -5 -10
34  11   7
34  -6   5
34  -4 -10
