7 0 64 60 -3 0.1
 0  2  0 0.466396 0.462913 0.0271066 0.0267688 0.0082650 0.0085500
 0  2  1 0.465921 0.462472 0.0265496 0.0278748 0.0087863 0.0083960
 0  2  2 0.462615 0.464187 0.0287134 0.0270304 0.0089917 0.0084623
 0  2  3 0.463061 0.461714 0.0288327 0.0281142 0.0088807 0.0093970
 0  2  4 0.462176 0.459989 0.0297620 0.0295890 0.0093254 0.0091585
 0  2  5 0.460744 0.458349 0.0310478 0.0298032 0.0101446 0.0099123
 0  2  6 0.457710 0.458529 0.0318297 0.0307338 0.0108629 0.0103351
 0  2  7 0.458647 0.452849 0.0328524 0.0330488 0.0113450 0.0112582
 0  2  8 0.454721 0.453432 0.0341260 0.0338622 0.0122728 0.0115861
 0  2  9 0.453425 0.450554 0.0357904 0.0347922 0.0128844 0.0125542
 0  2 10 0.450920 0.449566 0.0366646 0.0365993 0.0132415 0.0130092
 0  2 11 0.449657 0.447727 0.0378600 0.0366781 0.0141275 0.0139499
 0  2 12 0.447705 0.446037 0.0385398 0.0384879 0.0146690 0.0145621
 0  2 13 0.446147 0.445487 0.0394078 0.0390082 0.0148016 0.0151485
 0  2 14 0.445064 0.443178 0.0406753 0.0395009 0.0158296 0.0157521
 0  2 15 0.445171 0.441666 0.0409538 0.0399394 0.0161087 0.0161607
 0  2 16 0.442930 0.442321 0.0409637 0.0408459 0.0166015 0.0163378
 0  2 17 0.443530 0.440531 0.0412667 0.0408343 0.0173694 0.0164687
 0  2 18 0.442148 0.439265 0.0420376 0.0416444 0.0175353 0.0173699
 0  2 19 0.440106 0.440621 0.0420533 0.0418439 0.0173618 0.0180140
 0  2 20 0.440072 0.439268 0.0426511 0.0423245 0.0179073 0.0177773
 0  2 21 0.440629 0.437825 0.0427957 0.0420710 0.0183003 0.0183794
 0  2 22 0.439371 0.438482 0.0423850 0.0424716 0.0185703 0.0187198
 0  2 23 0.437318 0.438611 0.0431721 0.0428573 0.0194339 0.0186076
 0  2 24 0.439500 0.436827 0.0432414 0.0423468 0.0192772 0.0188077
 0  2 25 0.439285 0.437077 0.0427742 0.0420531 0.0192761 0.0195347
 0  2 26 0.437580 0.438457 0.0436458 0.0418289 0.0193351 0.0191540
 0  2 27 0.439045 0.436760 0.0432402 0.0423114 0.0192902 0.0193531
 0  2 28 0.438949 0.438408 0.0431305 0.0414874 0.0191085 0.0189169
 0  2 29 0.439181 0.437046 0.0425182 0.0422434 0.0195763 0.0194350
 0  2 30 0.440050 0.436149 0.0424592 0.0422831 0.0197288 0.0193293
 0  2 31 0.439539 0.436801 0.0432199 0.0416170 0.0196910 0.0191322
 0  2 32 0.439713 0.437416 0.0429965 0.0414926 0.0192778 0.0191046
 0  2 33 0.439554 0.437215 0.0424413 0.0421015 0.0195087 0.0191793
 0  2 34 0.437453 0.438656 0.0432668 0.0423518 0.0188673 0.0194048
 0  2 35 0.439439 0.437182 0.0430421 0.0425604 0.0189015 0.0188753
 0  2 36 0.438778 0.438082 0.0428808 0.0425617 0.0187216 0.0189753
 0  2 37 0.439555 0.437143 0.0432494 0.0425942 0.0190068 0.0184516
 0  2 38 0.438585 0.439279 0.0428398 0.0422511 0.0186190 0.0184263
 0  2 39 0.440733 0.438650 0.0424357 0.0423986 0.0179103 0.0178732
 0  2 40 0.441972 0.439441 0.0418752 0.0416746 0.0178422 0.0171947
 0  2 41 0.440858 0.440065 0.0422503 0.0416684 0.0177836 0.0173749
 0  2 42 0.441132 0.441828 0.0419991 0.0409493 0.0172201 0.0168720
 0  2 43 0.443348 0.442038 0.0410333 0.0411399 0.0162748 0.0161654
 0  2 44 0.442179 0.444589 0.0408107 0.0400488 0.0162712 0.0161009
 0  2 45 0.445176 0.443769 0.0402555 0.0395388 0.0157379 0.0155229
 0  2 46 0.445502 0.445298 0.0401722 0.0386601 0.0152965 0.0150707
 0  2 47 0.448808 0.4469 0.0384277 0.037464200 0.0141058 0.0142940
 0  2 48 0.449233 0.448548 0.0375721 0.0367746 0.0140350 0.0138373
 0  2 49 0.452964 0.448341 0.0364611 0.0359970 0.0131544 0.0130819
 0  2 50 0.453304 0.451014 0.0353957 0.0349104 0.0129890 0.0123873
 0  2 51 0.454485 0.453176 0.0353625 0.0336937 0.0120287 0.0112549
 0  2 52 0.456830 0.454791 0.0331446 0.0324876 0.0113645 0.0113828
 0  2 53 0.458254 0.456377 0.0324554 0.0315344 0.0106516 0.0107267
 0  2 54 0.458981 0.457458 0.0318471 0.0308945 0.0105123 0.0103074
 0  2 55 0.460536 0.460610 0.0296500 0.0296438 0.0101202 0.0094406
 0  2 56 0.465862 0.458421 0.0293090 0.0279632 0.0093304 0.0091142
 0  2 57 0.462779 0.464988 0.0277581 0.0270984 0.0089665 0.0084101
 0  2 58 0.465567 0.463168 0.0281917 0.0263110 0.0082767 0.0084857
 0  2 59 0.466195 0.466395 0.0259769 0.0253035 0.0081434 0.0079856
 2  4  0 0.439724 0.440860 0.0423688 0.0424145 0.0174307 0.0172021
 2  4  1 0.438567 0.434800 0.0451977 0.0444695 0.0186926 0.0182733
 2  4  2 0.433252 0.431765 0.0473191 0.0476180 0.0200692 0.0199767
 2  4  3 0.428760 0.427461 0.0492770 0.0498009 0.0225568 0.0221446
 2  4  4 0.425433 0.422974 0.0526393 0.0504521 0.0244285 0.0240732
 2  4  5 0.422101 0.415582 0.0548269 0.0544815 0.0266276 0.0263809
 2  4  6 0.416325 0.410228 0.0584274 0.0567007 0.0284804 0.0298387
 2  4  7 0.410483 0.408340 0.0605622 0.0587861 0.0307345 0.0310943
 2  4  8 0.404226 0.402363 0.0626096 0.0635608 0.0332780 0.0339620
 2  4  9 0.399159 0.397838 0.0647613 0.0643546 0.0372316 0.0366554
 2  4 10 0.391401 0.393733 0.0679464 0.0676934 0.0396309 0.0395947
 2  4 11 0.389485 0.387042 0.0699119 0.0688537 0.0423585 0.0423487
 2  4 12 0.382048 0.380662 0.0720868 0.0719893 0.0464985 0.0467151
 2  4 13 0.378135 0.374276 0.0740031 0.0759679 0.0488619 0.0487554
 2  4 14 0.371002 0.367123 0.0777617 0.0759732 0.0539979 0.0541426
 2  4 15 0.364433 0.363955 0.0765543 0.0787415 0.0586216 0.0576945
 2  4 16 0.358675 0.358285 0.0789358 0.0782691 0.0643650 0.0614704
 2  4 17 0.352136 0.351442 0.0818618 0.0787393 0.0680752 0.0677465
 2  4 18 0.347711 0.348098 0.0812277 0.0820027 0.0712552 0.0697053
 2  4 19 0.341476 0.340166 0.0855987 0.0817152 0.0756026 0.0754418
 2  4 20 0.341007 0.332894 0.0835077 0.0844121 0.0794770 0.0787019
 2  4 21 0.333987 0.331530 0.0852371 0.0823997 0.0832480 0.0835990
 2  4 22 0.326528 0.324602 0.0884706 0.0874415 0.0864456 0.0865120
 2  4 23 0.324967 0.319369 0.0901873 0.0856871 0.0895288 0.0902605
 2  4 24 0.317475 0.324335 0.0857190 0.0865766 0.0953159 0.0905787
 2  4 25 0.317971 0.321295 0.0871664 0.0881228 0.0915384 0.0939065
 2  4 26 0.311004 0.321352 0.0866026 0.0880738 0.0971950 0.0957729
 2  4 27 0.318780 0.318780 0.0843240 0.0860074 0.0980011 0.0941084
 2  4 28 0.321526 0.311109 0.0894287 0.0836166 0.0962277 0.0980919
 2  4 29 0.307108 0.318108 0.0900664 0.0858786 0.1004520 0.0983863
 2  4 30 0.311562 0.316043 0.0867130 0.0847524 0.1010530 0.0998768
 2  4 31 0.317521 0.316626 0.0881070 0.0867084 0.0980085 0.0930298
 2  4 32 0.314659 0.312869 0.0887742 0.0895640 0.0999895 0.0941449
 2  4 33 0.319154 0.312909 0.0893533 0.0857635 0.0979100 0.0949103
 2  4 34 0.324939 0.313562 0.0879126 0.0853944 0.0928141 0.0953773
 2  4 35 0.321509 0.319944 0.0884934 0.0829317 0.0931488 0.0939727
 2  4 36 0.327852 0.318652 0.0873485 0.0866095 0.0913021 0.0882353
 2  4 37 0.328373 0.327593 0.0889654 0.0833767 0.0871133 0.0845789
 2  4 38 0.329465 0.332871 0.0867971 0.0849786 0.0835931 0.0822942
 2  4 39 0.338078 0.328676 0.0843571 0.0862790 0.0820456 0.0805652
 2  4 40 0.346171 0.339683 0.0841558 0.0812570 0.0745393 0.0741942
 2  4 41 0.348139 0.344921 0.0813987 0.0836388 0.0706867 0.0712162
 2  4 42 0.351126 0.355565 0.0797209 0.0819313 0.0667142 0.0649422
 2  4 43 0.357569 0.357651 0.0797170 0.0786737 0.0638062 0.0625835
 2  4 44 0.363540 0.362261 0.0803994 0.0795318 0.0574576 0.0568105
 2  4 45 0.370593 0.369859 0.0763283 0.0752143 0.0533014 0.0547037
 2  4 46 0.376929 0.375092 0.0744446 0.0743142 0.0497048 0.0495152
 2  4 47 0.383506 0.378994 0.0726324 0.0715582 0.0470897 0.0462196
 2  4 48 0.387934 0.384943 0.0708215 0.0694298 0.0427298 0.0441413
 2  4 49 0.393241 0.394297 0.0676584 0.0667207 0.0387269 0.0393551
 2  4 50 0.399576 0.397995 0.0649284 0.0645668 0.0364749 0.0364581
 2  4 51 0.405321 0.403133 0.0619764 0.0611251 0.0351730 0.0332715
 2  4 52 0.410749 0.408205 0.0604991 0.0583624 0.0312916 0.0308929
 2  4 53 0.413182 0.413391 0.0577562 0.0572580 0.0295171 0.0288961
 2  4 54 0.421394 0.417911 0.0536217 0.0540306 0.0267227 0.0263208
 2  4 55 0.425881 0.422997 0.0512081 0.0516669 0.0241200 0.0241270
 2  4 56 0.429897 0.426958 0.0498300 0.0491374 0.0224280 0.0217495
 2  4 57 0.433660 0.432204 0.0475287 0.0460371 0.0205601 0.0200106
 2  4 58 0.437117 0.437205 0.0446307 0.0441899 0.0190204 0.0178376
 2  4 59 0.440036 0.439937 0.0430264 0.0417321 0.0179289 0.0173392
 4  6  0 0.414687 0.412704 0.0574399 0.0571034 0.0289663 0.0290986
 4  6  1 0.408150 0.408435 0.0605351 0.0593697 0.0320837 0.0314267
 4  6  2 0.405469 0.398054 0.0638096 0.0626134 0.0357565 0.0342974
 4  6  3 0.397679 0.396231 0.0666639 0.0656943 0.0372244 0.0365077
 4  6  4 0.393524 0.389274 0.0681964 0.0672639 0.0417648 0.0399762
 4  6  5 0.388439 0.382236 0.0723063 0.0693390 0.0447451 0.0429345
 4  6  6 0.376753 0.380950 0.0741027 0.0722621 0.0486472 0.0472851
 4  6  7 0.371103 0.374542 0.0774204 0.0753202 0.0509410 0.0506733
 4  6  8 0.364476 0.364820 0.0768596 0.0770659 0.0596269 0.0571520
 4  6  9 0.361561 0.357628 0.0784873 0.0805697 0.0602345 0.0615199
 4  6 10 0.352868 0.351947 0.0814887 0.0808267 0.0667799 0.0660891
 4  6 11 0.348780 0.345841 0.0817739 0.0824271 0.0711603 0.0700173
 4  6 12 0.341310 0.334681 0.0861326 0.0840730 0.0766955 0.0771074
 4  6 13 0.328114 0.335361 0.0855011 0.0817048 0.0847246 0.0845951
 4  6 14 0.328579 0.327158 0.0865350 0.0872456 0.0873471 0.0831345
 4  6 15 0.322746 0.321378 0.0839281 0.0862479 0.0932072 0.0924935
 4  6 16 0.318250 0.310147 0.0904267 0.0886339 0.0947293 0.0978128
 4  6 17 0.317023 0.306207 0.0855867 0.0874753 0.1024980 0.1012100
 4  6 18 0.296905 0.308777 0.0903116 0.0871317 0.1090740 0.1078020
 4  6 19 0.300378 0.301420 0.0954800 0.0877947 0.1079850 0.1069430
 4  6 20 0.296249 0.296566 0.0903624 0.0909954 0.1144170 0.1114100
 4  6 21 0.290126 0.311459 0.0847217 0.0893946 0.1145880 0.1097110
 4  6 22 0.290607 0.288894 0.0929550 0.0976027 0.1073870 0.1225540
 4  6 23 0.289293 0.286609 0.0951387 0.0912616 0.1195940 0.1181030
 4  6 24 0.288667 0.299002 0.0997862 0.0784034 0.1176050 0.1165360
 4  6 25 0.308299 0.280083 0.0933610 0.0829876 0.1199170 0.1153530
 4  6 26 0.281078 0.296056 0.1013480 0.0933600 0.1098350 0.1183230
 4  6 27 0.277625 0.306762 0.0989555 0.0885102 0.1181970 0.1099510
 4  6 28 0.293173 0.305221 0.0917958 0.0940906 0.1141710 0.1015490
 4  6 29 0.301549 0.284863 0.0977354 0.0965435 0.1102500 0.1090580
 4  6 30 0.285292 0.277023 0.1075010 0.0980508 0.0992321 0.1329000
 4  6 31 0.281835 0.294508 0.0820760 0.0935425 0.1249250 0.1231140
 4  6 32 0.287166 0.291979 0.1026740 0.0866310 0.1117650 0.1197860
 4  6 33 0.298614 0.286192 0.1084570 0.0836120 0.1156240 0.1075010
 4  6 34 0.284919 0.287489 0.0968295 0.0921165 0.1152530 0.1233930
 4  6 35 0.312414 0.280345 0.0862069 0.0948276 0.1189660 0.1072410
 4  6 36 0.311278 0.286617 0.0899248 0.0932331 0.1070680 0.1118800
 4  6 37 0.292875 0.291646 0.0960688 0.0882064 0.1162160 0.1149880
 4  6 38 0.298572 0.305420 0.0876541 0.0890237 0.1048720 0.1144590
 4  6 39 0.292465 0.308748 0.0862069 0.0878033 0.1136650 0.1111110
 4  6 40 0.308934 0.303511 0.0885618 0.0822360 0.1121870 0.1045700
 4  6 41 0.309178 0.310527 0.0864826 0.0810839 0.1050660 0.1076620
 4  6 42 0.315821 0.313336 0.0850189 0.0814193 0.1034450 0.1009600
 4  6 43 0.317015 0.313123 0.0895649 0.0859568 0.0985497 0.0957906
 4  6 44 0.326264 0.320442 0.0888136 0.0838234 0.0902394 0.0904176
 4  6 45 0.324860 0.328290 0.0879609 0.0832703 0.0889696 0.0866495
 4  6 46 0.329936 0.333435 0.0863555 0.0836870 0.0836870 0.0828995
 4  6 47 0.336826 0.339697 0.0822582 0.0850921 0.0794616 0.0766649
 4  6 48 0.344698 0.346048 0.0819456 0.0812545 0.0738827 0.0721714
 4  6 49 0.354336 0.350298 0.0827015 0.0796514 0.0667538 0.0662600
 4  6 50 0.359889 0.359991 0.0794105 0.0784399 0.0602539 0.0620163
 4  6 51 0.370142 0.361743 0.0782945 0.0770586 0.0560260 0.0567355
 4  6 52 0.374913 0.369954 0.0744498 0.0761712 0.0533424 0.0511701
 4  6 53 0.379289 0.379032 0.0739902 0.0727192 0.0465455 0.0484242
 4  6 54 0.381570 0.387138 0.0694641 0.0719402 0.0456170 0.0442709
 4  6 55 0.391620 0.387519 0.0705596 0.0690294 0.0409647 0.0403067
 4  6 56 0.398316 0.395280 0.0660424 0.0664802 0.0363685 0.0375125
 4  6 57 0.402948 0.400485 0.0641189 0.0624503 0.0345755 0.0354230
 4  6 58 0.409889 0.406922 0.0605433 0.0598327 0.0309325 0.0318800
 4  6 59 0.414736 0.410568 0.0577877 0.0586646 0.0285395 0.0297046
 6  8  0 0.391633 0.388944 0.0696598 0.0685760 0.0400617 0.0411247
 6  8  1 0.387228 0.384159 0.0711440 0.0696785 0.0447426 0.0430482
 6  8  2 0.379046 0.378133 0.0745561 0.0728057 0.0485033 0.0469559
 6  8  3 0.370391 0.371795 0.0775322 0.0744995 0.0527646 0.0530173
 6  8  4 0.366448 0.368426 0.0756382 0.0752928 0.0561399 0.0580552
 6  8  5 0.351511 0.363935 0.0800318 0.0822709 0.0620463 0.0602044
 6  8  6 0.357097 0.351379 0.0796481 0.0784086 0.0666933 0.0667733
 6  8  7 0.346979 0.345891 0.0830047 0.0824607 0.0713994 0.0702661
 6  8  8 0.342167 0.334782 0.0852669 0.0859477 0.0763631 0.0754727
 6  8  9 0.332550 0.330983 0.0863171 0.0849307 0.0833032 0.0819168
 6  8 10 0.329492 0.321363 0.0863142 0.0849710 0.0921815 0.0856779
 6  8 11 0.320895 0.326445 0.0852190 0.0828281 0.0929895 0.0916233
 6  8 12 0.316519 0.308163 0.0892693 0.0858045 0.0999694 0.1002750
 6  8 13 0.305872 0.306505 0.0936472 0.0850418 0.1047840 0.1041510
 6  8 14 0.307072 0.298077 0.0852978 0.0862283 0.1115070 0.1118180
 6  8 15 0.303727 0.293616 0.084655 0.08584460 0.1108250 0.1213320
 6  8 16 0.299329 0.297004 0.0934917 0.0903926 0.1066630 0.1131200
 6  8 17 0.292843 0.295469 0.0948785 0.0922521 0.1066970 0.1178590
 6  8 18 0.292165 0.296591 0.0876494 0.0916335 0.1212930 0.1106680
 6  8 19 0.295468 0.288405 0.0929959 0.0918187 0.1183050 0.1130080
 6  8 20 0.308692 0.291633 0.0885459 0.0820471 0.1112920 0.1177900
 6  8 21 0.262658 0.275316 0.1002110 0.1033760 0.1339660 0.1244730
 6  8 22 0.315579 0.275632 0.0865513 0.0905459 0.1118510 0.1198400
 6  8 23 0.265000 0.301667 0.1133330 0.1050000 0.1233330 0.0916667
 6  8 24 0.296371 0.326613 0.0846774 0.0967742 0.1169350 0.0786290
 6  8 25 0.244156 0.290909 0.1142860 0.1038960 0.1246750 0.1220780
 6  8 26 0.292035 0.271386 0.1179940 0.1120940 0.0943953 0.1120940
 6  8 27 0.301418 0.322695 0.1028370 0.0921986 0.1134750 0.0673759
 6  8 28 0.294606 0.282158 0.1203320 0.0746888 0.1286310 0.0995851
 6  8 29 0.299145 0.282051 0.1324790 0.1068380 0.0897436 0.0897436
 6  8 30 0.315985 0.275093 0.0929368 0.1003720 0.1152420 0.1003720
 6  8 31 0.282686 0.300353 0.1236750 0.0989399 0.0918728 0.1024730
 6  8 32 0.243816 0.339223 0.1024730 0.1024730 0.1060070 0.1060070
 6  8 33 0.323699 0.277457 0.1156070 0.0895954 0.1213870 0.0722543
 6  8 34 0.283582 0.261194 0.1194030 0.1243780 0.1144280 0.0970149
 6  8 35 0.314894 0.268085 0.1063830 0.1191490 0.0914894 0.1000000
 6  8 36 0.280543 0.298643 0.1070890 0.0784314 0.1025640 0.1327300
 6  8 37 0.297129 0.303371 0.1036200 0.0786517 0.1298380 0.0873908
 6  8 38 0.285024 0.293720 0.1014490 0.0927536 0.1004830 0.1265700
 6  8 39 0.285925 0.302137 0.1053800 0.0950626 0.1039060 0.1075900
 6  8 40 0.286533 0.299713 0.0916905 0.0865330 0.1226360 0.1128940
 6  8 41 0.297797 0.262555 0.0916300 0.1039650 0.1259910 0.1180620
 6  8 42 0.286530 0.306349 0.0870003 0.0903594 0.1162240 0.1135370
 6  8 43 0.287131 0.300865 0.0839268 0.0867243 0.1238560 0.1174970
 6  8 44 0.304433 0.306207 0.0865025 0.0910345 0.1081770 0.1036450
 6  8 45 0.304272 0.317515 0.0832414 0.0930159 0.1010560 0.1008990
 6  8 46 0.306898 0.297553 0.0891430 0.0924628 0.1100450 0.1038980
 6  8 47 0.322626 0.314369 0.0866982 0.0825697 0.0981774 0.0955594
 6  8 48 0.316369 0.329050 0.0836483 0.0873436 0.0947342 0.0888553
 6  8 49 0.321436 0.325958 0.0924650 0.0859250 0.0859946 0.0882210
 6  8 50 0.332191 0.333454 0.0802670 0.0835738 0.0830327 0.0874820
 6  8 51 0.341711 0.336956 0.0862637 0.0830242 0.0771723 0.0748733
 6  8 52 0.341004 0.346632 0.0829248 0.0834695 0.0728032 0.0731663
 6  8 53 0.355488 0.349655 0.0818189 0.0790810 0.0648758 0.0690818
 6  8 54 0.360983 0.362086 0.0804557 0.0769669 0.0594874 0.0600214
 6  8 55 0.364370 0.365610 0.0790285 0.0770576 0.0571892 0.0567441
 6  8 56 0.373843 0.374071 0.0776572 0.0716463 0.0514486 0.0513346
 6  8 57 0.383327 0.373869 0.0736550 0.0711380 0.0503153 0.0476965
 6  8 58 0.383628 0.384980 0.0694152 0.0703548 0.0465212 0.0451004
 6  8 59 0.396314 0.387725 0.0666500 0.0685263 0.0395480 0.0412367
 8 10  0 0.372392 0.377483 0.0759412 0.0750090 0.0482969 0.0508785
 8 10  1 0.370789 0.364328 0.0792707 0.0759017 0.0547761 0.0549346
 8 10  2 0.360168 0.364042 0.0777998 0.0787458 0.0587440 0.0605009
 8 10  3 0.358206 0.354297 0.0799800 0.0775244 0.0645953 0.0653971
 8 10  4 0.349675 0.347197 0.0807650 0.0833573 0.0701653 0.0688404
 8 10  5 0.344188 0.339183 0.0821433 0.0813426 0.0746030 0.0785400
 8 10  6 0.334689 0.334305 0.0828856 0.0844206 0.0800460 0.0836531
 8 10  7 0.330113 0.326803 0.0849884 0.0869565 0.0845411 0.0865987
 8 10  8 0.318052 0.326329 0.0847925 0.0871272 0.0899926 0.0937069
 8 10  9 0.308808 0.319594 0.0878274 0.0891115 0.0978428 0.0968156
 8 10 10 0.312452 0.312142 0.0960557 0.0822892 0.0988399 0.0982212
 8 10 11 0.298616 0.308993 0.0882014 0.0816679 0.1151040 0.1074170
 8 10 12 0.302302 0.292475 0.0969744 0.0832687 0.1158520 0.1091290
 8 10 13 0.297315 0.285527 0.0916830 0.0916830 0.1218070 0.1119840
 8 10 14 0.299302 0.279232 0.0938045 0.0907504 0.1186740 0.1182370
 8 10 15 0.291066 0.266859 0.1037460 0.0899135 0.1181560 0.1302590
 8 10 16 0.285483 0.276561 0.1086780 0.0900243 0.1192210 0.1200320
 8 10 17 0.310811 0.283784 0.1047300 0.0900901 0.1002250 0.1103600
 8 10 18 0.278963 0.280488 0.0929878 0.0945122 0.1051830 0.1478660
 8 10 19 0.346154 0.252137 0.1132480 0.0790598 0.1004270 0.1089740
 8 10 20 0.309659 0.292614 0.1079550 0.0823864 0.0937500 0.1136360
 8 10 21 0.314607 0.288390 0.1198500 0.0898876 0.0936330 0.0936330
 8 10 22 0.231214 0.323699 0.1271680 0.1271680 0.1156070 0.0751445
 8 10 23 0.248227 0.297872 0.1063830 0.1134750 0.1276600 0.1063830
 8 10 24 0.285714 0.269841 0.1666670 0.1349210 0.0793651 0.0634921
 8 10 25 0.287129 0.356436 0.1188120 0.1089110 0.0792079 0.0495050
 8 10 26 0.298701 0.259740 0.1688310 0.1428570 0.0779221 0.0519481
 8 10 27 0.312500 0.325000 0.1000000 0.0875000 0.0875000 0.0875000
 8 10 28 0.405405 0.189189 0.0945946 0.0945946 0.1621620 0.0540541
 8 10 29 0.257143 0.328571 0.1285710 0.1428570 0.0714286 0.0714286
 8 10 30 0.281250 0.296875 0.1562500 0.0937500 0.0781250 0.0937500
 8 10 31 0.315789 0.302632 0.1447370 0.0526316 0.1315790 0.0526316
 8 10 32 0.287671 0.260274 0.1232880 0.1643840 0.1095890 0.0547945
 8 10 33 0.259259 0.246914 0.1358020 0.1234570 0.0864198 0.1481480
 8 10 34 0.356436 0.237624 0.1089110 0.1287130 0.0594059 0.1089110
 8 10 35 0.235294 0.378151 0.1344540 0.0924370 0.0504202 0.1092440
 8 10 36 0.328000 0.248000 0.0960000 0.0960000 0.1040000 0.1280000
 8 10 37 0.296875 0.302083 0.0677083 0.1093750 0.1197920 0.1041670
 8 10 38 0.315385 0.300000 0.1000000 0.0961538 0.0923077 0.0961538
 8 10 39 0.295652 0.278261 0.1159420 0.1101450 0.0840580 0.1159420
 8 10 40 0.277108 0.293173 0.1204820 0.0783133 0.1104420 0.1204820
 8 10 41 0.307238 0.280650 0.0871492 0.1122600 0.1152140 0.0974889
 8 10 42 0.258526 0.281628 0.1067110 0.1023100 0.1485150 0.1023100
 8 10 43 0.313647 0.269753 0.0766161 0.1037510 0.1205110 0.1157220
 8 10 44 0.287631 0.287048 0.1085180 0.0915986 0.1166860 0.1085180
 8 10 45 0.290470 0.294632 0.0952975 0.0973783 0.1152730 0.1069500
 8 10 46 0.324252 0.281063 0.0837209 0.0847176 0.1132890 0.1129570
 8 10 47 0.294737 0.307466 0.0876377 0.0910649 0.1072220 0.1118730
 8 10 48 0.303533 0.298007 0.0892047 0.0848628 0.1150580 0.1093350
 8 10 49 0.311993 0.305434 0.0950968 0.0782324 0.1014990 0.1077450
 8 10 50 0.317742 0.325451 0.0816567 0.0849229 0.0973347 0.0928926
 8 10 51 0.329030 0.322157 0.0847564 0.0847564 0.0877759 0.0915244
 8 10 52 0.331404 0.320354 0.0890117 0.0830483 0.0899763 0.0862054
 8 10 53 0.335562 0.332067 0.0891337 0.0839666 0.0803951 0.0788754
 8 10 54 0.342359 0.345784 0.0795477 0.0827141 0.0760582 0.0735380
 8 10 55 0.346970 0.350630 0.0837934 0.0783311 0.0717648 0.0685107
 8 10 56 0.358745 0.353659 0.0782180 0.0775568 0.0674363 0.0643849
 8 10 57 0.364895 0.358019 0.0792581 0.0780819 0.0589459 0.0608007
 8 10 58 0.368763 0.367416 0.0797765 0.0757738 0.0563944 0.0518765
 8 10 59 0.371967 0.373357 0.0731108 0.0736808 0.0545480 0.0533367
10 20  0 0.336639 0.336826 0.0853805 0.0824983 0.0796670 0.0789889
10 20  1 0.334978 0.327934 0.0843963 0.0837993 0.0840978 0.0847943
10 20  2 0.326441 0.323196 0.0875136 0.0829662 0.0917057 0.0881768
10 20  3 0.320050 0.317673 0.0891225 0.0847395 0.0944510 0.0939640
10 20  4 0.316989 0.313469 0.0888657 0.0875762 0.0971598 0.0959401
10 20  5 0.313586 0.312149 0.0873634 0.0901928 0.0979846 0.0987246
10 20  6 0.304763 0.305511 0.0907829 0.0882196 0.1077650 0.1029580
10 20  7 0.303537 0.301618 0.0882917 0.0913765 0.1076910 0.1074860
10 20  8 0.301094 0.300912 0.0908842 0.0849590 0.1097540 0.1123970
10 20  9 0.308933 0.289833 0.0886226 0.0911140 0.1136550 0.1078420
10 20 10 0.294535 0.299694 0.0910850 0.0872159 0.1154280 0.1120430
10 20 11 0.291245 0.304582 0.0894816 0.0939987 0.1146480 0.1060440
10 20 12 0.281014 0.297917 0.0953818 0.0974947 0.1113790 0.1168130
10 20 13 0.298674 0.289260 0.0975610 0.0898588 0.1044070 0.1202400
10 20 14 0.294360 0.289072 0.1145710 0.0910693 0.0992949 0.1116330
10 20 15 0.291150 0.297767 0.1124900 0.0942928 0.1058730 0.0984285
10 20 16 0.259472 0.287026 0.1182550 0.1113660 0.1205510 0.1033300
10 20 17 0.297697 0.282895 0.1052630 0.0921053 0.1134870 0.1085530
10 20 18 0.297170 0.273585 0.1297170 0.0896226 0.0943396 0.1155660
10 20 19 0.296928 0.310580 0.1092150 0.1194540 0.0784983 0.0853242
10 20 20 0.305699 0.310881 0.1036270 0.1088080 0.0880829 0.0829016
10 20 21 0.309524 0.250000 0.1190480 0.1488100 0.1071430 0.0654762
10 20 22 0.340741 0.281481 0.0888889 0.1037040 0.0740741 0.1111110
10 20 23 0.256637 0.309735 0.1327430 0.0973451 0.1150440 0.0884956
10 20 24 0.269231 0.256410 0.1153850 0.1538460 0.1025640 0.1025640
10 20 25 0.276596 0.287234 0.1063830 0.0957447 0.1276600 0.1063830
10 20 26 0.298507 0.313433 0.1194030 0.1044780 0.0597015 0.1044780
10 20 27 0.211268 0.352113 0.1408450 0.1267610 0.1126760 0.0563380
10 20 28 0.256410 0.307692 0.1794870 0.0769231 0.1282050 0.0512821
10 20 29 0.346939 0.326531 0.1020410 0.1836730 0.0500000 0.0408163
10 20 30 0.282609 0.304348 0.0869565 0.1304350 0.0652174 0.1304350
10 20 31 0.283019 0.320755 0.1320750 0.1509430 0.0754717 0.0377358
10 20 32 0.233333 0.283333 0.1666670 0.1500000 0.0500000 0.1166670
10 20 33 0.290909 0.309091 0.1272730 0.1272730 0.1090910 0.0363636
10 20 34 0.241935 0.403226 0.1129030 0.0645161 0.1129030 0.0645161
10 20 35 0.270270 0.405405 0.0945946 0.0540541 0.1081080 0.0675676
10 20 36 0.298969 0.278351 0.1340210 0.1649480 0.0412371 0.0824742
10 20 37 0.258278 0.298013 0.1456950 0.1324500 0.0794702 0.0860927
10 20 38 0.226519 0.348066 0.1104970 0.1381220 0.1104970 0.0662983
10 20 39 0.269036 0.314721 0.1116750 0.1319800 0.0812183 0.0913706
10 20 40 0.289562 0.269360 0.1313130 0.1481480 0.0808081 0.0808081
10 20 41 0.277523 0.279817 0.0848624 0.1422020 0.0917431 0.1238530
10 20 42 0.295495 0.290090 0.0954955 0.1153150 0.0846847 0.1189190
10 20 43 0.303812 0.276906 0.1076230 0.0952915 0.1020180 0.1143500
10 20 44 0.280488 0.276132 0.1149830 0.0984321 0.1271780 0.1027870
10 20 45 0.293772 0.299647 0.1086960 0.0863690 0.0998825 0.1116330
10 20 46 0.290463 0.288880 0.0882469 0.0902256 0.1250490 0.1171350
10 20 47 0.289466 0.290063 0.0948970 0.0951955 0.1196660 0.1107130
10 20 48 0.288586 0.291180 0.0925205 0.0977086 0.1169480 0.1130570
10 20 49 0.289433 0.299754 0.0953481 0.0850277 0.1158350 0.1146030
10 20 50 0.303235 0.289582 0.0920147 0.0866223 0.1143870 0.1141580
10 20 51 0.302350 0.298259 0.0935596 0.0857267 0.1078330 0.1122720
10 20 52 0.304629 0.299311 0.0914297 0.0897252 0.1061570 0.1087480
10 20 53 0.308716 0.306561 0.0917906 0.0902284 0.0994398 0.1032640
10 20 54 0.310499 0.312446 0.0899688 0.0870694 0.1002680 0.0997490
10 20 55 0.317202 0.315413 0.0876299 0.0874578 0.0966820 0.0956151
10 20 56 0.324676 0.319510 0.0894172 0.0840516 0.0895884 0.0927564
10 20 57 0.327921 0.329978 0.0853460 0.0824286 0.0896265 0.0847004
10 20 58 0.336814 0.328690 0.0836438 0.0843373 0.0824746 0.0840401
10 20 59 0.339562 0.334584 0.0838646 0.0841337 0.0794073 0.0784485
20 64  0 0.342541 0.276243 0.1270720 0.0994475 0.0828729 0.0718232
20 64  1 0.353333 0.293333 0.0933333 0.1400000 0.0533333 0.0666667
20 64  2 0.224299 0.364486 0.1495330 0.0560748 0.0934579 0.1121500
20 64  3 0.283333 0.333333 0.1500000 0.1166670 0.0666667 0.0500000
20 64  4 0.281250 0.218750 0.2187500 0.1250000 0.0625000 0.0937500
20 64  5 0.200000 0.233333 0.2666670 0.0666667 0.0666667 0.1666670
20 64  6 0.277778 0.333333 0.0555556 0.2222220 0.1111110 0.0500000
20 64  7 0.453176 0.035363 0.0336937 0.0120287 0.0112549 0.4568300
20 64  8 0.166667 0.416667 0.0833333 0.0833333 0.0833333 0.1666670
20 64  9 0.033694 0.012029 0.0112549 0.4568300 0.4547910 0.0331446
20 64 10 0.012029 0.011255 0.4568300 0.4547910 0.0331446 0.0324876
20 64 11 0.011255 0.456830 0.4547910 0.0331446 0.0324876 0.0113645
20 64 12 0.456830 0.454791 0.0331446 0.0324876 0.0113645 0.0113828
20 64 13 0.454791 0.033145 0.0324876 0.0113645 0.0113828 0.4582540
20 64 14 0.033145 0.032488 0.0113645 0.0113828 0.4582540 0.4563770
20 64 15 0.032488 0.011365 0.0113828 0.4582540 0.4563770 0.0324554
20 64 16 0.011365 0.011383 0.4582540 0.4563770 0.0324554 0.0315344
20 64 17 0.011383 0.458254 0.4563770 0.0324554 0.0315344 0.0106516
20 64 18 0.458254 0.456377 0.0324554 0.0315344 0.0106516 0.0107267
20 64 19 0.456377 0.032455 0.0315344 0.0106516 0.0107267 0.4589810
20 64 20 0.032455 0.031534 0.0106516 0.0107267 0.4589810 0.4574580
20 64 21 0.031534 0.010652 0.0107267 0.4589810 0.4574580 0.0318471
20 64 22 0.010652 0.010727 0.4589810 0.4574580 0.0318471 0.0308945
20 64 23 0.010727 0.458981 0.4574580 0.0318471 0.0308945 0.0105123
20 64 24 0.458981 0.457458 0.0318471 0.0308945 0.0105123 0.0103074
20 64 25 0.457458 0.031847 0.0308945 0.0105123 0.0103074 0.4605360
20 64 26 0.031847 0.030895 0.0105123 0.0103074 0.4605360 0.4606100
20 64 27 0.030895 0.010512 0.0103074 0.4605360 0.4606100 0.0296500
20 64 28 0.010512 0.010307 0.4605360 0.4606100 0.0296500 0.0296438
20 64 29 0.010307 0.460536 0.4606100 0.0296500 0.0296438 0.0101202
20 64 30 0.460536 0.460610 0.0296500 0.0296438 0.0101202 0.0094406
20 64 31 0.460610 0.029650 0.0296438 0.0101202 0.0094406 0.4658620
20 64 32 0.029650 0.029644 0.0101202 0.0094406 0.4658620 0.4584210
20 64 33 0.029644 0.010120 0.0094406 0.4658620 0.4584210 0.0293090
20 64 34 0.010120 0.009441 0.4658620 0.4584210 0.0293090 0.0279632
20 64 35 0.009441 0.465862 0.4584210 0.0293090 0.0279632 0.0093304
20 64 36 0.465862 0.458421 0.0293090 0.0279632 0.0093304 0.0091142
20 64 37 0.458421 0.029309 0.0279632 0.0093304 0.0091142 0.4627790
20 64 38 0.029301 0.027963 0.0093304 0.0091142 0.4627790 0.4649880
20 64 39 0.027963 0.009330 0.0091142 0.4627790 0.4649880 0.0277581
20 64 40 0.009330 0.009114 0.4627790 0.4649880 0.0277581 0.0270984
20 64 41 0.009114 0.462779 0.4649880 0.0277581 0.0270984 0.0089665
20 64 42 0.462779 0.464988 0.0277581 0.0270984 0.0089665 0.0084101
20 64 43 0.464988 0.027758 0.0270984 0.0089665 0.0084101 0.4655670
20 64 44 0.027758 0.027098 0.0089665 0.0084101 0.4655670 0.4631680
20 64 45 0.027098 0.008967 0.0084101 0.4655670 0.4631680 0.0281917
20 64 46 0.008967 0.008410 0.4655670 0.4631680 0.0281917 0.0263110
20 64 47 0.008410 0.465567 0.4631680 0.0281917 0.0263110 0.0082767
20 64 48 0.465567 0.463168 0.0281917 0.0263110 0.0082767 0.0084857
20 64 49 0.463168 0.028192 0.0263110 0.0082767 0.0084857 0.4661950
20 64 50 0.028192 0.026311 0.0082767 0.0084857 0.4661950 0.4663950
20 64 51 0.026311 0.008277 0.0084857 0.4661950 0.4663950 0.0259769
20 64 52 0.285714 0.214286 0.2142860 0.0714286 0.1428570 0.0714286
20 64 53 0.322581 0.322581 0.1290320 0.0967742 0.0322581 0.0967742
20 64 54 0.451613 0.193548 0.0322581 0.1935480 0.1290320 0.0100000
20 64 55 0.314286 0.314286 0.1142860 0.0857143 0.1142860 0.0571429
20 64 56 0.301887 0.301887 0.1698110 0.1320750 0.0943396 0.0100000
20 64 57 0.265306 0.357143 0.1020410 0.1326530 0.0510204 0.0918367
20 64 58 0.257353 0.367647 0.0808824 0.0882353 0.1323530 0.0735294
20 64 59 0.282486 0.338983 0.1355930 0.0790960 0.1073450 0.0564972
