369136838 1
369136837 1
369136842 1
369136841 1
436248838 1
436248837 1
436248842 1
436248841 1
436248846 1
436248845 1
436248849 1
436248853 1
436248858 1
470050373 1
470050378 1
470050436 1
470050508 1
470050532 1
470066757 1
470066762 1
470066820 1
470066892 1
470066916 1
470083141 1
470083146 1
470083204 1
470083276 1
470083300 1
470078278 1
470078374 1
470078382 1
470094662 1
470094758 1
470111146 1
470111145 1
470131525 1
470132037 1
470132293 1
470132356 1
470132428 1
470132805 1
470132876 1
470132940 1
470128484 1
470128584 1
