-75 -100 0.375935
-70 -100 0.415198
-65 -100 0.464778
-60 -100 0.502081
-55 -100 0.54775
-50 -100 0.575457
-45 -100 0.595035
-40 -100 0.602551
-35 -100 0.59211
-30 -100 0.583121
-25 -100 0.582955
-20 -100 0.592346
-15 -100 0.586295
-10 -100 0.575283
-5 -100 0.568395
0 -100 0.568087
5 -100 0.585219
10 -100 0.589455
15 -100 0.605153
20 -100 0.605581
25 -100 0.623139
30 -100 0.619704
35 -100 0.620646
40 -100 0.612113
45 -100 0.596731
50 -100 0.57232
55 -100 0.548555
60 -100 0.506862
65 -100 0.45786
70 -100 0.40005
-75 -95 0.375935
-70 -95 0.415198
-65 -95 0.464778
-60 -95 0.502081
-55 -95 0.54775
-50 -95 0.575457
-45 -95 0.595035
-40 -95 0.602551
-35 -95 0.59211
-30 -95 0.583121
-25 -95 0.582955
-20 -95 0.592346
-15 -95 0.586295
-10 -95 0.575283
-5 -95 0.568395
0 -95 0.568087
5 -95 0.585219
10 -95 0.589455
15 -95 0.605153
20 -95 0.605581
25 -95 0.623139
30 -95 0.619704
35 -95 0.620646
40 -95 0.612113
45 -95 0.596731
50 -95 0.57232
55 -95 0.548555
60 -95 0.506862
65 -95 0.45786
70 -95 0.40005
-75 -90 0.431986
-70 -90 0.478862
-65 -90 0.541105
-60 -90 0.597417
-55 -90 0.630488
-50 -90 0.65814
-45 -90 0.674077
-40 -90 0.679461
-35 -90 0.680533
-30 -90 0.671623
-25 -90 0.672563
-20 -90 0.676253
-15 -90 0.669742
-10 -90 0.655085
-5 -90 0.652816
0 -90 0.657598
5 -90 0.660802
10 -90 0.679465
15 -90 0.681399
20 -90 0.69631
25 -90 0.695701
30 -90 0.704347
35 -90 0.698256
40 -90 0.68437
45 -90 0.671158
50 -90 0.650554
55 -90 0.619346
60 -90 0.576545
65 -90 0.505626
70 -90 0.450583
-75 -85 0.431986
-70 -85 0.478862
-65 -85 0.541105
-60 -85 0.597417
-55 -85 0.630488
-50 -85 0.65814
-45 -85 0.674077
-40 -85 0.679461
-35 -85 0.680533
-30 -85 0.671623
-25 -85 0.672563
-20 -85 0.676253
-15 -85 0.669742
-10 -85 0.655085
-5 -85 0.652816
0 -85 0.657598
5 -85 0.660802
10 -85 0.679465
15 -85 0.681399
20 -85 0.69631
25 -85 0.695701
30 -85 0.704347
35 -85 0.698256
40 -85 0.68437
45 -85 0.671158
50 -85 0.650554
55 -85 0.619346
60 -85 0.576545
65 -85 0.505626
70 -85 0.450583
-75 -80 0.494322
-70 -80 0.555341
-65 -80 0.637046
-60 -80 0.699328
-55 -80 0.740998
-50 -80 0.76289
-45 -80 0.77232
-40 -80 0.787728
-35 -80 0.783472
-30 -80 0.77768
-25 -80 0.777545
-20 -80 0.774894
-15 -80 0.762904
-10 -80 0.756131
-5 -80 0.751577
0 -80 0.755636
5 -80 0.762574
10 -80 0.774086
15 -80 0.790338
20 -80 0.790599
25 -80 0.801059
30 -80 0.797189
35 -80 0.7944
40 -80 0.786072
45 -80 0.773308
50 -80 0.748547
55 -80 0.716412
60 -80 0.655133
65 -80 0.578039
70 -80 0.500549
-75 -75 0.494322
-70 -75 0.555341
-65 -75 0.637046
-60 -75 0.699328
-55 -75 0.740998
-50 -75 0.76289
-45 -75 0.77232
-40 -75 0.787728
-35 -75 0.783472
-30 -75 0.77768
-25 -75 0.777545
-20 -75 0.774894
-15 -75 0.762904
-10 -75 0.756131
-5 -75 0.751577
0 -75 0.755636
5 -75 0.762574
10 -75 0.774086
15 -75 0.790338
20 -75 0.790599
25 -75 0.801059
30 -75 0.797189
35 -75 0.7944
40 -75 0.786072
45 -75 0.773308
50 -75 0.748547
55 -75 0.716412
60 -75 0.655133
65 -75 0.578039
70 -75 0.500549
-75 -70 0.553178
-70 -70 0.625316
-65 -70 0.706561
-60 -70 0.777432
-55 -70 0.819385
-50 -70 0.839754
-45 -70 0.860923
-40 -70 0.865563
-35 -70 0.870338
-30 -70 0.858706
-25 -70 0.859125
-20 -70 0.855236
-15 -70 0.84558
-10 -70 0.836018
-5 -70 0.837363
0 -70 0.835523
5 -70 0.842063
10 -70 0.857481
15 -70 0.870393
20 -70 0.877628
25 -70 0.870457
30 -70 0.872329
35 -70 0.866856
40 -70 0.867321
45 -70 0.857329
50 -70 0.832517
55 -70 0.785901
60 -70 0.719138
65 -70 0.628427
70 -70 0.557618
-75 -65 0.553178
-70 -65 0.625316
-65 -65 0.706561
-60 -65 0.777432
-55 -65 0.819385
-50 -65 0.839754
-45 -65 0.860923
-40 -65 0.865563
-35 -65 0.870338
-30 -65 0.858706
-25 -65 0.859125
-20 -65 0.855236
-15 -65 0.84558
-10 -65 0.836018
-5 -65 0.837363
0 -65 0.835523
5 -65 0.842063
10 -65 0.857481
15 -65 0.870393
20 -65 0.877628
25 -65 0.870457
30 -65 0.872329
35 -65 0.866856
40 -65 0.867321
45 -65 0.857329
50 -65 0.832517
55 -65 0.785901
60 -65 0.719138
65 -65 0.628427
70 -65 0.557618
-75 -60 0.590875
-70 -60 0.664641
-65 -60 0.757312
-60 -60 0.822164
-55 -60 0.863382
-50 -60 0.893534
-45 -60 0.907242
-40 -60 0.926335
-35 -60 0.916946
-30 -60 0.91891
-25 -60 0.913083
-20 -60 0.911824
-15 -60 0.901661
-10 -60 0.89932
-5 -60 0.894323
0 -60 0.898051
5 -60 0.9015
10 -60 0.917632
15 -60 0.92363
20 -60 0.923528
25 -60 0.921075
30 -60 0.911116
35 -60 0.913314
40 -60 0.912525
45 -60 0.910339
50 -60 0.878163
55 -60 0.827953
60 -60 0.755695
65 -60 0.666171
70 -60 0.589024
-75 -55 0.590875
-70 -55 0.664641
-65 -55 0.757312
-60 -55 0.822164
-55 -55 0.863382
-50 -55 0.893534
-45 -55 0.907242
-40 -55 0.926335
-35 -55 0.916946
-30 -55 0.91891
-25 -55 0.913083
-20 -55 0.911824
-15 -55 0.901661
-10 -55 0.89932
-5 -55 0.894323
0 -55 0.898051
5 -55 0.9015
10 -55 0.917632
15 -55 0.92363
20 -55 0.923528
25 -55 0.921075
30 -55 0.911116
35 -55 0.913314
40 -55 0.912525
45 -55 0.910339
50 -55 0.878163
55 -55 0.827953
60 -55 0.755695
65 -55 0.666171
70 -55 0.589024
-75 -50 0.598077
-70 -50 0.688838
-65 -50 0.781991
-60 -50 0.854483
-55 -50 0.894781
-50 -50 0.9202
-45 -50 0.943268
-40 -50 0.944455
-35 -50 0.957293
-30 -50 0.9455
-25 -50 0.952099
-20 -50 0.942412
-15 -50 0.939159
-10 -50 0.932989
-5 -50 0.934736
0 -50 0.938178
5 -50 0.950496
10 -50 0.951688
15 -50 0.956233
20 -50 0.950709
25 -50 0.946535
30 -50 0.943559
35 -50 0.938991
40 -50 0.945125
45 -50 0.938859
50 -50 0.910548
55 -50 0.860678
60 -50 0.783923
65 -50 0.691567
70 -50 0.611104
-75 -45 0.598077
-70 -45 0.688838
-65 -45 0.781991
-60 -45 0.854483
-55 -45 0.894781
-50 -45 0.9202
-45 -45 0.943268
-40 -45 0.944455
-35 -45 0.957293
-30 -45 0.9455
-25 -45 0.952099
-20 -45 0.942412
-15 -45 0.939159
-10 -45 0.932989
-5 -45 0.934736
0 -45 0.938178
5 -45 0.950496
10 -45 0.951688
15 -45 0.956233
20 -45 0.950709
25 -45 0.946535
30 -45 0.943559
35 -45 0.938991
40 -45 0.945125
45 -45 0.938859
50 -45 0.910548
55 -45 0.860678
60 -45 0.783923
65 -45 0.691567
70 -45 0.611104
-75 -40 0.613136
-70 -40 0.704455
-65 -40 0.806816
-60 -40 0.875539
-55 -40 0.914831
-50 -40 0.939079
-45 -40 0.950106
-40 -40 0.962921
-35 -40 0.96045
-30 -40 0.974749
-25 -40 0.968255
-20 -40 0.970861
-15 -40 0.96205
-10 -40 0.962267
-5 -40 0.96012
0 -40 0.968279
5 -40 0.973924
10 -40 0.980504
15 -40 0.969301
20 -40 0.96739
25 -40 0.961775
30 -40 0.961375
35 -40 0.956501
40 -40 0.961563
45 -40 0.958455
50 -40 0.936365
55 -40 0.88713
60 -40 0.813459
65 -40 0.705828
70 -40 0.620197
-75 -35 0.613136
-70 -35 0.704455
-65 -35 0.806816
-60 -35 0.875539
-55 -35 0.914831
-50 -35 0.939079
-45 -35 0.950106
-40 -35 0.962921
-35 -35 0.96045
-30 -35 0.974749
-25 -35 0.968255
-20 -35 0.970861
-15 -35 0.96205
-10 -35 0.962267
-5 -35 0.96012
0 -35 0.968279
5 -35 0.973924
10 -35 0.980504
15 -35 0.969301
20 -35 0.96739
25 -35 0.961775
30 -35 0.961375
35 -35 0.956501
40 -35 0.961563
45 -35 0.958455
50 -35 0.936365
55 -35 0.88713
60 -35 0.813459
65 -35 0.705828
70 -35 0.620197
-75 -30 0.635176
-70 -30 0.724204
-65 -30 0.822837
-60 -30 0.890851
-55 -30 0.92268
-50 -30 0.940797
-45 -30 0.95108
-40 -30 0.951858
-35 -30 0.968695
-30 -30 0.972835
-25 -30 0.984021
-20 -30 0.985539
-15 -30 0.98398
-10 -30 0.978145
-5 -30 0.977127
0 -30 0.984527
5 -30 0.989136
10 -30 0.988623
15 -30 0.985276
20 -30 0.971869
25 -30 0.969868
30 -30 0.958675
35 -30 0.96099
40 -30 0.959986
45 -30 0.964683
50 -30 0.946222
55 -30 0.907397
60 -30 0.831219
65 -30 0.72296
70 -30 0.622823
-75 -25 0.635176
-70 -25 0.724204
-65 -25 0.822837
-60 -25 0.890851
-55 -25 0.92268
-50 -25 0.940797
-45 -25 0.95108
-40 -25 0.951858
-35 -25 0.968695
-30 -25 0.972835
-25 -25 0.984021
-20 -25 0.985539
-15 -25 0.98398
-10 -25 0.978145
-5 -25 0.977127
0 -25 0.984527
5 -25 0.989136
10 -25 0.988623
15 -25 0.985276
20 -25 0.971869
25 -25 0.969868
30 -25 0.958675
35 -25 0.96099
40 -25 0.959986
45 -25 0.964683
50 -25 0.946222
55 -25 0.907397
60 -25 0.831219
65 -25 0.72296
70 -25 0.622823
-75 -20 0.642485
-70 -20 0.730793
-65 -20 0.823966
-60 -20 0.893103
-55 -20 0.917746
-50 -20 0.929535
-45 -20 0.933096
-40 -20 0.943072
-35 -20 0.947271
-30 -20 0.96543
-25 -20 0.980365
-20 -20 0.988066
-15 -20 0.98896
-10 -20 0.981681
-5 -20 0.987102
0 -20 0.984702
5 -20 0.99661
10 -20 0.994859
15 -20 0.987911
20 -20 0.97832
25 -20 0.962308
30 -20 0.957864
35 -20 0.947623
40 -20 0.957579
45 -20 0.9604
50 -20 0.949269
55 -20 0.915925
60 -20 0.844176
65 -20 0.738717
70 -20 0.644115
-75 -15 0.642485
-70 -15 0.730793
-65 -15 0.823966
-60 -15 0.893103
-55 -15 0.917746
-50 -15 0.929535
-45 -15 0.933096
-40 -15 0.943072
-35 -15 0.947271
-30 -15 0.96543
-25 -15 0.980365
-20 -15 0.988066
-15 -15 0.98896
-10 -15 0.981681
-5 -15 0.987102
0 -15 0.984702
5 -15 0.99661
10 -15 0.994859
15 -15 0.987911
20 -15 0.97832
25 -15 0.962308
30 -15 0.957864
35 -15 0.947623
40 -15 0.957579
45 -15 0.9604
50 -15 0.949269
55 -15 0.915925
60 -15 0.844176
65 -15 0.738717
70 -15 0.644115
-75 -10 0.644263
-70 -10 0.727383
-65 -10 0.830798
-60 -10 0.889499
-55 -10 0.916235
-50 -10 0.912285
-45 -10 0.921911
-40 -10 0.9215
-35 -10 0.934874
-30 -10 0.950901
-25 -10 0.970901
-20 -10 0.990657
-15 -10 0.988194
-10 -10 0.988448
-5 -10 0.981143
0 -10 0.994444
5 -10 0.994061
10 -10 1.00004
15 -10 0.99187
20 -10 0.979346
25 -10 0.96486
30 -10 0.948008
35 -10 0.944283
40 -10 0.947582
45 -10 0.956508
50 -10 0.947191
55 -10 0.912178
60 -10 0.850498
65 -10 0.748431
70 -10 0.658672
-75 -5 0.644263
-70 -5 0.727383
-65 -5 0.830798
-60 -5 0.889499
-55 -5 0.916235
-50 -5 0.912285
-45 -5 0.921911
-40 -5 0.9215
-35 -5 0.934874
-30 -5 0.950901
-25 -5 0.970901
-20 -5 0.990657
-15 -5 0.988194
-10 -5 0.988448
-5 -5 0.981143
0 -5 0.994444
5 -5 0.994061
10 -5 1.00004
15 -5 0.99187
20 -5 0.979346
25 -5 0.96486
30 -5 0.948008
35 -5 0.944283
40 -5 0.947582
45 -5 0.956508
50 -5 0.947191
55 -5 0.912178
60 -5 0.850498
65 -5 0.748431
70 -5 0.658672
-75 0 0.647918
-70 0 0.739895
-65 0 0.835637
-60 0 0.906695
-55 0 0.914159
-50 0 0.916543
-45 0 0.910039
-40 0 0.923163
-35 0 0.92735
-30 0 0.946812
-25 0 0.970891
-20 0 0.984898
-15 0 0.994045
-10 0 0.985895
-5 0 0.985813
0 0 0.983906
5 0 0.996664
10 0 0.998653
15 0 0.995748
20 0 0.981388
25 0 0.968167
30 0 0.952045
35 0 0.940937
40 0 0.944936
45 0 0.953111
50 0 0.942589
55 0 0.910575
60 0 0.843962
65 0 0.750602
70 0 0.66016
-75 5 0.647918
-70 5 0.739895
-65 5 0.835637
-60 5 0.906695
-55 5 0.914159
-50 5 0.916543
-45 5 0.910039
-40 5 0.923163
-35 5 0.92735
-30 5 0.946812
-25 5 0.970891
-20 5 0.984898
-15 5 0.994045
-10 5 0.985895
-5 5 0.985813
0 5 0.983906
5 5 0.996664
10 5 0.998653
15 5 0.995748
20 5 0.981388
25 5 0.968167
30 5 0.952045
35 5 0.940937
40 5 0.944936
45 5 0.953111
50 5 0.942589
55 5 0.910575
60 5 0.843962
65 5 0.750602
70 5 0.66016
-75 10 0.6468
-70 10 0.73741
-65 10 0.843606
-60 10 0.902975
-55 10 0.924633
-50 10 0.914578
-45 10 0.919534
-40 10 0.92606
-35 10 0.936998
-30 10 0.951443
-25 10 0.966879
-20 10 0.982208
-15 10 0.985911
-10 10 0.986375
-5 10 0.981795
0 10 0.981817
5 10 0.991594
10 10 0.997991
15 10 0.993055
20 10 0.989794
25 10 0.971301
30 10 0.961265
35 10 0.947693
40 10 0.949172
45 10 0.954744
50 10 0.940825
55 10 0.903595
60 10 0.837533
65 10 0.739295
70 10 0.651893
-75 15 0.6468
-70 15 0.73741
-65 15 0.843606
-60 15 0.902975
-55 15 0.924633
-50 15 0.914578
-45 15 0.919534
-40 15 0.92606
-35 15 0.936998
-30 15 0.951443
-25 15 0.966879
-20 15 0.982208
-15 15 0.985911
-10 15 0.986375
-5 15 0.981795
0 15 0.981817
5 15 0.991594
10 15 0.997991
15 15 0.993055
20 15 0.989794
25 15 0.971301
30 15 0.961265
35 15 0.947693
40 15 0.949172
45 15 0.954744
50 15 0.940825
55 15 0.903595
60 15 0.837533
65 15 0.739295
70 15 0.651893
-75 20 0.637612
-70 20 0.729609
-65 20 0.828051
-60 20 0.896806
-55 20 0.917058
-50 20 0.923825
-45 20 0.925145
-40 20 0.935142
-35 20 0.947527
-30 20 0.957515
-25 20 0.969779
-20 20 0.972846
-15 20 0.977465
-10 20 0.979173
-5 20 0.97859
0 20 0.979642
5 20 0.981623
10 20 0.988369
15 20 0.991021
20 20 0.976895
25 20 0.974567
30 20 0.960424
35 20 0.956293
40 20 0.955992
45 20 0.95581
50 20 0.93624
55 20 0.893484
60 20 0.819252
65 20 0.722331
70 20 0.635301
-75 25 0.637612
-70 25 0.729609
-65 25 0.828051
-60 25 0.896806
-55 25 0.917058
-50 25 0.923825
-45 25 0.925145
-40 25 0.935142
-35 25 0.947527
-30 25 0.957515
-25 25 0.969779
-20 25 0.972846
-15 25 0.977465
-10 25 0.979173
-5 25 0.97859
0 25 0.979642
5 25 0.981623
10 25 0.988369
15 25 0.991021
20 25 0.976895
25 25 0.974567
30 25 0.960424
35 25 0.956293
40 25 0.955992
45 25 0.95581
50 25 0.93624
55 25 0.893484
60 25 0.819252
65 25 0.722331
70 25 0.635301
-75 30 0.628397
-70 30 0.714893
-65 30 0.81081
-60 30 0.874169
-55 30 0.9141
-50 30 0.929739
-45 30 0.937239
-40 30 0.948521
-35 30 0.956584
-30 30 0.965967
-25 30 0.970128
-20 30 0.968322
-15 30 0.963043
-10 30 0.968877
-5 30 0.970949
0 30 0.968333
5 30 0.972355
10 30 0.976829
15 30 0.974705
20 30 0.971585
25 30 0.957735
30 30 0.96043
35 30 0.956981
40 30 0.959943
45 30 0.954069
50 30 0.931752
55 30 0.886065
60 30 0.808531
65 30 0.705273
70 30 0.623403
-75 35 0.628397
-70 35 0.714893
-65 35 0.81081
-60 35 0.874169
-55 35 0.9141
-50 35 0.929739
-45 35 0.937239
-40 35 0.948521
-35 35 0.956584
-30 35 0.965967
-25 35 0.970128
-20 35 0.968322
-15 35 0.963043
-10 35 0.968877
-5 35 0.970949
0 35 0.968333
5 35 0.972355
10 35 0.976829
15 35 0.974705
20 35 0.971585
25 35 0.957735
30 35 0.96043
35 35 0.956981
40 35 0.959943
45 35 0.954069
50 35 0.931752
55 35 0.886065
60 35 0.808531
65 35 0.705273
70 35 0.623403
-75 40 0.613292
-70 40 0.691476
-65 40 0.782513
-60 40 0.855784
-55 40 0.899822
-50 40 0.929662
-45 40 0.942187
-40 40 0.949972
-35 40 0.955009
-30 40 0.95972
-25 40 0.953182
-20 40 0.950079
-15 40 0.945069
-10 40 0.942843
-5 40 0.948297
0 40 0.945714
5 40 0.947688
10 40 0.959152
15 40 0.95953
20 40 0.953617
25 40 0.951948
30 40 0.952461
35 40 0.958675
40 40 0.952205
45 40 0.944559
50 40 0.920757
55 40 0.879985
60 40 0.796853
65 40 0.6918
70 40 0.6091
-75 45 0.613292
-70 45 0.691476
-65 45 0.782513
-60 45 0.855784
-55 45 0.899822
-50 45 0.929662
-45 45 0.942187
-40 45 0.949972
-35 45 0.955009
-30 45 0.95972
-25 45 0.953182
-20 45 0.950079
-15 45 0.945069
-10 45 0.942843
-5 45 0.948297
0 45 0.945714
5 45 0.947688
10 45 0.959152
15 45 0.95953
20 45 0.953617
25 45 0.951948
30 45 0.952461
35 45 0.958675
40 45 0.952205
45 45 0.944559
50 45 0.920757
55 45 0.879985
60 45 0.796853
65 45 0.6918
70 45 0.6091
-75 50 0.582175
-70 50 0.662886
-65 50 0.755587
-60 50 0.830132
-55 50 0.880686
-50 50 0.911565
-45 50 0.924925
-40 50 0.931692
-35 50 0.936813
-30 50 0.923016
-25 50 0.920145
-20 50 0.909298
-15 50 0.902855
-10 50 0.897621
-5 50 0.895443
0 50 0.900677
5 50 0.912517
10 50 0.92301
15 50 0.932591
20 50 0.927697
25 50 0.92856
30 50 0.937622
35 50 0.933857
40 50 0.932397
45 50 0.914306
50 50 0.897769
55 50 0.852194
60 50 0.772677
65 50 0.67124
70 50 0.587679
-75 55 0.582175
-70 55 0.662886
-65 55 0.755587
-60 55 0.830132
-55 55 0.880686
-50 55 0.911565
-45 55 0.924925
-40 55 0.931692
-35 55 0.936813
-30 55 0.923016
-25 55 0.920145
-20 55 0.909298
-15 55 0.902855
-10 55 0.897621
-5 55 0.895443
0 55 0.900677
5 55 0.912517
10 55 0.92301
15 55 0.932591
20 55 0.927697
25 55 0.92856
30 55 0.937622
35 55 0.933857
40 55 0.932397
45 55 0.914306
50 55 0.897769
55 55 0.852194
60 55 0.772677
65 55 0.67124
70 55 0.587679
-75 60 0.551439
-70 60 0.623937
-65 60 0.719206
-60 60 0.793427
-55 60 0.839297
-50 60 0.863721
-45 60 0.878879
-40 60 0.885687
-35 60 0.882727
-30 60 0.878895
-25 60 0.860074
-20 60 0.85867
-15 60 0.839908
-10 60 0.825668
-5 60 0.827253
0 60 0.83647
5 60 0.854548
10 60 0.874182
15 60 0.879543
20 60 0.882532
25 60 0.880349
30 60 0.880149
35 60 0.886221
40 60 0.871882
45 60 0.864132
50 60 0.838085
55 60 0.801216
60 60 0.724955
65 60 0.628629
70 60 0.561231
-75 65 0.551439
-70 65 0.623937
-65 65 0.719206
-60 65 0.793427
-55 65 0.839297
-50 65 0.863721
-45 65 0.878879
-40 65 0.885687
-35 65 0.882727
-30 65 0.878895
-25 65 0.860074
-20 65 0.85867
-15 65 0.839908
-10 65 0.825668
-5 65 0.827253
0 65 0.83647
5 65 0.854548
10 65 0.874182
15 65 0.879543
20 65 0.882532
25 65 0.880349
30 65 0.880149
35 65 0.886221
40 65 0.871882
45 65 0.864132
50 65 0.838085
55 65 0.801216
60 65 0.724955
65 65 0.628629
70 65 0.561231
-75 70 0.500513
-70 70 0.573964
-65 70 0.65932
-60 70 0.72504
-55 70 0.761232
-50 70 0.782951
-45 70 0.7895
-40 70 0.797231
-35 70 0.801025
-30 70 0.793563
-25 70 0.791908
-20 70 0.780378
-15 70 0.764271
-10 70 0.74931
-5 70 0.750427
0 70 0.758504
5 70 0.769002
10 70 0.785082
15 70 0.797227
20 70 0.799719
25 70 0.796231
30 70 0.801276
35 70 0.791792
40 70 0.791306
45 70 0.772324
50 70 0.75773
55 70 0.714684
60 70 0.653157
65 70 0.572364
70 70 0.501516
-75 75 0.500513
-70 75 0.573964
-65 75 0.65932
-60 75 0.72504
-55 75 0.761232
-50 75 0.782951
-45 75 0.7895
-40 75 0.797231
-35 75 0.801025
-30 75 0.793563
-25 75 0.791908
-20 75 0.780378
-15 75 0.764271
-10 75 0.74931
-5 75 0.750427
0 75 0.758504
5 75 0.769002
10 75 0.785082
15 75 0.797227
20 75 0.799719
25 75 0.796231
30 75 0.801276
35 75 0.791792
40 75 0.791306
45 75 0.772324
50 75 0.75773
55 75 0.714684
60 75 0.653157
65 75 0.572364
70 75 0.501516
-75 80 0.447376
-70 80 0.50704
-65 80 0.580082
-60 80 0.632932
-55 80 0.664609
-50 80 0.678053
-45 80 0.688462
-40 80 0.694052
-35 80 0.701572
-30 80 0.707777
-25 80 0.704205
-20 80 0.695507
-15 80 0.676159
-10 80 0.667338
-5 80 0.667971
0 80 0.660388
5 80 0.660235
10 80 0.667502
15 80 0.684962
20 80 0.694998
25 80 0.698975
30 80 0.69694
35 80 0.699335
40 80 0.686661
45 80 0.680766
50 80 0.657615
55 80 0.631714
60 80 0.570399
65 80 0.499199
70 80 0.447561
-75 85 0.447376
-70 85 0.50704
-65 85 0.580082
-60 85 0.632932
-55 85 0.664609
-50 85 0.678053
-45 85 0.688462
-40 85 0.694052
-35 85 0.701572
-30 85 0.707777
-25 85 0.704205
-20 85 0.695507
-15 85 0.676159
-10 85 0.667338
-5 85 0.667971
0 85 0.660388
5 85 0.660235
10 85 0.667502
15 85 0.684962
20 85 0.694998
25 85 0.698975
30 85 0.69694
35 85 0.699335
40 85 0.686661
45 85 0.680766
50 85 0.657615
55 85 0.631714
60 85 0.570399
65 85 0.499199
70 85 0.447561
-75 90 0.39223
-70 90 0.451179
-65 90 0.506656
-60 90 0.555796
-55 90 0.581415
-50 90 0.594079
-45 90 0.597941
-40 90 0.608088
-35 90 0.620262
-30 90 0.628977
-25 90 0.631132
-20 90 0.619662
-15 90 0.597705
-10 90 0.595334
-5 90 0.591101
0 90 0.577654
5 90 0.563138
10 90 0.571821
15 90 0.589759
20 90 0.604945
25 90 0.607637
30 90 0.619602
35 90 0.609687
40 90 0.611038
45 90 0.600239
50 90 0.594993
55 90 0.559972
60 90 0.513059
65 90 0.446916
70 90 0.388489
-75 95 0.39223
-70 95 0.451179
-65 95 0.506656
-60 95 0.555796
-55 95 0.581415
-50 95 0.594079
-45 95 0.597941
-40 95 0.608088
-35 95 0.620262
-30 95 0.628977
-25 95 0.631132
-20 95 0.619662
-15 95 0.597705
-10 95 0.595334
-5 95 0.591101
0 95 0.577654
5 95 0.563138
10 95 0.571821
15 95 0.589759
20 95 0.604945
25 95 0.607637
30 95 0.619602
35 95 0.609687
40 95 0.611038
45 95 0.600239
50 95 0.594993
55 95 0.559972
60 95 0.513059
65 95 0.446916
70 95 0.388489
