-150 -50 0.375935
-150 -45 0.431986
-150 -40 0.494322
-150 -35 0.553178
-150 -30 0.590875
-150 -25 0.598077
-150 -20 0.613136
-150 -15 0.635176
-150 -10 0.642485
-150 -5 0.644263
-150 0 0.647918
-150 5 0.6468
-150 10 0.637612
-150 15 0.628397
-150 20 0.613292
-150 25 0.582175
-150 30 0.551439
-150 35 0.500513
-150 40 0.447376
-150 45 0.39223
-145 -50 0.375935
-145 -45 0.431986
-145 -40 0.494322
-145 -35 0.553178
-145 -30 0.590875
-145 -25 0.598077
-145 -20 0.613136
-145 -15 0.635176
-145 -10 0.642485
-145 -5 0.644263
-145 0 0.647918
-145 5 0.6468
-145 10 0.637612
-145 15 0.628397
-145 20 0.613292
-145 25 0.582175
-145 30 0.551439
-145 35 0.500513
-145 40 0.447376
-145 45 0.39223
-140 -50 0.415198
-140 -45 0.478862
-140 -40 0.555341
-140 -35 0.625316
-140 -30 0.664641
-140 -25 0.688838
-140 -20 0.704455
-140 -15 0.724204
-140 -10 0.730793
-140 -5 0.727383
-140 0 0.739895
-140 5 0.73741
-140 10 0.729609
-140 15 0.714893
-140 20 0.691476
-140 25 0.662886
-140 30 0.623937
-140 35 0.573964
-140 40 0.50704
-140 45 0.451179
-135 -50 0.415198
-135 -45 0.478862
-135 -40 0.555341
-135 -35 0.625316
-135 -30 0.664641
-135 -25 0.688838
-135 -20 0.704455
-135 -15 0.724204
-135 -10 0.730793
-135 -5 0.727383
-135 0 0.739895
-135 5 0.73741
-135 10 0.729609
-135 15 0.714893
-135 20 0.691476
-135 25 0.662886
-135 30 0.623937
-135 35 0.573964
-135 40 0.50704
-135 45 0.451179
-130 -50 0.464778
-130 -45 0.541105
-130 -40 0.637046
-130 -35 0.706561
-130 -30 0.757312
-130 -25 0.781991
-130 -20 0.806816
-130 -15 0.822837
-130 -10 0.823966
-130 -5 0.830798
-130 0 0.835637
-130 5 0.843606
-130 10 0.828051
-130 15 0.81081
-130 20 0.782513
-130 25 0.755587
-130 30 0.719206
-130 35 0.65932
-130 40 0.580082
-130 45 0.506656
-125 -50 0.464778
-125 -45 0.541105
-125 -40 0.637046
-125 -35 0.706561
-125 -30 0.757312
-125 -25 0.781991
-125 -20 0.806816
-125 -15 0.822837
-125 -10 0.823966
-125 -5 0.830798
-125 0 0.835637
-125 5 0.843606
-125 10 0.828051
-125 15 0.81081
-125 20 0.782513
-125 25 0.755587
-125 30 0.719206
-125 35 0.65932
-125 40 0.580082
-125 45 0.506656
-120 -50 0.502081
-120 -45 0.597417
-120 -40 0.699328
-120 -35 0.777432
-120 -30 0.822164
-120 -25 0.854483
-120 -20 0.875539
-120 -15 0.890851
-120 -10 0.893103
-120 -5 0.889499
-120 0 0.906695
-120 5 0.902975
-120 10 0.896806
-120 15 0.874169
-120 20 0.855784
-120 25 0.830132
-120 30 0.793427
-120 35 0.72504
-120 40 0.632932
-120 45 0.555796
-115 -50 0.502081
-115 -45 0.597417
-115 -40 0.699328
-115 -35 0.777432
-115 -30 0.822164
-115 -25 0.854483
-115 -20 0.875539
-115 -15 0.890851
-115 -10 0.893103
-115 -5 0.889499
-115 0 0.906695
-115 5 0.902975
-115 10 0.896806
-115 15 0.874169
-115 20 0.855784
-115 25 0.830132
-115 30 0.793427
-115 35 0.72504
-115 40 0.632932
-115 45 0.555796
-110 -50 0.54775
-110 -45 0.630488
-110 -40 0.740998
-110 -35 0.819385
-110 -30 0.863382
-110 -25 0.894781
-110 -20 0.914831
-110 -15 0.92268
-110 -10 0.917746
-110 -5 0.916235
-110 0 0.914159
-110 5 0.924633
-110 10 0.917058
-110 15 0.9141
-110 20 0.899822
-110 25 0.880686
-110 30 0.839297
-110 35 0.761232
-110 40 0.664609
-110 45 0.581415
-105 -50 0.54775
-105 -45 0.630488
-105 -40 0.740998
-105 -35 0.819385
-105 -30 0.863382
-105 -25 0.894781
-105 -20 0.914831
-105 -15 0.92268
-105 -10 0.917746
-105 -5 0.916235
-105 0 0.914159
-105 5 0.924633
-105 10 0.917058
-105 15 0.9141
-105 20 0.899822
-105 25 0.880686
-105 30 0.839297
-105 35 0.761232
-105 40 0.664609
-105 45 0.581415
-100 -50 0.575457
-100 -45 0.65814
-100 -40 0.76289
-100 -35 0.839754
-100 -30 0.893534
-100 -25 0.9202
-100 -20 0.939079
-100 -15 0.940797
-100 -10 0.929535
-100 -5 0.912285
-100 0 0.916543
-100 5 0.914578
-100 10 0.923825
-100 15 0.929739
-100 20 0.929662
-100 25 0.911565
-100 30 0.863721
-100 35 0.782951
-100 40 0.678053
-100 45 0.594079
-95 -50 0.575457
-95 -45 0.65814
-95 -40 0.76289
-95 -35 0.839754
-95 -30 0.893534
-95 -25 0.9202
-95 -20 0.939079
-95 -15 0.940797
-95 -10 0.929535
-95 -5 0.912285
-95 0 0.916543
-95 5 0.914578
-95 10 0.923825
-95 15 0.929739
-95 20 0.929662
-95 25 0.911565
-95 30 0.863721
-95 35 0.782951
-95 40 0.678053
-95 45 0.594079
-90 -50 0.595035
-90 -45 0.674077
-90 -40 0.77232
-90 -35 0.860923
-90 -30 0.907242
-90 -25 0.943268
-90 -20 0.950106
-90 -15 0.95108
-90 -10 0.933096
-90 -5 0.921911
-90 0 0.910039
-90 5 0.919534
-90 10 0.925145
-90 15 0.937239
-90 20 0.942187
-90 25 0.924925
-90 30 0.878879
-90 35 0.7895
-90 40 0.688462
-90 45 0.597941
-85 -50 0.595035
-85 -45 0.674077
-85 -40 0.77232
-85 -35 0.860923
-85 -30 0.907242
-85 -25 0.943268
-85 -20 0.950106
-85 -15 0.95108
-85 -10 0.933096
-85 -5 0.921911
-85 0 0.910039
-85 5 0.919534
-85 10 0.925145
-85 15 0.937239
-85 20 0.942187
-85 25 0.924925
-85 30 0.878879
-85 35 0.7895
-85 40 0.688462
-85 45 0.597941
-80 -50 0.602551
-80 -45 0.679461
-80 -40 0.787728
-80 -35 0.865563
-80 -30 0.926335
-80 -25 0.944455
-80 -20 0.962921
-80 -15 0.951858
-80 -10 0.943072
-80 -5 0.9215
-80 0 0.923163
-80 5 0.92606
-80 10 0.935142
-80 15 0.948521
-80 20 0.949972
-80 25 0.931692
-80 30 0.885687
-80 35 0.797231
-80 40 0.694052
-80 45 0.608088
-75 -50 0.602551
-75 -45 0.679461
-75 -40 0.787728
-75 -35 0.865563
-75 -30 0.926335
-75 -25 0.944455
-75 -20 0.962921
-75 -15 0.951858
-75 -10 0.943072
-75 -5 0.9215
-75 0 0.923163
-75 5 0.92606
-75 10 0.935142
-75 15 0.948521
-75 20 0.949972
-75 25 0.931692
-75 30 0.885687
-75 35 0.797231
-75 40 0.694052
-75 45 0.608088
-70 -50 0.59211
-70 -45 0.680533
-70 -40 0.783472
-70 -35 0.870338
-70 -30 0.916946
-70 -25 0.957293
-70 -20 0.96045
-70 -15 0.968695
-70 -10 0.947271
-70 -5 0.934874
-70 0 0.92735
-70 5 0.936998
-70 10 0.947527
-70 15 0.956584
-70 20 0.955009
-70 25 0.936813
-70 30 0.882727
-70 35 0.801025
-70 40 0.701572
-70 45 0.620262
-65 -50 0.59211
-65 -45 0.680533
-65 -40 0.783472
-65 -35 0.870338
-65 -30 0.916946
-65 -25 0.957293
-65 -20 0.96045
-65 -15 0.968695
-65 -10 0.947271
-65 -5 0.934874
-65 0 0.92735
-65 5 0.936998
-65 10 0.947527
-65 15 0.956584
-65 20 0.955009
-65 25 0.936813
-65 30 0.882727
-65 35 0.801025
-65 40 0.701572
-65 45 0.620262
-60 -50 0.583121
-60 -45 0.671623
-60 -40 0.77768
-60 -35 0.858706
-60 -30 0.91891
-60 -25 0.9455
-60 -20 0.974749
-60 -15 0.972835
-60 -10 0.96543
-60 -5 0.950901
-60 0 0.946812
-60 5 0.951443
-60 10 0.957515
-60 15 0.965967
-60 20 0.95972
-60 25 0.923016
-60 30 0.878895
-60 35 0.793563
-60 40 0.707777
-60 45 0.628977
-55 -50 0.583121
-55 -45 0.671623
-55 -40 0.77768
-55 -35 0.858706
-55 -30 0.91891
-55 -25 0.9455
-55 -20 0.974749
-55 -15 0.972835
-55 -10 0.96543
-55 -5 0.950901
-55 0 0.946812
-55 5 0.951443
-55 10 0.957515
-55 15 0.965967
-55 20 0.95972
-55 25 0.923016
-55 30 0.878895
-55 35 0.793563
-55 40 0.707777
-55 45 0.628977
-50 -50 0.582955
-50 -45 0.672563
-50 -40 0.777545
-50 -35 0.859125
-50 -30 0.913083
-50 -25 0.952099
-50 -20 0.968255
-50 -15 0.984021
-50 -10 0.980365
-50 -5 0.970901
-50 0 0.970891
-50 5 0.966879
-50 10 0.969779
-50 15 0.970128
-50 20 0.953182
-50 25 0.920145
-50 30 0.860074
-50 35 0.791908
-50 40 0.704205
-50 45 0.631132
-45 -50 0.582955
-45 -45 0.672563
-45 -40 0.777545
-45 -35 0.859125
-45 -30 0.913083
-45 -25 0.952099
-45 -20 0.968255
-45 -15 0.984021
-45 -10 0.980365
-45 -5 0.970901
-45 0 0.970891
-45 5 0.966879
-45 10 0.969779
-45 15 0.970128
-45 20 0.953182
-45 25 0.920145
-45 30 0.860074
-45 35 0.791908
-45 40 0.704205
-45 45 0.631132
-40 -50 0.592346
-40 -45 0.676253
-40 -40 0.774894
-40 -35 0.855236
-40 -30 0.911824
-40 -25 0.942412
-40 -20 0.970861
-40 -15 0.985539
-40 -10 0.988066
-40 -5 0.990657
-40 0 0.984898
-40 5 0.982208
-40 10 0.972846
-40 15 0.968322
-40 20 0.950079
-40 25 0.909298
-40 30 0.85867
-40 35 0.780378
-40 40 0.695507
-40 45 0.619662
-35 -50 0.592346
-35 -45 0.676253
-35 -40 0.774894
-35 -35 0.855236
-35 -30 0.911824
-35 -25 0.942412
-35 -20 0.970861
-35 -15 0.985539
-35 -10 0.988066
-35 -5 0.990657
-35 0 0.984898
-35 5 0.982208
-35 10 0.972846
-35 15 0.968322
-35 20 0.950079
-35 25 0.909298
-35 30 0.85867
-35 35 0.780378
-35 40 0.695507
-35 45 0.619662
-30 -50 0.586295
-30 -45 0.669742
-30 -40 0.762904
-30 -35 0.84558
-30 -30 0.901661
-30 -25 0.939159
-30 -20 0.96205
-30 -15 0.98398
-30 -10 0.98896
-30 -5 0.988194
-30 0 0.994045
-30 5 0.985911
-30 10 0.977465
-30 15 0.963043
-30 20 0.945069
-30 25 0.902855
-30 30 0.839908
-30 35 0.764271
-30 40 0.676159
-30 45 0.597705
-25 -50 0.586295
-25 -45 0.669742
-25 -40 0.762904
-25 -35 0.84558
-25 -30 0.901661
-25 -25 0.939159
-25 -20 0.96205
-25 -15 0.98398
-25 -10 0.98896
-25 -5 0.988194
-25 0 0.994045
-25 5 0.985911
-25 10 0.977465
-25 15 0.963043
-25 20 0.945069
-25 25 0.902855
-25 30 0.839908
-25 35 0.764271
-25 40 0.676159
-25 45 0.597705
-20 -50 0.575283
-20 -45 0.655085
-20 -40 0.756131
-20 -35 0.836018
-20 -30 0.89932
-20 -25 0.932989
-20 -20 0.962267
-20 -15 0.978145
-20 -10 0.981681
-20 -5 0.988448
-20 0 0.985895
-20 5 0.986375
-20 10 0.979173
-20 15 0.968877
-20 20 0.942843
-20 25 0.897621
-20 30 0.825668
-20 35 0.74931
-20 40 0.667338
-20 45 0.595334
-15 -50 0.575283
-15 -45 0.655085
-15 -40 0.756131
-15 -35 0.836018
-15 -30 0.89932
-15 -25 0.932989
-15 -20 0.962267
-15 -15 0.978145
-15 -10 0.981681
-15 -5 0.988448
-15 0 0.985895
-15 5 0.986375
-15 10 0.979173
-15 15 0.968877
-15 20 0.942843
-15 25 0.897621
-15 30 0.825668
-15 35 0.74931
-15 40 0.667338
-15 45 0.595334
-10 -50 0.568395
-10 -45 0.652816
-10 -40 0.751577
-10 -35 0.837363
-10 -30 0.894323
-10 -25 0.934736
-10 -20 0.96012
-10 -15 0.977127
-10 -10 0.987102
-10 -5 0.981143
-10 0 0.985813
-10 5 0.981795
-10 10 0.97859
-10 15 0.970949
-10 20 0.948297
-10 25 0.895443
-10 30 0.827253
-10 35 0.750427
-10 40 0.667971
-10 45 0.591101
-5 -50 0.568395
-5 -45 0.652816
-5 -40 0.751577
-5 -35 0.837363
-5 -30 0.894323
-5 -25 0.934736
-5 -20 0.96012
-5 -15 0.977127
-5 -10 0.987102
-5 -5 0.981143
-5 0 0.985813
-5 5 0.981795
-5 10 0.97859
-5 15 0.970949
-5 20 0.948297
-5 25 0.895443
-5 30 0.827253
-5 35 0.750427
-5 40 0.667971
-5 45 0.591101
0 -50 0.568087
0 -45 0.657598
0 -40 0.755636
0 -35 0.835523
0 -30 0.898051
0 -25 0.938178
0 -20 0.968279
0 -15 0.984527
0 -10 0.984702
0 -5 0.994444
0 0 0.983906
0 5 0.981817
0 10 0.979642
0 15 0.968333
0 20 0.945714
0 25 0.900677
0 30 0.83647
0 35 0.758504
0 40 0.660388
0 45 0.577654
5 -50 0.568087
5 -45 0.657598
5 -40 0.755636
5 -35 0.835523
5 -30 0.898051
5 -25 0.938178
5 -20 0.968279
5 -15 0.984527
5 -10 0.984702
5 -5 0.994444
5 0 0.983906
5 5 0.981817
5 10 0.979642
5 15 0.968333
5 20 0.945714
5 25 0.900677
5 30 0.83647
5 35 0.758504
5 40 0.660388
5 45 0.577654
10 -50 0.585219
10 -45 0.660802
10 -40 0.762574
10 -35 0.842063
10 -30 0.9015
10 -25 0.950496
10 -20 0.973924
10 -15 0.989136
10 -10 0.99661
10 -5 0.994061
10 0 0.996664
10 5 0.991594
10 10 0.981623
10 15 0.972355
10 20 0.947688
10 25 0.912517
10 30 0.854548
10 35 0.769002
10 40 0.660235
10 45 0.563138
15 -50 0.585219
15 -45 0.660802
15 -40 0.762574
15 -35 0.842063
15 -30 0.9015
15 -25 0.950496
15 -20 0.973924
15 -15 0.989136
15 -10 0.99661
15 -5 0.994061
15 0 0.996664
15 5 0.991594
15 10 0.981623
15 15 0.972355
15 20 0.947688
15 25 0.912517
15 30 0.854548
15 35 0.769002
15 40 0.660235
15 45 0.563138
20 -50 0.589455
20 -45 0.679465
20 -40 0.774086
20 -35 0.857481
20 -30 0.917632
20 -25 0.951688
20 -20 0.980504
20 -15 0.988623
20 -10 0.994859
20 -5 1.00004
20 0 0.998653
20 5 0.997991
20 10 0.988369
20 15 0.976829
20 20 0.959152
20 25 0.92301
20 30 0.874182
20 35 0.785082
20 40 0.667502
20 45 0.571821
25 -50 0.589455
25 -45 0.679465
25 -40 0.774086
25 -35 0.857481
25 -30 0.917632
25 -25 0.951688
25 -20 0.980504
25 -15 0.988623
25 -10 0.994859
25 -5 1.00004
25 0 0.998653
25 5 0.997991
25 10 0.988369
25 15 0.976829
25 20 0.959152
25 25 0.92301
25 30 0.874182
25 35 0.785082
25 40 0.667502
25 45 0.571821
30 -50 0.605153
30 -45 0.681399
30 -40 0.790338
30 -35 0.870393
30 -30 0.92363
30 -25 0.956233
30 -20 0.969301
30 -15 0.985276
30 -10 0.987911
30 -5 0.99187
30 0 0.995748
30 5 0.993055
30 10 0.991021
30 15 0.974705
30 20 0.95953
30 25 0.932591
30 30 0.879543
30 35 0.797227
30 40 0.684962
30 45 0.589759
35 -50 0.605153
35 -45 0.681399
35 -40 0.790338
35 -35 0.870393
35 -30 0.92363
35 -25 0.956233
35 -20 0.969301
35 -15 0.985276
35 -10 0.987911
35 -5 0.99187
35 0 0.995748
35 5 0.993055
35 10 0.991021
35 15 0.974705
35 20 0.95953
35 25 0.932591
35 30 0.879543
35 35 0.797227
35 40 0.684962
35 45 0.589759
40 -50 0.605581
40 -45 0.69631
40 -40 0.790599
40 -35 0.877628
40 -30 0.923528
40 -25 0.950709
40 -20 0.96739
40 -15 0.971869
40 -10 0.97832
40 -5 0.979346
40 0 0.981388
40 5 0.989794
40 10 0.976895
40 15 0.971585
40 20 0.953617
40 25 0.927697
40 30 0.882532
40 35 0.799719
40 40 0.694998
40 45 0.604945
45 -50 0.605581
45 -45 0.69631
45 -40 0.790599
45 -35 0.877628
45 -30 0.923528
45 -25 0.950709
45 -20 0.96739
45 -15 0.971869
45 -10 0.97832
45 -5 0.979346
45 0 0.981388
45 5 0.989794
45 10 0.976895
45 15 0.971585
45 20 0.953617
45 25 0.927697
45 30 0.882532
45 35 0.799719
45 40 0.694998
45 45 0.604945
50 -50 0.623139
50 -45 0.695701
50 -40 0.801059
50 -35 0.870457
50 -30 0.921075
50 -25 0.946535
50 -20 0.961775
50 -15 0.969868
50 -10 0.962308
50 -5 0.96486
50 0 0.968167
50 5 0.971301
50 10 0.974567
50 15 0.957735
50 20 0.951948
50 25 0.92856
50 30 0.880349
50 35 0.796231
50 40 0.698975
50 45 0.607637
55 -50 0.623139
55 -45 0.695701
55 -40 0.801059
55 -35 0.870457
55 -30 0.921075
55 -25 0.946535
55 -20 0.961775
55 -15 0.969868
55 -10 0.962308
55 -5 0.96486
55 0 0.968167
55 5 0.971301
55 10 0.974567
55 15 0.957735
55 20 0.951948
55 25 0.92856
55 30 0.880349
55 35 0.796231
55 40 0.698975
55 45 0.607637
60 -50 0.619704
60 -45 0.704347
60 -40 0.797189
60 -35 0.872329
60 -30 0.911116
60 -25 0.943559
60 -20 0.961375
60 -15 0.958675
60 -10 0.957864
60 -5 0.948008
60 0 0.952045
60 5 0.961265
60 10 0.960424
60 15 0.96043
60 20 0.952461
60 25 0.937622
60 30 0.880149
60 35 0.801276
60 40 0.69694
60 45 0.619602
65 -50 0.619704
65 -45 0.704347
65 -40 0.797189
65 -35 0.872329
65 -30 0.911116
65 -25 0.943559
65 -20 0.961375
65 -15 0.958675
65 -10 0.957864
65 -5 0.948008
65 0 0.952045
65 5 0.961265
65 10 0.960424
65 15 0.96043
65 20 0.952461
65 25 0.937622
65 30 0.880149
65 35 0.801276
65 40 0.69694
65 45 0.619602
70 -50 0.620646
70 -45 0.698256
70 -40 0.7944
70 -35 0.866856
70 -30 0.913314
70 -25 0.938991
70 -20 0.956501
70 -15 0.96099
70 -10 0.947623
70 -5 0.944283
70 0 0.940937
70 5 0.947693
70 10 0.956293
70 15 0.956981
70 20 0.958675
70 25 0.933857
70 30 0.886221
70 35 0.791792
70 40 0.699335
70 45 0.609687
75 -50 0.620646
75 -45 0.698256
75 -40 0.7944
75 -35 0.866856
75 -30 0.913314
75 -25 0.938991
75 -20 0.956501
75 -15 0.96099
75 -10 0.947623
75 -5 0.944283
75 0 0.940937
75 5 0.947693
75 10 0.956293
75 15 0.956981
75 20 0.958675
75 25 0.933857
75 30 0.886221
75 35 0.791792
75 40 0.699335
75 45 0.609687
80 -50 0.612113
80 -45 0.68437
80 -40 0.786072
80 -35 0.867321
80 -30 0.912525
80 -25 0.945125
80 -20 0.961563
80 -15 0.959986
80 -10 0.957579
80 -5 0.947582
80 0 0.944936
80 5 0.949172
80 10 0.955992
80 15 0.959943
80 20 0.952205
80 25 0.932397
80 30 0.871882
80 35 0.791306
80 40 0.686661
80 45 0.611038
85 -50 0.612113
85 -45 0.68437
85 -40 0.786072
85 -35 0.867321
85 -30 0.912525
85 -25 0.945125
85 -20 0.961563
85 -15 0.959986
85 -10 0.957579
85 -5 0.947582
85 0 0.944936
85 5 0.949172
85 10 0.955992
85 15 0.959943
85 20 0.952205
85 25 0.932397
85 30 0.871882
85 35 0.791306
85 40 0.686661
85 45 0.611038
90 -50 0.596731
90 -45 0.671158
90 -40 0.773308
90 -35 0.857329
90 -30 0.910339
90 -25 0.938859
90 -20 0.958455
90 -15 0.964683
90 -10 0.9604
90 -5 0.956508
90 0 0.953111
90 5 0.954744
90 10 0.95581
90 15 0.954069
90 20 0.944559
90 25 0.914306
90 30 0.864132
90 35 0.772324
90 40 0.680766
90 45 0.600239
95 -50 0.596731
95 -45 0.671158
95 -40 0.773308
95 -35 0.857329
95 -30 0.910339
95 -25 0.938859
95 -20 0.958455
95 -15 0.964683
95 -10 0.9604
95 -5 0.956508
95 0 0.953111
95 5 0.954744
95 10 0.95581
95 15 0.954069
95 20 0.944559
95 25 0.914306
95 30 0.864132
95 35 0.772324
95 40 0.680766
95 45 0.600239
100 -50 0.57232
100 -45 0.650554
100 -40 0.748547
100 -35 0.832517
100 -30 0.878163
100 -25 0.910548
100 -20 0.936365
100 -15 0.946222
100 -10 0.949269
100 -5 0.947191
100 0 0.942589
100 5 0.940825
100 10 0.93624
100 15 0.931752
100 20 0.920757
100 25 0.897769
100 30 0.838085
100 35 0.75773
100 40 0.657615
100 45 0.594993
105 -50 0.57232
105 -45 0.650554
105 -40 0.748547
105 -35 0.832517
105 -30 0.878163
105 -25 0.910548
105 -20 0.936365
105 -15 0.946222
105 -10 0.949269
105 -5 0.947191
105 0 0.942589
105 5 0.940825
105 10 0.93624
105 15 0.931752
105 20 0.920757
105 25 0.897769
105 30 0.838085
105 35 0.75773
105 40 0.657615
105 45 0.594993
110 -50 0.548555
110 -45 0.619346
110 -40 0.716412
110 -35 0.785901
110 -30 0.827953
110 -25 0.860678
110 -20 0.88713
110 -15 0.907397
110 -10 0.915925
110 -5 0.912178
110 0 0.910575
110 5 0.903595
110 10 0.893484
110 15 0.886065
110 20 0.879985
110 25 0.852194
110 30 0.801216
110 35 0.714684
110 40 0.631714
110 45 0.559972
115 -50 0.548555
115 -45 0.619346
115 -40 0.716412
115 -35 0.785901
115 -30 0.827953
115 -25 0.860678
115 -20 0.88713
115 -15 0.907397
115 -10 0.915925
115 -5 0.912178
115 0 0.910575
115 5 0.903595
115 10 0.893484
115 15 0.886065
115 20 0.879985
115 25 0.852194
115 30 0.801216
115 35 0.714684
115 40 0.631714
115 45 0.559972
120 -50 0.506862
120 -45 0.576545
120 -40 0.655133
120 -35 0.719138
120 -30 0.755695
120 -25 0.783923
120 -20 0.813459
120 -15 0.831219
120 -10 0.844176
120 -5 0.850498
120 0 0.843962
120 5 0.837533
120 10 0.819252
120 15 0.808531
120 20 0.796853
120 25 0.772677
120 30 0.724955
120 35 0.653157
120 40 0.570399
120 45 0.513059
125 -50 0.506862
125 -45 0.576545
125 -40 0.655133
125 -35 0.719138
125 -30 0.755695
125 -25 0.783923
125 -20 0.813459
125 -15 0.831219
125 -10 0.844176
125 -5 0.850498
125 0 0.843962
125 5 0.837533
125 10 0.819252
125 15 0.808531
125 20 0.796853
125 25 0.772677
125 30 0.724955
125 35 0.653157
125 40 0.570399
125 45 0.513059
130 -50 0.45786
130 -45 0.505626
130 -40 0.578039
130 -35 0.628427
130 -30 0.666171
130 -25 0.691567
130 -20 0.705828
130 -15 0.72296
130 -10 0.738717
130 -5 0.748431
130 0 0.750602
130 5 0.739295
130 10 0.722331
130 15 0.705273
130 20 0.6918
130 25 0.67124
130 30 0.628629
130 35 0.572364
130 40 0.499199
130 45 0.446916
135 -50 0.45786
135 -45 0.505626
135 -40 0.578039
135 -35 0.628427
135 -30 0.666171
135 -25 0.691567
135 -20 0.705828
135 -15 0.72296
135 -10 0.738717
135 -5 0.748431
135 0 0.750602
135 5 0.739295
135 10 0.722331
135 15 0.705273
135 20 0.6918
135 25 0.67124
135 30 0.628629
135 35 0.572364
135 40 0.499199
135 45 0.446916
140 -50 0.40005
140 -45 0.450583
140 -40 0.500549
140 -35 0.557618
140 -30 0.589024
140 -25 0.611104
140 -20 0.620197
140 -15 0.622823
140 -10 0.644115
140 -5 0.658672
140 0 0.66016
140 5 0.651893
140 10 0.635301
140 15 0.623403
140 20 0.6091
140 25 0.587679
140 30 0.561231
140 35 0.501516
140 40 0.447561
140 45 0.388489
145 -50 0.40005
145 -45 0.450583
145 -40 0.500549
145 -35 0.557618
145 -30 0.589024
145 -25 0.611104
145 -20 0.620197
145 -15 0.622823
145 -10 0.644115
145 -5 0.658672
145 0 0.66016
145 5 0.651893
145 10 0.635301
145 15 0.623403
145 20 0.6091
145 25 0.587679
145 30 0.561231
145 35 0.501516
145 40 0.447561
145 45 0.388489
