-75 -50 0.375935
-75 -45 0.431986
-75 -40 0.494322
-75 -35 0.553178
-75 -30 0.590875
-75 -25 0.598077
-75 -20 0.613136
-75 -15 0.635176
-75 -10 0.642485
-75 -5 0.644263
-75 0 0.647918
-75 5 0.6468
-75 10 0.637612
-75 15 0.628397
-75 20 0.613292
-75 25 0.582175
-75 30 0.551439
-75 35 0.500513
-75 40 0.447376
-75 45 0.39223
-70 -50 0.415198
-70 -45 0.478862
-70 -40 0.555341
-70 -35 0.625316
-70 -30 0.664641
-70 -25 0.688838
-70 -20 0.704455
-70 -15 0.724204
-70 -10 0.730793
-70 -5 0.727383
-70 0 0.739895
-70 5 0.73741
-70 10 0.729609
-70 15 0.714893
-70 20 0.691476
-70 25 0.662886
-70 30 0.623937
-70 35 0.573964
-70 40 0.50704
-70 45 0.451179
-65 -50 0.464778
-65 -45 0.541105
-65 -40 0.637046
-65 -35 0.706561
-65 -30 0.757312
-65 -25 0.781991
-65 -20 0.806816
-65 -15 0.822837
-65 -10 0.823966
-65 -5 0.830798
-65 0 0.835637
-65 5 0.843606
-65 10 0.828051
-65 15 0.81081
-65 20 0.782513
-65 25 0.755587
-65 30 0.719206
-65 35 0.65932
-65 40 0.580082
-65 45 0.506656
-60 -50 0.502081
-60 -45 0.597417
-60 -40 0.699328
-60 -35 0.777432
-60 -30 0.822164
-60 -25 0.854483
-60 -20 0.875539
-60 -15 0.890851
-60 -10 0.893103
-60 -5 0.889499
-60 0 0.906695
-60 5 0.902975
-60 10 0.896806
-60 15 0.874169
-60 20 0.855784
-60 25 0.830132
-60 30 0.793427
-60 35 0.72504
-60 40 0.632932
-60 45 0.555796
-55 -50 0.54775
-55 -45 0.630488
-55 -40 0.740998
-55 -35 0.819385
-55 -30 0.863382
-55 -25 0.894781
-55 -20 0.914831
-55 -15 0.92268
-55 -10 0.917746
-55 -5 0.916235
-55 0 0.914159
-55 5 0.924633
-55 10 0.917058
-55 15 0.9141
-55 20 0.899822
-55 25 0.880686
-55 30 0.839297
-55 35 0.761232
-55 40 0.664609
-55 45 0.581415
-50 -50 0.575457
-50 -45 0.65814
-50 -40 0.76289
-50 -35 0.839754
-50 -30 0.893534
-50 -25 0.9202
-50 -20 0.939079
-50 -15 0.940797
-50 -10 0.929535
-50 -5 0.912285
-50 0 0.916543
-50 5 0.914578
-50 10 0.923825
-50 15 0.929739
-50 20 0.929662
-50 25 0.911565
-50 30 0.863721
-50 35 0.782951
-50 40 0.678053
-50 45 0.594079
-45 -50 0.595035
-45 -45 0.674077
-45 -40 0.77232
-45 -35 0.860923
-45 -30 0.907242
-45 -25 0.943268
-45 -20 0.950106
-45 -15 0.95108
-45 -10 0.933096
-45 -5 0.921911
-45 0 0.910039
-45 5 0.919534
-45 10 0.925145
-45 15 0.937239
-45 20 0.942187
-45 25 0.924925
-45 30 0.878879
-45 35 0.7895
-45 40 0.688462
-45 45 0.597941
-40 -50 0.602551
-40 -45 0.679461
-40 -40 0.787728
-40 -35 0.865563
-40 -30 0.926335
-40 -25 0.944455
-40 -20 0.962921
-40 -15 0.951858
-40 -10 0.943072
-40 -5 0.9215
-40 0 0.923163
-40 5 0.92606
-40 10 0.935142
-40 15 0.948521
-40 20 0.949972
-40 25 0.931692
-40 30 0.885687
-40 35 0.797231
-40 40 0.694052
-40 45 0.608088
-35 -50 0.59211
-35 -45 0.680533
-35 -40 0.783472
-35 -35 0.870338
-35 -30 0.916946
-35 -25 0.957293
-35 -20 0.96045
-35 -15 0.968695
-35 -10 0.947271
-35 -5 0.934874
-35 0 0.92735
-35 5 0.936998
-35 10 0.947527
-35 15 0.956584
-35 20 0.955009
-35 25 0.936813
-35 30 0.882727
-35 35 0.801025
-35 40 0.701572
-35 45 0.620262
-30 -50 0.583121
-30 -45 0.671623
-30 -40 0.77768
-30 -35 0.858706
-30 -30 0.91891
-30 -25 0.9455
-30 -20 0.974749
-30 -15 0.972835
-30 -10 0.96543
-30 -5 0.950901
-30 0 0.946812
-30 5 0.951443
-30 10 0.957515
-30 15 0.965967
-30 20 0.95972
-30 25 0.923016
-30 30 0.878895
-30 35 0.793563
-30 40 0.707777
-30 45 0.628977
-25 -50 0.582955
-25 -45 0.672563
-25 -40 0.777545
-25 -35 0.859125
-25 -30 0.913083
-25 -25 0.952099
-25 -20 0.968255
-25 -15 0.984021
-25 -10 0.980365
-25 -5 0.970901
-25 0 0.970891
-25 5 0.966879
-25 10 0.969779
-25 15 0.970128
-25 20 0.953182
-25 25 0.920145
-25 30 0.860074
-25 35 0.791908
-25 40 0.704205
-25 45 0.631132
-20 -50 0.592346
-20 -45 0.676253
-20 -40 0.774894
-20 -35 0.855236
-20 -30 0.911824
-20 -25 0.942412
-20 -20 0.970861
-20 -15 0.985539
-20 -10 0.988066
-20 -5 0.990657
-20 0 0.984898
-20 5 0.982208
-20 10 0.972846
-20 15 0.968322
-20 20 0.950079
-20 25 0.909298
-20 30 0.85867
-20 35 0.780378
-20 40 0.695507
-20 45 0.619662
-15 -50 0.586295
-15 -45 0.669742
-15 -40 0.762904
-15 -35 0.84558
-15 -30 0.901661
-15 -25 0.939159
-15 -20 0.96205
-15 -15 0.98398
-15 -10 0.98896
-15 -5 0.988194
-15 0 0.994045
-15 5 0.985911
-15 10 0.977465
-15 15 0.963043
-15 20 0.945069
-15 25 0.902855
-15 30 0.839908
-15 35 0.764271
-15 40 0.676159
-15 45 0.597705
-10 -50 0.575283
-10 -45 0.655085
-10 -40 0.756131
-10 -35 0.836018
-10 -30 0.89932
-10 -25 0.932989
-10 -20 0.962267
-10 -15 0.978145
-10 -10 0.981681
-10 -5 0.988448
-10 0 0.985895
-10 5 0.986375
-10 10 0.979173
-10 15 0.968877
-10 20 0.942843
-10 25 0.897621
-10 30 0.825668
-10 35 0.74931
-10 40 0.667338
-10 45 0.595334
-5 -50 0.568395
-5 -45 0.652816
-5 -40 0.751577
-5 -35 0.837363
-5 -30 0.894323
-5 -25 0.934736
-5 -20 0.96012
-5 -15 0.977127
-5 -10 0.987102
-5 -5 0.981143
-5 0 0.985813
-5 5 0.981795
-5 10 0.97859
-5 15 0.970949
-5 20 0.948297
-5 25 0.895443
-5 30 0.827253
-5 35 0.750427
-5 40 0.667971
-5 45 0.591101
0 -50 0.568087
0 -45 0.657598
0 -40 0.755636
0 -35 0.835523
0 -30 0.898051
0 -25 0.938178
0 -20 0.968279
0 -15 0.984527
0 -10 0.984702
0 -5 0.994444
0 0 0.983906
0 5 0.981817
0 10 0.979642
0 15 0.968333
0 20 0.945714
0 25 0.900677
0 30 0.83647
0 35 0.758504
0 40 0.660388
0 45 0.577654
5 -50 0.585219
5 -45 0.660802
5 -40 0.762574
5 -35 0.842063
5 -30 0.9015
5 -25 0.950496
5 -20 0.973924
5 -15 0.989136
5 -10 0.99661
5 -5 0.994061
5 0 0.996664
5 5 0.991594
5 10 0.981623
5 15 0.972355
5 20 0.947688
5 25 0.912517
5 30 0.854548
5 35 0.769002
5 40 0.660235
5 45 0.563138
10 -50 0.589455
10 -45 0.679465
10 -40 0.774086
10 -35 0.857481
10 -30 0.917632
10 -25 0.951688
10 -20 0.980504
10 -15 0.988623
10 -10 0.994859
10 -5 1.00004
10 0 0.998653
10 5 0.997991
10 10 0.988369
10 15 0.976829
10 20 0.959152
10 25 0.92301
10 30 0.874182
10 35 0.785082
10 40 0.667502
10 45 0.571821
15 -50 0.605153
15 -45 0.681399
15 -40 0.790338
15 -35 0.870393
15 -30 0.92363
15 -25 0.956233
15 -20 0.969301
15 -15 0.985276
15 -10 0.987911
15 -5 0.99187
15 0 0.995748
15 5 0.993055
15 10 0.991021
15 15 0.974705
15 20 0.95953
15 25 0.932591
15 30 0.879543
15 35 0.797227
15 40 0.684962
15 45 0.589759
20 -50 0.605581
20 -45 0.69631
20 -40 0.790599
20 -35 0.877628
20 -30 0.923528
20 -25 0.950709
20 -20 0.96739
20 -15 0.971869
20 -10 0.97832
20 -5 0.979346
20 0 0.981388
20 5 0.989794
20 10 0.976895
20 15 0.971585
20 20 0.953617
20 25 0.927697
20 30 0.882532
20 35 0.799719
20 40 0.694998
20 45 0.604945
25 -50 0.623139
25 -45 0.695701
25 -40 0.801059
25 -35 0.870457
25 -30 0.921075
25 -25 0.946535
25 -20 0.961775
25 -15 0.969868
25 -10 0.962308
25 -5 0.96486
25 0 0.968167
25 5 0.971301
25 10 0.974567
25 15 0.957735
25 20 0.951948
25 25 0.92856
25 30 0.880349
25 35 0.796231
25 40 0.698975
25 45 0.607637
30 -50 0.619704
30 -45 0.704347
30 -40 0.797189
30 -35 0.872329
30 -30 0.911116
30 -25 0.943559
30 -20 0.961375
30 -15 0.958675
30 -10 0.957864
30 -5 0.948008
30 0 0.952045
30 5 0.961265
30 10 0.960424
30 15 0.96043
30 20 0.952461
30 25 0.937622
30 30 0.880149
30 35 0.801276
30 40 0.69694
30 45 0.619602
35 -50 0.620646
35 -45 0.698256
35 -40 0.7944
35 -35 0.866856
35 -30 0.913314
35 -25 0.938991
35 -20 0.956501
35 -15 0.96099
35 -10 0.947623
35 -5 0.944283
35 0 0.940937
35 5 0.947693
35 10 0.956293
35 15 0.956981
35 20 0.958675
35 25 0.933857
35 30 0.886221
35 35 0.791792
35 40 0.699335
35 45 0.609687
40 -50 0.612113
40 -45 0.68437
40 -40 0.786072
40 -35 0.867321
40 -30 0.912525
40 -25 0.945125
40 -20 0.961563
40 -15 0.959986
40 -10 0.957579
40 -5 0.947582
40 0 0.944936
40 5 0.949172
40 10 0.955992
40 15 0.959943
40 20 0.952205
40 25 0.932397
40 30 0.871882
40 35 0.791306
40 40 0.686661
40 45 0.611038
45 -50 0.596731
45 -45 0.671158
45 -40 0.773308
45 -35 0.857329
45 -30 0.910339
45 -25 0.938859
45 -20 0.958455
45 -15 0.964683
45 -10 0.9604
45 -5 0.956508
45 0 0.953111
45 5 0.954744
45 10 0.95581
45 15 0.954069
45 20 0.944559
45 25 0.914306
45 30 0.864132
45 35 0.772324
45 40 0.680766
45 45 0.600239
50 -50 0.57232
50 -45 0.650554
50 -40 0.748547
50 -35 0.832517
50 -30 0.878163
50 -25 0.910548
50 -20 0.936365
50 -15 0.946222
50 -10 0.949269
50 -5 0.947191
50 0 0.942589
50 5 0.940825
50 10 0.93624
50 15 0.931752
50 20 0.920757
50 25 0.897769
50 30 0.838085
50 35 0.75773
50 40 0.657615
50 45 0.594993
55 -50 0.548555
55 -45 0.619346
55 -40 0.716412
55 -35 0.785901
55 -30 0.827953
55 -25 0.860678
55 -20 0.88713
55 -15 0.907397
55 -10 0.915925
55 -5 0.912178
55 0 0.910575
55 5 0.903595
55 10 0.893484
55 15 0.886065
55 20 0.879985
55 25 0.852194
55 30 0.801216
55 35 0.714684
55 40 0.631714
55 45 0.559972
60 -50 0.506862
60 -45 0.576545
60 -40 0.655133
60 -35 0.719138
60 -30 0.755695
60 -25 0.783923
60 -20 0.813459
60 -15 0.831219
60 -10 0.844176
60 -5 0.850498
60 0 0.843962
60 5 0.837533
60 10 0.819252
60 15 0.808531
60 20 0.796853
60 25 0.772677
60 30 0.724955
60 35 0.653157
60 40 0.570399
60 45 0.513059
65 -50 0.45786
65 -45 0.505626
65 -40 0.578039
65 -35 0.628427
65 -30 0.666171
65 -25 0.691567
65 -20 0.705828
65 -15 0.72296
65 -10 0.738717
65 -5 0.748431
65 0 0.750602
65 5 0.739295
65 10 0.722331
65 15 0.705273
65 20 0.6918
65 25 0.67124
65 30 0.628629
65 35 0.572364
65 40 0.499199
65 45 0.446916
70 -50 0.40005
70 -45 0.450583
70 -40 0.500549
70 -35 0.557618
70 -30 0.589024
70 -25 0.611104
70 -20 0.620197
70 -15 0.622823
70 -10 0.644115
70 -5 0.658672
70 0 0.66016
70 5 0.651893
70 10 0.635301
70 15 0.623403
70 20 0.6091
70 25 0.587679
70 30 0.561231
70 35 0.501516
70 40 0.447561
70 45 0.388489
