-150 -100 0.375935
-150 -95 0.375935
-150 -90 0.431986
-150 -85 0.431986
-150 -80 0.494322
-150 -75 0.494322
-150 -70 0.553178
-150 -65 0.553178
-150 -60 0.590875
-150 -55 0.590875
-150 -50 0.598077
-150 -45 0.598077
-150 -40 0.613136
-150 -35 0.613136
-150 -30 0.635176
-150 -25 0.635176
-150 -20 0.642485
-150 -15 0.642485
-150 -10 0.644263
-150 -5 0.644263
-150 0 0.647918
-150 5 0.647918
-150 10 0.6468
-150 15 0.6468
-150 20 0.637612
-150 25 0.637612
-150 30 0.628397
-150 35 0.628397
-150 40 0.613292
-150 45 0.613292
-150 50 0.582175
-150 55 0.582175
-150 60 0.551439
-150 65 0.551439
-150 70 0.500513
-150 75 0.500513
-150 80 0.447376
-150 85 0.447376
-150 90 0.39223
-150 95 0.39223
-145 -100 0.375935
-145 -95 0.375935
-145 -90 0.431986
-145 -85 0.431986
-145 -80 0.494322
-145 -75 0.494322
-145 -70 0.553178
-145 -65 0.553178
-145 -60 0.590875
-145 -55 0.590875
-145 -50 0.598077
-145 -45 0.598077
-145 -40 0.613136
-145 -35 0.613136
-145 -30 0.635176
-145 -25 0.635176
-145 -20 0.642485
-145 -15 0.642485
-145 -10 0.644263
-145 -5 0.644263
-145 0 0.647918
-145 5 0.647918
-145 10 0.6468
-145 15 0.6468
-145 20 0.637612
-145 25 0.637612
-145 30 0.628397
-145 35 0.628397
-145 40 0.613292
-145 45 0.613292
-145 50 0.582175
-145 55 0.582175
-145 60 0.551439
-145 65 0.551439
-145 70 0.500513
-145 75 0.500513
-145 80 0.447376
-145 85 0.447376
-145 90 0.39223
-145 95 0.39223
-140 -100 0.415198
-140 -95 0.415198
-140 -90 0.478862
-140 -85 0.478862
-140 -80 0.555341
-140 -75 0.555341
-140 -70 0.625316
-140 -65 0.625316
-140 -60 0.664641
-140 -55 0.664641
-140 -50 0.688838
-140 -45 0.688838
-140 -40 0.704455
-140 -35 0.704455
-140 -30 0.724204
-140 -25 0.724204
-140 -20 0.730793
-140 -15 0.730793
-140 -10 0.727383
-140 -5 0.727383
-140 0 0.739895
-140 5 0.739895
-140 10 0.73741
-140 15 0.73741
-140 20 0.729609
-140 25 0.729609
-140 30 0.714893
-140 35 0.714893
-140 40 0.691476
-140 45 0.691476
-140 50 0.662886
-140 55 0.662886
-140 60 0.623937
-140 65 0.623937
-140 70 0.573964
-140 75 0.573964
-140 80 0.50704
-140 85 0.50704
-140 90 0.451179
-140 95 0.451179
-135 -100 0.415198
-135 -95 0.415198
-135 -90 0.478862
-135 -85 0.478862
-135 -80 0.555341
-135 -75 0.555341
-135 -70 0.625316
-135 -65 0.625316
-135 -60 0.664641
-135 -55 0.664641
-135 -50 0.688838
-135 -45 0.688838
-135 -40 0.704455
-135 -35 0.704455
-135 -30 0.724204
-135 -25 0.724204
-135 -20 0.730793
-135 -15 0.730793
-135 -10 0.727383
-135 -5 0.727383
-135 0 0.739895
-135 5 0.739895
-135 10 0.73741
-135 15 0.73741
-135 20 0.729609
-135 25 0.729609
-135 30 0.714893
-135 35 0.714893
-135 40 0.691476
-135 45 0.691476
-135 50 0.662886
-135 55 0.662886
-135 60 0.623937
-135 65 0.623937
-135 70 0.573964
-135 75 0.573964
-135 80 0.50704
-135 85 0.50704
-135 90 0.451179
-135 95 0.451179
-130 -100 0.464778
-130 -95 0.464778
-130 -90 0.541105
-130 -85 0.541105
-130 -80 0.637046
-130 -75 0.637046
-130 -70 0.706561
-130 -65 0.706561
-130 -60 0.757312
-130 -55 0.757312
-130 -50 0.781991
-130 -45 0.781991
-130 -40 0.806816
-130 -35 0.806816
-130 -30 0.822837
-130 -25 0.822837
-130 -20 0.823966
-130 -15 0.823966
-130 -10 0.830798
-130 -5 0.830798
-130 0 0.835637
-130 5 0.835637
-130 10 0.843606
-130 15 0.843606
-130 20 0.828051
-130 25 0.828051
-130 30 0.81081
-130 35 0.81081
-130 40 0.782513
-130 45 0.782513
-130 50 0.755587
-130 55 0.755587
-130 60 0.719206
-130 65 0.719206
-130 70 0.65932
-130 75 0.65932
-130 80 0.580082
-130 85 0.580082
-130 90 0.506656
-130 95 0.506656
-125 -100 0.464778
-125 -95 0.464778
-125 -90 0.541105
-125 -85 0.541105
-125 -80 0.637046
-125 -75 0.637046
-125 -70 0.706561
-125 -65 0.706561
-125 -60 0.757312
-125 -55 0.757312
-125 -50 0.781991
-125 -45 0.781991
-125 -40 0.806816
-125 -35 0.806816
-125 -30 0.822837
-125 -25 0.822837
-125 -20 0.823966
-125 -15 0.823966
-125 -10 0.830798
-125 -5 0.830798
-125 0 0.835637
-125 5 0.835637
-125 10 0.843606
-125 15 0.843606
-125 20 0.828051
-125 25 0.828051
-125 30 0.81081
-125 35 0.81081
-125 40 0.782513
-125 45 0.782513
-125 50 0.755587
-125 55 0.755587
-125 60 0.719206
-125 65 0.719206
-125 70 0.65932
-125 75 0.65932
-125 80 0.580082
-125 85 0.580082
-125 90 0.506656
-125 95 0.506656
-120 -100 0.502081
-120 -95 0.502081
-120 -90 0.597417
-120 -85 0.597417
-120 -80 0.699328
-120 -75 0.699328
-120 -70 0.777432
-120 -65 0.777432
-120 -60 0.822164
-120 -55 0.822164
-120 -50 0.854483
-120 -45 0.854483
-120 -40 0.875539
-120 -35 0.875539
-120 -30 0.890851
-120 -25 0.890851
-120 -20 0.893103
-120 -15 0.893103
-120 -10 0.889499
-120 -5 0.889499
-120 0 0.906695
-120 5 0.906695
-120 10 0.902975
-120 15 0.902975
-120 20 0.896806
-120 25 0.896806
-120 30 0.874169
-120 35 0.874169
-120 40 0.855784
-120 45 0.855784
-120 50 0.830132
-120 55 0.830132
-120 60 0.793427
-120 65 0.793427
-120 70 0.72504
-120 75 0.72504
-120 80 0.632932
-120 85 0.632932
-120 90 0.555796
-120 95 0.555796
-115 -100 0.502081
-115 -95 0.502081
-115 -90 0.597417
-115 -85 0.597417
-115 -80 0.699328
-115 -75 0.699328
-115 -70 0.777432
-115 -65 0.777432
-115 -60 0.822164
-115 -55 0.822164
-115 -50 0.854483
-115 -45 0.854483
-115 -40 0.875539
-115 -35 0.875539
-115 -30 0.890851
-115 -25 0.890851
-115 -20 0.893103
-115 -15 0.893103
-115 -10 0.889499
-115 -5 0.889499
-115 0 0.906695
-115 5 0.906695
-115 10 0.902975
-115 15 0.902975
-115 20 0.896806
-115 25 0.896806
-115 30 0.874169
-115 35 0.874169
-115 40 0.855784
-115 45 0.855784
-115 50 0.830132
-115 55 0.830132
-115 60 0.793427
-115 65 0.793427
-115 70 0.72504
-115 75 0.72504
-115 80 0.632932
-115 85 0.632932
-115 90 0.555796
-115 95 0.555796
-110 -100 0.54775
-110 -95 0.54775
-110 -90 0.630488
-110 -85 0.630488
-110 -80 0.740998
-110 -75 0.740998
-110 -70 0.819385
-110 -65 0.819385
-110 -60 0.863382
-110 -55 0.863382
-110 -50 0.894781
-110 -45 0.894781
-110 -40 0.914831
-110 -35 0.914831
-110 -30 0.92268
-110 -25 0.92268
-110 -20 0.917746
-110 -15 0.917746
-110 -10 0.916235
-110 -5 0.916235
-110 0 0.914159
-110 5 0.914159
-110 10 0.924633
-110 15 0.924633
-110 20 0.917058
-110 25 0.917058
-110 30 0.9141
-110 35 0.9141
-110 40 0.899822
-110 45 0.899822
-110 50 0.880686
-110 55 0.880686
-110 60 0.839297
-110 65 0.839297
-110 70 0.761232
-110 75 0.761232
-110 80 0.664609
-110 85 0.664609
-110 90 0.581415
-110 95 0.581415
-105 -100 0.54775
-105 -95 0.54775
-105 -90 0.630488
-105 -85 0.630488
-105 -80 0.740998
-105 -75 0.740998
-105 -70 0.819385
-105 -65 0.819385
-105 -60 0.863382
-105 -55 0.863382
-105 -50 0.894781
-105 -45 0.894781
-105 -40 0.914831
-105 -35 0.914831
-105 -30 0.92268
-105 -25 0.92268
-105 -20 0.917746
-105 -15 0.917746
-105 -10 0.916235
-105 -5 0.916235
-105 0 0.914159
-105 5 0.914159
-105 10 0.924633
-105 15 0.924633
-105 20 0.917058
-105 25 0.917058
-105 30 0.9141
-105 35 0.9141
-105 40 0.899822
-105 45 0.899822
-105 50 0.880686
-105 55 0.880686
-105 60 0.839297
-105 65 0.839297
-105 70 0.761232
-105 75 0.761232
-105 80 0.664609
-105 85 0.664609
-105 90 0.581415
-105 95 0.581415
-100 -100 0.575457
-100 -95 0.575457
-100 -90 0.65814
-100 -85 0.65814
-100 -80 0.76289
-100 -75 0.76289
-100 -70 0.839754
-100 -65 0.839754
-100 -60 0.893534
-100 -55 0.893534
-100 -50 0.9202
-100 -45 0.9202
-100 -40 0.939079
-100 -35 0.939079
-100 -30 0.940797
-100 -25 0.940797
-100 -20 0.929535
-100 -15 0.929535
-100 -10 0.912285
-100 -5 0.912285
-100 0 0.916543
-100 5 0.916543
-100 10 0.914578
-100 15 0.914578
-100 20 0.923825
-100 25 0.923825
-100 30 0.929739
-100 35 0.929739
-100 40 0.929662
-100 45 0.929662
-100 50 0.911565
-100 55 0.911565
-100 60 0.863721
-100 65 0.863721
-100 70 0.782951
-100 75 0.782951
-100 80 0.678053
-100 85 0.678053
-100 90 0.594079
-100 95 0.594079
-95 -100 0.575457
-95 -95 0.575457
-95 -90 0.65814
-95 -85 0.65814
-95 -80 0.76289
-95 -75 0.76289
-95 -70 0.839754
-95 -65 0.839754
-95 -60 0.893534
-95 -55 0.893534
-95 -50 0.9202
-95 -45 0.9202
-95 -40 0.939079
-95 -35 0.939079
-95 -30 0.940797
-95 -25 0.940797
-95 -20 0.929535
-95 -15 0.929535
-95 -10 0.912285
-95 -5 0.912285
-95 0 0.916543
-95 5 0.916543
-95 10 0.914578
-95 15 0.914578
-95 20 0.923825
-95 25 0.923825
-95 30 0.929739
-95 35 0.929739
-95 40 0.929662
-95 45 0.929662
-95 50 0.911565
-95 55 0.911565
-95 60 0.863721
-95 65 0.863721
-95 70 0.782951
-95 75 0.782951
-95 80 0.678053
-95 85 0.678053
-95 90 0.594079
-95 95 0.594079
-90 -100 0.595035
-90 -95 0.595035
-90 -90 0.674077
-90 -85 0.674077
-90 -80 0.77232
-90 -75 0.77232
-90 -70 0.860923
-90 -65 0.860923
-90 -60 0.907242
-90 -55 0.907242
-90 -50 0.943268
-90 -45 0.943268
-90 -40 0.950106
-90 -35 0.950106
-90 -30 0.95108
-90 -25 0.95108
-90 -20 0.933096
-90 -15 0.933096
-90 -10 0.921911
-90 -5 0.921911
-90 0 0.910039
-90 5 0.910039
-90 10 0.919534
-90 15 0.919534
-90 20 0.925145
-90 25 0.925145
-90 30 0.937239
-90 35 0.937239
-90 40 0.942187
-90 45 0.942187
-90 50 0.924925
-90 55 0.924925
-90 60 0.878879
-90 65 0.878879
-90 70 0.7895
-90 75 0.7895
-90 80 0.688462
-90 85 0.688462
-90 90 0.597941
-90 95 0.597941
-85 -100 0.595035
-85 -95 0.595035
-85 -90 0.674077
-85 -85 0.674077
-85 -80 0.77232
-85 -75 0.77232
-85 -70 0.860923
-85 -65 0.860923
-85 -60 0.907242
-85 -55 0.907242
-85 -50 0.943268
-85 -45 0.943268
-85 -40 0.950106
-85 -35 0.950106
-85 -30 0.95108
-85 -25 0.95108
-85 -20 0.933096
-85 -15 0.933096
-85 -10 0.921911
-85 -5 0.921911
-85 0 0.910039
-85 5 0.910039
-85 10 0.919534
-85 15 0.919534
-85 20 0.925145
-85 25 0.925145
-85 30 0.937239
-85 35 0.937239
-85 40 0.942187
-85 45 0.942187
-85 50 0.924925
-85 55 0.924925
-85 60 0.878879
-85 65 0.878879
-85 70 0.7895
-85 75 0.7895
-85 80 0.688462
-85 85 0.688462
-85 90 0.597941
-85 95 0.597941
-80 -100 0.602551
-80 -95 0.602551
-80 -90 0.679461
-80 -85 0.679461
-80 -80 0.787728
-80 -75 0.787728
-80 -70 0.865563
-80 -65 0.865563
-80 -60 0.926335
-80 -55 0.926335
-80 -50 0.944455
-80 -45 0.944455
-80 -40 0.962921
-80 -35 0.962921
-80 -30 0.951858
-80 -25 0.951858
-80 -20 0.943072
-80 -15 0.943072
-80 -10 0.9215
-80 -5 0.9215
-80 0 0.923163
-80 5 0.923163
-80 10 0.92606
-80 15 0.92606
-80 20 0.935142
-80 25 0.935142
-80 30 0.948521
-80 35 0.948521
-80 40 0.949972
-80 45 0.949972
-80 50 0.931692
-80 55 0.931692
-80 60 0.885687
-80 65 0.885687
-80 70 0.797231
-80 75 0.797231
-80 80 0.694052
-80 85 0.694052
-80 90 0.608088
-80 95 0.608088
-75 -100 0.602551
-75 -95 0.602551
-75 -90 0.679461
-75 -85 0.679461
-75 -80 0.787728
-75 -75 0.787728
-75 -70 0.865563
-75 -65 0.865563
-75 -60 0.926335
-75 -55 0.926335
-75 -50 0.944455
-75 -45 0.944455
-75 -40 0.962921
-75 -35 0.962921
-75 -30 0.951858
-75 -25 0.951858
-75 -20 0.943072
-75 -15 0.943072
-75 -10 0.9215
-75 -5 0.9215
-75 0 0.923163
-75 5 0.923163
-75 10 0.92606
-75 15 0.92606
-75 20 0.935142
-75 25 0.935142
-75 30 0.948521
-75 35 0.948521
-75 40 0.949972
-75 45 0.949972
-75 50 0.931692
-75 55 0.931692
-75 60 0.885687
-75 65 0.885687
-75 70 0.797231
-75 75 0.797231
-75 80 0.694052
-75 85 0.694052
-75 90 0.608088
-75 95 0.608088
-70 -100 0.59211
-70 -95 0.59211
-70 -90 0.680533
-70 -85 0.680533
-70 -80 0.783472
-70 -75 0.783472
-70 -70 0.870338
-70 -65 0.870338
-70 -60 0.916946
-70 -55 0.916946
-70 -50 0.957293
-70 -45 0.957293
-70 -40 0.96045
-70 -35 0.96045
-70 -30 0.968695
-70 -25 0.968695
-70 -20 0.947271
-70 -15 0.947271
-70 -10 0.934874
-70 -5 0.934874
-70 0 0.92735
-70 5 0.92735
-70 10 0.936998
-70 15 0.936998
-70 20 0.947527
-70 25 0.947527
-70 30 0.956584
-70 35 0.956584
-70 40 0.955009
-70 45 0.955009
-70 50 0.936813
-70 55 0.936813
-70 60 0.882727
-70 65 0.882727
-70 70 0.801025
-70 75 0.801025
-70 80 0.701572
-70 85 0.701572
-70 90 0.620262
-70 95 0.620262
-65 -100 0.59211
-65 -95 0.59211
-65 -90 0.680533
-65 -85 0.680533
-65 -80 0.783472
-65 -75 0.783472
-65 -70 0.870338
-65 -65 0.870338
-65 -60 0.916946
-65 -55 0.916946
-65 -50 0.957293
-65 -45 0.957293
-65 -40 0.96045
-65 -35 0.96045
-65 -30 0.968695
-65 -25 0.968695
-65 -20 0.947271
-65 -15 0.947271
-65 -10 0.934874
-65 -5 0.934874
-65 0 0.92735
-65 5 0.92735
-65 10 0.936998
-65 15 0.936998
-65 20 0.947527
-65 25 0.947527
-65 30 0.956584
-65 35 0.956584
-65 40 0.955009
-65 45 0.955009
-65 50 0.936813
-65 55 0.936813
-65 60 0.882727
-65 65 0.882727
-65 70 0.801025
-65 75 0.801025
-65 80 0.701572
-65 85 0.701572
-65 90 0.620262
-65 95 0.620262
-60 -100 0.583121
-60 -95 0.583121
-60 -90 0.671623
-60 -85 0.671623
-60 -80 0.77768
-60 -75 0.77768
-60 -70 0.858706
-60 -65 0.858706
-60 -60 0.91891
-60 -55 0.91891
-60 -50 0.9455
-60 -45 0.9455
-60 -40 0.974749
-60 -35 0.974749
-60 -30 0.972835
-60 -25 0.972835
-60 -20 0.96543
-60 -15 0.96543
-60 -10 0.950901
-60 -5 0.950901
-60 0 0.946812
-60 5 0.946812
-60 10 0.951443
-60 15 0.951443
-60 20 0.957515
-60 25 0.957515
-60 30 0.965967
-60 35 0.965967
-60 40 0.95972
-60 45 0.95972
-60 50 0.923016
-60 55 0.923016
-60 60 0.878895
-60 65 0.878895
-60 70 0.793563
-60 75 0.793563
-60 80 0.707777
-60 85 0.707777
-60 90 0.628977
-60 95 0.628977
-55 -100 0.583121
-55 -95 0.583121
-55 -90 0.671623
-55 -85 0.671623
-55 -80 0.77768
-55 -75 0.77768
-55 -70 0.858706
-55 -65 0.858706
-55 -60 0.91891
-55 -55 0.91891
-55 -50 0.9455
-55 -45 0.9455
-55 -40 0.974749
-55 -35 0.974749
-55 -30 0.972835
-55 -25 0.972835
-55 -20 0.96543
-55 -15 0.96543
-55 -10 0.950901
-55 -5 0.950901
-55 0 0.946812
-55 5 0.946812
-55 10 0.951443
-55 15 0.951443
-55 20 0.957515
-55 25 0.957515
-55 30 0.965967
-55 35 0.965967
-55 40 0.95972
-55 45 0.95972
-55 50 0.923016
-55 55 0.923016
-55 60 0.878895
-55 65 0.878895
-55 70 0.793563
-55 75 0.793563
-55 80 0.707777
-55 85 0.707777
-55 90 0.628977
-55 95 0.628977
-50 -100 0.582955
-50 -95 0.582955
-50 -90 0.672563
-50 -85 0.672563
-50 -80 0.777545
-50 -75 0.777545
-50 -70 0.859125
-50 -65 0.859125
-50 -60 0.913083
-50 -55 0.913083
-50 -50 0.952099
-50 -45 0.952099
-50 -40 0.968255
-50 -35 0.968255
-50 -30 0.984021
-50 -25 0.984021
-50 -20 0.980365
-50 -15 0.980365
-50 -10 0.970901
-50 -5 0.970901
-50 0 0.970891
-50 5 0.970891
-50 10 0.966879
-50 15 0.966879
-50 20 0.969779
-50 25 0.969779
-50 30 0.970128
-50 35 0.970128
-50 40 0.953182
-50 45 0.953182
-50 50 0.920145
-50 55 0.920145
-50 60 0.860074
-50 65 0.860074
-50 70 0.791908
-50 75 0.791908
-50 80 0.704205
-50 85 0.704205
-50 90 0.631132
-50 95 0.631132
-45 -100 0.582955
-45 -95 0.582955
-45 -90 0.672563
-45 -85 0.672563
-45 -80 0.777545
-45 -75 0.777545
-45 -70 0.859125
-45 -65 0.859125
-45 -60 0.913083
-45 -55 0.913083
-45 -50 0.952099
-45 -45 0.952099
-45 -40 0.968255
-45 -35 0.968255
-45 -30 0.984021
-45 -25 0.984021
-45 -20 0.980365
-45 -15 0.980365
-45 -10 0.970901
-45 -5 0.970901
-45 0 0.970891
-45 5 0.970891
-45 10 0.966879
-45 15 0.966879
-45 20 0.969779
-45 25 0.969779
-45 30 0.970128
-45 35 0.970128
-45 40 0.953182
-45 45 0.953182
-45 50 0.920145
-45 55 0.920145
-45 60 0.860074
-45 65 0.860074
-45 70 0.791908
-45 75 0.791908
-45 80 0.704205
-45 85 0.704205
-45 90 0.631132
-45 95 0.631132
-40 -100 0.592346
-40 -95 0.592346
-40 -90 0.676253
-40 -85 0.676253
-40 -80 0.774894
-40 -75 0.774894
-40 -70 0.855236
-40 -65 0.855236
-40 -60 0.911824
-40 -55 0.911824
-40 -50 0.942412
-40 -45 0.942412
-40 -40 0.970861
-40 -35 0.970861
-40 -30 0.985539
-40 -25 0.985539
-40 -20 0.988066
-40 -15 0.988066
-40 -10 0.990657
-40 -5 0.990657
-40 0 0.984898
-40 5 0.984898
-40 10 0.982208
-40 15 0.982208
-40 20 0.972846
-40 25 0.972846
-40 30 0.968322
-40 35 0.968322
-40 40 0.950079
-40 45 0.950079
-40 50 0.909298
-40 55 0.909298
-40 60 0.85867
-40 65 0.85867
-40 70 0.780378
-40 75 0.780378
-40 80 0.695507
-40 85 0.695507
-40 90 0.619662
-40 95 0.619662
-35 -100 0.592346
-35 -95 0.592346
-35 -90 0.676253
-35 -85 0.676253
-35 -80 0.774894
-35 -75 0.774894
-35 -70 0.855236
-35 -65 0.855236
-35 -60 0.911824
-35 -55 0.911824
-35 -50 0.942412
-35 -45 0.942412
-35 -40 0.970861
-35 -35 0.970861
-35 -30 0.985539
-35 -25 0.985539
-35 -20 0.988066
-35 -15 0.988066
-35 -10 0.990657
-35 -5 0.990657
-35 0 0.984898
-35 5 0.984898
-35 10 0.982208
-35 15 0.982208
-35 20 0.972846
-35 25 0.972846
-35 30 0.968322
-35 35 0.968322
-35 40 0.950079
-35 45 0.950079
-35 50 0.909298
-35 55 0.909298
-35 60 0.85867
-35 65 0.85867
-35 70 0.780378
-35 75 0.780378
-35 80 0.695507
-35 85 0.695507
-35 90 0.619662
-35 95 0.619662
-30 -100 0.586295
-30 -95 0.586295
-30 -90 0.669742
-30 -85 0.669742
-30 -80 0.762904
-30 -75 0.762904
-30 -70 0.84558
-30 -65 0.84558
-30 -60 0.901661
-30 -55 0.901661
-30 -50 0.939159
-30 -45 0.939159
-30 -40 0.96205
-30 -35 0.96205
-30 -30 0.98398
-30 -25 0.98398
-30 -20 0.98896
-30 -15 0.98896
-30 -10 0.988194
-30 -5 0.988194
-30 0 0.994045
-30 5 0.994045
-30 10 0.985911
-30 15 0.985911
-30 20 0.977465
-30 25 0.977465
-30 30 0.963043
-30 35 0.963043
-30 40 0.945069
-30 45 0.945069
-30 50 0.902855
-30 55 0.902855
-30 60 0.839908
-30 65 0.839908
-30 70 0.764271
-30 75 0.764271
-30 80 0.676159
-30 85 0.676159
-30 90 0.597705
-30 95 0.597705
-25 -100 0.586295
-25 -95 0.586295
-25 -90 0.669742
-25 -85 0.669742
-25 -80 0.762904
-25 -75 0.762904
-25 -70 0.84558
-25 -65 0.84558
-25 -60 0.901661
-25 -55 0.901661
-25 -50 0.939159
-25 -45 0.939159
-25 -40 0.96205
-25 -35 0.96205
-25 -30 0.98398
-25 -25 0.98398
-25 -20 0.98896
-25 -15 0.98896
-25 -10 0.988194
-25 -5 0.988194
-25 0 0.994045
-25 5 0.994045
-25 10 0.985911
-25 15 0.985911
-25 20 0.977465
-25 25 0.977465
-25 30 0.963043
-25 35 0.963043
-25 40 0.945069
-25 45 0.945069
-25 50 0.902855
-25 55 0.902855
-25 60 0.839908
-25 65 0.839908
-25 70 0.764271
-25 75 0.764271
-25 80 0.676159
-25 85 0.676159
-25 90 0.597705
-25 95 0.597705
-20 -100 0.575283
-20 -95 0.575283
-20 -90 0.655085
-20 -85 0.655085
-20 -80 0.756131
-20 -75 0.756131
-20 -70 0.836018
-20 -65 0.836018
-20 -60 0.89932
-20 -55 0.89932
-20 -50 0.932989
-20 -45 0.932989
-20 -40 0.962267
-20 -35 0.962267
-20 -30 0.978145
-20 -25 0.978145
-20 -20 0.981681
-20 -15 0.981681
-20 -10 0.988448
-20 -5 0.988448
-20 0 0.985895
-20 5 0.985895
-20 10 0.986375
-20 15 0.986375
-20 20 0.979173
-20 25 0.979173
-20 30 0.968877
-20 35 0.968877
-20 40 0.942843
-20 45 0.942843
-20 50 0.897621
-20 55 0.897621
-20 60 0.825668
-20 65 0.825668
-20 70 0.74931
-20 75 0.74931
-20 80 0.667338
-20 85 0.667338
-20 90 0.595334
-20 95 0.595334
-15 -100 0.575283
-15 -95 0.575283
-15 -90 0.655085
-15 -85 0.655085
-15 -80 0.756131
-15 -75 0.756131
-15 -70 0.836018
-15 -65 0.836018
-15 -60 0.89932
-15 -55 0.89932
-15 -50 0.932989
-15 -45 0.932989
-15 -40 0.962267
-15 -35 0.962267
-15 -30 0.978145
-15 -25 0.978145
-15 -20 0.981681
-15 -15 0.981681
-15 -10 0.988448
-15 -5 0.988448
-15 0 0.985895
-15 5 0.985895
-15 10 0.986375
-15 15 0.986375
-15 20 0.979173
-15 25 0.979173
-15 30 0.968877
-15 35 0.968877
-15 40 0.942843
-15 45 0.942843
-15 50 0.897621
-15 55 0.897621
-15 60 0.825668
-15 65 0.825668
-15 70 0.74931
-15 75 0.74931
-15 80 0.667338
-15 85 0.667338
-15 90 0.595334
-15 95 0.595334
-10 -100 0.568395
-10 -95 0.568395
-10 -90 0.652816
-10 -85 0.652816
-10 -80 0.751577
-10 -75 0.751577
-10 -70 0.837363
-10 -65 0.837363
-10 -60 0.894323
-10 -55 0.894323
-10 -50 0.934736
-10 -45 0.934736
-10 -40 0.96012
-10 -35 0.96012
-10 -30 0.977127
-10 -25 0.977127
-10 -20 0.987102
-10 -15 0.987102
-10 -10 0.981143
-10 -5 0.981143
-10 0 0.985813
-10 5 0.985813
-10 10 0.981795
-10 15 0.981795
-10 20 0.97859
-10 25 0.97859
-10 30 0.970949
-10 35 0.970949
-10 40 0.948297
-10 45 0.948297
-10 50 0.895443
-10 55 0.895443
-10 60 0.827253
-10 65 0.827253
-10 70 0.750427
-10 75 0.750427
-10 80 0.667971
-10 85 0.667971
-10 90 0.591101
-10 95 0.591101
-5 -100 0.568395
-5 -95 0.568395
-5 -90 0.652816
-5 -85 0.652816
-5 -80 0.751577
-5 -75 0.751577
-5 -70 0.837363
-5 -65 0.837363
-5 -60 0.894323
-5 -55 0.894323
-5 -50 0.934736
-5 -45 0.934736
-5 -40 0.96012
-5 -35 0.96012
-5 -30 0.977127
-5 -25 0.977127
-5 -20 0.987102
-5 -15 0.987102
-5 -10 0.981143
-5 -5 0.981143
-5 0 0.985813
-5 5 0.985813
-5 10 0.981795
-5 15 0.981795
-5 20 0.97859
-5 25 0.97859
-5 30 0.970949
-5 35 0.970949
-5 40 0.948297
-5 45 0.948297
-5 50 0.895443
-5 55 0.895443
-5 60 0.827253
-5 65 0.827253
-5 70 0.750427
-5 75 0.750427
-5 80 0.667971
-5 85 0.667971
-5 90 0.591101
-5 95 0.591101
0 -100 0.568087
0 -95 0.568087
0 -90 0.657598
0 -85 0.657598
0 -80 0.755636
0 -75 0.755636
0 -70 0.835523
0 -65 0.835523
0 -60 0.898051
0 -55 0.898051
0 -50 0.938178
0 -45 0.938178
0 -40 0.968279
0 -35 0.968279
0 -30 0.984527
0 -25 0.984527
0 -20 0.984702
0 -15 0.984702
0 -10 0.994444
0 -5 0.994444
0 0 0.983906
0 5 0.983906
0 10 0.981817
0 15 0.981817
0 20 0.979642
0 25 0.979642
0 30 0.968333
0 35 0.968333
0 40 0.945714
0 45 0.945714
0 50 0.900677
0 55 0.900677
0 60 0.83647
0 65 0.83647
0 70 0.758504
0 75 0.758504
0 80 0.660388
0 85 0.660388
0 90 0.577654
0 95 0.577654
5 -100 0.568087
5 -95 0.568087
5 -90 0.657598
5 -85 0.657598
5 -80 0.755636
5 -75 0.755636
5 -70 0.835523
5 -65 0.835523
5 -60 0.898051
5 -55 0.898051
5 -50 0.938178
5 -45 0.938178
5 -40 0.968279
5 -35 0.968279
5 -30 0.984527
5 -25 0.984527
5 -20 0.984702
5 -15 0.984702
5 -10 0.994444
5 -5 0.994444
5 0 0.983906
5 5 0.983906
5 10 0.981817
5 15 0.981817
5 20 0.979642
5 25 0.979642
5 30 0.968333
5 35 0.968333
5 40 0.945714
5 45 0.945714
5 50 0.900677
5 55 0.900677
5 60 0.83647
5 65 0.83647
5 70 0.758504
5 75 0.758504
5 80 0.660388
5 85 0.660388
5 90 0.577654
5 95 0.577654
10 -100 0.585219
10 -95 0.585219
10 -90 0.660802
10 -85 0.660802
10 -80 0.762574
10 -75 0.762574
10 -70 0.842063
10 -65 0.842063
10 -60 0.9015
10 -55 0.9015
10 -50 0.950496
10 -45 0.950496
10 -40 0.973924
10 -35 0.973924
10 -30 0.989136
10 -25 0.989136
10 -20 0.99661
10 -15 0.99661
10 -10 0.994061
10 -5 0.994061
10 0 0.996664
10 5 0.996664
10 10 0.991594
10 15 0.991594
10 20 0.981623
10 25 0.981623
10 30 0.972355
10 35 0.972355
10 40 0.947688
10 45 0.947688
10 50 0.912517
10 55 0.912517
10 60 0.854548
10 65 0.854548
10 70 0.769002
10 75 0.769002
10 80 0.660235
10 85 0.660235
10 90 0.563138
10 95 0.563138
15 -100 0.585219
15 -95 0.585219
15 -90 0.660802
15 -85 0.660802
15 -80 0.762574
15 -75 0.762574
15 -70 0.842063
15 -65 0.842063
15 -60 0.9015
15 -55 0.9015
15 -50 0.950496
15 -45 0.950496
15 -40 0.973924
15 -35 0.973924
15 -30 0.989136
15 -25 0.989136
15 -20 0.99661
15 -15 0.99661
15 -10 0.994061
15 -5 0.994061
15 0 0.996664
15 5 0.996664
15 10 0.991594
15 15 0.991594
15 20 0.981623
15 25 0.981623
15 30 0.972355
15 35 0.972355
15 40 0.947688
15 45 0.947688
15 50 0.912517
15 55 0.912517
15 60 0.854548
15 65 0.854548
15 70 0.769002
15 75 0.769002
15 80 0.660235
15 85 0.660235
15 90 0.563138
15 95 0.563138
20 -100 0.589455
20 -95 0.589455
20 -90 0.679465
20 -85 0.679465
20 -80 0.774086
20 -75 0.774086
20 -70 0.857481
20 -65 0.857481
20 -60 0.917632
20 -55 0.917632
20 -50 0.951688
20 -45 0.951688
20 -40 0.980504
20 -35 0.980504
20 -30 0.988623
20 -25 0.988623
20 -20 0.994859
20 -15 0.994859
20 -10 1.00004
20 -5 1.00004
20 0 0.998653
20 5 0.998653
20 10 0.997991
20 15 0.997991
20 20 0.988369
20 25 0.988369
20 30 0.976829
20 35 0.976829
20 40 0.959152
20 45 0.959152
20 50 0.92301
20 55 0.92301
20 60 0.874182
20 65 0.874182
20 70 0.785082
20 75 0.785082
20 80 0.667502
20 85 0.667502
20 90 0.571821
20 95 0.571821
25 -100 0.589455
25 -95 0.589455
25 -90 0.679465
25 -85 0.679465
25 -80 0.774086
25 -75 0.774086
25 -70 0.857481
25 -65 0.857481
25 -60 0.917632
25 -55 0.917632
25 -50 0.951688
25 -45 0.951688
25 -40 0.980504
25 -35 0.980504
25 -30 0.988623
25 -25 0.988623
25 -20 0.994859
25 -15 0.994859
25 -10 1.00004
25 -5 1.00004
25 0 0.998653
25 5 0.998653
25 10 0.997991
25 15 0.997991
25 20 0.988369
25 25 0.988369
25 30 0.976829
25 35 0.976829
25 40 0.959152
25 45 0.959152
25 50 0.92301
25 55 0.92301
25 60 0.874182
25 65 0.874182
25 70 0.785082
25 75 0.785082
25 80 0.667502
25 85 0.667502
25 90 0.571821
25 95 0.571821
30 -100 0.605153
30 -95 0.605153
30 -90 0.681399
30 -85 0.681399
30 -80 0.790338
30 -75 0.790338
30 -70 0.870393
30 -65 0.870393
30 -60 0.92363
30 -55 0.92363
30 -50 0.956233
30 -45 0.956233
30 -40 0.969301
30 -35 0.969301
30 -30 0.985276
30 -25 0.985276
30 -20 0.987911
30 -15 0.987911
30 -10 0.99187
30 -5 0.99187
30 0 0.995748
30 5 0.995748
30 10 0.993055
30 15 0.993055
30 20 0.991021
30 25 0.991021
30 30 0.974705
30 35 0.974705
30 40 0.95953
30 45 0.95953
30 50 0.932591
30 55 0.932591
30 60 0.879543
30 65 0.879543
30 70 0.797227
30 75 0.797227
30 80 0.684962
30 85 0.684962
30 90 0.589759
30 95 0.589759
35 -100 0.605153
35 -95 0.605153
35 -90 0.681399
35 -85 0.681399
35 -80 0.790338
35 -75 0.790338
35 -70 0.870393
35 -65 0.870393
35 -60 0.92363
35 -55 0.92363
35 -50 0.956233
35 -45 0.956233
35 -40 0.969301
35 -35 0.969301
35 -30 0.985276
35 -25 0.985276
35 -20 0.987911
35 -15 0.987911
35 -10 0.99187
35 -5 0.99187
35 0 0.995748
35 5 0.995748
35 10 0.993055
35 15 0.993055
35 20 0.991021
35 25 0.991021
35 30 0.974705
35 35 0.974705
35 40 0.95953
35 45 0.95953
35 50 0.932591
35 55 0.932591
35 60 0.879543
35 65 0.879543
35 70 0.797227
35 75 0.797227
35 80 0.684962
35 85 0.684962
35 90 0.589759
35 95 0.589759
40 -100 0.605581
40 -95 0.605581
40 -90 0.69631
40 -85 0.69631
40 -80 0.790599
40 -75 0.790599
40 -70 0.877628
40 -65 0.877628
40 -60 0.923528
40 -55 0.923528
40 -50 0.950709
40 -45 0.950709
40 -40 0.96739
40 -35 0.96739
40 -30 0.971869
40 -25 0.971869
40 -20 0.97832
40 -15 0.97832
40 -10 0.979346
40 -5 0.979346
40 0 0.981388
40 5 0.981388
40 10 0.989794
40 15 0.989794
40 20 0.976895
40 25 0.976895
40 30 0.971585
40 35 0.971585
40 40 0.953617
40 45 0.953617
40 50 0.927697
40 55 0.927697
40 60 0.882532
40 65 0.882532
40 70 0.799719
40 75 0.799719
40 80 0.694998
40 85 0.694998
40 90 0.604945
40 95 0.604945
45 -100 0.605581
45 -95 0.605581
45 -90 0.69631
45 -85 0.69631
45 -80 0.790599
45 -75 0.790599
45 -70 0.877628
45 -65 0.877628
45 -60 0.923528
45 -55 0.923528
45 -50 0.950709
45 -45 0.950709
45 -40 0.96739
45 -35 0.96739
45 -30 0.971869
45 -25 0.971869
45 -20 0.97832
45 -15 0.97832
45 -10 0.979346
45 -5 0.979346
45 0 0.981388
45 5 0.981388
45 10 0.989794
45 15 0.989794
45 20 0.976895
45 25 0.976895
45 30 0.971585
45 35 0.971585
45 40 0.953617
45 45 0.953617
45 50 0.927697
45 55 0.927697
45 60 0.882532
45 65 0.882532
45 70 0.799719
45 75 0.799719
45 80 0.694998
45 85 0.694998
45 90 0.604945
45 95 0.604945
50 -100 0.623139
50 -95 0.623139
50 -90 0.695701
50 -85 0.695701
50 -80 0.801059
50 -75 0.801059
50 -70 0.870457
50 -65 0.870457
50 -60 0.921075
50 -55 0.921075
50 -50 0.946535
50 -45 0.946535
50 -40 0.961775
50 -35 0.961775
50 -30 0.969868
50 -25 0.969868
50 -20 0.962308
50 -15 0.962308
50 -10 0.96486
50 -5 0.96486
50 0 0.968167
50 5 0.968167
50 10 0.971301
50 15 0.971301
50 20 0.974567
50 25 0.974567
50 30 0.957735
50 35 0.957735
50 40 0.951948
50 45 0.951948
50 50 0.92856
50 55 0.92856
50 60 0.880349
50 65 0.880349
50 70 0.796231
50 75 0.796231
50 80 0.698975
50 85 0.698975
50 90 0.607637
50 95 0.607637
55 -100 0.623139
55 -95 0.623139
55 -90 0.695701
55 -85 0.695701
55 -80 0.801059
55 -75 0.801059
55 -70 0.870457
55 -65 0.870457
55 -60 0.921075
55 -55 0.921075
55 -50 0.946535
55 -45 0.946535
55 -40 0.961775
55 -35 0.961775
55 -30 0.969868
55 -25 0.969868
55 -20 0.962308
55 -15 0.962308
55 -10 0.96486
55 -5 0.96486
55 0 0.968167
55 5 0.968167
55 10 0.971301
55 15 0.971301
55 20 0.974567
55 25 0.974567
55 30 0.957735
55 35 0.957735
55 40 0.951948
55 45 0.951948
55 50 0.92856
55 55 0.92856
55 60 0.880349
55 65 0.880349
55 70 0.796231
55 75 0.796231
55 80 0.698975
55 85 0.698975
55 90 0.607637
55 95 0.607637
60 -100 0.619704
60 -95 0.619704
60 -90 0.704347
60 -85 0.704347
60 -80 0.797189
60 -75 0.797189
60 -70 0.872329
60 -65 0.872329
60 -60 0.911116
60 -55 0.911116
60 -50 0.943559
60 -45 0.943559
60 -40 0.961375
60 -35 0.961375
60 -30 0.958675
60 -25 0.958675
60 -20 0.957864
60 -15 0.957864
60 -10 0.948008
60 -5 0.948008
60 0 0.952045
60 5 0.952045
60 10 0.961265
60 15 0.961265
60 20 0.960424
60 25 0.960424
60 30 0.96043
60 35 0.96043
60 40 0.952461
60 45 0.952461
60 50 0.937622
60 55 0.937622
60 60 0.880149
60 65 0.880149
60 70 0.801276
60 75 0.801276
60 80 0.69694
60 85 0.69694
60 90 0.619602
60 95 0.619602
65 -100 0.619704
65 -95 0.619704
65 -90 0.704347
65 -85 0.704347
65 -80 0.797189
65 -75 0.797189
65 -70 0.872329
65 -65 0.872329
65 -60 0.911116
65 -55 0.911116
65 -50 0.943559
65 -45 0.943559
65 -40 0.961375
65 -35 0.961375
65 -30 0.958675
65 -25 0.958675
65 -20 0.957864
65 -15 0.957864
65 -10 0.948008
65 -5 0.948008
65 0 0.952045
65 5 0.952045
65 10 0.961265
65 15 0.961265
65 20 0.960424
65 25 0.960424
65 30 0.96043
65 35 0.96043
65 40 0.952461
65 45 0.952461
65 50 0.937622
65 55 0.937622
65 60 0.880149
65 65 0.880149
65 70 0.801276
65 75 0.801276
65 80 0.69694
65 85 0.69694
65 90 0.619602
65 95 0.619602
70 -100 0.620646
70 -95 0.620646
70 -90 0.698256
70 -85 0.698256
70 -80 0.7944
70 -75 0.7944
70 -70 0.866856
70 -65 0.866856
70 -60 0.913314
70 -55 0.913314
70 -50 0.938991
70 -45 0.938991
70 -40 0.956501
70 -35 0.956501
70 -30 0.96099
70 -25 0.96099
70 -20 0.947623
70 -15 0.947623
70 -10 0.944283
70 -5 0.944283
70 0 0.940937
70 5 0.940937
70 10 0.947693
70 15 0.947693
70 20 0.956293
70 25 0.956293
70 30 0.956981
70 35 0.956981
70 40 0.958675
70 45 0.958675
70 50 0.933857
70 55 0.933857
70 60 0.886221
70 65 0.886221
70 70 0.791792
70 75 0.791792
70 80 0.699335
70 85 0.699335
70 90 0.609687
70 95 0.609687
75 -100 0.620646
75 -95 0.620646
75 -90 0.698256
75 -85 0.698256
75 -80 0.7944
75 -75 0.7944
75 -70 0.866856
75 -65 0.866856
75 -60 0.913314
75 -55 0.913314
75 -50 0.938991
75 -45 0.938991
75 -40 0.956501
75 -35 0.956501
75 -30 0.96099
75 -25 0.96099
75 -20 0.947623
75 -15 0.947623
75 -10 0.944283
75 -5 0.944283
75 0 0.940937
75 5 0.940937
75 10 0.947693
75 15 0.947693
75 20 0.956293
75 25 0.956293
75 30 0.956981
75 35 0.956981
75 40 0.958675
75 45 0.958675
75 50 0.933857
75 55 0.933857
75 60 0.886221
75 65 0.886221
75 70 0.791792
75 75 0.791792
75 80 0.699335
75 85 0.699335
75 90 0.609687
75 95 0.609687
80 -100 0.612113
80 -95 0.612113
80 -90 0.68437
80 -85 0.68437
80 -80 0.786072
80 -75 0.786072
80 -70 0.867321
80 -65 0.867321
80 -60 0.912525
80 -55 0.912525
80 -50 0.945125
80 -45 0.945125
80 -40 0.961563
80 -35 0.961563
80 -30 0.959986
80 -25 0.959986
80 -20 0.957579
80 -15 0.957579
80 -10 0.947582
80 -5 0.947582
80 0 0.944936
80 5 0.944936
80 10 0.949172
80 15 0.949172
80 20 0.955992
80 25 0.955992
80 30 0.959943
80 35 0.959943
80 40 0.952205
80 45 0.952205
80 50 0.932397
80 55 0.932397
80 60 0.871882
80 65 0.871882
80 70 0.791306
80 75 0.791306
80 80 0.686661
80 85 0.686661
80 90 0.611038
80 95 0.611038
85 -100 0.612113
85 -95 0.612113
85 -90 0.68437
85 -85 0.68437
85 -80 0.786072
85 -75 0.786072
85 -70 0.867321
85 -65 0.867321
85 -60 0.912525
85 -55 0.912525
85 -50 0.945125
85 -45 0.945125
85 -40 0.961563
85 -35 0.961563
85 -30 0.959986
85 -25 0.959986
85 -20 0.957579
85 -15 0.957579
85 -10 0.947582
85 -5 0.947582
85 0 0.944936
85 5 0.944936
85 10 0.949172
85 15 0.949172
85 20 0.955992
85 25 0.955992
85 30 0.959943
85 35 0.959943
85 40 0.952205
85 45 0.952205
85 50 0.932397
85 55 0.932397
85 60 0.871882
85 65 0.871882
85 70 0.791306
85 75 0.791306
85 80 0.686661
85 85 0.686661
85 90 0.611038
85 95 0.611038
90 -100 0.596731
90 -95 0.596731
90 -90 0.671158
90 -85 0.671158
90 -80 0.773308
90 -75 0.773308
90 -70 0.857329
90 -65 0.857329
90 -60 0.910339
90 -55 0.910339
90 -50 0.938859
90 -45 0.938859
90 -40 0.958455
90 -35 0.958455
90 -30 0.964683
90 -25 0.964683
90 -20 0.9604
90 -15 0.9604
90 -10 0.956508
90 -5 0.956508
90 0 0.953111
90 5 0.953111
90 10 0.954744
90 15 0.954744
90 20 0.95581
90 25 0.95581
90 30 0.954069
90 35 0.954069
90 40 0.944559
90 45 0.944559
90 50 0.914306
90 55 0.914306
90 60 0.864132
90 65 0.864132
90 70 0.772324
90 75 0.772324
90 80 0.680766
90 85 0.680766
90 90 0.600239
90 95 0.600239
95 -100 0.596731
95 -95 0.596731
95 -90 0.671158
95 -85 0.671158
95 -80 0.773308
95 -75 0.773308
95 -70 0.857329
95 -65 0.857329
95 -60 0.910339
95 -55 0.910339
95 -50 0.938859
95 -45 0.938859
95 -40 0.958455
95 -35 0.958455
95 -30 0.964683
95 -25 0.964683
95 -20 0.9604
95 -15 0.9604
95 -10 0.956508
95 -5 0.956508
95 0 0.953111
95 5 0.953111
95 10 0.954744
95 15 0.954744
95 20 0.95581
95 25 0.95581
95 30 0.954069
95 35 0.954069
95 40 0.944559
95 45 0.944559
95 50 0.914306
95 55 0.914306
95 60 0.864132
95 65 0.864132
95 70 0.772324
95 75 0.772324
95 80 0.680766
95 85 0.680766
95 90 0.600239
95 95 0.600239
100 -100 0.57232
100 -95 0.57232
100 -90 0.650554
100 -85 0.650554
100 -80 0.748547
100 -75 0.748547
100 -70 0.832517
100 -65 0.832517
100 -60 0.878163
100 -55 0.878163
100 -50 0.910548
100 -45 0.910548
100 -40 0.936365
100 -35 0.936365
100 -30 0.946222
100 -25 0.946222
100 -20 0.949269
100 -15 0.949269
100 -10 0.947191
100 -5 0.947191
100 0 0.942589
100 5 0.942589
100 10 0.940825
100 15 0.940825
100 20 0.93624
100 25 0.93624
100 30 0.931752
100 35 0.931752
100 40 0.920757
100 45 0.920757
100 50 0.897769
100 55 0.897769
100 60 0.838085
100 65 0.838085
100 70 0.75773
100 75 0.75773
100 80 0.657615
100 85 0.657615
100 90 0.594993
100 95 0.594993
105 -100 0.57232
105 -95 0.57232
105 -90 0.650554
105 -85 0.650554
105 -80 0.748547
105 -75 0.748547
105 -70 0.832517
105 -65 0.832517
105 -60 0.878163
105 -55 0.878163
105 -50 0.910548
105 -45 0.910548
105 -40 0.936365
105 -35 0.936365
105 -30 0.946222
105 -25 0.946222
105 -20 0.949269
105 -15 0.949269
105 -10 0.947191
105 -5 0.947191
105 0 0.942589
105 5 0.942589
105 10 0.940825
105 15 0.940825
105 20 0.93624
105 25 0.93624
105 30 0.931752
105 35 0.931752
105 40 0.920757
105 45 0.920757
105 50 0.897769
105 55 0.897769
105 60 0.838085
105 65 0.838085
105 70 0.75773
105 75 0.75773
105 80 0.657615
105 85 0.657615
105 90 0.594993
105 95 0.594993
110 -100 0.548555
110 -95 0.548555
110 -90 0.619346
110 -85 0.619346
110 -80 0.716412
110 -75 0.716412
110 -70 0.785901
110 -65 0.785901
110 -60 0.827953
110 -55 0.827953
110 -50 0.860678
110 -45 0.860678
110 -40 0.88713
110 -35 0.88713
110 -30 0.907397
110 -25 0.907397
110 -20 0.915925
110 -15 0.915925
110 -10 0.912178
110 -5 0.912178
110 0 0.910575
110 5 0.910575
110 10 0.903595
110 15 0.903595
110 20 0.893484
110 25 0.893484
110 30 0.886065
110 35 0.886065
110 40 0.879985
110 45 0.879985
110 50 0.852194
110 55 0.852194
110 60 0.801216
110 65 0.801216
110 70 0.714684
110 75 0.714684
110 80 0.631714
110 85 0.631714
110 90 0.559972
110 95 0.559972
115 -100 0.548555
115 -95 0.548555
115 -90 0.619346
115 -85 0.619346
115 -80 0.716412
115 -75 0.716412
115 -70 0.785901
115 -65 0.785901
115 -60 0.827953
115 -55 0.827953
115 -50 0.860678
115 -45 0.860678
115 -40 0.88713
115 -35 0.88713
115 -30 0.907397
115 -25 0.907397
115 -20 0.915925
115 -15 0.915925
115 -10 0.912178
115 -5 0.912178
115 0 0.910575
115 5 0.910575
115 10 0.903595
115 15 0.903595
115 20 0.893484
115 25 0.893484
115 30 0.886065
115 35 0.886065
115 40 0.879985
115 45 0.879985
115 50 0.852194
115 55 0.852194
115 60 0.801216
115 65 0.801216
115 70 0.714684
115 75 0.714684
115 80 0.631714
115 85 0.631714
115 90 0.559972
115 95 0.559972
120 -100 0.506862
120 -95 0.506862
120 -90 0.576545
120 -85 0.576545
120 -80 0.655133
120 -75 0.655133
120 -70 0.719138
120 -65 0.719138
120 -60 0.755695
120 -55 0.755695
120 -50 0.783923
120 -45 0.783923
120 -40 0.813459
120 -35 0.813459
120 -30 0.831219
120 -25 0.831219
120 -20 0.844176
120 -15 0.844176
120 -10 0.850498
120 -5 0.850498
120 0 0.843962
120 5 0.843962
120 10 0.837533
120 15 0.837533
120 20 0.819252
120 25 0.819252
120 30 0.808531
120 35 0.808531
120 40 0.796853
120 45 0.796853
120 50 0.772677
120 55 0.772677
120 60 0.724955
120 65 0.724955
120 70 0.653157
120 75 0.653157
120 80 0.570399
120 85 0.570399
120 90 0.513059
120 95 0.513059
125 -100 0.506862
125 -95 0.506862
125 -90 0.576545
125 -85 0.576545
125 -80 0.655133
125 -75 0.655133
125 -70 0.719138
125 -65 0.719138
125 -60 0.755695
125 -55 0.755695
125 -50 0.783923
125 -45 0.783923
125 -40 0.813459
125 -35 0.813459
125 -30 0.831219
125 -25 0.831219
125 -20 0.844176
125 -15 0.844176
125 -10 0.850498
125 -5 0.850498
125 0 0.843962
125 5 0.843962
125 10 0.837533
125 15 0.837533
125 20 0.819252
125 25 0.819252
125 30 0.808531
125 35 0.808531
125 40 0.796853
125 45 0.796853
125 50 0.772677
125 55 0.772677
125 60 0.724955
125 65 0.724955
125 70 0.653157
125 75 0.653157
125 80 0.570399
125 85 0.570399
125 90 0.513059
125 95 0.513059
130 -100 0.45786
130 -95 0.45786
130 -90 0.505626
130 -85 0.505626
130 -80 0.578039
130 -75 0.578039
130 -70 0.628427
130 -65 0.628427
130 -60 0.666171
130 -55 0.666171
130 -50 0.691567
130 -45 0.691567
130 -40 0.705828
130 -35 0.705828
130 -30 0.72296
130 -25 0.72296
130 -20 0.738717
130 -15 0.738717
130 -10 0.748431
130 -5 0.748431
130 0 0.750602
130 5 0.750602
130 10 0.739295
130 15 0.739295
130 20 0.722331
130 25 0.722331
130 30 0.705273
130 35 0.705273
130 40 0.6918
130 45 0.6918
130 50 0.67124
130 55 0.67124
130 60 0.628629
130 65 0.628629
130 70 0.572364
130 75 0.572364
130 80 0.499199
130 85 0.499199
130 90 0.446916
130 95 0.446916
135 -100 0.45786
135 -95 0.45786
135 -90 0.505626
135 -85 0.505626
135 -80 0.578039
135 -75 0.578039
135 -70 0.628427
135 -65 0.628427
135 -60 0.666171
135 -55 0.666171
135 -50 0.691567
135 -45 0.691567
135 -40 0.705828
135 -35 0.705828
135 -30 0.72296
135 -25 0.72296
135 -20 0.738717
135 -15 0.738717
135 -10 0.748431
135 -5 0.748431
135 0 0.750602
135 5 0.750602
135 10 0.739295
135 15 0.739295
135 20 0.722331
135 25 0.722331
135 30 0.705273
135 35 0.705273
135 40 0.6918
135 45 0.6918
135 50 0.67124
135 55 0.67124
135 60 0.628629
135 65 0.628629
135 70 0.572364
135 75 0.572364
135 80 0.499199
135 85 0.499199
135 90 0.446916
135 95 0.446916
140 -100 0.40005
140 -95 0.40005
140 -90 0.450583
140 -85 0.450583
140 -80 0.500549
140 -75 0.500549
140 -70 0.557618
140 -65 0.557618
140 -60 0.589024
140 -55 0.589024
140 -50 0.611104
140 -45 0.611104
140 -40 0.620197
140 -35 0.620197
140 -30 0.622823
140 -25 0.622823
140 -20 0.644115
140 -15 0.644115
140 -10 0.658672
140 -5 0.658672
140 0 0.66016
140 5 0.66016
140 10 0.651893
140 15 0.651893
140 20 0.635301
140 25 0.635301
140 30 0.623403
140 35 0.623403
140 40 0.6091
140 45 0.6091
140 50 0.587679
140 55 0.587679
140 60 0.561231
140 65 0.561231
140 70 0.501516
140 75 0.501516
140 80 0.447561
140 85 0.447561
140 90 0.388489
140 95 0.388489
145 -100 0.40005
145 -95 0.40005
145 -90 0.450583
145 -85 0.450583
145 -80 0.500549
145 -75 0.500549
145 -70 0.557618
145 -65 0.557618
145 -60 0.589024
145 -55 0.589024
145 -50 0.611104
145 -45 0.611104
145 -40 0.620197
145 -35 0.620197
145 -30 0.622823
145 -25 0.622823
145 -20 0.644115
145 -15 0.644115
145 -10 0.658672
145 -5 0.658672
145 0 0.66016
145 5 0.66016
145 10 0.651893
145 15 0.651893
145 20 0.635301
145 25 0.635301
145 30 0.623403
145 35 0.623403
145 40 0.6091
145 45 0.6091
145 50 0.587679
145 55 0.587679
145 60 0.561231
145 65 0.561231
145 70 0.501516
145 75 0.501516
145 80 0.447561
145 85 0.447561
145 90 0.388489
145 95 0.388489
