302055684 416 160
302055688 416 160
302055692 416 160
302055696 416 160
302055700 416 160
302055704 416 160
302055708 416 160
302055712 416 160
302055940 416 160
302055944 416 160
302055948 416 160
302055952 416 160
302055956 416 160
302055960 416 160
302055964 416 160
302055968 416 160
302056196 416 160
302056200 416 160
302056204 416 160
302056208 416 160
302056212 416 160
302056216 416 160
302056220 416 160
302056224 416 160
302056452 416 160
302056456 416 160
302056460 416 160
302056464 416 160
302056468 416 160
302056472 416 160
302056476 416 160
302056480 416 160
302056708 416 80
302056712 416 80
302056716 416 80
302056720 416 80
302056724 416 80
302056728 416 80
302056732 416 80
302056736 416 80
302056964 416 80
302056968 416 80
302056972 416 80
302056976 416 80
302056980 416 80
302056984 416 80
302056988 416 80
302056992 416 80
302057220 416 160
302057224 416 160
302057228 416 160
302057232 416 160
302057236 416 160
302057240 416 160
302057244 416 160
302057248 416 160
302057476 416 160
302057480 416 160
302057484 416 160
302057488 416 160
302057492 416 160
302057496 416 160
302057500 416 160
302057504 416 160
302057732 416 160
302057736 416 160
302057740 416 160
302057744 416 160
302057748 416 160
302057752 416 160
302057756 416 160
302057760 416 160
302057988 416 160
302057992 416 160
302057996 416 160
302058000 416 160
302058004 416 160
302058008 416 160
302058012 416 160
302058016 416 160
302058244 416 160
302058248 416 160
302058252 416 160
302058256 416 160
302058260 416 160
302058264 416 160
302058268 416 160
302058272 416 160
302058500 416 160
302058504 416 160
302058508 416 160
302058512 416 160
302058516 416 160
302058520 416 160
302058524 416 160
302058528 416 160
302058756 416 160
302058760 416 160
302058764 416 160
302058768 416 160
302058772 416 160
302058776 416 160
302058780 416 160
302058784 416 160
302059012 416 160
302059016 416 160
302059020 416 160
302059024 416 160
302059028 416 160
302059032 416 160
302059036 416 160
302059040 416 160
302059268 416 80
302059272 416 80
302059276 416 80
302059280 416 80
302059284 416 80
302059288 416 80
302059292 416 80
302059296 416 80
302059524 416 80
302059528 416 80
302059532 416 80
302059536 416 80
302059540 416 80
302059544 416 80
302059548 416 80
302059552 416 80
302059780 416 160
302059784 416 160
302059788 416 160
302059792 416 160
302059796 416 160
302059800 416 160
302059804 416 160
302059808 416 160
302060036 416 160
302060040 416 160
302060044 416 160
302060048 416 160
302060052 416 160
302060056 416 160
302060060 416 160
302060064 416 160
302060292 416 160
302060296 416 160
302060300 416 160
302060304 416 160
302060308 416 160
302060312 416 160
302060316 416 160
302060320 416 160
302060548 416 160
302060552 416 160
302060556 416 160
302060560 416 160
302060564 416 160
302060568 416 160
302060572 416 160
302060576 416 160
302121220 416 160
302121224 416 160
302121228 416 160
302121232 416 160
302121236 416 160
302121240 416 160
302121244 416 160
302121248 416 160
302121476 416 160
302121480 416 160
302121484 416 160
302121488 416 160
302121492 416 160
302121496 416 160
302121500 416 160
302121504 416 160
302121732 416 160
302121736 416 160
302121740 416 160
302121744 416 160
302121748 416 160
302121752 416 160
302121756 416 160
302121760 416 160
302121988 416 160
302121992 416 160
302121996 416 160
302122000 416 160
302122004 416 160
302122008 416 160
302122012 416 160
302122016 416 160
302122244 416 160
302122248 416 160
302122252 416 160
302122256 416 160
302122260 416 160
302122264 416 160
302122268 416 160
302122272 416 160
302122500 416 160
302122504 416 160
302122508 416 160
302122512 416 160
302122516 416 160
302122520 416 160
302122524 416 160
302122528 416 160
302122756 416 160
302122760 416 160
302122764 416 160
302122768 416 160
302122772 416 160
302122776 416 160
302122780 416 160
302122784 416 160
302123012 416 80
302123016 416 80
302123020 416 80
302123024 416 80
302123028 416 80
302123032 416 80
302123036 416 80
302123040 416 80
302123268 416 80
302123272 416 80
302123276 416 80
302123280 416 80
302123284 416 80
302123288 416 80
302123292 416 80
302123296 416 80
302123524 416 160
302123528 416 160
302123532 416 160
302123536 416 160
302123540 416 160
302123544 416 160
302123548 416 160
302123552 416 160
302123780 416 160
302123784 416 160
302123788 416 160
302123792 416 160
302123796 416 160
302123800 416 160
302123804 416 160
302123808 416 160
302124036 416 160
302124040 416 160
302124044 416 160
302124048 416 160
302124052 416 160
302124056 416 160
302124060 416 160
302124064 416 160
302124292 416 160
302124296 416 160
302124300 416 160
302124304 416 160
302124308 416 160
302124312 416 160
302124316 416 160
302124320 416 160
302124548 416 160
302124552 416 160
302124556 416 160
302124560 416 160
302124564 416 160
302124568 416 160
302124572 416 160
302124576 416 160
302124804 416 160
302124808 416 160
302124812 416 160
302124816 416 160
302124820 416 160
302124824 416 160
302124828 416 160
302124832 416 160
302125060 416 160
302125064 416 160
302125068 416 160
302125072 416 160
302125076 416 160
302125080 416 160
302125084 416 160
302125088 416 160
302125316 416 160
302125320 416 160
302125324 416 160
302125328 416 160
302125332 416 160
302125336 416 160
302125340 416 160
302125344 416 160
302125572 416 160
302125576 416 160
302125580 416 160
302125584 416 160
302125588 416 160
302125592 416 160
302125596 416 160
302125600 416 160
302125828 416 160
302125832 416 160
302125836 416 160
302125840 416 160
302125844 416 160
302125848 416 160
302125852 416 160
302125856 416 160
302126084 416 160
302126088 416 160
302126092 416 160
302126096 416 160
302126100 416 160
302126104 416 160
302126108 416 160
302126112 416 160
302126340 416 160
302126344 416 160
302126348 416 160
302126352 416 160
302126356 416 160
302126360 416 160
302126364 416 160
302126368 416 160
302126596 416 160
302126600 416 160
302126604 416 160
302126608 416 160
302126612 416 160
302126616 416 160
302126620 416 160
302126624 416 160
302126852 416 160
302126856 416 160
302126860 416 160
302126864 416 160
302126868 416 160
302126872 416 160
302126876 416 160
302126880 416 160
302127108 416 80
302127112 416 80
302127116 416 80
302127120 416 80
302127124 416 80
302127128 416 80
302127132 416 80
302127136 416 80
302127364 416 80
302127368 416 80
302127372 416 80
302127376 416 80
302127380 416 80
302127384 416 80
302127388 416 80
302127392 416 80
302127620 416 160
302127624 416 160
302127628 416 160
302127632 416 160
302127636 416 160
302127640 416 160
302127644 416 160
302127648 416 160
302127876 416 160
302127880 416 160
302127884 416 160
302127888 416 160
302127892 416 160
302127896 416 160
302127900 416 160
302127904 416 160
302128132 416 160
302128136 416 160
302128140 416 160
302128144 416 160
302128148 416 160
302128152 416 160
302128156 416 160
302128160 416 160
302128388 416 160
302128392 416 160
302128396 416 160
302128400 416 160
302128404 416 160
302128408 416 160
302128412 416 160
302128416 416 160
302128644 416 160
302128648 416 160
302128652 416 160
302128656 416 160
302128660 416 160
302128664 416 160
302128668 416 160
302128672 416 160
302128900 416 160
302128904 416 160
302128908 416 160
302128912 416 160
302128916 416 160
302128920 416 160
302128924 416 160
302128928 416 160
302129156 416 160
302129160 416 160
302129164 416 160
302129168 416 160
302129172 416 160
302129176 416 160
302129180 416 160
302129184 416 160
302186756 416 160
302186760 416 160
302186764 416 160
302186768 416 160
302186772 416 160
302186776 416 160
302186780 416 160
302186784 416 160
302187012 416 160
302187016 416 160
302187020 416 160
302187024 416 160
302187028 416 160
302187032 416 160
302187036 416 160
302187040 416 160
302187268 416 160
302187272 416 160
302187276 416 160
302187280 416 160
302187284 416 160
302187288 416 160
302187292 416 160
302187296 416 160
302187524 416 160
302187528 416 160
302187532 416 160
302187536 416 160
302187540 416 160
302187544 416 160
302187548 416 160
302187552 416 160
302187780 416 160
302187784 416 160
302187788 416 160
302187792 416 160
302187796 416 160
302187800 416 160
302187804 416 160
302187808 416 160
302188036 416 160
302188040 416 160
302188044 416 160
302188048 416 160
302188052 416 160
302188056 416 160
302188060 416 160
302188064 416 160
302188292 416 160
302188296 416 160
302188300 416 160
302188304 416 160
302188308 416 160
302188312 416 160
302188316 416 160
302188320 416 160
302188548 416 160
302188552 416 160
302188556 416 160
302188560 416 160
302188564 416 160
302188568 416 160
302188572 416 160
302188576 416 160
302188804 416 160
302188808 416 160
302188812 416 160
302188816 416 160
302188820 416 160
302188824 416 160
302188828 416 160
302188832 416 160
302189060 416 160
302189064 416 160
302189068 416 160
302189072 416 160
302189076 416 160
302189080 416 160
302189084 416 160
302189088 416 160
302189316 416 160
302189320 416 160
302189324 416 160
302189328 416 160
302189332 416 160
302189336 416 160
302189340 416 160
302189344 416 160
302189572 416 80
302189576 416 80
302189580 416 80
302189584 416 80
302189588 416 80
302189592 416 80
302189596 416 80
302189600 416 80
302189828 416 80
302189832 416 80
302189836 416 80
302189840 416 80
302189844 416 80
302189848 416 80
302189852 416 80
302189856 416 80
302190084 416 160
302190088 416 160
302190092 416 160
302190096 416 160
302190100 416 160
302190104 416 160
302190108 416 160
302190112 416 160
302190340 416 160
302190344 416 160
302190348 416 160
302190352 416 160
302190356 416 160
302190360 416 160
302190364 416 160
302190368 416 160
302190596 416 160
302190600 416 160
302190604 416 160
302190608 416 160
302190612 416 160
302190616 416 160
302190620 416 160
302190624 416 160
302190852 416 160
302190856 416 160
302190860 416 160
302190864 416 160
302190868 416 160
302190872 416 160
302190876 416 160
302190880 416 160
302191108 416 160
302191112 416 160
302191116 416 160
302191120 416 160
302191124 416 160
302191128 416 160
302191132 416 160
302191136 416 160
302191364 416 160
302191368 416 160
302191372 416 160
302191376 416 160
302191380 416 160
302191384 416 160
302191388 416 160
302191392 416 160
302191620 416 160
302191624 416 160
302191628 416 160
302191632 416 160
302191636 416 160
302191640 416 160
302191644 416 160
302191648 416 160
302191876 416 160
302191880 416 160
302191884 416 160
302191888 416 160
302191892 416 160
302191896 416 160
302191900 416 160
302191904 416 160
302192132 416 160
302192136 416 160
302192140 416 160
302192144 416 160
302192148 416 160
302192152 416 160
302192156 416 160
302192160 416 160
302192388 416 160
302192392 416 160
302192396 416 160
302192400 416 160
302192404 416 160
302192408 416 160
302192412 416 160
302192416 416 160
302192644 416 160
302192648 416 160
302192652 416 160
302192656 416 160
302192660 416 160
302192664 416 160
302192668 416 160
302192672 416 160
302192900 416 160
302192904 416 160
302192908 416 160
302192912 416 160
302192916 416 160
302192920 416 160
302192924 416 160
302192928 416 160
302193156 416 160
302193160 416 160
302193164 416 160
302193168 416 160
302193172 416 160
302193176 416 160
302193180 416 160
302193184 416 160
302193412 416 160
302193416 416 160
302193420 416 160
302193424 416 160
302193428 416 160
302193432 416 160
302193436 416 160
302193440 416 160
302193668 416 160
302193672 416 160
302193676 416 160
302193680 416 160
302193684 416 160
302193688 416 160
302193692 416 160
302193696 416 160
302193924 416 160
302193928 416 160
302193932 416 160
302193936 416 160
302193940 416 160
302193944 416 160
302193948 416 160
302193952 416 160
302194180 416 160
302194184 416 160
302194188 416 160
302194192 416 160
302194196 416 160
302194200 416 160
302194204 416 160
302194208 416 160
302194436 416 160
302194440 416 160
302194444 416 160
302194448 416 160
302194452 416 160
302194456 416 160
302194460 416 160
302194464 416 160
302194692 416 160
302194696 416 160
302194700 416 160
302194704 416 160
302194708 416 160
302194712 416 160
302194716 416 160
302194720 416 160
302194948 416 160
302194952 416 160
302194956 416 160
302194960 416 160
302194964 416 160
302194968 416 160
302194972 416 160
302194976 416 160
302195204 416 160
302195208 416 160
302195212 416 160
302195216 416 160
302195220 416 160
302195224 416 160
302195228 416 160
302195232 416 160
302195460 416 160
302195464 416 160
302195468 416 160
302195472 416 160
302195476 416 160
302195480 416 160
302195484 416 160
302195488 416 160
302195716 416 80
302195720 416 80
302195724 416 80
302195728 416 80
302195732 416 80
302195736 416 80
302195740 416 80
302195744 416 80
302195972 416 80
302195976 416 80
302195980 416 80
302195984 416 80
302195988 416 80
302195992 416 80
302195996 416 80
302196000 416 80
302196228 416 160
302196232 416 160
302196236 416 160
302196240 416 160
302196244 416 160
302196248 416 160
302196252 416 160
302196256 416 160
302196484 416 160
302196488 416 160
302196492 416 160
302196496 416 160
302196500 416 160
302196504 416 160
302196508 416 160
302196512 416 160
302196740 416 160
302196744 416 160
302196748 416 160
302196752 416 160
302196756 416 160
302196760 416 160
302196764 416 160
302196768 416 160
302196996 416 160
302197000 416 160
302197004 416 160
302197008 416 160
302197012 416 160
302197016 416 160
302197020 416 160
302197024 416 160
302197252 416 160
302197256 416 160
302197260 416 160
302197264 416 160
302197268 416 160
302197272 416 160
302197276 416 160
302197280 416 160
302197508 416 160
302197512 416 160
302197516 416 160
302197520 416 160
302197524 416 160
302197528 416 160
302197532 416 160
302197536 416 160
302197764 416 160
302197768 416 160
302197772 416 160
302197776 416 160
302197780 416 160
302197784 416 160
302197788 416 160
302197792 416 160
302198020 416 160
302198024 416 160
302198028 416 160
302198032 416 160
302198036 416 160
302198040 416 160
302198044 416 160
302198048 416 160
302198276 416 160
302198280 416 160
302198284 416 160
302198288 416 160
302198292 416 160
302198296 416 160
302198300 416 160
302198304 416 160
302198532 416 160
302198536 416 160
302198540 416 160
302198544 416 160
302198548 416 160
302198552 416 160
302198556 416 160
302198560 416 160
302198788 416 160
302198792 416 160
302198796 416 160
302198800 416 160
302198804 416 160
302198808 416 160
302198812 416 160
302198816 416 160
302252292 416 160
302252296 416 160
302252300 416 160
302252304 416 160
302252308 416 160
302252312 416 160
302252316 416 160
302252320 416 160
302252548 416 160
302252552 416 160
302252556 416 160
302252560 416 160
302252564 416 160
302252568 416 160
302252572 416 160
302252576 416 160
302252804 416 160
302252808 416 160
302252812 416 160
302252816 416 160
302252820 416 160
302252824 416 160
302252828 416 160
302252832 416 160
302253060 416 160
302253064 416 160
302253068 416 160
302253072 416 160
302253076 416 160
302253080 416 160
302253084 416 160
302253088 416 160
302253316 416 160
302253320 416 160
302253324 416 160
302253328 416 160
302253332 416 160
302253336 416 160
302253340 416 160
302253344 416 160
302253572 416 160
302253576 416 160
302253580 416 160
302253584 416 160
302253588 416 160
302253592 416 160
302253596 416 160
302253600 416 160
302253828 416 160
302253832 416 160
302253836 416 160
302253840 416 160
302253844 416 160
302253848 416 160
302253852 416 160
302253856 416 160
302254084 416 160
302254088 416 160
302254092 416 160
302254096 416 160
302254100 416 160
302254104 416 160
302254108 416 160
302254112 416 160
302254340 416 160
302254344 416 160
302254348 416 160
302254352 416 160
302254356 416 160
302254360 416 160
302254364 416 160
302254368 416 160
302254596 416 160
302254600 416 160
302254604 416 160
302254608 416 160
302254612 416 160
302254616 416 160
302254620 416 160
302254624 416 160
302254852 416 160
302254856 416 160
302254860 416 160
302254864 416 160
302254868 416 160
302254872 416 160
302254876 416 160
302254880 416 160
302255108 416 160
302255112 416 160
302255116 416 160
302255120 416 160
302255124 416 160
302255128 416 160
302255132 416 160
302255136 416 160
302255364 416 160
302255368 416 160
302255372 416 160
302255376 416 160
302255380 416 160
302255384 416 160
302255388 416 160
302255392 416 160
302255620 416 160
302255624 416 160
302255628 416 160
302255632 416 160
302255636 416 160
302255640 416 160
302255644 416 160
302255648 416 160
302255876 416 160
302255880 416 160
302255884 416 160
302255888 416 160
302255892 416 160
302255896 416 160
302255900 416 160
302255904 416 160
302256132 416 160
302256136 416 160
302256140 416 160
302256144 416 160
302256148 416 160
302256152 416 160
302256156 416 160
302256160 416 160
302256388 416 160
302256392 416 160
302256396 416 160
302256400 416 160
302256404 416 160
302256408 416 160
302256412 416 160
302256416 416 160
302256644 416 80
302256648 416 80
302256652 416 80
302256656 416 80
302256660 416 80
302256664 416 80
302256668 416 80
302256672 416 80
302256900 416 80
302256904 416 80
302256908 416 80
302256912 416 80
302256916 416 80
302256920 416 80
302256924 416 80
302256928 416 80
302257156 416 160
302257160 416 160
302257164 416 160
302257168 416 160
302257172 416 160
302257176 416 160
302257180 416 160
302257184 416 160
302257412 416 160
302257416 416 160
302257420 416 160
302257424 416 160
302257428 416 160
302257432 416 160
302257436 416 160
302257440 416 160
302257668 416 160
302257672 416 160
302257676 416 160
302257680 416 160
302257684 416 160
302257688 416 160
302257692 416 160
302257696 416 160
302257924 416 160
302257928 416 160
302257932 416 160
302257936 416 160
302257940 416 160
302257944 416 160
302257948 416 160
302257952 416 160
302258180 416 160
302258184 416 160
302258188 416 160
302258192 416 160
302258196 416 160
302258200 416 160
302258204 416 160
302258208 416 160
302258436 416 160
302258440 416 160
302258444 416 160
302258448 416 160
302258452 416 160
302258456 416 160
302258460 416 160
302258464 416 160
302258692 416 160
302258696 416 160
302258700 416 160
302258704 416 160
302258708 416 160
302258712 416 160
302258716 416 160
302258720 416 160
302258948 416 160
302258952 416 160
302258956 416 160
302258960 416 160
302258964 416 160
302258968 416 160
302258972 416 160
302258976 416 160
302259204 416 160
302259208 416 160
302259212 416 160
302259216 416 160
302259220 416 160
302259224 416 160
302259228 416 160
302259232 416 160
302259460 416 160
302259464 416 160
302259468 416 160
302259472 416 160
302259476 416 160
302259480 416 160
302259484 416 160
302259488 416 160
302259716 416 160
302259720 416 160
302259724 416 160
302259728 416 160
302259732 416 160
302259736 416 160
302259740 416 160
302259744 416 160
302259972 416 160
302259976 416 160
302259980 416 160
302259984 416 160
302259988 416 160
302259992 416 160
302259996 416 160
302260000 416 160
302260228 416 160
302260232 416 160
302260236 416 160
302260240 416 160
302260244 416 160
302260248 416 160
302260252 416 160
302260256 416 160
302260484 416 160
302260488 416 160
302260492 416 160
302260496 416 160
302260500 416 160
302260504 416 160
302260508 416 160
302260512 416 160
302260740 416 160
302260744 416 160
302260748 416 160
302260752 416 160
302260756 416 160
302260760 416 160
302260764 416 160
302260768 416 160
302260996 416 160
302261000 416 160
302261004 416 160
302261008 416 160
302261012 416 160
302261016 416 160
302261020 416 160
302261024 416 160
302261252 416 160
302261256 416 160
302261260 416 160
302261264 416 160
302261268 416 160
302261272 416 160
302261276 416 160
302261280 416 160
302261508 416 160
302261512 416 160
302261516 416 160
302261520 416 160
302261524 416 160
302261528 416 160
302261532 416 160
302261536 416 160
302261764 416 160
302261768 416 160
302261772 416 160
302261776 416 160
302261780 416 160
302261784 416 160
302261788 416 160
302261792 416 160
302262020 416 160
302262024 416 160
302262028 416 160
302262032 416 160
302262036 416 160
302262040 416 160
302262044 416 160
302262048 416 160
302262276 416 160
302262280 416 160
302262284 416 160
302262288 416 160
302262292 416 160
302262296 416 160
302262300 416 160
302262304 416 160
302262532 416 160
302262536 416 160
302262540 416 160
302262544 416 160
302262548 416 160
302262552 416 160
302262556 416 160
302262560 416 160
302262788 416 160
302262792 416 160
302262796 416 160
302262800 416 160
302262804 416 160
302262808 416 160
302262812 416 160
302262816 416 160
302263044 416 160
302263048 416 160
302263052 416 160
302263056 416 160
302263060 416 160
302263064 416 160
302263068 416 160
302263072 416 160
302263300 416 160
302263304 416 160
302263308 416 160
302263312 416 160
302263316 416 160
302263320 416 160
302263324 416 160
302263328 416 160
302263556 416 160
302263560 416 160
302263564 416 160
302263568 416 160
302263572 416 160
302263576 416 160
302263580 416 160
302263584 416 160
302263812 416 160
302263816 416 160
302263820 416 160
302263824 416 160
302263828 416 160
302263832 416 160
302263836 416 160
302263840 416 160
302264068 416 160
302264072 416 160
302264076 416 160
302264080 416 160
302264084 416 160
302264088 416 160
302264092 416 160
302264096 416 160
302264324 416 160
302264328 416 160
302264332 416 160
302264336 416 160
302264340 416 160
302264344 416 160
302264348 416 160
302264352 416 160
302264580 416 160
302264584 416 160
302264588 416 160
302264592 416 160
302264596 416 160
302264600 416 160
302264604 416 160
302264608 416 160
302264836 416 160
302264840 416 160
302264844 416 160
302264848 416 160
302264852 416 160
302264856 416 160
302264860 416 160
302264864 416 160
302265092 416 160
302265096 416 160
302265100 416 160
302265104 416 160
302265108 416 160
302265112 416 160
302265116 416 160
302265120 416 160
302265348 416 160
302265352 416 160
302265356 416 160
302265360 416 160
302265364 416 160
302265368 416 160
302265372 416 160
302265376 416 160
302265604 416 160
302265608 416 160
302265612 416 160
302265616 416 160
302265620 416 160
302265624 416 160
302265628 416 160
302265632 416 160
302265860 416 80
302265864 416 80
302265868 416 80
302265872 416 80
302265876 416 80
302265880 416 80
302265884 416 80
302265888 416 80
302266116 416 80
302266120 416 80
302266124 416 80
302266128 416 80
302266132 416 80
302266136 416 80
302266140 416 80
302266144 416 80
302266372 416 160
302266376 416 160
302266380 416 160
302266384 416 160
302266388 416 160
302266392 416 160
302266396 416 160
302266400 416 160
302266628 416 160
302266632 416 160
302266636 416 160
302266640 416 160
302266644 416 160
302266648 416 160
302266652 416 160
302266656 416 160
302266884 416 160
302266888 416 160
302266892 416 160
302266896 416 160
302266900 416 160
302266904 416 160
302266908 416 160
302266912 416 160
302267140 416 160
302267144 416 160
302267148 416 160
302267152 416 160
302267156 416 160
302267160 416 160
302267164 416 160
302267168 416 160
302267396 416 160
302267400 416 160
302267404 416 160
302267408 416 160
302267412 416 160
302267416 416 160
302267420 416 160
302267424 416 160
302267652 416 160
302267656 416 160
302267660 416 160
302267664 416 160
302267668 416 160
302267672 416 160
302267676 416 160
302267680 416 160
302267908 416 160
302267912 416 160
302267916 416 160
302267920 416 160
302267924 416 160
302267928 416 160
302267932 416 160
302267936 416 160
302268164 416 160
302268168 416 160
302268172 416 160
302268176 416 160
302268180 416 160
302268184 416 160
302268188 416 160
302268192 416 160
302268420 416 160
302268424 416 160
302268428 416 160
302268432 416 160
302268436 416 160
302268440 416 160
302268444 416 160
302268448 416 160
302268676 416 160
302268680 416 160
302268684 416 160
302268688 416 160
302268692 416 160
302268696 416 160
302268700 416 160
302268704 416 160
302268932 416 160
302268936 416 160
302268940 416 160
302268944 416 160
302268948 416 160
302268952 416 160
302268956 416 160
302268960 416 160
302269188 416 160
302269192 416 160
302269196 416 160
302269200 416 160
302269204 416 160
302269208 416 160
302269212 416 160
302269216 416 160
302269444 416 160
302269448 416 160
302269452 416 160
302269456 416 160
302269460 416 160
302269464 416 160
302269468 416 160
302269472 416 160
302269700 416 160
302269704 416 160
302269708 416 160
302269712 416 160
302269716 416 160
302269720 416 160
302269724 416 160
302269728 416 160
302269956 416 160
302269960 416 160
302269964 416 160
302269968 416 160
302269972 416 160
302269976 416 160
302269980 416 160
302269984 416 160
302270212 416 160
302270216 416 160
302270220 416 160
302270224 416 160
302270228 416 160
302270232 416 160
302270236 416 160
302270240 416 160
302270468 416 160
302270472 416 160
302270476 416 160
302270480 416 160
302270484 416 160
302270488 416 160
302270492 416 160
302270496 416 160
352388356 416 160
352389380 416 160
352390404 416 160
352391428 416 160
352392452 416 160
352393476 416 160
352394500 416 160
352395524 416 160
352396548 416 160
352397572 416 160
352398596 416 160
352399620 416 160
352400644 416 160
352401668 416 160
352402692 416 160
352403716 416 160
352404740 416 160
352405764 416 160
352406788 416 160
352407812 416 160
352408836 416 160
352409860 416 160
352410884 416 160
352411908 416 160
352412932 416 160
352413956 416 160
352414980 416 160
352416004 416 160
352417028 416 160
352418052 416 160
352419076 416 160
352420100 416 160
352421124 416 160
352422148 416 160
352423172 416 160
352424196 416 160
352425220 416 160
352426244 416 160
352427268 416 160
352428292 416 160
352429316 416 160
352430340 416 160
352431364 416 160
352432388 416 160
352433412 416 160
352434436 416 160
352435460 416 160
352436484 416 160
352437508 416 160
352438532 416 160
352439556 416 160
352440580 416 160
352441604 416 160
352442628 416 160
352443652 416 160
352444676 416 160
352445700 416 160
352446724 416 160
352447748 416 160
352448772 416 160
352388612 416 160
352389636 416 160
352390660 416 160
352391684 416 160
352392708 416 160
352393732 416 160
352394756 416 160
352395780 416 160
352396804 416 160
352397828 416 160
352398852 416 160
352399876 416 160
352400900 416 160
352401924 416 160
352402948 416 160
352403972 416 160
352404996 416 160
352406020 416 160
352407044 416 160
352408068 416 160
352409092 416 160
352410116 416 160
352411140 416 160
352412164 416 160
352413188 416 160
352414212 416 160
352415236 416 160
352416260 416 160
352417284 416 160
352418308 416 160
352419332 416 160
352420356 416 160
352421380 416 160
352422404 416 160
352423428 416 160
352424452 416 160
352425476 416 160
352426500 416 160
352427524 416 160
352428548 416 160
352429572 416 160
352430596 416 160
352431620 416 160
352432644 416 160
352433668 416 160
352434692 416 160
352435716 416 160
352436740 416 160
352437764 416 160
352438788 416 160
352439812 416 160
352440836 416 160
352441860 416 160
352442884 416 160
352443908 416 160
352444932 416 160
352445956 416 160
352446980 416 160
352448004 416 160
352449028 416 160
352453892 416 160
352454916 416 160
352455940 416 160
352456964 416 160
352457988 416 160
352459012 416 160
352460036 416 160
352461060 416 160
352462084 416 160
352463108 416 160
352464132 416 160
352465156 416 160
352466180 416 160
352467204 416 160
352468228 416 160
352469252 416 160
352470276 416 160
352471300 416 160
352472324 416 160
352473348 416 160
352474372 416 160
352475396 416 160
352476420 416 160
352477444 416 160
352478468 416 160
352479492 416 160
352480516 416 160
352481540 416 160
352482564 416 160
352483588 416 160
352484612 416 160
352485636 416 160
352486660 416 160
352487684 416 160
352488708 416 160
352489732 416 160
352490756 416 160
352491780 416 160
352492804 416 160
352493828 416 160
352494852 416 160
352495876 416 160
352496900 416 160
352497924 416 160
352498948 416 160
352499972 416 160
352500996 416 160
352502020 416 160
352503044 416 160
352504068 416 160
352505092 416 160
352506116 416 160
352507140 416 160
352508164 416 160
352509188 416 160
352510212 416 160
352511236 416 160
352512260 416 160
352513284 416 160
352514308 416 160
352454148 416 160
352455172 416 160
352456196 416 160
352457220 416 160
352458244 416 160
352459268 416 160
352460292 416 160
352461316 416 160
352462340 416 160
352463364 416 160
352464388 416 160
352465412 416 160
352466436 416 160
352467460 416 160
352468484 416 160
352469508 416 160
352470532 416 160
352471556 416 160
352472580 416 160
352473604 416 160
352474628 416 160
352475652 416 160
352476676 416 160
352477700 416 160
352478724 416 160
352479748 416 160
352480772 416 160
352481796 416 160
352482820 416 160
352483844 416 160
352484868 416 160
352485892 416 160
352486916 416 160
352487940 416 160
352488964 416 160
352489988 416 160
352491012 416 160
352492036 416 160
352493060 416 160
352494084 416 160
352495108 416 160
352496132 416 160
352497156 416 160
352498180 416 160
352499204 416 160
352500228 416 160
352501252 416 160
352502276 416 160
352503300 416 160
352504324 416 160
352505348 416 160
352506372 416 160
352507396 416 160
352508420 416 160
352509444 416 160
352510468 416 160
352511492 416 160
352512516 416 160
352513540 416 160
352514564 416 160
352519428 416 160
352520452 416 160
352521476 416 160
352522500 416 160
352523524 416 160
352524548 416 160
352525572 416 160
352526596 416 160
352527620 416 160
352528644 416 160
352529668 416 160
352530692 416 160
352531716 416 160
352532740 416 160
352533764 416 160
352534788 416 160
352535812 416 160
352536836 416 160
352537860 416 160
352538884 416 160
352539908 416 160
352540932 416 160
352541956 416 160
352542980 416 160
352544004 416 160
352545028 416 160
352546052 416 160
352547076 416 160
352548100 416 160
352549124 416 160
352550148 416 160
352551172 416 160
352552196 416 160
352553220 416 160
352554244 416 160
352555268 416 160
352556292 416 160
352557316 416 160
352558340 416 160
352559364 416 160
352560388 416 160
352561412 416 160
352562436 416 160
352563460 416 160
352564484 416 160
352565508 416 160
352566532 416 160
352567556 416 160
352568580 416 160
352569604 416 160
352570628 416 160
352571652 416 160
352572676 416 160
352573700 416 160
352574724 416 160
352575748 416 160
352576772 416 160
352577796 416 160
352578820 416 160
352579844 416 160
352519684 416 160
352520708 416 160
352521732 416 160
352522756 416 160
352523780 416 160
352524804 416 160
352525828 416 160
352526852 416 160
352527876 416 160
352528900 416 160
352529924 416 160
352530948 416 160
352531972 416 160
352532996 416 160
352534020 416 160
352535044 416 160
352536068 416 160
352537092 416 160
352538116 416 160
352539140 416 160
352540164 416 160
352541188 416 160
352542212 416 160
352543236 416 160
352544260 416 160
352545284 416 160
352546308 416 160
352547332 416 160
352548356 416 160
352549380 416 160
352550404 416 160
352551428 416 160
352552452 416 160
352553476 416 160
352554500 416 160
352555524 416 160
352556548 416 160
352557572 416 160
352558596 416 160
352559620 416 160
352560644 416 160
352561668 416 160
352562692 416 160
352563716 416 160
352564740 416 160
352565764 416 160
352566788 416 160
352567812 416 160
352568836 416 160
352569860 416 160
352570884 416 160
352571908 416 160
352572932 416 160
352573956 416 160
352574980 416 160
352576004 416 160
352577028 416 160
352578052 416 160
352579076 416 160
352580100 416 160
343999748 416 160
344000772 416 160
344001796 416 160
344002820 416 160
344003844 416 160
344004868 416 160
344005892 416 160
344006916 416 160
344007940 416 160
344008964 416 160
344009988 416 160
344011012 416 160
344012036 416 160
344013060 416 160
344014084 416 160
344015108 416 160
344016132 416 160
344017156 416 160
344018180 416 160
344019204 416 160
344020228 416 160
344021252 416 160
344022276 416 160
344023300 416 160
344024324 416 160
344025348 416 160
344026372 416 160
344027396 416 160
344028420 416 160
344029444 416 160
344030468 416 160
344031492 416 160
344032516 416 160
344033540 416 160
344034564 416 160
344035588 416 160
344036612 416 160
344037636 416 160
344038660 416 160
344039684 416 160
344040708 416 160
344041732 416 160
344042756 416 160
344043780 416 160
344044804 416 160
344045828 416 160
344046852 416 160
344047876 416 160
344048900 416 160
344049924 416 160
344050948 416 160
344051972 416 160
344052996 416 160
344054020 416 160
344055044 416 160
344056068 416 160
344057092 416 160
344058116 416 160
344059140 416 160
344060164 416 160
344000004 416 160
344001028 416 160
344002052 416 160
344003076 416 160
344004100 416 160
344005124 416 160
344006148 416 160
344007172 416 160
344008196 416 160
344009220 416 160
344010244 416 160
344011268 416 160
344012292 416 160
344013316 416 160
344014340 416 160
344015364 416 160
344016388 416 160
344017412 416 160
344018436 416 160
344019460 416 160
344020484 416 160
344021508 416 160
344022532 416 160
344023556 416 160
344024580 416 160
344025604 416 160
344026628 416 160
344027652 416 160
344028676 416 160
344029700 416 160
344030724 416 160
344031748 416 160
344032772 416 160
344033796 416 160
344034820 416 160
344035844 416 160
344036868 416 160
344037892 416 160
344038916 416 160
344039940 416 160
344040964 416 160
344041988 416 160
344043012 416 160
344044036 416 160
344045060 416 160
344046084 416 160
344047108 416 160
344048132 416 160
344049156 416 160
344050180 416 160
344051204 416 160
344052228 416 160
344053252 416 160
344054276 416 160
344055300 416 160
344056324 416 160
344057348 416 160
344058372 416 160
344059396 416 160
344060420 416 160
344065284 416 160
344066308 416 160
344067332 416 160
344068356 416 160
344069380 416 160
344070404 416 160
344071428 416 160
344072452 416 160
344073476 416 160
344074500 416 160
344075524 416 160
344076548 416 160
344077572 416 160
344078596 416 160
344079620 416 160
344080644 416 160
344081668 416 160
344082692 416 160
344083716 416 160
344084740 416 160
344085764 416 160
344086788 416 160
344087812 416 160
344088836 416 160
344089860 416 160
344090884 416 160
344091908 416 160
344092932 416 160
344093956 416 160
344094980 416 160
344096004 416 160
344097028 416 160
344098052 416 160
344099076 416 160
344100100 416 160
344101124 416 160
344102148 416 160
344103172 416 160
344104196 416 160
344105220 416 160
344106244 416 160
344107268 416 160
344108292 416 160
344109316 416 160
344110340 416 160
344111364 416 160
344112388 416 160
344113412 416 160
344114436 416 160
344115460 416 160
344116484 416 160
344117508 416 160
344118532 416 160
344119556 416 160
344120580 416 160
344121604 416 160
344122628 416 160
344123652 416 160
344124676 416 160
344125700 416 160
344065540 416 160
344066564 416 160
344067588 416 160
344068612 416 160
344069636 416 160
344070660 416 160
344071684 416 160
344072708 416 160
344073732 416 160
344074756 416 160
344075780 416 160
344076804 416 160
344077828 416 160
344078852 416 160
344079876 416 160
344080900 416 160
344081924 416 160
344082948 416 160
344083972 416 160
344084996 416 160
344086020 416 160
344087044 416 160
344088068 416 160
344089092 416 160
344090116 416 160
344091140 416 160
344092164 416 160
344093188 416 160
344094212 416 160
344095236 416 160
344096260 416 160
344097284 416 160
344098308 416 160
344099332 416 160
344100356 416 160
344101380 416 160
344102404 416 160
344103428 416 160
344104452 416 160
344105476 416 160
344106500 416 160
344107524 416 160
344108548 416 160
344109572 416 160
344110596 416 160
344111620 416 160
344112644 416 160
344113668 416 160
344114692 416 160
344115716 416 160
344116740 416 160
344117764 416 160
344118788 416 160
344119812 416 160
344120836 416 160
344121860 416 160
344122884 416 160
344123908 416 160
344124932 416 160
344125956 416 160
344130820 416 160
344131844 416 160
344132868 416 160
344133892 416 160
344134916 416 160
344135940 416 160
344136964 416 160
344137988 416 160
344139012 416 160
344140036 416 160
344141060 416 160
344142084 416 160
344143108 416 160
344144132 416 160
344145156 416 160
344146180 416 160
344147204 416 160
344148228 416 160
344149252 416 160
344150276 416 160
344151300 416 160
344152324 416 160
344153348 416 160
344154372 416 160
344155396 416 160
344156420 416 160
344157444 416 160
344158468 416 160
344159492 416 160
344160516 416 160
344161540 416 160
344162564 416 160
344163588 416 160
344164612 416 160
344165636 416 160
344166660 416 160
344167684 416 160
344168708 416 160
344169732 416 160
344170756 416 160
344171780 416 160
344172804 416 160
344173828 416 160
344174852 416 160
344175876 416 160
344176900 416 160
344177924 416 160
344178948 416 160
344179972 416 160
344180996 416 160
344182020 416 160
344183044 416 160
344184068 416 160
344185092 416 160
344186116 416 160
344187140 416 160
344188164 416 160
344189188 416 160
344190212 416 160
344191236 416 160
344131076 416 160
344132100 416 160
344133124 416 160
344134148 416 160
344135172 416 160
344136196 416 160
344137220 416 160
344138244 416 160
344139268 416 160
344140292 416 160
344141316 416 160
344142340 416 160
344143364 416 160
344144388 416 160
344145412 416 160
344146436 416 160
344147460 416 160
344148484 416 160
344149508 416 160
344150532 416 160
344151556 416 160
344152580 416 160
344153604 416 160
344154628 416 160
344155652 416 160
344156676 416 160
344157700 416 160
344158724 416 160
344159748 416 160
344160772 416 160
344161796 416 160
344162820 416 160
344163844 416 160
344164868 416 160
344165892 416 160
344166916 416 160
344167940 416 160
344168964 416 160
344169988 416 160
344171012 416 160
344172036 416 160
344173060 416 160
344174084 416 160
344175108 416 160
344176132 416 160
344177156 416 160
344178180 416 160
344179204 416 160
344180228 416 160
344181252 416 160
344182276 416 160
344183300 416 160
344184324 416 160
344185348 416 160
344186372 416 160
344187396 416 160
344188420 416 160
344189444 416 160
344190468 416 160
344191492 416 160
