9 0  -1  1  2  0  0   0
9 0  -1  1  2  0  0  11
9 0  -1  1  3  0 23  11
9 0  -1  1  3  0 23  23
9 0  -1  1 -3  0  0   0
9 0  -1  1 -3  0 12   0
9 0  -1  1 -3  0  0  11
9 0  -1  1 -3  0 12  23
9 0  -1  1  3  1  0   0
9 0  -1  1  3  1 12   0
9 0  -1  1  3  1  0  11
9 0  -1  1  3  1 12  23
9 0  -1  1 -2  1  0   0
9 0  -1  1 -2  1 12   0
9 0  -1  1 -2  1  0  11
9 0  -1  1 -2  1 12  23
9 0  -1  1  0  2  0   0
9 0  -1  1  0  2  0  11
9 0  -1  1  3  2  0   0
9 0  -1  1  3  2 12   0
8 0  -1  1  2  0 12   0
8 0  -1  1  2  0 23  23
8 0  -1  1 -2  0 23  11
8 0  -1  1 -2  0 12  23
8 0  -1  1  2  1  0   0
8 0  -1  1  2  1 12   0
8 0  -1  1 -1  1  0   0
8 0  -1  1 -1  1 12   0
8 0  -1  1  0  2 12   0
8 0  -1  1  0  2 23  23
8 0  -1  1  1  2 23  11
8 0  -1  1  2  2 23  11
8 0  -1  1  2  2 12  23
8 0  -1  1  1 -1  0   0
8 0  -1  1  1 -1 12   0
8 0  -1  1 -2 -1  0   0
8 0  -1  1 -2 -1 12   0
8 0  -1  1  0 -2 12   0
8 0  -1  1  0 -2 23  23
8 0  -1  1 -1 -2 23  11
8 0  -1  1 -2 -2 23  11
