2283021352
2283021384
2283021416
2283021448
2283021480
2283021512
2283021544
2283021576
2283021608
2283021640
2283021672
2283021704
2283021736
2283021768
2283021800
2283021353
2283021385
2283021417
2283021449
2283021481
2283021513
2283021545
2283021577
2283021609
2283021641
2283021673
2283021705
2283021737
2283021769
2283021801
2283021386
2283021418
2283021450
2283021482
2283021514
2283021546
2283021578
2283021610
2283021642
2283021674
2283021706
2283021738
2283021770
2283021802
2283021419
2283021451
2283021483
2283021515
2283021547
2283021579
2283021611
2283021643
2283021675
2283021707
2283021739
2283021771
2283021803
2283021452
2283021484
2283021516
2283021548
2283021580
2283021612
2283021644
2283021676
2283021708
2283021740
2283021772
2283021804
2283021485
2283021517
2283021549
2283021581
2283021613
2283021645
2283021677
2283021709
2283021741
2283021773
2283021805
2283021518
2283021550
2283021582
2283021614
2283021646
2283021678
2283021710
2283021742
2283021774
2283021806
2283021551
2283021583
2283021615
2283021647
2283021679
2283021711
2283021743
2283021775
2283021807
2282956928
2282956960
2282956992
2282957024
2282956929
2282956961
2282956993
2282957025
2282957057
2282956962
2282956994
2282957026
2282957058
2282957090
2282956963
2282956995
2282957027
2282957059
2282957091
2282957123
2282956996
2282957028
2282957060
2282957092
2282957124
2282957156
2282956997
2282957029
2282957061
2282957093
2282957125
2282957157
2282957189
2282957030
2282957062
2282957094
2282957126
2282957158
2282957190
2282957222
2282957031
2282957063
2282957095
2282957127
2282957159
2282957191
2282957223
2282957255
2282957064
2282957096
2282957128
2282957160
2282957192
2282957224
2282957256
2282957288
2282957065
2282957097
2282957129
2282957161
2282957193
2282957225
2282957257
2282957289
2282957098
2282957130
2282957162
2282957194
2282957226
2282957258
2282957290
2282957099
2282957131
2282957163
2282957195
2282957227
2282957259
2282957291
2282957132
2282957164
2282957196
2282957228
2282957260
2282957292
2282957133
2282957165
2282957197
2282957229
2282957261
2282957293
2282957166
2282957198
2282957230
2282957262
2282957294
2282957167
2282957199
2282957231
2282957263
2282957295
2283623552
2283623584
2283623616
2283623648
2283623553
2283623585
2283623617
2283623649
2283623681
2283623586
2283623618
2283623650
2283623682
2283623714
2283623587
2283623619
2283623651
2283623683
2283623715
2283623747
2283623620
2283623652
2283623684
2283623716
2283623748
2283623780
2283623621
2283623653
2283623685
2283623717
2283623749
2283623781
2283623813
2283623654
2283623686
2283623718
2283623750
2283623782
2283623814
2283623846
2283623655
2283623687
2283623719
2283623751
2283623783
2283623815
2283623847
2283623879
2283623688
2283623720
2283623752
2283623784
2283623816
2283623848
2283623880
2283623912
2283623689
2283623721
2283623753
2283623785
2283623817
2283623849
2283623881
2283623913
2283623722
2283623754
2283623786
2283623818
2283623850
2283623882
2283623914
2283623723
2283623755
2283623787
2283623819
2283623851
2283623883
2283623915
2283623756
2283623788
2283623820
2283623852
2283623884
2283623916
2283623757
2283623789
2283623821
2283623853
2283623885
2283623917
2283623790
2283623822
2283623854
2283623886
2283623918
2283623791
2283623823
2283623855
2283623887
2283623919
2283622528
2283622560
2283622592
2283622624
2283622529
2283622561
2283622593
2283622625
2283622657
2283622562
2283622594
2283622626
2283622658
2283622690
2283622563
2283622595
2283622627
2283622659
2283622691
2283622723
2283622596
2283622628
2283622660
2283622692
2283622724
2283622756
2283622597
2283622629
2283622661
2283622693
2283622725
2283622757
2283622789
2283622630
2283622662
2283622694
2283622726
2283622758
2283622790
2283622822
2283622631
2283622663
2283622695
2283622727
2283622759
2283622791
2283622823
2283622855
2283622664
2283622696
2283622728
2283622760
2283622792
2283622824
2283622856
2283622888
2283622665
2283622697
2283622729
2283622761
2283622793
2283622825
2283622857
2283622889
2283622698
2283622730
2283622762
2283622794
2283622826
2283622858
2283622890
2283622699
2283622731
2283622763
2283622795
2283622827
2283622859
2283622891
2283622732
2283622764
2283622796
2283622828
2283622860
2283622892
2283622733
2283622765
2283622797
2283622829
2283622861
2283622893
2283622766
2283622798
2283622830
2283622862
2283622894
2283622767
2283622799
2283622831
2283622863
2283622895
2283625472
2283625504
2283625536
2283625568
2283625473
2283625505
2283625537
2283625569
2283625601
2283625474
2283625506
2283625538
2283625570
2283625602
2283625475
2283625507
2283625539
2283625571
2283625603
2283625635
2283625476
2283625508
2283625540
2283625572
2283625604
2283625636
2283625477
2283625509
2283625541
2283625573
2283625605
2283625637
2283625669
2283625478
2283625510
2283625542
2283625574
2283625606
2283625638
2283625670
2283625479
2283625511
2283625543
2283625575
2283625607
2283625639
2283625671
2283625703
2283625480
2283625512
2283625544
2283625576
2283625608
2283625640
2283625672
2283625704
2283625513
2283625545
2283625577
2283625609
2283625641
2283625673
2283625705
2283625737
2283625546
2283625578
2283625610
2283625642
2283625674
2283625706
2283625738
2283625579
2283625611
2283625643
2283625675
2283625707
2283625739
2283625771
2283625612
2283625644
2283625676
2283625708
2283625740
2283625772
2283625645
2283625677
2283625709
2283625741
2283625773
2283625805
2283625678
2283625710
2283625742
2283625774
2283625806
2283625711
2283625743
2283625775
2283625807
2283625839
2283624448
2283624480
2283624512
2283624544
2283624449
2283624481
2283624513
2283624545
2283624577
2283624450
2283624482
2283624514
2283624546
2283624578
2283624451
2283624483
2283624515
2283624547
2283624579
2283624611
2283624452
2283624484
2283624516
2283624548
2283624580
2283624612
2283624453
2283624485
2283624517
2283624549
2283624581
2283624613
2283624645
2283624454
2283624486
2283624518
2283624550
2283624582
2283624614
2283624646
2283624455
2283624487
2283624519
2283624551
2283624583
2283624615
2283624647
2283624679
2283624456
2283624488
2283624520
2283624552
2283624584
2283624616
2283624648
2283624680
2283624489
2283624521
2283624553
2283624585
2283624617
2283624649
2283624681
2283624713
2283624522
2283624554
2283624586
2283624618
2283624650
2283624682
2283624714
2283624555
2283624587
2283624619
2283624651
2283624683
2283624715
2283624747
2283624588
2283624620
2283624652
2283624684
2283624716
2283624748
2283624621
2283624653
2283624685
2283624717
2283624749
2283624781
2283624654
2283624686
2283624718
2283624750
2283624782
2283624687
2283624719
2283624751
2283624783
2283624815
2283084800
2283084832
2283084864
2283084896
2283084801
2283084833
2283084865
2283084897
2283084929
2283084802
2283084834
2283084866
2283084898
2283084930
2283084803
2283084835
2283084867
2283084899
2283084931
2283084963
2283084804
2283084836
2283084868
2283084900
2283084932
2283084964
2283084805
2283084837
2283084869
2283084901
2283084933
2283084965
2283084997
2283084806
2283084838
2283084870
2283084902
2283084934
2283084966
2283084998
2283084807
2283084839
2283084871
2283084903
2283084935
2283084967
2283084999
2283085031
2283084808
2283084840
2283084872
2283084904
2283084936
2283084968
2283085000
2283085032
2283084841
2283084873
2283084905
2283084937
2283084969
2283085001
2283085033
2283085065
2283084874
2283084906
2283084938
2283084970
2283085002
2283085034
2283085066
2283084907
2283084939
2283084971
2283085003
2283085035
2283085067
2283085099
2283084940
2283084972
2283085004
2283085036
2283085068
2283085100
2283084973
2283085005
2283085037
2283085069
2283085101
2283085133
2283085006
2283085038
2283085070
2283085102
2283085134
2283085039
2283085071
2283085103
2283085135
2283085167
2283561992
2283562024
2283562056
2283562088
2283562120
2283562152
2283562184
2283562216
2283562248
2283562280
2283562312
2283562344
2283562376
2283562408
2283562440
2283562472
2283562025
2283562057
2283562089
2283562121
2283562153
2283562185
2283562217
2283562249
2283562281
2283562313
2283562345
2283562377
2283562409
2283562441
2283562473
2283562058
2283562090
2283562122
2283562154
2283562186
2283562218
2283562250
2283562282
2283562314
2283562346
2283562378
2283562410
2283562442
2283562474
2283562091
2283562123
2283562155
2283562187
2283562219
2283562251
2283562283
2283562315
2283562347
2283562379
2283562411
2283562443
2283562475
2283562124
2283562156
2283562188
2283562220
2283562252
2283562284
2283562316
2283562348
2283562380
2283562412
2283562444
2283562476
2283562157
2283562189
2283562221
2283562253
2283562285
2283562317
2283562349
2283562381
2283562413
2283562445
2283562477
2283562190
2283562222
2283562254
2283562286
2283562318
2283562350
2283562382
2283562414
2283562446
2283562478
2283562223
2283562255
2283562287
2283562319
2283562351
2283562383
2283562415
2283562447
2283562479
2283083776
2283083808
2283083840
2283083872
2283083777
2283083809
2283083841
2283083873
2283083905
2283083778
2283083810
2283083842
2283083874
2283083906
2283083779
2283083811
2283083843
2283083875
2283083907
2283083939
2283083780
2283083812
2283083844
2283083876
2283083908
2283083940
2283083781
2283083813
2283083845
2283083877
2283083909
2283083941
2283083973
2283083782
2283083814
2283083846
2283083878
2283083910
2283083942
2283083974
2283083783
2283083815
2283083847
2283083879
2283083911
2283083943
2283083975
2283084007
2283083784
2283083816
2283083848
2283083880
2283083912
2283083944
2283083976
2283084008
2283083817
2283083849
2283083881
2283083913
2283083945
2283083977
2283084009
2283084041
2283083850
2283083882
2283083914
2283083946
2283083978
2283084010
2283084042
2283083883
2283083915
2283083947
2283083979
2283084011
2283084043
2283084075
2283083916
2283083948
2283083980
2283084012
2283084044
2283084076
2283083949
2283083981
2283084013
2283084045
2283084077
2283084109
2283083982
2283084014
2283084046
2283084078
2283084110
2283084015
2283084047
2283084079
2283084111
2283084143
2283082880
2283082912
2283082944
2283082976
2283082881
2283082913
2283082945
2283082977
2283083009
2283082914
2283082946
2283082978
2283083010
2283083042
2283082915
2283082947
2283082979
2283083011
2283083043
2283083075
2283082948
2283082980
2283083012
2283083044
2283083076
2283083108
2283082949
2283082981
2283083013
2283083045
2283083077
2283083109
2283083141
2283082982
2283083014
2283083046
2283083078
2283083110
2283083142
2283083174
2283082983
2283083015
2283083047
2283083079
2283083111
2283083143
2283083175
2283083207
2283083016
2283083048
2283083080
2283083112
2283083144
2283083176
2283083208
2283083240
2283083017
2283083049
2283083081
2283083113
2283083145
2283083177
2283083209
2283083241
2283083050
2283083082
2283083114
2283083146
2283083178
2283083210
2283083242
2283083051
2283083083
2283083115
2283083147
2283083179
2283083211
2283083243
2283083084
2283083116
2283083148
2283083180
2283083212
2283083244
2283083085
2283083117
2283083149
2283083181
2283083213
2283083245
2283083118
2283083150
2283083182
2283083214
2283083246
2283083119
2283083151
2283083183
2283083215
2283083247
2283081856
2283081888
2283081920
2283081952
2283081857
2283081889
2283081921
2283081953
2283081985
2283081890
2283081922
2283081954
2283081986
2283082018
2283081891
2283081923
2283081955
2283081987
2283082019
2283082051
2283081924
2283081956
2283081988
2283082020
2283082052
2283082084
2283081925
2283081957
2283081989
2283082021
2283082053
2283082085
2283082117
2283081958
2283081990
2283082022
2283082054
2283082086
2283082118
2283082150
2283081959
2283081991
2283082023
2283082055
2283082087
2283082119
2283082151
2283082183
2283081992
2283082024
2283082056
2283082088
2283082120
2283082152
2283082184
2283082216
2283081993
2283082025
2283082057
2283082089
2283082121
2283082153
2283082185
2283082217
2283082026
2283082058
2283082090
2283082122
2283082154
2283082186
2283082218
2283082027
2283082059
2283082091
2283082123
2283082155
2283082187
2283082219
2283082060
2283082092
2283082124
2283082156
2283082188
2283082220
2283082061
2283082093
2283082125
2283082157
2283082189
2283082221
2283082094
2283082126
2283082158
2283082190
2283082222
2283082095
2283082127
2283082159
2283082191
2283082223
2283080832
2283080864
2283080896
2283080928
2283080833
2283080865
2283080897
2283080929
2283080961
2283080866
2283080898
2283080930
2283080962
2283080994
2283080867
2283080899
2283080931
2283080963
2283080995
2283081027
2283080900
2283080932
2283080964
2283080996
2283081028
2283081060
2283080901
2283080933
2283080965
2283080997
2283081029
2283081061
2283081093
2283080934
2283080966
2283080998
2283081030
2283081062
2283081094
2283081126
2283080935
2283080967
2283080999
2283081031
2283081063
2283081095
2283081127
2283081159
2283080968
2283081000
2283081032
2283081064
2283081096
2283081128
2283081160
2283081192
2283080969
2283081001
2283081033
2283081065
2283081097
2283081129
2283081161
2283081193
2283081002
2283081034
2283081066
2283081098
2283081130
2283081162
2283081194
2283081003
2283081035
2283081067
2283081099
2283081131
2283081163
2283081195
2283081036
2283081068
2283081100
2283081132
2283081164
2283081196
2283081037
2283081069
2283081101
2283081133
2283081165
2283081197
2283081070
2283081102
2283081134
2283081166
2283081198
2283081071
2283081103
2283081135
2283081167
2283081199
2283530368
2283530400
2283530432
2283530464
2283530369
2283530401
2283530433
2283530465
2283530497
2283530402
2283530434
2283530466
2283530498
2283530530
2283530403
2283530435
2283530467
2283530499
2283530531
2283530563
2283530436
2283530468
2283530500
2283530532
2283530564
2283530596
2283530437
2283530469
2283530501
2283530533
2283530565
2283530597
2283530629
2283530470
2283530502
2283530534
2283530566
2283530598
2283530630
2283530662
2283530471
2283530503
2283530535
2283530567
2283530599
2283530631
2283530663
2283530695
2283530504
2283530536
2283530568
2283530600
2283530632
2283530664
2283530696
2283530728
2283530505
2283530537
2283530569
2283530601
2283530633
2283530665
2283530697
2283530729
2283530538
2283530570
2283530602
2283530634
2283530666
2283530698
2283530730
2283530539
2283530571
2283530603
2283530635
2283530667
2283530699
2283530731
2283530572
2283530604
2283530636
2283530668
2283530700
2283530732
2283530573
2283530605
2283530637
2283530669
2283530701
2283530733
2283530606
2283530638
2283530670
2283530702
2283530734
2283530607
2283530639
2283530671
2283530703
2283530735
2149090304
2149090336
2149090368
2149090305
2149090337
2149090369
2149090306
2149090338
2149090370
2149090402
2149090307
2149090339
2149090371
2149090403
2149090308
2149090340
2149090372
2149090404
2149090436
2149090309
2149090341
2149090373
2149090405
2149090437
2149090310
2149090342
2149090374
2149090406
2149090438
2149090470
2149090311
2149090343
2149090375
2149090407
2149090439
2149090471
2149090312
2149090344
2149090376
2149090408
2149090440
2149090472
2149090504
2149090313
2149090345
2149090377
2149090409
2149090441
2149090473
2149090505
2149090314
2149090346
2149090378
2149090410
2149090442
2149090474
2149090506
2149090538
2149090315
2149090347
2149090379
2149090411
2149090443
2149090475
2149090507
2149090539
2149090316
2149090348
2149090380
2149090412
2149090444
2149090476
2149090508
2149090540
2149090572
2149090349
2149090381
2149090413
2149090445
2149090477
2149090509
2149090541
2149090573
2149090382
2149090414
2149090446
2149090478
2149090510
2149090542
2149090574
2149090606
2149090415
2149090447
2149090479
2149090511
2149090543
2149090575
2149090607
2149090448
2149090480
2149090512
2149090544
2149090576
2149090608
2149090640
2149090481
2149090513
2149090545
2149090577
2149090609
2149090641
2149090514
2149090546
2149090578
2149090610
2149090642
2149090674
2149090547
2149090579
2149090611
2149090643
2149090675
2149090580
2149090612
2149090644
2149090676
2149090708
2149090613
2149090645
2149090677
2149090709
2149090646
2149090678
2149090710
2149090742
2149090679
2149090711
2149090743
2282989696
2282989728
2282989760
2282989792
2282989697
2282989729
2282989761
2282989793
2282989825
2282989730
2282989762
2282989794
2282989826
2282989858
2282989731
2282989763
2282989795
2282989827
2282989859
2282989891
2282989764
2282989796
2282989828
2282989860
2282989892
2282989924
2282989765
2282989797
2282989829
2282989861
2282989893
2282989925
2282989957
2282989798
2282989830
2282989862
2282989894
2282989926
2282989958
2282989990
2282989799
2282989831
2282989863
2282989895
2282989927
2282989959
2282989991
2282990023
2282989832
2282989864
2282989896
2282989928
2282989960
2282989992
2282990024
2282990056
2282989833
2282989865
2282989897
2282989929
2282989961
2282989993
2282990025
2282990057
2282989866
2282989898
2282989930
2282989962
2282989994
2282990026
2282990058
2282989867
2282989899
2282989931
2282989963
2282989995
2282990027
2282990059
2282989900
2282989932
2282989964
2282989996
2282990028
2282990060
2282989901
2282989933
2282989965
2282989997
2282990029
2282990061
2282989934
2282989966
2282989998
2282990030
2282990062
2282989935
2282989967
2282989999
2282990031
2282990063
2282935459
2282935587
2282924160
2282924192
2282924224
2282924256
2282924161
2282924193
2282924225
2282924257
2282924289
2282924194
2282924226
2282924258
2282924290
2282924322
2282924195
2282924227
2282924259
2282924291
2282924323
2282924355
2282924228
2282924260
2282924292
2282924324
2282924356
2282924388
2282924229
2282924261
2282924293
2282924325
2282924357
2282924389
2282924421
2282924262
2282924294
2282924326
2282924358
2282924390
2282924422
2282924454
2282924263
2282924295
2282924327
2282924359
2282924391
2282924423
2282924455
2282924487
2282924296
2282924328
2282924360
2282924392
2282924424
2282924456
2282924488
2282924520
2282924297
2282924329
2282924361
2282924393
2282924425
2282924457
2282924489
2282924521
2282924330
2282924362
2282924394
2282924426
2282924458
2282924490
2282924522
2282924331
2282924363
2282924395
2282924427
2282924459
2282924491
2282924523
2282924364
2282924396
2282924428
2282924460
2282924492
2282924524
2282924365
2282924397
2282924429
2282924461
2282924493
2282924525
2282924398
2282924430
2282924462
2282924494
2282924526
2282924399
2282924431
2282924463
2282924495
2282924527
2148598508
2283497600
2283497632
2283497664
2283497696
2283497601
2283497633
2283497665
2283497697
2283497729
2283497634
2283497666
2283497698
2283497730
2283497762
2283497635
2283497667
2283497699
2283497731
2283497763
2283497795
2283497668
2283497700
2283497732
2283497764
2283497796
2283497828
2283497669
2283497701
2283497733
2283497765
2283497797
2283497829
2283497861
2283497702
2283497734
2283497766
2283497798
2283497830
2283497862
2283497894
2283497703
2283497735
2283497767
2283497799
2283497831
2283497863
2283497895
2283497927
2283497736
2283497768
2283497800
2283497832
2283497864
2283497896
2283497928
2283497960
2283497737
2283497769
2283497801
2283497833
2283497865
2283497897
2283497929
2283497961
2283497770
2283497802
2283497834
2283497866
2283497898
2283497930
2283497962
2283497771
2283497803
2283497835
2283497867
2283497899
2283497931
2283497963
2283497804
2283497836
2283497868
2283497900
2283497932
2283497964
2283497805
2283497837
2283497869
2283497901
2283497933
2283497965
2283497838
2283497870
2283497902
2283497934
2283497966
2283497839
2283497871
2283497903
2283497935
2283497967
2148598784
2148599159
2283045896
2283045928
2283045960
2283045992
2283046024
2283046056
2283046088
2283046120
2283046152
2283046184
2283046216
2283046248
2283046280
2283046312
2283046344
2283046376
2283045929
2283045961
2283045993
2283046025
2283046057
2283046089
2283046121
2283046153
2283046185
2283046217
2283046249
2283046281
2283046313
2283046345
2283046377
2283045962
2283045994
2283046026
2283046058
2283046090
2283046122
2283046154
2283046186
2283046218
2283046250
2283046282
2283046314
2283046346
2283046378
2283045995
2283046027
2283046059
2283046091
2283046123
2283046155
2283046187
2283046219
2283046251
2283046283
2283046315
2283046347
2283046379
2283046028
2283046060
2283046092
2283046124
2283046156
2283046188
2283046220
2283046252
2283046284
2283046316
2283046348
2283046380
2283046061
2283046093
2283046125
2283046157
2283046189
2283046221
2283046253
2283046285
2283046317
2283046349
2283046381
2283046094
2283046126
2283046158
2283046190
2283046222
2283046254
2283046286
2283046318
2283046350
2283046382
2283046127
2283046159
2283046191
2283046223
2283046255
2283046287
2283046319
2283046351
2283046383
2283380200
2283315208
2283315690
2283315695
2282904040
2282891264
2282891296
2282891328
2282891360
2282891265
2282891297
2282891329
2282891361
2282891393
2282891266
2282891298
2282891330
2282891362
2282891394
2282891267
2282891299
2282891331
2282891363
2282891395
2282891427
2282891268
2282891300
2282891332
2282891364
2282891396
2282891428
2282891269
2282891301
2282891333
2282891365
2282891397
2282891429
2282891461
2282891270
2282891302
2282891334
2282891366
2282891398
2282891430
2282891462
2282891271
2282891303
2282891335
2282891367
2282891399
2282891431
2282891463
2282891495
2282891272
2282891304
2282891336
2282891368
2282891400
2282891432
2282891464
2282891496
2282891305
2282891337
2282891369
2282891401
2282891433
2282891465
2282891497
2282891529
2282891338
2282891370
2282891402
2282891434
2282891466
2282891498
2282891530
2282891371
2282891403
2282891435
2282891467
2282891499
2282891531
2282891563
2282891404
2282891436
2282891468
2282891500
2282891532
2282891564
2282891437
2282891469
2282891501
2282891533
2282891565
2282891597
2282891470
2282891502
2282891534
2282891566
2282891598
2282891503
2282891535
2282891567
2282891599
2282891631
2283443688
2283443695
2148582400
2148582432
2148582464
2148582401
2148582433
2148582465
2148582402
2148582434
2148582466
2148582498
2148582403
2148582435
2148582467
2148582499
2148582404
2148582436
2148582468
2148582500
2148582532
2148582405
2148582437
2148582469
2148582501
2148582533
2148582406
2148582438
2148582470
2148582502
2148582534
2148582566
2148582407
2148582439
2148582471
2148582503
2148582535
2148582567
2148582408
2148582440
2148582472
2148582504
2148582536
2148582568
2148582600
2148582409
2148582441
2148582473
2148582505
2148582537
2148582569
2148582601
2148582410
2148582442
2148582474
2148582506
2148582538
2148582570
2148582602
2148582634
2148582411
2148582443
2148582475
2148582507
2148582539
2148582571
2148582603
2148582635
2148582412
2148582444
2148582476
2148582508
2148582540
2148582572
2148582604
2148582636
2148582668
2148582445
2148582477
2148582509
2148582541
2148582573
2148582605
2148582637
2148582669
2148582478
2148582510
2148582542
2148582574
2148582606
2148582638
2148582670
2148582702
2148582511
2148582543
2148582575
2148582607
2148582639
2148582671
2148582703
2148582544
2148582576
2148582608
2148582640
2148582672
2148582704
2148582736
2148582577
2148582609
2148582641
2148582673
2148582705
2148582737
2148582610
2148582642
2148582674
2148582706
2148582738
2148582770
2148582643
2148582675
2148582707
2148582739
2148582771
2148582676
2148582708
2148582740
2148582772
2148582804
2148582709
2148582741
2148582773
2148582805
2148582742
2148582774
2148582806
2148582838
2148582775
2148582807
2148582839
2149122060
2149122423
2283474952
2283506696
2282858496
2282858528
2282858560
2282858592
2282858497
2282858529
2282858561
2282858593
2282858625
2282858498
2282858530
2282858562
2282858594
2282858626
2282858499
2282858531
2282858563
2282858595
2282858627
2282858659
2282858500
2282858532
2282858564
2282858596
2282858628
2282858660
2282858501
2282858533
2282858565
2282858597
2282858629
2282858661
2282858693
2282858502
2282858534
2282858566
2282858598
2282858630
2282858662
2282858694
2282858503
2282858535
2282858567
2282858599
2282858631
2282858663
2282858695
2282858727
2282858504
2282858536
2282858568
2282858600
2282858632
2282858664
2282858696
2282858728
2282858537
2282858569
2282858601
2282858633
2282858665
2282858697
2282858729
2282858761
2282858570
2282858602
2282858634
2282858666
2282858698
2282858730
2282858762
2282858603
2282858635
2282858667
2282858699
2282858731
2282858763
2282858795
2282858636
2282858668
2282858700
2282858732
2282858764
2282858796
2282858669
2282858701
2282858733
2282858765
2282858797
2282858829
2282858702
2282858734
2282858766
2282858798
2282858830
2282858735
2282858767
2282858799
2282858831
2282858863
2283411944
2283411951
2148534647
2148535031
2148551031
2149107724
2149139456
2149140855
2149141239
2283399168
2283399200
2283399232
2283399264
2283399169
2283399201
2283399233
2283399265
2283399297
2283399170
2283399202
2283399234
2283399266
2283399298
2283399171
2283399203
2283399235
2283399267
2283399299
2283399331
2283399172
2283399204
2283399236
2283399268
2283399300
2283399332
2283399173
2283399205
2283399237
2283399269
2283399301
2283399333
2283399365
2283399174
2283399206
2283399238
2283399270
2283399302
2283399334
2283399366
2283399175
2283399207
2283399239
2283399271
2283399303
2283399335
2283399367
2283399399
2283399176
2283399208
2283399240
2283399272
2283399304
2283399336
2283399368
2283399400
2283399209
2283399241
2283399273
2283399305
2283399337
2283399369
2283399401
2283399433
2283399242
2283399274
2283399306
2283399338
2283399370
2283399402
2283399434
2283399275
2283399307
2283399339
2283399371
2283399403
2283399435
2283399467
2283399308
2283399340
2283399372
2283399404
2283399436
2283399468
2283399341
2283399373
2283399405
2283399437
2283399469
2283399501
2283399374
2283399406
2283399438
2283399470
2283399502
2283399407
2283399439
2283399471
2283399503
2283399535
2283431936
2283431968
2283432000
2283432032
2283431937
2283431969
2283432001
2283432033
2283432065
2283431938
2283431970
2283432002
2283432034
2283432066
2283431939
2283431971
2283432003
2283432035
2283432067
2283432099
2283431940
2283431972
2283432004
2283432036
2283432068
2283432100
2283431941
2283431973
2283432005
2283432037
2283432069
2283432101
2283432133
2283431942
2283431974
2283432006
2283432038
2283432070
2283432102
2283432134
2283431943
2283431975
2283432007
2283432039
2283432071
2283432103
2283432135
2283432167
2283431944
2283431976
2283432008
2283432040
2283432072
2283432104
2283432136
2283432168
2283431977
2283432009
2283432041
2283432073
2283432105
2283432137
2283432169
2283432201
2283432010
2283432042
2283432074
2283432106
2283432138
2283432170
2283432202
2283432043
2283432075
2283432107
2283432139
2283432171
2283432203
2283432235
2283432076
2283432108
2283432140
2283432172
2283432204
2283432236
2283432109
2283432141
2283432173
2283432205
2283432237
2283432269
2283432142
2283432174
2283432206
2283432238
2283432270
2283432175
2283432207
2283432239
2283432271
2283432303
2283464832
2283464864
2283464896
2283464928
2283464833
2283464865
2283464897
2283464929
2283464961
2283464866
2283464898
2283464930
2283464962
2283464994
2283464867
2283464899
2283464931
2283464963
2283464995
2283465027
2283464900
2283464932
2283464964
2283464996
2283465028
2283465060
2283464901
2283464933
2283464965
2283464997
2283465029
2283465061
2283465093
2283464934
2283464966
2283464998
2283465030
2283465062
2283465094
2283465126
2283464935
2283464967
2283464999
2283465031
2283465063
2283465095
2283465127
2283465159
2283464968
2283465000
2283465032
2283465064
2283465096
2283465128
2283465160
2283465192
2283464969
2283465001
2283465033
2283465065
2283465097
2283465129
2283465161
2283465193
2283465002
2283465034
2283465066
2283465098
2283465130
2283465162
2283465194
2283465003
2283465035
2283465067
2283465099
2283465131
2283465163
2283465195
2283465036
2283465068
2283465100
2283465132
2283465164
2283465196
2283465037
2283465069
2283465101
2283465133
2283465165
2283465197
2283465070
2283465102
2283465134
2283465166
2283465198
2283465071
2283465103
2283465135
2283465167
2283465199
2283586568
2283586600
2283586632
2283586664
2283586696
2283586728
2283586760
2283586792
2283586824
2283586856
2283586888
2283586920
2283586952
2283586984
2283587016
2283587048
2283586601
2283586633
2283586665
2283586697
2283586729
2283586761
2283586793
2283586825
2283586857
2283586889
2283586921
2283586953
2283586985
2283587017
2283587049
2283586634
2283586666
2283586698
2283586730
2283586762
2283586794
2283586826
2283586858
2283586890
2283586922
2283586954
2283586986
2283587018
2283587050
2283586667
2283586699
2283586731
2283586763
2283586795
2283586827
2283586859
2283586891
2283586923
2283586955
2283586987
2283587019
2283587051
2283586700
2283586732
2283586764
2283586796
2283586828
2283586860
2283586892
2283586924
2283586956
2283586988
2283587020
2283587052
2283586733
2283586765
2283586797
2283586829
2283586861
2283586893
2283586925
2283586957
2283586989
2283587021
2283587053
2283586766
2283586798
2283586830
2283586862
2283586894
2283586926
2283586958
2283586990
2283587022
2283587054
2283586799
2283586831
2283586863
2283586895
2283586927
2283586959
2283586991
2283587023
2283587055
2283621504
2283621536
2283621568
2283621600
2283621505
2283621537
2283621569
2283621601
2283621633
2283621538
2283621570
2283621602
2283621634
2283621666
2283621539
2283621571
2283621603
2283621635
2283621667
2283621699
2283621572
2283621604
2283621636
2283621668
2283621700
2283621732
2283621573
2283621605
2283621637
2283621669
2283621701
2283621733
2283621765
2283621606
2283621638
2283621670
2283621702
2283621734
2283621766
2283621798
2283621607
2283621639
2283621671
2283621703
2283621735
2283621767
2283621799
2283621831
2283621640
2283621672
2283621704
2283621736
2283621768
2283621800
2283621832
2283621864
2283621641
2283621673
2283621705
2283621737
2283621769
2283621801
2283621833
2283621865
2283621674
2283621706
2283621738
2283621770
2283621802
2283621834
2283621866
2283621675
2283621707
2283621739
2283621771
2283621803
2283621835
2283621867
2283621708
2283621740
2283621772
2283621804
2283621836
2283621868
2283621709
2283621741
2283621773
2283621805
2283621837
2283621869
2283621742
2283621774
2283621806
2283621838
2283621870
2283621743
2283621775
2283621807
2283621839
2283621871
2148567052
2148567415
2148599820
2148600567
