 9 -1 2 1 -8 0 0 3
 9 -1 2 1 -8 0 0 4
 9 -1 2 1 -8 2 15 9
 9 -1 2 1 -7 3 15 9
 9 -1 2 1 -10 -2 0 3
 9 -1 2 1 -10 -2 0 4
 9 -1 2 1 -10 -3 0 3
 9 -1 2 1 -10 -3 0 4
 9 -1 2 1 3 -7 0 3
 9 -1 2 1 3 -7 0 4
 9 -1 2 1 0 -8 0 3
 9 -1 2 1 0 -8 0 4
 9 -1 2 1 2 -8 0 3
 9 -1 2 1 2 -8 0 4
 9 -1 2 1 -8 -8 0 3
 9 -1 2 1 -8 -8 0 4
 9 -1 2 1 -2 -10 15 9
 9 -1 2 1 -3 -10 15 9
 9 -1 2 1 -7 -10 0 3
 9 -1 2 1 -7 -10 0 4
 9 -1 2 1 -8 -10 0 3
 9 -1 2 1 -8 -10 0 4
 9 -1 2 2 -8 0 0 3
 9 -1 2 2 -8 0 0 4
 9 -1 2 2 -8 2 15 9
 9 -1 2 2 -7 3 15 9
 9 -1 2 2 -10 -2 0 3
 9 -1 2 2 -10 -2 0 4
 9 -1 2 2 -10 -3 0 3
 9 -1 2 2 -10 -3 0 4
 9 -1 2 2 3 -7 0 3
 9 -1 2 2 3 -7 0 4
 9 -1 2 2 0 -8 0 3
 9 -1 2 2 0 -8 0 4
 9 -1 2 2 2 -8 0 3
 9 -1 2 2 2 -8 0 4
 9 -1 2 2 -8 -8 0 3
 9 -1 2 2 -8 -8 0 4
 9 -1 2 2 -2 -10 15 9
 9 -1 2 2 -3 -10 15 9
 9 -1 2 2 -7 -10 0 3
 9 -1 2 2 -7 -10 0 4
 9 -1 2 2 -8 -10 0 3
 9 -1 2 2 -8 -10 0 4
 9 -1 2 3 -8 0 0 3
 9 -1 2 3 -8 0 0 4
 9 -1 2 3 -9 1 15 9
 9 -1 2 3 -8 2 15 9
 9 -1 2 3 -6 5 0 3
 9 -1 2 3 -6 5 0 4
 9 -1 2 3 -6 5 0 7
 9 -1 2 3 -10 -1 0 3
 9 -1 2 3 -10 -1 0 4
 9 -1 2 3 -10 -2 0 3
 9 -1 2 3 -10 -2 0 4
 9 -1 2 3 -11 -5 15 14
 9 -1 2 3 -11 -6 0 3
 9 -1 2 3 -11 -6 0 4
 9 -1 2 3 -11 -6 0 7
 9 -1 2 3 0 -8 0 3
 9 -1 2 3 0 -8 0 4
 9 -1 2 3 2 -8 0 3
 9 -1 2 3 2 -8 0 4
 9 -1 2 3 -8 -8 0 3
 9 -1 2 3 -8 -8 0 4
 9 -1 2 3 1 -9 0 3
 9 -1 2 3 1 -9 0 4
 9 -1 2 3 -1 -10 15 9
 9 -1 2 3 -2 -10 15 9
 9 -1 2 3 -8 -10 0 3
 9 -1 2 3 -8 -10 0 4
 9 -1 2 3 -9 -10 0 3
 9 -1 2 3 -9 -10 0 4
 9 -1 2 3 -5 -11 0 3
 9 -1 2 3 -5 -11 0 4
 9 -1 2 3 -5 -11 0 7
 9 -1 2 3 -6 -11 15 14
 9 -1 2 4 -8 0 0 3
 9 -1 2 4 -8 0 0 4
 9 -1 2 4 -9 1 15 9
 9 -1 2 4 -8 2 15 9
 9 -1 2 4 -7 4 15 9
 9 -1 2 4 -6 5 0 3
 9 -1 2 4 -6 5 0 4
 9 -1 2 4 -6 5 0 7
 9 -1 2 4 -10 -1 0 3
 9 -1 2 4 -10 -1 0 4
 9 -1 2 4 -10 -2 0 3
 9 -1 2 4 -10 -2 0 4
 9 -1 2 4 -11 -4 0 3
 9 -1 2 4 -11 -4 0 4
 9 -1 2 4 -11 -5 15 14
 9 -1 2 4 -11 -6 0 3
 9 -1 2 4 -11 -6 0 4
 9 -1 2 4 -11 -6 0 7
 9 -1 2 4 4 -7 0 3
 9 -1 2 4 4 -7 0 4
 9 -1 2 4 0 -8 0 3
 9 -1 2 4 0 -8 0 4
 9 -1 2 4 2 -8 0 3
 9 -1 2 4 2 -8 0 4
 9 -1 2 4 -8 -8 0 3
 9 -1 2 4 -8 -8 0 4
 9 -1 2 4 1 -9 0 3
 9 -1 2 4 1 -9 0 4
 9 -1 2 4 -1 -10 15 9
 9 -1 2 4 -2 -10 15 9
 9 -1 2 4 -8 -10 0 3
 9 -1 2 4 -8 -10 0 4
 9 -1 2 4 -9 -10 0 3
 9 -1 2 4 -9 -10 0 4
 9 -1 2 4 -4 -11 15 9
 9 -1 2 4 -5 -11 0 3
 9 -1 2 4 -5 -11 0 4
 9 -1 2 4 -5 -11 0 7
 9 -1 2 4 -6 -11 15 14
 9 -1 2 4 -7 -11 0 3
 9 -1 2 4 -7 -11 0 4
 9 -1 2 5 -8 0 0 3
 9 -1 2 5 -8 0 0 4
 9 -1 2 5 -9 1 15 9
 9 -1 2 5 -8 3 15 9
 9 -1 2 5 -7 4 15 9
 9 -1 2 5 -10 -1 0 3
 9 -1 2 5 -10 -1 0 4
 9 -1 2 5 -11 -3 0 3
 9 -1 2 5 -11 -3 0 4
 9 -1 2 5 -11 -4 0 3
 9 -1 2 5 -11 -4 0 4
 9 -1 2 5 4 -7 0 3
 9 -1 2 5 4 -7 0 4
 9 -1 2 5 0 -8 0 3
 9 -1 2 5 0 -8 0 4
 9 -1 2 5 3 -8 0 3
 9 -1 2 5 3 -8 0 4
 9 -1 2 5 -8 -8 0 3
 9 -1 2 5 -8 -8 0 4
 9 -1 2 5 1 -9 0 3
 9 -1 2 5 1 -9 0 4
 9 -1 2 5 -1 -10 15 9
 9 -1 2 5 -9 -10 0 3
 9 -1 2 5 -9 -10 0 4
 9 -1 2 5 -3 -11 15 9
 9 -1 2 5 -4 -11 15 9
 9 -1 2 5 -7 -11 0 3
 9 -1 2 5 -7 -11 0 4
 9 -1 2 5 -8 -11 0 3
 9 -1 2 5 -8 -11 0 4
 9 -1 2 6 -9 0 0 3
 9 -1 2 6 -9 0 0 4
 9 -1 2 6 -10 1 15 9
 9 -1 2 6 -9 2 15 9
 9 -1 2 6 -7 5 15 9
 9 -1 2 6 -11 -2 0 3
 9 -1 2 6 -11 -2 0 4
 9 -1 2 6 -12 -5 9 1
 9 -1 2 6 -12 -5 12 4
 9 -1 2 6 -12 -5 13 5
 9 -1 2 6 5 -7 9 1
 9 -1 2 6 5 -7 12 4
 9 -1 2 6 5 -7 13 5
 9 -1 2 6 0 -9 0 3
 9 -1 2 6 0 -9 0 4
 9 -1 2 6 2 -9 0 3
 9 -1 2 6 2 -9 0 4
 9 -1 2 6 -9 -9 0 3
 9 -1 2 6 -9 -9 0 4
 9 -1 2 6 -1 -11 15 9
 9 -1 2 6 -2 -11 15 9
 9 -1 2 6 -9 -11 0 3
 9 -1 2 6 -9 -11 0 4
 9 -1 2 6 -5 -12 15 9
 9 -1 2 6 -7 -12 9 1
 9 -1 2 6 -7 -12 12 4
 9 -1 2 6 -7 -12 13 5
 9 -1 2 7 -9 0 0 3
 9 -1 2 7 -9 0 0 4
 9 -1 2 7 -10 1 15 9
 9 -1 2 7 -9 3 15 9
 9 -1 2 7 -8 4 15 9
 9 -1 2 7 -11 -1 0 3
 9 -1 2 7 -11 -1 0 4
 9 -1 2 7 -12 -3 0 3
 9 -1 2 7 -12 -3 0 4
 9 -1 2 7 -12 -4 0 3
 9 -1 2 7 -12 -4 0 4
 9 -1 2 7 4 -8 0 3
 9 -1 2 7 4 -8 0 4
 9 -1 2 7 0 -9 0 3
 9 -1 2 7 0 -9 0 4
 9 -1 2 7 3 -9 0 3
 9 -1 2 7 3 -9 0 4
 9 -1 2 7 -9 -9 0 3
 9 -1 2 7 -9 -9 0 4
 9 -1 2 7 1 -10 0 3
 9 -1 2 7 1 -10 0 4
 9 -1 2 7 -1 -11 15 9
 9 -1 2 7 -10 -11 0 3
 9 -1 2 7 -10 -11 0 4
 9 -1 2 7 -3 -12 15 9
 9 -1 2 7 -4 -12 15 9
 9 -1 2 7 -8 -12 0 3
 9 -1 2 7 -8 -12 0 4
 9 -1 2 7 -9 -12 0 3
 9 -1 2 7 -9 -12 0 4
 9 -1 2 8 -8 1 15 9
 9 -1 2 8 -6 4 15 9
 9 -1 2 8 -9 -1 0 3
 9 -1 2 8 -9 -1 0 4
 9 -1 2 8 -9 -2 0 3
 9 -1 2 8 -9 -2 0 4
 9 -1 2 8 3 -6 0 3
 9 -1 2 8 3 -6 0 4
 9 -1 2 8 2 -7 0 3
 9 -1 2 8 2 -7 0 4
 9 -1 2 8 0 -8 15 9
 9 -1 2 8 -8 -8 0 3
 9 -1 2 8 -8 -8 0 4
 9 -1 2 8 -3 -9 15 9
 9 -1 2 8 -5 -9 9 1
 9 -1 2 8 -5 -9 12 4
 9 -1 2 8 -5 -9 13 5
 9 -1 2 8 -6 -9 0 3
 9 -1 2 8 -6 -9 0 4
 9 -1 2 9 -8 1 15 9
 9 -1 2 9 -7 2 15 9
 9 -1 2 9 -9 -1 0 3
 9 -1 2 9 -9 -1 0 4
 9 -1 2 9 -10 -4 0 3
 9 -1 2 9 -10 -4 0 4
 9 -1 2 9 -10 -5 9 1
 9 -1 2 9 -10 -5 12 4
 9 -1 2 9 -10 -5 13 5
 9 -1 2 9 4 -6 9 1
 9 -1 2 9 4 -6 12 4
 9 -1 2 9 4 -6 13 5
 9 -1 2 9 3 -7 0 3
 9 -1 2 9 3 -7 0 4
 9 -1 2 9 0 -9 0 3
 9 -1 2 9 0 -9 0 4
 9 -1 2 9 -2 -10 15 9
 9 -1 2 9 -3 -10 15 9
 9 -1 2 9 -7 -10 0 3
 9 -1 2 9 -7 -10 0 4
 9 -1 2 9 -8 -10 0 3
 9 -1 2 9 -8 -10 0 4
 9 -1 2 10 -8 1 15 9
 9 -1 2 10 -6 4 15 9
 9 -1 2 10 -9 -1 0 3
 9 -1 2 10 -9 -1 0 4
 9 -1 2 10 -9 -2 0 3
 9 -1 2 10 -9 -2 0 4
 9 -1 2 10 3 -6 0 3
 9 -1 2 10 3 -6 0 4
 9 -1 2 10 2 -7 0 3
 9 -1 2 10 2 -7 0 4
 9 -1 2 10 0 -8 15 9
 9 -1 2 10 -8 -8 0 3
 9 -1 2 10 -8 -8 0 4
 9 -1 2 10 -3 -9 15 9
 9 -1 2 10 -5 -9 9 1
 9 -1 2 10 -5 -9 12 4
 9 -1 2 10 -5 -9 13 5
 9 -1 2 10 -6 -9 0 3
 9 -1 2 10 -6 -9 0 4
 9 -1 2 11 -8 1 15 9
 9 -1 2 11 -7 2 15 9
 9 -1 2 11 -9 -1 0 3
 9 -1 2 11 -9 -1 0 4
 9 -1 2 11 -10 -4 0 3
 9 -1 2 11 -10 -4 0 4
 9 -1 2 11 -10 -5 9 1
 9 -1 2 11 -10 -5 12 4
 9 -1 2 11 -10 -5 13 5
 9 -1 2 11 4 -6 9 1
 9 -1 2 11 4 -6 12 4
 9 -1 2 11 4 -6 13 5
 9 -1 2 11 3 -7 0 3
 9 -1 2 11 3 -7 0 4
 9 -1 2 11 0 -9 0 3
 9 -1 2 11 0 -9 0 4
 9 -1 2 11 -2 -10 15 9
 9 -1 2 11 -3 -10 15 9
 9 -1 2 11 -7 -10 0 3
 9 -1 2 11 -7 -10 0 4
 9 -1 2 11 -8 -10 0 3
 9 -1 2 11 -8 -10 0 4
 9 -1 2 12 -7 1 15 9
 9 -1 2 12 -5 4 15 9
 9 -1 2 12 -8 -1 0 3
 9 -1 2 12 -8 -1 0 4
 9 -1 2 12 -8 -2 0 3
 9 -1 2 12 -8 -2 0 4
 9 -1 2 12 3 -5 0 3
 9 -1 2 12 3 -5 0 4
 9 -1 2 12 2 -6 0 3
 9 -1 2 12 2 -6 0 4
 9 -1 2 12 0 -7 15 9
 9 -1 2 12 -7 -7 0 3
 9 -1 2 12 -7 -7 0 4
 9 -1 2 12 -3 -8 15 9
 9 -1 2 12 -5 -8 9 1
 9 -1 2 12 -5 -8 12 4
 9 -1 2 12 -5 -8 13 5
 9 -1 2 13 -7 1 15 9
 9 -1 2 13 -6 2 15 9
 9 -1 2 13 -8 -1 0 3
 9 -1 2 13 -8 -1 0 4
 9 -1 2 13 -9 -4 9 1
 9 -1 2 13 -9 -4 12 4
 9 -1 2 13 -9 -4 13 5
 9 -1 2 13 3 -6 9 1
 9 -1 2 13 3 -6 12 4
 9 -1 2 13 3 -6 13 5
 9 -1 2 13 0 -8 0 3
 9 -1 2 13 0 -8 0 4
 9 -1 2 13 -2 -9 15 9
 9 -1 2 13 -3 -9 15 9
 9 -1 2 13 -6 -9 0 3
 9 -1 2 13 -6 -9 0 4
 9 -1 2 13 -7 -9 0 3
 9 -1 2 13 -7 -9 0 4
 9 -1 2 14 -6 1 15 9
 9 -1 2 14 -7 -1 0 3
 9 -1 2 14 -7 -1 0 4
 9 -1 2 14 -7 -2 9 1
 9 -1 2 14 -7 -2 12 4
 9 -1 2 14 -7 -2 13 5
 9 -1 2 14 3 -4 9 1
 9 -1 2 14 3 -4 12 4
 9 -1 2 14 3 -4 13 5
 9 -1 2 14 2 -5 0 3
 9 -1 2 14 2 -5 0 4
 9 -1 2 14 0 -6 15 9
 9 -1 2 14 -6 -6 0 3
 9 -1 2 14 -6 -6 0 4
 9 -1 2 15 -6 1 15 9
 9 -1 2 15 -5 2 15 9
 9 -1 2 15 -7 -1 0 3
 9 -1 2 15 -7 -1 0 4
 9 -1 2 15 0 -7 0 3
 9 -1 2 15 0 -7 0 4
 9 -1 2 15 -2 -8 15 9
 9 -1 2 15 -3 -8 15 9
 9 -1 2 15 -5 -8 9 1
 9 -1 2 15 -5 -8 12 4
 9 -1 2 15 -5 -8 13 5
 9 -1 2 15 -6 -8 0 3
 9 -1 2 15 -6 -8 0 4
 9 -1 2 16 -6 1 15 9
 9 -1 2 16 -7 -1 0 3
 9 -1 2 16 -7 -1 0 4
 9 -1 2 16 -7 -2 9 1
 9 -1 2 16 -7 -2 12 4
 9 -1 2 16 -7 -2 13 5
 9 -1 2 16 3 -4 9 1
 9 -1 2 16 3 -4 12 4
 9 -1 2 16 3 -4 13 5
 9 -1 2 16 2 -5 0 3
 9 -1 2 16 2 -5 0 4
 9 -1 2 16 0 -6 15 9
 9 -1 2 16 -6 -6 0 3
 9 -1 2 16 -6 -6 0 4
 9 -1 2 17 -6 1 15 9
 9 -1 2 17 -5 2 15 9
 9 -1 2 17 -7 -1 0 3
 9 -1 2 17 -7 -1 0 4
 9 -1 2 17 0 -7 0 3
 9 -1 2 17 0 -7 0 4
 9 -1 2 17 -2 -8 15 9
 9 -1 2 17 -3 -8 15 9
 9 -1 2 17 -5 -8 9 1
 9 -1 2 17 -5 -8 12 4
 9 -1 2 17 -5 -8 13 5
 9 -1 2 17 -6 -8 0 3
 9 -1 2 17 -6 -8 0 4
 9 -1 2 18 -5 1 15 9
 9 -1 2 18 -6 -1 0 3
 9 -1 2 18 -6 -1 0 4
 9 -1 2 18 -6 -2 9 1
 9 -1 2 18 -6 -2 12 4
 9 -1 2 18 -6 -2 13 5
 9 -1 2 18 3 -3 9 1
 9 -1 2 18 3 -3 12 4
 9 -1 2 18 3 -3 13 5
 9 -1 2 18 2 -4 0 3
 9 -1 2 18 2 -4 0 4
 9 -1 2 18 0 -5 15 9
 9 -1 2 18 -5 -5 0 3
 9 -1 2 18 -5 -5 0 4
 9 -1 2 19 -5 1 15 9
 9 -1 2 19 -6 -1 0 3
 9 -1 2 19 -6 -1 0 4
 9 -1 2 19 0 -6 0 3
 9 -1 2 19 0 -6 0 4
 9 -1 2 19 -2 -7 15 9
 9 -1 2 19 -4 -7 9 1
 9 -1 2 19 -4 -7 12 4
 9 -1 2 19 -4 -7 13 5
 9 -1 2 19 -5 -7 0 3
 9 -1 2 19 -5 -7 0 4
 9 -1 2 20 -5 1 15 9
 9 -1 2 20 -6 -1 0 3
 9 -1 2 20 -6 -1 0 4
 9 -1 2 20 -6 -2 9 1
 9 -1 2 20 -6 -2 12 4
 9 -1 2 20 -6 -2 13 5
 9 -1 2 20 3 -3 9 1
 9 -1 2 20 3 -3 12 4
 9 -1 2 20 3 -3 13 5
 9 -1 2 20 2 -4 0 3
 9 -1 2 20 2 -4 0 4
 9 -1 2 20 0 -5 15 9
 9 -1 2 20 -5 -5 0 3
 9 -1 2 20 -5 -5 0 4
 9 -1 2 21 -5 1 15 9
 9 -1 2 21 -6 -1 0 3
 9 -1 2 21 -6 -1 0 4
 9 -1 2 21 0 -6 0 3
 9 -1 2 21 0 -6 0 4
 9 -1 2 21 -2 -7 15 9
 9 -1 2 21 -4 -7 9 1
 9 -1 2 21 -4 -7 12 4
 9 -1 2 21 -4 -7 13 5
 9 -1 2 21 -5 -7 0 3
 9 -1 2 21 -5 -7 0 4
