0 0 0 -1.19855 2.47979 0 3.55156 -1.19322 2.57337 -3.664 0 16975.3 221762 16122.2 222497
0 0 1 -0.965043 1.60142 0.000387989 4.11465 -0.978846 1.60145 -4.12797 -0.000419647 29366.2 310081 29110.5 310035
0 0 2 -0.901202 1.30435 1.10003 5.3276 -0.89537 1.30112 -5.3723 -1.10003 19411.8 180998 19296.1 181075
0 0 3 -0.901845 1.20489 2.11251 6.62932 -0.9069 1.20179 -6.5996 -2.15498 12094.5 115088 12318.5 115453
0 0 4 -0.864953 1.1994 3.20073 7.75829 -0.839567 1.19925 -7.86973 -3.20052 7834.8 73713 7721.82 73509
0 0 5 -0.899444 1.13368 4.20113 8.99492 -0.9007 1.13601 -9.08809 -4.18019 4383.07 42719 4278.62 42769
0 0 6 -0.854903 1.10042 5.20115 10.1167 -0.85439 1.09998 -10.3491 -5.19126 2512.52 24149 2414.29 24337
0 0 7 -0.84749 1.09985 6.20075 10.5734 -0.791866 1.09996 -10.9987 -6.20105 1636.74 13937 1545.88 14031
0 0 8 -0.80831 1.09993 7.18423 11.5785 -0.724688 1.09983 -11.0705 -7.20155 1004.5 8423 1185.99 8372
0 0 9 -0.717153 1.09962 8.20469 11.8029 -0.755168 1.10047 -12.1106 -8.26786 861.69 5633 761.351 5429
0 0 10 -0.697227 1.09951 9.26521 11.7997 -0.748789 1.10052 -11.6646 -9.21801 818.205 3726 801.626 3627
0 0 11 -0.722947 1.09919 10.2208 12.5982 -0.694671 1.0995 -12.5995 -10.2249 524.491 2272 519.659 2214
0 0 12 -0.754223 1.09902 11.2884 13.7938 -0.699758 1.0763 -13.8996 -11.3955 253.699 1178 266.445 1185
0 0 13 -0.693321 0.999924 12.4004 14.39 -0.875845 1.09065 -14.3879 -12.3047 143.966 485 130.348 534
0 0 14 -0.748272 0.999896 13.2089 15.2566 -0.844808 0.999963 -16.9448 -13.4003 58.383 209 34.1039 223
0 0 15 -0.88594 0.99556 14.4009 16.4824 -0.878963 0.89997 -16.379 -14.4001 18.8952 74 24.146 85

0 1 0 0.200671 2.28147 -1.34337 1.39818 -2.26676 0.199957 -1.17569 1.10104 210759 1202296 7093.59 39838
0 1 1 0.112825 2.20041 -0.00438965 2.52986 -2.32021 0.398973 -2.40343 0.381849 402988 2131993 3906.83 29589
0 1 2 0.100081 2.14696 1.10056 3.77848 -2.0154 0.099548 -4.0097 -1.04475 255431 1400114 2854.7 17901
0 1 3 0.10383 2.1003 2.16487 5.00616 -1.98898 0.0994172 -4.99324 -2.06994 165383 938148 2291.24 13988
0 1 4 0.137704 2.09926 3.2008 6.14522 -2.00243 0.0990418 -5.71944 -3.10647 107923 623324 1884.51 10348
0 1 5 0.173973 2.09951 4.20011 7.40094 -2.00065 0.0834425 -6.4782 -4.20106 62421 384721 1395.56 6623
0 1 6 0.116306 2.00005 5.18883 8.61231 -2.04326 0.0374067 -7.56159 -5.2001 35811.1 230945 745.704 3664
0 1 7 0.130928 2.00062 6.20327 9.62275 -2.10249 0.09901 -9.02975 -6.12475 21778.6 139238 309.6 1980
0 1 8 0.14958 1.99976 7.20035 10.2227 -2.04027 -2.58065e-05 -9.6104 -7.3002 15505.2 86704 237.622 1120
0 1 9 0.174385 1.99946 8.20181 11.0673 -2.041 0.003745 -10.4463 -8.30078 11377.5 59502 141.553 621
0 1 10 0.20045 1.99373 9.24236 11.6675 -1.93525 0.0550025 -12.2913 -9.30055 9012.16 39193 73.7513 439
0 1 11 0.200021 1.99282 10.3009 12.5596 -1.86312 -0.000149 -15.1262 -10.4001 5868.95 23765 33.8457 298
0 1 12 0.200202 1.98911 11.3005 13.4958 -1.88138 0.06962 -13.4814 -11.4304 3004.49 11799 48.9816 196
0 1 13 0.200014 1.98878 12.2889 14.5219 -1.89987 -0.025245 -14.9954 -12.4209 1236.76 4940 21.1345 102
0 1 14 0.111201 1.8998 13.3798 15.4995 -1.98794 -0.00469 -15.3834 -13.6001 425.459 1613 18.9434 67
0 1 15 0.100231 1.89635 14.3573 16.2994 -1.78961 -0.200026 -16.3981 -14.4086 132.73 463 13.2808 42

0 2 0 1.10136 3.50489 -1.18585 1.10029 -3.73635 -1.10004 -0.999955 0.987768 37309.6 205009 2208.67 11574
0 2 1 1.10014 3.19757 0.000206017 2.27704 -3.4818 -1.05455 -2.14025 -1.32353e-07 74592.1 356215 1400.02 7273
0 2 2 1.10021 3.05339 1.13676 3.40093 -3.25941 -1.00067 -3.39141 -1.09882 67168.7 297043 565.427 2928
0 2 3 1.10011 3.02361 2.20022 4.4509 -3.22761 -1.00085 -4.45523 -2.1006 54847.7 237445 454.302 2382
0 2 4 1.10002 3.02005 3.28527 5.50054 -3.15894 -1.00122 -5.80596 -3.10097 41313.8 175723 333.757 1948
0 2 5 1.05512 2.99987 4.29156 6.50156 -3.07959 -1.00064 -6.89931 -4.18481 26453.6 113695 273.244 1542
0 2 6 1.00097 2.89498 5.29813 7.52983 -3.08738 -1.09994 -8.76593 -5.12893 16515.6 69809 145.539 1052
0 2 7 1.00071 2.88087 6.3003 8.58993 -3.17644 -1.10001 -11.3542 -6.20074 9997.34 43037 55.0423 589
0 2 8 1.00057 2.85154 7.29763 9.52832 -3.21635 -1.00028 -10.2163 -7.40014 6632.47 27385 54.159 338
0 2 9 1.0004 2.82854 8.30046 10.5843 -3.09976 -1.04702 -10.3587 -8.20617 4576.76 19109 43.0008 190
0 2 10 1.00034 2.7701 9.30026 11.5993 -2.96956 -1.10015 -11.3902 -9.40553 3161.85 12865 33.1531 123
0 2 11 1.00033 2.87314 10.3008 12.5686 -2.98243 -1.10009 -12.3912 -10.5001 1872.77 7954 19.945 71
0 2 12 1.00029 2.84157 11.3821 13.4994 -2.89993 -1.11386 -13.2978 -11.4048 1063.25 4145 16.563 56
0 2 13 1.00026 2.83034 12.3009 14.4652 -2.59996 -1.20817 -14.2994 -12.6077 448.14 1775 14.0153 33
0 2 14 1.00054 2.91981 13.3003 15.4198 -2.89881 -1.10581 -15.1931 -13.5 159.297 648 9.22377 28
0 2 15 1.05445 2.89972 14.3003 16.2456 -2.99962 -1.10437 -16.1991 -14.6038 61.2887 220 6.28432 19

0 3 0 2.20012 4.88218 -1.00046 1.08704 -5.09003 -2.10103 -0.963188 0.999698 5523.14 30923 771.254 4525
0 3 1 2.10076 4.57932 -0.00042625 2.16048 -5.04414 -2.10085 -2.05447 0.000745 4957.67 26553 504.87 3054
0 3 2 2.09957 4.33537 1.10017 3.3037 -4.49909 -2.01519 -3.1996 -1.03834 3674.49 18103 161.688 868
0 3 3 2.10045 4.27154 2.19182 4.40059 -4.83195 -2.10019 -5.69985 -2.0696 3153.62 15123 68.4685 679
0 3 4 2.1005 4.18285 3.19846 5.42155 -5.35422 -2.10025 -10.7881 -3.13534 2552.25 11815 23.6528 589
0 3 5 2.10035 4.13682 4.23835 6.40056 -4.1765 -2.10025 -7.1765 -4.20062 1811.37 7976 80.7619 499
0 3 6 2.1002 4.09976 5.20009 7.42105 -5.20521 -2.10032 -8.60521 -5.20048 1005.42 4465 36.2302 383
0 3 7 2.10006 4.1121 6.21284 8.49938 -6.3901 -2.1561 -14.9347 -6.30017 558.403 2569 7.22131 264
0 3 8 2.10014 4.05595 7.16624 9.39975 -4.05916 -2.10021 -10.2678 -7.20907 336.972 1472 27.5369 165
0 3 9 2.10008 4.14333 8.30503 10.3999 -4.17872 -2.10007 -10.0787 -8.50007 201.381 862 26.208 86
0 3 10 2.10002 3.98826 9.31138 11.3998 -3.99993 -2.11436 -13.9972 -9.51175 137.44 542 6.85763 58
0 3 11 2.09009 3.99955 10.2901 12.7991 -4.18664 -2.10007 -12.0999 -10.6134 75.9786 364 17.4091 54
0 3 12 2.06163 3.79979 11.3047 13.4735 -3.89629 -2.50002 -13.099 -11.3065 66.0501 249 11.9865 30
0 3 13 2.10006 4.05991 12.3146 14.4741 -3.8988 -2.30255 -14.099 -12.8028 38.2771 162 7.2494 15

0 4 0 3.20032 5.91896 -1.01869 1.00066 -7.30178 -3.10503 -0.999721 0.999892 1977.27 10855 239.875 2013
0 4 1 3.19976 5.76066 -0.00024375 2.11218 -7.5473 -3.12655 -1.92454 -0.000180595 1341.1 7255 178.321 1517
0 4 2 3.18392 5.49949 1.10005 3.23243 -5.96949 -3.05424 -3.2161 -1.10011 679.874 3357 54.9553 339
0 4 3 3.15878 5.49952 2.10035 4.34116 -5.33713 -3.20016 -4.35301 -2.01651 517.238 2713 50.8708 254
0 4 4 3.15517 5.35998 3.17356 5.34664 -10.4453 -3.10028 -11.5519 -3.20718 484.843 2323 3.60567 221
0 4 5 3.17756 5.29972 4.10228 6.44831 -5.35421 -3.20012 -6.16485 -4.1111 366.566 1825 41.8176 185
0 4 6 3.10096 5.20769 5.18194 7.48819 -4.99983 -3.03391 -7.36609 -5.20034 236.692 1150 32.177 137
0 4 7 3.10027 5.1604 6.1008 8.3416 -5.17401 -3.20007 -8.29991 -6.31299 138.638 640 26.7716 105
0 4 8 3.10027 5.09846 7.22949 9.37587 -4.8797 -3.20021 -9.29733 -7.31783 100.027 429 24.6648 82
0 4 9 3.20011 5.64332 8.23263 12.5754 -4.98366 -3.20008 -9.99997 -8.31633 21.5829 229 21.9788 66
0 4 10 3.03391 5.09966 9.30377 11.1866 -5.09177 -3.30102 -11.193 -9.30222 35.2226 137 10.9278 37
0 4 11 3.10267 5.17842 10.309 12.5847 -6.29524 -3.10224 -15.0932 -10.5002 20.5339 97 1.90925 28

0 5 0 4.20186 6.99845 -1.02332 0.999929 -8.13319 -4.2009 -0.943405 1.00029 787.705 4457 141.041 1078
0 5 1 4.20003 6.7822 0.000140273 2.09362 -7.18269 -4.20055 -1.97067 -0.000137187 570.876 3086 149.41 878
0 5 2 4.04284 7.29084 1.0504 3.1992 -11.6921 -4.14463 -5.04803 -1.10013 144.427 1008 7.04775 210
0 5 3 4.10207 6.39482 2.10041 4.26494 -6.37055 -4.30007 -4.1768 -2.20655 167.046 829 29.1713 119
0 5 4 4.20022 7.52427 3.10089 7.12428 -6.39592 -4.21741 -5.07871 -3.20007 53.0883 710 21.0134 86
0 5 5 4.20081 6.44036 4.20032 6.34036 -9.88117 -4.10142 -8.88117 -4.10142 134.579 645 2.93205 81
0 5 6 4.00315 6.29815 5.2042 7.3996 -5.89158 -4.30002 -6.99996 -5.30841 83.3591 420 25.2582 68
0 5 7 4.10603 7.83903 6.34824 13.0812 -5.89775 -4.111 -8.08702 -6.20026 10.6627 268 15.7216 53
0 5 8 4.20015 6.25669 7.30007 10.3567 -6.19796 -4.10996 -9.2994 -7.4114 27.8394 175 12.1761 48
0 5 9 4.12599 6.09987 8.30009 10.274 -6.29819 -4.30769 -11.6906 -8.50005 26.9487 105 5.98351 38

0 6 0 5.11591 8.08566 -0.999751 1.01781 -9.56239 -5.30046 -1.08054 0.999973 353.992 2121 62.7044 556
0 6 1 5.22984 7.70028 0.000162187 2.00366 -10.881 -5.3006 -1.89048 -0.000300625 314.576 1557 45.6017 481
0 6 2 5.10529 7.49954 1.05235 3.09974 -7.29984 -5.23168 -3.06832 -1.10011 86.292 423 31.4452 128
0 6 3 5.11377 7.54128 2.20024 4.22823 -7.19995 -5.31386 -4.08614 -2.20007 58.908 290 15.7423 56
0 6 4 5.13648 7.47248 3.16336 5.19987 -7.28862 -5.20004 -4.89998 -3.11139 53.8121 256 12.3139 46
0 6 5 5.21919 7.26869 4.14999 6.19975 -7.79186 -5.10286 -6.39186 -4.20286 48.0842 202 7.47508 44
0 6 6 5.23712 7.19981 5.20019 7.26288 -7.29601 -5.20326 -7.19601 -5.30326 37.0516 150 7.32129 29
0 6 7 5.20017 7.26708 6.23292 8.49967 -7.09601 -5.00326 -8.39398 -6.40123 28.3874 133 6.95389 29
0 6 8 5.30008 7.17673 7.12326 9.49988 -7.0953 -5.50002 -9.09998 -7.3047 21.0758 94 6.63419 19

0 7 0 6.23964 9.27539 -0.999896 0.918082 -8.81437 -6.30043 -0.899712 1.05718 181.537 1057 70.3323 346
0 7 1 6.10115 8.97255 0.00022975 2.05451 -11.6109 -6.30045 -2.0109 -0.0003 155.798 919 33.7167 360
0 7 2 6.3001 8.48276 1.11986 3.1676 -9.37748 -6.30011 -2.97748 -1.20011 46.7611 209 16.6374 91
0 7 3 6.11323 8.48623 2.00513 4.17813 -8.99701 -6.50851 -3.899 -2.50284 20.9443 108 13.2398 46
0 7 4 6.20011 8.27773 3.30338 5.28088 -9.59311 -6.60161 -6.0955 -3.104 21.9059 90 3.79928 34
0 7 5 6.30582 8.18157 4.30582 6.28157 -8.19431 -6.10006 -5.79997 -4.20569 26.1737 97 6.88867 23
0 7 6 6.2042 8.5832 5.21039 7.19995 -7.89756 -6.20381 -6.89756 -5.40381 17.7472 84 9.88127 25

0 8 0 7.40023 9.96288 -0.993075 0.994092 -11.5451 -7.30028 -0.95671 0.98779 108.789 554 26.8961 222
0 8 1 7.3221 9.7921 0.000433333 1.9713 -11.4448 -7.40014 -2.25874 -0.014495 106.819 520 24.5669 223
0 8 2 7.40013 9.57426 1.10009 3.27426 -11.2922 -7.3104 -3.08193 -1.10009 22.0016 104 9.25081 73

0 9 0 8.40041 11.0191 -1.09959 0.919068 -10.3999 -8.33341 -0.966587 0.899831 61.8594 327 35.0017 135
0 9 1 8.42307 10.6935 0.0001775 2.01214 -11.4649 -8.30018 -2.06486 -0.100089 77.7147 355 22.8375 142
0 9 2 8.60008 10.5757 1.10416 3.09191 -10.6913 -8.40408 -3.08738 -1.10004 24.9546 98 11.2198 51

0 10 0 9.50017 11.7495 -0.799898 0.94951 -11.7945 -9.41572 -1.07896 0.899894 51.8423 204 18.0574 85
0 10 1 9.40534 11.5568 0.000161667 1.95199 -11.6728 -9.50014 -2.07277 -0.100138 46.1977 194 25.666 110


1 0 0 0.0501654 1.60884 0.00394007 1.10099 0.00316578 1.61604 -1.10061 -0.00771721 243632 416597 236124 416215
1 0 1 -0.524451 1.49914 0.199713 1.8684 -0.51979 1.49886 -1.8536 -0.199628 85691.7 289358 87039.6 290607
1 0 2 -0.97809 1.19955 1.19925 3.25489 -0.999884 1.17218 -3.179 -1.10081 886.867 3970 864.205 3901
1 0 3 -0.9996 1.1406 2.1004 4.2812 -0.939239 1.19959 -4.18924 -2.10041 102.842 480 109.901 491
1 0 4 -0.776488 0.899881 3.20012 5.37649 -0.799924 1.17748 -5.37748 -3.30023 26.0388 95 22.1543 91

1 1 0 0.598435 1.85373 -1.07819 1.09943 -3.13834 -0.100498 -1.29659 1.58374 655267 1791213 888.116 7771
1 1 1 0.483175 1.9001 0.198211 1.65914 -2.3224 0.199687 -2.27984 0.0995364 734344 1520105 1611.9 9673
1 1 2 0.00128038 2.25652 1.10067 3.17964 -2.1636 0.0995288 -3.19048 -1.10068 1420.04 6658 1035.63 4898
1 1 3 0.100242 2.30843 2.10097 4.40843 -2.08663 -0.00012525 -4.19936 -2.18407 151.904 774 242.335 1019
1 1 4 0.100205 2.25941 3.10533 5.56433 -1.89986 -0.0204188 -5.19773 -3.11836 30.8881 164 42.2204 165

1 2 0 1.20003 3.3709 -1.16646 1.10107 -4.25393 -1.0015 -1.09958 1.09185 5098.41 25097 928.662 6619
1 2 1 1.20004 3.35195 0.000633444 2.006 -3.69002 -0.917273 -2.21462 0.099249 7502.95 32378 1076.88 6909
1 2 2 1.20014 3.548 1.0374 3.3011 -3.24747 -1.00041 -3.2383 -1.07042 383.831 2040 680.305 3314
1 2 3 1.13083 3.36858 2.15354 4.19946 -3.17481 -1.00029 -4.08702 -2.10076 141.757 649 211.384 913
1 2 4 1.20011 3.38416 3.20011 4.98416 -3.19228 -1.00536 -7.19333 -3.13258 32.8503 128 17.6791 157

1 3 0 2.22665 6.49365 -1.06142 1.19425 -4.50398 -2.02611 -1.09962 1.07279 221.508 2132 775.97 4177
1 3 1 2.20118 6.69237 -0.0986275 2.27118 -4.76526 -2.00096 -2.13059 0.099096 309.491 3294 762.713 4701
1 3 2 2.2018 5.0436 1.0528 3.19977 -4.29969 -2.11455 -3.2873 -1.10012 236.017 1440 473.081 2261
1 3 3 2.2258 4.59996 2.10051 4.34977 -4.21735 -2.01235 -4.2347 -2.1247 113.668 607 163.351 760
1 3 4 2.30017 4.96535 3.20007 6.56535 -3.96832 -2.10006 -5.27504 -3.10704 15.6092 140 31.602 128

1 4 0 3.22202 7.48152 -1.0768 1.09984 -6.09899 -3.04524 -1.09969 1.08413 190.047 1762 387.624 2585
1 4 1 3.20303 6.59957 -0.0989892 2.19996 -6.82929 -3.10097 -2.19933 0.0659406 310.688 2426 368.711 3114
1 4 2 3.2327 5.73545 1.09809 3.20084 -6.31959 -3.10077 -3.19953 -1.0935 225.931 1189 226.732 1537
1 4 3 3.24703 5.52327 2.10041 4.17749 -5.26585 -3.10068 -4.07399 -2.10948 104.697 495 127.425 542
1 4 4 3.22356 5.59256 3.13069 5.09984 -5.27327 -3.00013 -5.18677 -3.21377 26.5813 124 24.0808 108

1 5 0 4.30081 8.03962 -1.09743 0.99992 -6.70375 -4.2005 -1.13593 1.01395 165.272 1296 297.491 1601
1 5 1 4.20226 8.35252 -0.0793371 2.15609 -6.78322 -4.10131 -2.09986 0.05998 194.878 1808 360.465 2088
1 5 2 4.33078 6.79403 1.00079 3.13281 -6.93295 -4.20067 -3.21647 -1.00067 180.323 947 178.224 1079
1 5 3 4.31448 11.118 2.05694 6.86044 -8.60372 -4.10049 -4.5504 -2.14765 11.8113 386 35.9514 389
1 5 4 4.40007 6.27327 3.20007 5.17327 -6.1844 -4.0044 -5.9802 -3.20007 29.2191 108 13.1998 80

1 6 0 5.30641 9.39266 -0.998979 1.09644 -7.78982 -5.11582 -1.00056 1.09096 99.8552 855 161.639 904
1 6 1 5.30106 7.88518 -0.09894 2.14259 -8.56464 -5.10169 -2.19919 0.03225 219.599 1272 175.351 1355
1 6 2 5.40029 7.82923 1.10001 3.16377 -7.59941 -5.23823 -3.19941 -1.08823 137.649 690 143.034 713
1 6 3 5.30033 7.53367 2.10033 4.13367 -7.25824 -5.01624 -3.99981 -2.12871 59.0163 268 55.304 232
1 6 4 5.32114 7.59889 3.10011 5.07797 -7.49944 -5.21819 -5.19994 -3.21856 19.7555 89 16.5929 75

1 7 0 6.40037 9.15323 -1.02662 0.999629 -8.49979 -6.3714 -1.0524 1.09952 106.311 593 125.979 577
1 7 1 6.30109 10.4847 -0.01735 2.16515 -9.79575 -6.11075 -2.09858 0.0964167 95.2831 870 106.323 860
1 7 2 6.40059 9.18343 1.10029 3.14171 -8.39994 -6.21255 -3.03788 -1.00042 82.9088 471 112.639 502
1 7 3 6.44381 8.59978 2.11593 4.27168 -9.05421 -6.30023 -4.05421 -2.20015 38.0831 177 36.2316 185
1 7 4 6.21584 10.6998 3.20005 6.38416 -8.19886 -6.21511 -5.09992 -3.21609 4.48257 64 17.3934 65

1 8 0 7.29083 9.69969 -1.00917 0.999771 -11.1323 -7.20356 -1.13231 1.09644 75.8381 367 32.5484 285
1 8 1 7.46279 10.6975 0.000114643 2.16778 -9.96115 -7.20047 -2.08691 -0.000245 94.2691 661 97.3853 561
1 8 2 7.43382 9.68932 1.10018 3.11189 -10.9119 -7.3003 -3.23236 -1.02136 78.4587 356 44.5823 356
1 8 3 7.40297 9.38734 2.13094 3.99969 -9.09554 -7.30034 -3.88965 -2.1184 33.7082 125 36.1662 115

1 9 0 8.40025 10.7245 -0.999809 1.02451 -11.55 -8.30025 -0.999899 0.987501 64.824 305 31.2763 202
1 9 1 8.50018 10.9938 0.0294937 2.07587 -11.4121 -8.20089 -2.05607 -0.000221875 84.0693 429 53.7729 355
1 9 2 8.50033 11.0339 1.06608 3.09967 -10.7827 -8.43349 -3.09983 -1.05024 51.822 267 42.1599 203
1 9 3 8.60009 10.5814 2.20563 4.08687 -10.2926 -8.50006 -4.19572 -2.01822 20.1213 75 23.0579 90

1 10 0 9.43217 11.9909 -0.999794 1.05916 -11.6866 -9.60009 -0.87327 0.999865 31.3191 165 27.6329 108
1 10 1 9.47054 11.6998 0.100143 2.12946 -11.5451 -9.40011 -1.99989 -0.054945 63 285 53.2145 222
1 10 2 9.40014 11.6587 1.04133 3.09979 -11.7662 -9.41068 -3.18309 -1.10534 35.921 167 36.37 178
1 10 3 9.41346 11.4962 2.20009 3.88292 -11.3 -9.31312 -4.18688 -2.30004 19.6866 69 14.1377 53


