# light q: type = 1, gluon:type = 2, QCD mixture: type = 3
0.250 1 1.0000  0.60  5.00
0.990 1 1.0000  0.60  5.00
1.740 1 1.0000  0.60  5.00
2.240 1 1.0000  0.60  5.00
2.910 1 1.0000  0.60  5.50
3.840 1 0.9975  0.60  6.00
0.250 2 1.0015  2.50  3.00
0.990 2 1.0015  2.50  3.00
1.740 2 1.0015  2.50  3.00
2.240 2 1.0015  2.50  3.10
2.910 2 1.0015  2.50  3.50
3.840 2 1.0015  2.50  4.00
0.250 3 1.0025  1.88  5.00
0.990 3 1.0025  1.88  5.00
1.740 3 1.0025  1.85  5.00
2.240 3 1.0025  1.80  5.10
2.910 3 1.0025  1.65  5.50
3.840 3 1.0025  1.35  6.50
