# light q: type = 1, gluon:type = 2, QCD mixture: type = 3
0.250 1 1.0020  0.00  1.00
0.990 1 1.0020  0.00  1.00
1.740 1 1.0020  0.00  1.00
2.240 1 1.0020  0.00  1.00
2.910 1 1.0020  0.00  1.00
3.840 1 1.0010  0.00  1.00
0.250 2 1.0010  0.70  5.00
0.990 2 1.0010  0.65  5.00
1.740 2 1.0010  0.64  5.00
2.240 2 1.0010  0.65  5.00
2.910 2 1.0010  0.70  5.00
3.840 2 1.0010  0.80  5.00
0.250 3 1.0035  0.40  8.00
0.990 3 1.0035  0.35  8.50
1.740 3 1.0035  0.30  9.25
2.240 3 1.0035  0.26 10.00
2.910 3 1.0035  0.26 10.00
3.840 3 1.0035  0.26 10.00
