Eta-indices
0     1     2     3     4     5     6     7     8     9     10    11    12    13    14    15    16    17    18    19    20    21    22    23    24    25    26    27    28    29    30    31
Eta-divisions
0.000 0.087 0.174 0.261 0.348 0.435 0.522 0.609 0.695 0.783 0.870 0.957 1.044 1.131 1.218 1.305 1.392 1.566 1.653 1.740 1.830 1.930 2.043 2.172 2.322 2.500 2.650 3.000 3.500 4.000 4.500 5.000
eActivityCut - anything above eActivityCut (before linearization) is interpreted as active ecal trigger tower
2
hActivityCut - anything above hActivityCut (before linearization) is interpreted as active hcal trigger tower
2
hOeCut - if ecal trigger tower is > E-Activity-cut then hcal/ecal is required to be below hOeCut
0.05
eGammaLSB - all RCT eGamma stream calculations are done with this LSB
0.5
jetMETLSB - all RCT jetMET stream calculations are done with this LSB
0.5
Look-up-tables
0.000 0.000 0.000 0.000 0.000 0.000 0.000 0.000 0.000 0.000 0.000 0.000 0.000 0.000 0.000 0.000 0.000 0.000 0.000 0.000 0.000 0.000 0.000 0.000 0.000 0.000 0.000 0.000 00.00 00.00 00.00 00.00 
0.707 0.702 0.692 0.676 0.657 0.634 0.608 0.580 0.550 0.520 0.489 0.459 0.429 0.399 0.371 0.344 0.319 0.295 0.272 0.251 0.231 0.211 0.191 0.170 0.148 0.126 0.107 0.084 00.51 00.31 00.19 00.09 
0.884 0.878 0.864 0.845 0.821 0.793 0.760 0.725 0.688 0.650 0.612 0.573 0.536 0.499 0.464 0.431 0.399 0.369 0.340 0.314 0.289 0.264 0.238 0.212 0.185 0.158 0.134 0.105 00.64 00.39 00.23 00.12 
1.061 1.053 1.037 1.015 0.986 0.951 0.912 0.870 0.826 0.780 0.734 0.688 0.643 0.599 0.557 0.517 0.478 0.442 0.408 0.377 0.347 0.317 0.286 0.254 0.222 0.189 0.161 0.126 00.77 00.47 00.28 00.14 
1.238 1.229 1.210 1.184 1.150 1.110 1.064 1.015 0.963 0.910 0.856 0.803 0.750 0.699 0.650 0.603 0.558 0.516 0.477 0.440 0.404 0.370 0.334 0.297 0.259 0.221 0.188 0.146 00.90 00.55 00.32 00.17 
1.415 1.404 1.383 1.353 1.314 1.268 1.216 1.160 1.101 1.040 0.979 0.917 0.857 0.799 0.743 0.689 0.638 0.590 0.545 0.502 0.462 0.422 0.381 0.339 0.296 0.252 0.214 0.167 01.02 00.63 00.37 00.19 
1.591 1.580 1.556 1.522 1.478 1.427 1.368 1.305 1.239 1.170 1.101 1.032 0.964 0.899 0.835 0.775 0.718 0.663 0.613 0.565 0.520 0.475 0.429 0.382 0.333 0.284 0.241 0.188 01.15 00.70 00.42 00.21 
1.768 1.755 1.729 1.691 1.643 1.585 1.520 1.450 1.376 1.300 1.223 1.147 1.071 0.998 0.928 0.861 0.797 0.737 0.681 0.628 0.578 0.528 0.477 0.424 0.370 0.315 0.268 0.209 01.28 00.78 00.46 00.24 
1.945 1.931 1.902 1.860 1.807 1.744 1.672 1.595 1.514 1.430 1.345 1.261 1.179 1.098 1.021 0.947 0.877 0.811 0.749 0.691 0.636 0.581 0.524 0.466 0.407 0.347 0.295 0.230 01.41 00.86 00.51 00.26 
2.122 2.106 2.075 2.029 1.971 1.902 1.824 1.740 1.651 1.560 1.468 1.376 1.286 1.198 1.114 1.033 0.957 0.885 0.817 0.753 0.693 0.633 0.572 0.509 0.444 0.378 0.322 0.251 01.54 00.94 00.56 00.28 
2.299 2.282 2.248 2.198 2.135 2.061 1.976 1.885 1.789 1.690 1.590 1.491 1.393 1.298 1.207 1.119 1.037 0.958 0.885 0.816 0.751 0.686 0.620 0.551 0.481 0.410 0.348 0.272 01.66 01.02 00.60 00.31 
2.564 2.545 2.507 2.452 2.382 2.298 2.205 2.103 1.996 1.885 1.774 1.663 1.554 1.448 1.346 1.249 1.156 1.069 0.987 0.910 0.838 0.765 0.691 0.615 0.537 0.457 0.389 0.303 01.86 01.13 00.67 00.34 
2.918 2.896 2.853 2.790 2.710 2.615 2.509 2.393 2.271 2.145 2.018 1.892 1.768 1.647 1.531 1.421 1.316 1.216 1.123 1.036 0.953 0.871 0.786 0.700 0.611 0.520 0.442 0.345 02.11 01.29 00.76 00.39 
3.183 3.159 3.112 3.044 2.957 2.853 2.737 2.610 2.477 2.340 2.202 2.064 1.929 1.797 1.671 1.550 1.435 1.327 1.225 1.130 1.040 0.950 0.858 0.763 0.666 0.567 0.482 0.377 02.30 01.41 00.83 00.42 
3.360 3.335 3.285 3.213 3.121 3.012 2.889 2.755 2.615 2.470 2.324 2.179 2.036 1.897 1.764 1.636 1.515 1.401 1.293 1.193 1.098 1.003 0.906 0.806 0.703 0.599 0.509 0.398 02.43 01.49 00.88 00.45 
3.625 3.598 3.544 3.467 3.367 3.249 3.117 2.973 2.821 2.665 2.507 2.351 2.196 2.047 1.903 1.765 1.635 1.511 1.395 1.287 1.184 1.082 0.977 0.869 0.759 0.646 0.549 0.429 02.62 01.60 00.95 00.48 
3.979 3.949 3.890 3.805 3.696 3.566 3.421 3.263 3.097 2.925 2.752 2.580 2.411 2.247 2.088 1.937 1.794 1.659 1.532 1.413 1.300 1.188 1.072 0.954 0.833 0.709 0.603 0.471 02.88 01.76 01.04 00.53 
4.332 4.300 4.236 4.143 4.024 3.883 3.725 3.553 3.372 3.185 2.997 2.809 2.625 2.446 2.274 2.110 1.953 1.806 1.668 1.538 1.415 1.293 1.168 1.039 0.907 0.772 0.657 0.513 03.14 01.92 01.14 00.58 
4.686 4.651 4.582 4.481 4.353 4.200 4.029 3.843 3.647 3.445 3.241 3.039 2.839 2.646 2.460 2.282 2.113 1.954 1.804 1.664 1.531 1.399 1.263 1.124 0.981 0.835 0.710 0.554 03.39 02.07 01.23 00.62 
4.951 4.914 4.841 4.735 4.599 4.438 4.257 4.061 3.853 3.640 3.425 3.211 3.000 2.796 2.599 2.411 2.233 2.064 1.906 1.758 1.618 1.478 1.335 1.187 1.036 0.882 0.750 0.586 03.58 02.19 01.30 00.66 
5.305 5.265 5.187 5.073 4.928 4.755 4.561 4.351 4.129 3.900 3.669 3.440 3.214 2.995 2.785 2.583 2.392 2.212 2.042 1.884 1.733 1.584 1.430 1.272 1.110 0.945 0.804 0.628 03.84 02.35 01.39 00.71 
5.835 5.792 5.706 5.580 5.420 5.231 5.017 4.786 4.542 4.290 4.036 3.784 3.536 3.295 3.063 2.841 2.631 2.433 2.246 2.072 1.907 1.742 1.573 1.399 1.221 1.040 0.884 0.690 04.22 02.58 01.53 00.78 
6.278 6.230 6.138 6.003 5.831 5.627 5.397 5.148 4.886 4.615 4.342 4.070 3.804 3.544 3.295 3.057 2.831 2.617 2.417 2.229 2.051 1.874 1.692 1.505 1.314 1.119 0.952 0.743 04.54 02.78 01.65 00.84 
6.543 6.494 6.397 6.257 6.077 5.865 5.625 5.366 5.092 4.810 4.526 4.242 3.964 3.694 3.434 3.186 2.950 2.728 2.519 2.323 2.138 1.953 1.764 1.569 1.369 1.166 0.992 0.774 04.73 02.90 01.71 00.87 
6.896 6.845 6.743 6.595 6.406 6.182 5.929 5.656 5.367 5.070 4.770 4.472 4.179 3.894 3.620 3.358 3.110 2.875 2.655 2.449 2.253 2.059 1.859 1.654 1.443 1.229 1.045 0.816 04.99 03.05 01.81 00.92 
7.427 7.371 7.262 7.102 6.899 6.657 6.385 6.091 5.780 5.460 5.137 4.816 4.500 4.193 3.898 3.616 3.349 3.096 2.859 2.637 2.426 2.217 2.002 1.781 1.554 1.323 1.126 0.879 05.37 03.29 01.95 00.99 
7.781 7.722 7.607 7.440 7.227 6.974 6.690 6.381 6.055 5.720 5.382 5.045 4.714 4.393 4.084 3.789 3.508 3.244 2.995 2.763 2.542 2.323 2.097 1.866 1.628 1.386 1.179 0.921 05.63 03.44 02.04 01.04 
8.223 8.161 8.040 7.863 7.638 7.370 7.070 6.743 6.399 6.045 5.688 5.332 4.982 4.643 4.316 4.004 3.708 3.428 3.165 2.920 2.686 2.455 2.216 1.972 1.721 1.465 1.246 0.973 05.95 03.64 02.16 01.10 
8.753 8.687 8.558 8.370 8.130 7.846 7.526 7.178 6.812 6.435 6.055 5.676 5.304 4.942 4.594 4.262 3.947 3.649 3.370 3.108 2.860 2.613 2.359 2.099 1.832 1.560 1.327 1.036 06.33 03.87 02.29 01.17 
9.195 9.126 8.991 8.793 8.541 8.242 7.906 7.541 7.156 6.760 6.360 5.962 5.572 5.192 4.827 4.477 4.146 3.834 3.540 3.265 3.004 2.745 2.478 2.205 1.925 1.638 1.394 1.088 06.65 04.07 02.41 01.23 
9.814 9.740 9.596 9.385 9.116 8.797 8.438 8.048 7.638 7.216 6.789 6.364 5.947 5.541 5.151 4.779 4.425 4.092 3.778 3.485 3.206 2.930 2.645 2.353 2.054 1.749 1.488 1.161 07.10 04.34 02.57 01.31 
10.256 10.179 10.028 9.808 9.527 9.193 8.818 8.411 7.982 7.541 7.094 6.650 6.214 5.791 5.383 4.994 4.625 4.276 3.948 3.642 3.351 3.062 2.764 2.459 2.147 1.828 1.555 1.213 07.42 04.54 02.69 01.37 
10.787 10.706 10.547 10.315 10.019 9.669 9.274 8.846 8.395 7.931 7.461 6.994 6.536 6.091 5.662 5.252 4.864 4.497 4.152 3.830 3.524 3.220 2.907 2.586 2.258 1.922 1.635 1.276 07.81 04.77 02.83 01.44 
11.317 11.232 11.065 10.822 10.512 10.144 9.730 9.281 8.808 8.321 7.828 7.338 6.857 6.390 5.940 5.511 5.103 4.718 4.357 4.018 3.698 3.378 3.050 2.714 2.369 2.017 1.715 1.339 08.19 05.01 02.97 01.51 
11.494 11.408 11.238 10.991 10.676 10.303 9.882 9.426 8.946 8.451 7.951 7.453 6.964 6.490 6.033 5.597 5.183 4.792 4.425 4.081 3.755 3.431 3.098 2.756 2.406 2.048 1.742 1.360 08.32 05.09 03.01 01.53 
11.848 11.759 11.584 11.330 11.005 10.620 10.186 9.716 9.221 8.711 8.195 7.682 7.179 6.690 6.219 5.769 5.342 4.939 4.561 4.207 3.871 3.537 3.193 2.841 2.480 2.111 1.796 1.402 08.57 05.24 03.11 01.58 
12.378 12.285 12.103 11.837 11.498 11.095 10.642 10.151 9.634 9.101 8.562 8.026 7.500 6.989 6.497 6.027 5.581 5.161 4.765 4.395 4.044 3.695 3.336 2.968 2.591 2.206 1.876 1.465 08.96 05.48 03.24 01.65 
12.820 12.724 12.535 12.260 11.908 11.492 11.023 10.514 9.978 9.426 8.868 8.313 7.768 7.239 6.729 6.243 5.781 5.345 4.935 4.552 4.189 3.827 3.456 3.074 2.683 2.284 1.943 1.517 09.28 05.67 03.36 01.71 
13.439 13.338 13.140 12.852 12.483 12.046 11.555 11.021 10.459 9.881 9.296 8.714 8.143 7.588 7.054 6.544 6.060 5.603 5.174 4.772 4.391 4.012 3.622 3.222 2.813 2.395 2.037 1.590 09.73 05.95 03.52 01.79 
13.970 13.865 13.659 13.359 12.976 12.522 12.011 11.456 10.872 10.271 9.663 9.058 8.465 7.888 7.333 6.802 6.299 5.824 5.378 4.960 4.564 4.170 3.765 3.350 2.924 2.489 2.117 1.653 10.11 06.18 03.66 01.86 
14.412 14.304 14.091 13.782 13.386 12.918 12.391 11.819 11.216 10.596 9.969 9.345 8.732 8.137 7.565 7.018 6.498 6.008 5.548 5.117 4.709 4.302 3.885 3.456 3.016 2.568 2.184 1.705 10.43 06.38 03.78 01.92 
14.942 14.830 14.610 14.289 13.879 13.394 12.847 12.254 11.629 10.986 10.336 9.689 9.054 8.437 7.843 7.276 6.738 6.229 5.752 5.305 4.882 4.461 4.028 3.583 3.127 2.663 2.265 1.768 10.81 06.61 03.92 01.99 
15.384 15.269 15.042 14.712 14.290 13.790 13.227 12.617 11.973 11.311 10.641 9.976 9.322 8.687 8.075 7.491 6.937 6.414 5.922 5.462 5.026 4.593 4.147 3.689 3.220 2.741 2.332 1.820 11.13 06.81 04.03 02.05 
15.915 15.795 15.560 15.219 14.783 14.265 13.683 13.052 12.386 11.701 11.008 10.320 9.643 8.986 8.354 7.749 7.176 6.635 6.127 5.651 5.200 4.751 4.290 3.816 3.331 2.836 2.412 1.883 11.52 07.04 04.17 02.12 
16.357 16.234 15.993 15.642 15.193 14.662 14.063 13.414 12.730 12.026 11.314 10.606 9.911 9.236 8.586 7.965 7.375 6.819 6.297 5.808 5.344 4.883 4.409 3.922 3.423 2.915 2.479 1.935 11.84 07.24 04.29 02.18 
16.976 16.848 16.598 16.234 15.768 15.217 14.595 13.922 13.212 12.481 11.742 11.008 10.286 9.585 8.910 8.266 7.654 7.077 6.535 6.028 5.546 5.068 4.576 4.070 3.553 3.025 2.573 2.008 12.28 07.51 04.45 02.26 
17.506 17.375 17.117 16.741 16.261 15.692 15.052 14.357 13.625 12.871 12.109 11.352 10.607 9.885 9.189 8.524 7.894 7.298 6.739 6.216 5.720 5.226 4.719 4.198 3.664 3.119 2.653 2.071 12.67 07.75 04.59 02.33 
17.949 17.814 17.549 17.164 16.671 16.088 15.432 14.719 13.969 13.196 12.415 11.638 10.875 10.134 9.421 8.740 8.093 7.483 6.909 6.373 5.864 5.358 4.838 4.304 3.756 3.198 2.721 2.124 12.99 07.94 04.70 02.39 
18.479 18.340 18.067 17.671 17.164 16.564 15.888 15.154 14.382 13.586 12.782 11.982 11.197 10.434 9.699 8.998 8.332 7.704 7.114 6.561 6.037 5.516 4.981 4.431 3.868 3.293 2.801 2.186 13.37 08.18 04.84 02.46 
18.921 18.779 18.500 18.094 17.575 16.960 16.268 15.517 14.726 13.911 13.088 12.269 11.465 10.683 9.931 9.213 8.532 7.888 7.284 6.718 6.182 5.648 5.100 4.537 3.960 3.371 2.868 2.239 13.69 08.37 04.96 02.52 
19.452 19.305 19.018 18.601 18.068 17.436 16.724 15.952 15.139 14.301 13.455 12.613 11.786 10.983 10.210 9.472 8.771 8.109 7.488 6.907 6.355 5.807 5.243 4.664 4.071 3.466 2.948 2.301 14.08 08.61 05.10 02.59 
19.894 19.744 19.451 19.024 18.478 17.832 17.104 16.315 15.483 14.626 13.761 12.899 12.054 11.233 10.442 9.687 8.970 8.294 7.658 7.063 6.500 5.939 5.362 4.770 4.164 3.545 3.015 2.354 14.40 08.80 05.21 02.65 
20.513 20.358 20.056 19.616 19.053 18.387 17.636 16.822 15.964 15.081 14.189 13.301 12.429 11.582 10.767 9.988 9.249 8.552 7.896 7.283 6.702 6.123 5.529 4.918 4.293 3.655 3.109 2.427 14.84 09.08 05.38 02.74 
21.043 20.885 20.574 20.123 19.546 18.862 18.092 17.257 16.377 15.471 14.556 13.645 12.750 11.882 11.045 10.246 9.488 8.773 8.101 7.472 6.875 6.282 5.672 5.046 4.404 3.750 3.190 2.490 15.23 09.31 05.51 02.81 
21.485 21.324 21.007 20.546 19.956 19.258 18.472 17.620 16.721 15.796 14.861 13.931 13.018 12.131 11.277 10.462 9.688 8.957 8.271 7.629 7.019 6.414 5.791 5.152 4.497 3.828 3.257 2.542 15.55 09.51 05.63 02.86 
22.016 21.850 21.525 21.053 20.449 19.734 18.928 18.055 17.134 16.186 15.228 14.275 13.340 12.431 11.556 10.720 9.927 9.178 8.475 7.817 7.193 6.572 5.934 5.279 4.608 3.923 3.337 2.605 15.93 09.74 05.77 02.94 
22.458 22.289 21.958 21.476 20.860 20.130 19.309 18.417 17.478 16.511 15.534 14.562 13.608 12.680 11.788 10.935 10.126 9.363 8.645 7.974 7.337 6.704 6.053 5.385 4.700 4.002 3.404 2.657 16.25 09.94 05.89 02.99 
22.988 22.815 22.476 21.983 21.353 20.606 19.765 18.852 17.891 16.901 15.901 14.906 13.929 12.980 12.066 11.194 10.365 9.584 8.849 8.162 7.511 6.862 6.196 5.512 4.811 4.096 3.484 2.720 16.64 10.17 06.02 03.07 
23.607 23.430 23.081 22.575 21.927 21.160 20.297 19.360 18.373 17.356 16.329 15.307 14.304 13.329 12.391 11.495 10.645 9.842 9.088 8.382 7.713 7.047 6.363 5.660 4.941 4.206 3.578 2.793 17.08 10.45 06.19 03.15 
24.226 24.044 23.687 23.167 22.502 21.715 20.829 19.867 18.854 17.811 16.757 15.709 14.679 13.679 12.716 11.796 10.924 10.100 9.326 8.602 7.915 7.232 6.530 5.809 5.070 4.317 3.672 2.866 17.53 10.72 06.35 03.23 
24.933 24.746 24.378 23.843 23.159 22.349 21.437 20.448 19.405 18.331 17.247 16.167 15.108 14.078 13.087 12.141 11.243 10.395 9.598 8.853 8.146 7.443 6.720 5.978 5.218 4.443 3.779 2.950 18.04 11.04 06.53 03.32 
25.360 24.983 24.435 23.734 22.904 21.969 20.955 19.887 18.786 17.675 16.569 15.483 14.428 13.412 12.442 11.522 10.653  9.837 9.073 8.348 7.628 6.887 6.127 5.348 4.553 3.873 3.023 3.000 18.49 11.31 06.70 03.41 
26.083 25.887 25.502 24.942 24.227 23.380 22.425 21.390 20.299 19.176 18.042 16.913 15.804 14.727 13.691 12.700 11.761 10.874 10.041 9.261 8.522 7.786 7.030 6.254 5.459 4.648 3.953 3.086 18.88 11.54 06.84 03.48 
26.967 26.764 26.366 25.788 25.048 24.172 23.185 22.115 20.988 19.826 18.653 17.486 16.340 15.226 14.155 13.131 12.159 11.243 10.381 9.575 8.810 8.050 7.269 6.466 5.644 4.805 4.087 3.191 19.52 11.94 07.07 03.60 
27.586 27.379 26.972 26.380 25.623 24.727 23.718 22.623 21.469 20.281 19.081 17.887 16.715 15.576 14.480 13.432 12.439 11.501 10.619 9.795 9.013 8.235 7.435 6.614 5.774 4.915 4.181 3.264 19.96 12.21 07.23 03.68 
28.116 27.905 27.490 26.887 26.116 25.202 24.174 23.058 21.882 20.671 19.448 18.231 17.036 15.875 14.758 13.691 12.678 11.722 10.824 9.983 9.186 8.393 7.578 6.741 5.885 5.010 4.262 3.327 20.35 12.44 07.37 03.75 
28.912 28.695 28.268 27.648 26.855 25.916 24.858 23.710 22.501 21.257 19.999 18.747 17.518 16.325 15.176 14.078 13.037 12.054 11.130 10.266 9.446 8.631 7.793 6.932 6.051 5.152 4.382 3.421 20.92 12.80 07.58 03.85 
29.443 29.221 28.787 28.155 27.348 26.391 25.314 24.145 22.914 21.647 20.366 19.091 17.840 16.624 15.454 14.336 13.276 12.275 11.334 10.454 9.619 8.789 7.936 7.059 6.162 5.246 4.463 3.483 21.31 13.03 07.72 03.93 
30.150 29.923 29.478 28.832 28.005 27.025 25.922 24.726 23.465 22.167 20.855 19.550 18.268 17.024 15.825 14.681 13.595 12.570 11.606 10.705 9.850 9.000 8.127 7.229 6.310 5.372 4.570 3.567 21.82 13.34 07.90 04.02 
30.857 30.625 30.170 29.508 28.662 27.659 26.530 25.306 24.015 22.687 21.344 20.009 18.697 17.423 16.197 15.025 13.914 12.864 11.879 10.956 10.081 9.211 8.317 7.399 6.458 5.498 4.677 3.651 22.33 13.66 08.09 04.11 
31.388 31.152 30.689 30.015 29.155 28.135 26.986 25.741 24.428 23.077 21.711 20.352 19.018 17.722 16.475 15.284 14.153 13.086 12.083 11.145 10.255 9.370 8.460 7.526 6.569 5.593 4.758 3.714 22.71 13.89 08.23 04.19 
32.184 31.942 31.467 30.776 29.894 28.848 27.670 26.393 25.047 23.662 22.261 20.868 19.501 18.172 16.893 15.671 14.512 13.417 12.389 11.427 10.515 9.607 8.675 7.717 6.736 5.735 4.878 3.808 23.29 14.24 08.43 04.29 
32.714 32.468 31.985 31.283 30.386 29.323 28.127 26.828 25.460 24.052 22.628 21.212 19.822 18.471 17.171 15.929 14.751 13.639 12.594 11.616 10.688 9.766 8.818 7.844 6.847 5.829 4.959 3.871 23.67 14.48 08.57 04.36 
33.333 33.082 32.591 31.875 30.961 29.878 28.659 27.336 25.942 24.507 23.057 21.614 20.197 18.821 17.496 16.231 15.030 13.897 12.832 11.835 10.890 9.951 8.984 7.992 6.976 5.939 5.052 3.944 24.12 14.75 08.74 04.44 
34.217 33.960 33.455 32.721 31.783 30.671 29.419 28.061 26.630 25.157 23.668 22.187 20.733 19.320 17.960 16.661 15.429 14.265 13.172 12.149 11.179 10.214 9.223 8.204 7.161 6.097 5.186 4.048 24.76 15.14 08.97 04.56 
34.748 34.486 33.974 33.228 32.275 31.146 29.875 28.496 27.043 25.547 24.035 22.531 21.054 19.620 18.239 16.920 15.668 14.486 13.376 12.338 11.352 10.373 9.366 8.331 7.272 6.192 5.267 4.111 25.15 15.38 09.11 04.63 
35.367 35.101 34.579 33.820 32.850 31.701 30.407 29.004 27.525 26.002 24.463 22.932 21.429 19.969 18.563 17.221 15.947 14.744 13.615 12.557 11.555 10.558 9.533 8.480 7.402 6.302 5.361 4.184 25.59 15.65 09.27 04.72 
36.339 36.066 35.530 34.750 33.754 32.573 31.243 29.801 28.282 26.717 25.136 23.563 22.018 20.518 19.074 17.695 16.385 15.150 13.989 12.903 11.872 10.848 9.795 8.713 7.606 6.475 5.508 4.299 26.30 16.08 09.52 04.85 
36.958 36.680 36.135 35.342 34.328 33.128 31.775 30.309 28.763 27.172 25.564 23.964 22.393 20.868 19.399 17.996 16.664 15.408 14.227 13.122 12.075 11.033 9.962 8.861 7.735 6.585 5.602 4.373 26.75 16.36 09.69 04.93 
37.489 37.207 36.654 35.849 34.821 33.603 32.232 30.744 29.176 27.562 25.931 24.308 22.715 21.167 19.677 18.254 16.904 15.629 14.431 13.311 12.248 11.191 10.105 8.989 7.846 6.680 5.682 4.435 27.13 16.59 09.83 05.00 
38.373 38.084 37.518 36.695 35.642 34.396 32.992 31.469 29.864 28.212 26.543 24.882 23.251 21.666 20.141 18.685 17.302 15.998 14.772 13.625 12.537 11.455 10.343 9.201 8.031 6.837 5.816 4.540 27.77 16.98 10.06 05.12 
39.168 38.874 38.296 37.456 36.382 35.109 33.676 32.121 30.484 28.797 27.093 25.398 23.733 22.116 20.559 19.072 17.661 16.329 15.078 13.907 12.797 11.692 10.557 9.391 8.198 6.979 5.937 4.634 28.34 17.34 10.27 05.22 
39.787 39.488 38.901 38.047 36.956 35.664 34.208 32.629 30.965 29.252 27.521 25.799 24.108 22.465 20.884 19.374 17.940 16.587 15.316 14.127 12.999 11.877 10.724 9.540 8.327 7.090 6.031 4.707 28.79 17.61 10.43 05.30 
40.495 40.190 39.593 38.724 37.613 36.298 34.816 33.209 31.516 29.772 28.010 26.258 24.536 22.864 21.255 19.718 18.259 16.882 15.589 14.378 13.230 12.088 10.915 9.709 8.475 7.216 6.138 4.791 29.30 17.92 10.61 05.40 
41.379 41.068 40.457 39.569 38.435 37.090 35.576 33.934 32.204 30.422 28.622 26.831 25.072 23.364 21.719 20.149 18.658 17.251 15.929 14.692 13.519 12.352 11.153 9.921 8.660 7.373 6.272 4.896 29.94 18.31 10.84 05.52 
41.998 41.682 41.062 40.161 39.010 37.645 36.108 34.442 32.686 30.877 29.050 27.232 25.447 23.713 22.044 20.450 18.937 17.509 16.167 14.912 13.721 12.537 11.320 10.070 8.790 7.483 6.366 4.969 30.39 18.59 11.01 05.60 
42.617 42.296 41.668 40.753 39.584 38.200 36.641 34.949 33.167 31.332 29.478 27.634 25.822 24.063 22.369 20.751 19.216 17.767 16.406 15.132 13.923 12.722 11.487 10.218 8.919 7.594 6.460 5.042 30.84 18.86 11.17 05.68 
43.501 43.174 42.532 41.599 40.406 38.992 37.401 35.674 33.855 31.982 30.090 28.207 26.358 24.562 22.833 21.182 19.615 18.136 16.746 15.446 14.212 12.986 11.725 10.430 9.104 7.751 6.594 5.147 31.48 19.25 11.40 05.80 
44.385 44.051 43.396 42.444 41.227 39.785 38.161 36.399 34.543 32.632 30.701 28.780 26.894 25.061 23.297 21.612 20.013 18.504 17.086 15.759 14.501 13.250 11.963 10.642 9.289 7.909 6.728 5.251 32.12 19.64 11.63 05.92 
44.915 44.578 43.915 42.951 41.720 40.260 38.617 36.835 34.956 33.022 31.068 29.124 27.215 25.361 23.576 21.871 20.253 18.725 17.291 15.948 14.674 13.408 12.106 10.769 9.400 8.003 6.808 5.314 32.50 19.88 11.77 05.99 
45.534 45.192 44.520 43.543 42.295 40.815 39.149 37.342 35.438 33.477 31.496 29.525 27.590 25.710 23.900 22.172 20.532 18.983 17.529 16.168 14.877 13.593 12.273 10.918 9.530 8.114 6.902 5.387 32.95 20.15 11.93 06.07 
46.507 46.157 45.471 44.473 43.198 41.687 39.985 38.140 36.195 34.192 32.169 30.156 28.179 26.259 24.411 22.646 20.970 19.389 17.903 16.513 15.194 13.883 12.535 11.151 9.734 8.287 7.049 5.502 33.66 20.58 12.19 06.20 
47.391 47.035 46.336 45.319 44.019 42.479 40.746 38.865 36.883 34.842 32.781 30.729 28.715 26.758 24.875 23.076 21.369 19.757 18.244 16.827 15.483 14.147 12.774 11.363 9.919 8.444 7.183 5.607 34.30 20.97 12.42 06.32 
47.922 47.561 46.854 45.826 44.512 42.955 41.202 39.300 37.296 35.232 33.148 31.073 29.037 27.058 25.153 23.334 21.608 19.979 18.448 17.015 15.657 14.305 12.917 11.490 10.030 8.539 7.264 5.670 34.68 21.21 12.56 06.39 
48.541 48.176 47.460 46.418 45.087 43.510 41.734 39.807 37.778 35.688 33.576 31.475 29.412 27.407 25.478 23.636 21.887 20.237 18.686 17.235 15.859 14.490 13.083 11.639 10.159 8.649 7.357 5.743 35.13 21.48 12.72 06.47 
49.513 49.141 48.410 47.348 45.990 44.381 42.570 40.605 38.535 36.403 34.248 32.105 30.001 27.957 25.989 24.109 22.326 20.642 19.060 17.580 16.177 14.781 13.346 11.872 10.363 8.823 7.505 5.858 35.83 21.91 12.98 06.60 
50.397 50.018 49.275 48.193 46.811 45.174 43.330 41.330 39.223 37.053 34.860 32.679 30.537 28.456 26.453 24.540 22.724 21.011 19.401 17.894 16.465 15.045 13.584 12.084 10.548 8.980 7.639 5.963 36.47 22.31 13.21 06.72 
51.105 50.720 49.966 48.870 47.468 45.808 43.938 41.910 39.773 37.573 35.349 33.137 30.965 28.855 26.824 24.884 23.043 21.306 19.673 18.145 16.697 15.256 13.775 12.253 10.696 9.106 7.746 6.046 36.98 22.62 13.39 06.81 
51.724 51.335 50.572 49.462 48.043 46.363 44.470 42.418 40.255 38.028 35.777 33.539 31.340 29.205 27.149 25.186 23.322 21.564 19.911 18.365 16.899 15.440 13.941 12.402 10.825 9.216 7.840 6.120 37.43 22.89 13.56 06.90 
52.519 52.125 51.350 50.223 48.783 47.076 45.155 43.070 40.874 38.613 36.328 34.055 31.822 29.654 27.567 25.573 23.681 21.895 20.218 18.648 17.159 15.678 14.156 12.593 10.992 9.358 7.960 6.214 38.01 23.24 13.76 07.00 
53.403 53.002 52.214 51.068 49.604 47.869 45.915 43.795 41.562 39.263 36.939 34.628 32.358 30.153 28.031 26.004 24.080 22.264 20.558 18.962 17.448 15.942 14.394 12.805 11.177 9.516 8.095 6.318 38.65 23.64 14.00 07.12 
54.376 53.967 53.165 51.998 50.507 48.740 46.751 44.593 42.319 39.978 37.612 35.259 32.947 30.702 28.541 26.477 24.518 22.669 20.932 19.307 17.765 16.232 14.656 13.038 11.381 9.689 8.242 6.433 39.35 24.07 14.25 07.25 
54.995 54.582 53.770 52.590 51.082 49.295 47.283 45.101 42.801 40.433 38.040 35.660 33.322 31.052 28.866 26.779 24.797 22.927 21.171 19.527 17.968 16.417 14.823 13.186 11.510 9.799 8.336 6.507 39.80 24.34 14.41 07.33 
55.525 55.108 54.289 53.097 51.575 49.771 47.739 45.536 43.214 40.823 38.407 36.004 33.644 31.351 29.145 27.037 25.037 23.149 21.375 19.715 18.141 16.575 14.966 13.313 11.621 9.894 8.416 6.569 40.18 24.58 14.55 07.40 
56.410 55.986 55.153 53.943 52.396 50.563 48.499 46.261 43.902 41.473 39.019 36.577 34.180 31.851 29.609 27.467 25.435 23.517 21.715 20.029 18.430 16.839 15.204 13.525 11.806 10.051 8.550 6.674 40.82 24.97 14.78 07.52 
57.382 56.951 56.104 54.873 53.299 51.435 49.336 47.058 44.659 42.188 39.691 37.208 34.769 32.400 30.119 27.941 25.874 23.923 22.090 20.374 18.747 17.130 15.467 13.759 12.010 10.225 8.698 6.789 41.53 25.40 15.04 07.65 
58.355 57.916 57.055 55.803 54.203 52.307 50.172 47.856 45.416 42.903 40.364 37.838 35.358 32.949 30.630 28.415 26.312 24.328 22.464 20.720 19.065 17.420 15.729 13.992 12.213 10.398 8.845 6.904 42.23 25.83 15.29 07.78 
58.885 58.443 57.574 56.310 54.696 52.782 50.628 48.291 45.829 43.293 40.731 38.182 35.680 33.248 30.908 28.673 26.552 24.549 22.668 20.908 19.239 17.578 15.872 14.119 12.324 10.493 8.925 6.967 42.61 26.06 15.43 07.85 
59.416 58.969 58.093 56.818 55.188 53.258 51.084 48.726 46.241 43.683 41.098 38.526 36.001 33.548 31.187 28.931 26.791 24.771 22.873 21.096 19.412 17.737 16.015 14.246 12.435 10.587 9.006 7.030 43.00 26.30 15.57 07.92 
60.388 59.934 59.043 57.748 56.092 54.130 51.920 49.524 46.998 44.398 41.771 39.157 36.590 34.097 31.697 29.405 27.229 25.176 23.247 21.442 19.730 18.027 16.277 14.479 12.639 10.760 9.153 7.145 43.70 26.73 15.83 08.05 
61.361 60.900 59.994 58.678 56.995 55.001 52.756 50.321 47.755 45.113 42.444 39.788 37.180 34.646 32.208 29.878 27.668 25.581 23.621 21.787 20.047 18.317 16.539 14.713 12.842 10.934 9.301 7.260 44.40 27.16 16.08 08.18 
62.245 61.777 60.859 59.523 57.816 55.794 53.516 51.046 48.443 45.763 43.055 40.361 37.715 35.145 32.672 30.309 28.066 25.950 23.962 22.101 20.336 18.581 16.777 14.925 13.027 11.091 9.435 7.364 45.04 27.55 16.31 08.30 
63.041 62.567 61.637 60.284 58.555 56.507 54.201 51.699 49.063 46.348 43.606 40.877 38.198 35.595 33.089 30.696 28.425 26.282 24.268 22.383 20.596 18.819 16.992 15.115 13.194 11.233 9.555 7.459 45.62 27.90 16.52 08.41 
63.660 63.181 62.242 60.876 59.130 57.062 54.733 52.206 49.544 46.803 44.034 41.278 38.573 35.944 33.414 30.998 28.704 26.540 24.506 22.603 20.798 19.004 17.159 15.264 13.324 11.343 9.649 7.532 46.07 28.18 16.68 08.49 
64.367 63.883 62.934 61.552 59.787 57.696 55.341 52.787 50.095 47.323 44.523 41.737 39.001 36.344 33.786 31.342 29.023 26.835 24.779 22.854 21.030 19.215 17.349 15.433 13.472 11.469 9.756 7.615 46.58 28.49 16.87 08.58 
65.251 64.761 63.798 62.398 60.609 58.488 56.101 53.512 50.783 47.973 45.134 42.310 39.537 36.843 34.250 31.773 29.422 27.203 25.119 23.168 21.318 19.479 17.588 15.645 13.657 11.627 9.890 7.720 47.22 28.88 17.10 08.70 
66.224 65.726 64.749 63.328 61.512 59.360 56.937 54.309 51.540 48.688 45.807 42.941 40.126 37.392 34.760 32.246 29.861 27.609 25.493 23.514 21.636 19.769 17.850 15.879 13.860 11.800 10.038 7.835 47.92 29.31 17.36 08.83 
67.196 66.691 65.700 64.258 62.415 60.232 57.773 55.107 52.297 49.403 46.480 43.572 40.715 37.941 35.271 32.720 30.299 28.014 25.868 23.859 21.954 20.059 18.112 16.112 14.064 11.973 10.185 7.950 48.63 29.74 17.61 08.96 
67.727 67.218 66.219 64.765 62.908 60.708 58.230 55.542 52.710 49.794 46.847 43.916 41.037 38.241 35.549 32.978 30.538 28.235 26.072 24.047 22.127 20.218 18.255 16.239 14.175 12.068 10.266 8.013 49.01 29.98 17.75 09.03 
67.904 67.393 66.391 64.934 63.072 60.866 58.382 55.687 52.847 49.924 46.969 44.030 41.144 38.340 35.642 33.064 30.618 28.309 26.140 24.110 22.185 20.271 18.303 16.281 14.212 12.100 10.292 8.034 49.14 30.05 17.80 09.05 
68.434 67.920 66.910 65.442 63.565 61.342 58.838 56.122 53.260 50.314 47.336 44.374 41.465 38.640 35.920 33.323 30.857 28.530 26.344 24.298 22.358 20.429 18.446 16.409 14.323 12.194 10.373 8.097 49.52 30.29 17.94 09.12 
69.407 68.885 67.861 66.372 64.468 62.213 59.674 56.920 54.017 51.029 48.009 45.005 42.055 39.189 36.431 33.796 31.296 28.936 26.719 24.644 22.676 20.719 18.708 16.642 14.526 12.367 10.520 8.212 50.23 30.72 18.19 09.25 
70.379 69.850 68.812 67.302 65.372 63.085 60.510 57.717 54.774 51.744 48.682 45.635 42.644 39.738 36.941 34.270 31.734 29.341 27.093 24.989 22.994 21.010 18.970 16.875 14.730 12.541 10.668 8.327 50.93 31.15 18.45 09.38 
71.352 70.816 69.763 68.232 66.275 63.957 61.346 58.515 55.531 52.459 49.354 46.266 43.233 40.287 37.452 34.743 32.173 29.747 27.467 25.334 23.312 21.300 19.232 17.108 14.933 12.714 10.815 8.442 51.64 31.58 18.70 09.51 
72.059 71.518 70.454 68.908 66.932 64.591 61.954 59.095 56.081 52.979 49.844 46.725 43.662 40.687 37.823 35.088 32.492 30.042 27.740 25.586 23.543 21.511 19.423 17.278 15.081 12.840 10.922 8.526 52.15 31.89 18.89 09.61 
72.590 72.044 70.973 69.415 67.425 65.066 62.411 59.530 56.494 53.369 50.211 47.069 43.983 40.986 38.102 35.346 32.731 30.263 27.944 25.774 23.716 21.669 19.566 17.405 15.193 12.935 11.003 8.588 52.53 32.13 19.02 09.68 
73.386 72.834 71.751 70.176 68.164 65.780 63.095 60.182 57.114 53.954 50.761 47.585 44.466 41.436 38.519 35.733 33.090 30.595 28.250 26.056 23.976 21.907 19.780 17.596 15.359 13.076 11.123 8.682 53.11 32.48 19.23 09.78 
74.358 73.799 72.702 71.106 69.067 66.651 63.931 60.980 57.871 54.669 51.434 48.215 45.055 41.985 39.030 36.207 33.528 31.000 28.625 26.402 24.294 22.197 20.042 17.829 15.563 13.250 11.271 8.798 53.81 32.91 19.49 09.91 
75.331 74.764 73.653 72.036 69.971 67.523 64.767 61.778 58.627 55.384 52.106 48.846 45.644 42.534 39.540 36.681 33.967 31.405 28.999 26.747 24.612 22.488 20.304 18.062 15.766 13.423 11.418 8.913 54.51 33.34 19.74 10.04 
76.215 75.642 74.517 72.882 70.792 68.316 65.527 62.503 59.316 56.034 52.718 49.419 46.180 43.033 40.004 37.111 34.366 31.774 29.339 27.061 24.900 22.752 20.543 18.274 15.951 13.580 11.552 9.017 55.15 33.73 19.97 10.16 
76.745 76.168 75.036 73.389 71.285 68.791 65.983 62.938 59.728 56.424 53.085 49.763 46.501 43.333 40.283 37.369 34.605 31.995 29.544 27.249 25.074 22.910 20.686 18.401 16.062 13.675 11.633 9.080 55.54 33.97 20.11 10.23 
77.364 76.783 75.641 73.981 71.860 69.346 66.516 63.445 60.210 56.879 53.513 50.165 46.876 43.682 40.608 37.671 34.884 32.253 29.782 27.469 25.276 23.095 20.853 18.550 16.192 13.785 11.726 9.153 55.99 34.24 20.28 10.32 
78.337 77.748 76.592 74.911 72.763 70.218 67.352 64.243 60.967 57.594 54.186 50.795 47.466 44.231 41.118 38.144 35.322 32.659 30.156 27.814 25.594 23.385 21.115 18.783 16.395 13.959 11.874 9.268 56.69 34.67 20.53 10.44 
79.221 78.626 77.457 75.757 73.584 71.010 68.112 64.968 61.655 58.244 54.797 51.369 48.001 44.731 41.582 38.575 35.721 33.027 30.497 28.128 25.883 23.649 21.353 18.995 16.580 14.116 12.008 9.373 57.33 35.06 20.76 10.56 
80.194 79.591 78.408 76.687 74.488 71.882 68.948 65.766 62.412 58.959 55.470 51.999 48.591 45.280 42.093 39.048 36.160 33.433 30.871 28.474 26.200 23.939 21.615 19.228 16.784 14.289 12.155 9.488 58.03 35.49 21.02 10.69 
80.901 80.293 79.099 77.363 75.145 72.516 69.556 66.346 62.963 59.479 55.959 52.458 49.019 45.679 42.464 39.393 36.478 33.728 31.143 28.725 26.431 24.150 21.806 19.398 16.932 14.415 12.262 9.572 58.55 35.81 21.20 10.79 
81.431 80.819 79.618 77.870 75.638 72.992 70.012 66.781 63.375 59.869 56.326 52.802 49.341 45.979 42.742 39.651 36.718 33.949 31.348 28.913 26.605 24.309 21.949 19.525 17.043 14.510 12.343 9.634 58.93 36.04 21.34 10.86 
82.227 81.609 80.396 78.631 76.377 73.705 70.697 67.433 63.995 60.454 56.877 53.318 49.823 46.428 43.160 40.039 37.076 34.281 31.654 29.196 26.865 24.546 22.163 19.716 17.210 14.652 12.463 9.729 59.51 36.39 21.55 10.96 
83.200 82.574 81.347 79.561 77.280 74.577 71.533 68.231 64.752 61.169 57.550 53.948 50.412 46.977 43.671 40.512 37.515 34.686 32.028 29.541 27.182 24.837 22.425 19.949 17.413 14.825 12.611 9.844 60.21 36.82 21.81 11.09 
84.172 83.540 82.298 80.491 78.183 75.449 72.369 69.029 65.509 61.884 58.222 54.579 51.001 47.526 44.181 40.986 37.954 35.092 32.403 29.886 27.500 25.127 22.688 20.182 17.617 14.998 12.758 9.959 60.91 37.25 22.06 11.22 
85.057 84.417 83.162 81.337 79.005 76.241 73.129 69.754 66.197 62.534 58.834 55.152 51.537 48.025 44.645 41.416 38.352 35.460 32.743 30.200 27.789 25.391 22.926 20.394 17.802 15.156 12.892 10.063 61.55 37.65 22.29 11.34 
85.587 84.944 83.681 81.844 79.497 76.717 73.585 70.189 66.610 62.924 59.201 55.496 51.859 48.325 44.924 41.675 38.591 35.681 32.947 30.389 27.962 25.549 23.069 20.521 17.913 15.250 12.973 10.126 61.94 37.88 22.43 11.41 
86.206 85.558 84.286 82.436 80.072 77.271 74.117 70.696 67.091 63.379 59.629 55.898 52.234 48.674 45.248 41.976 38.871 35.939 33.186 30.608 28.165 25.734 23.236 20.670 18.042 15.361 13.066 10.199 62.38 38.15 22.59 11.49 
87.179 86.523 85.237 83.366 80.976 78.143 74.953 71.494 67.848 64.095 60.302 56.528 52.823 49.224 45.759 42.450 39.309 36.345 33.560 30.954 28.482 26.024 23.498 20.903 18.246 15.534 13.214 10.314 63.09 38.58 22.85 11.62 
88.063 87.401 86.101 84.212 81.797 78.936 75.714 72.219 68.536 64.745 60.913 57.102 53.359 49.723 46.223 42.880 39.708 36.713 33.900 31.268 28.771 26.288 23.736 21.115 18.431 15.692 13.348 10.419 63.73 38.98 23.08 11.74 
89.035 88.366 87.052 85.142 82.700 79.807 76.550 73.017 69.293 65.460 61.586 57.732 53.948 50.272 46.734 43.354 40.146 37.119 34.275 31.613 29.089 26.579 23.998 21.348 18.634 15.865 13.495 10.534 64.43 39.41 23.33 11.87 
89.743 89.068 87.744 85.818 83.357 80.441 77.158 73.597 69.844 65.980 62.075 58.191 54.377 50.671 47.105 43.698 40.465 37.414 34.547 31.864 29.320 26.790 24.189 21.518 18.782 15.991 13.603 10.618 64.94 39.72 23.52 11.97 
90.273 89.595 88.263 86.325 83.850 80.917 77.614 74.032 70.257 66.370 62.442 58.535 54.698 50.971 47.383 43.956 40.704 37.635 34.751 32.053 29.493 26.948 24.332 21.645 18.894 16.085 13.683 10.681 65.33 39.95 23.66 12.04 
91.069 90.384 89.041 87.086 84.589 81.630 78.298 74.684 70.876 66.955 62.993 59.051 55.180 51.420 47.801 44.344 41.063 37.967 35.058 32.335 29.753 27.186 24.546 21.836 19.060 16.227 13.804 10.775 65.90 40.31 23.87 12.14 
92.041 91.350 89.992 88.016 85.493 82.502 79.134 75.482 71.633 67.670 63.665 59.682 55.769 51.969 48.311 44.818 41.502 38.372 35.432 32.680 30.071 27.476 24.809 22.069 19.264 16.401 13.951 10.890 66.61 40.74 24.12 12.27 
93.014 92.315 90.942 88.946 86.396 83.374 79.971 76.279 72.390 68.385 64.338 60.312 56.359 52.518 48.822 45.291 41.940 38.778 35.806 33.026 30.389 27.766 25.071 22.302 19.467 16.574 14.098 11.005 67.31 41.17 24.38 12.40 
93.898 93.192 91.807 89.792 87.217 84.166 80.731 77.005 73.078 69.035 64.950 60.885 56.894 53.018 49.286 45.722 42.339 39.146 36.147 33.340 30.678 28.030 25.309 22.514 19.652 16.731 14.232 11.109 67.95 41.56 24.61 12.52 
94.429 93.719 92.326 90.299 87.710 84.642 81.187 77.440 73.491 69.425 65.317 61.229 57.216 53.317 49.564 45.980 42.578 39.367 36.351 33.528 30.851 28.189 25.452 22.641 19.763 16.826 14.313 11.172 68.33 41.79 24.75 12.59 
95.048 94.333 92.931 90.891 88.285 85.197 81.719 77.947 73.972 69.880 65.745 61.631 57.591 53.667 49.889 46.281 42.857 39.625 36.589 33.748 31.053 28.373 25.619 22.790 19.893 16.936 14.407 11.245 68.78 42.07 24.91 12.67 
96.020 95.298 93.882 91.821 89.188 86.068 82.555 78.745 74.729 70.595 66.417 62.261 58.180 54.216 50.400 46.755 43.296 40.031 36.964 34.093 31.371 28.664 25.881 23.023 20.096 17.109 14.554 11.360 69.49 42.50 25.17 12.80 
96.904 96.176 94.746 92.667 90.009 86.861 83.315 79.470 75.418 71.245 67.029 62.835 58.716 54.715 50.864 47.185 43.694 40.400 37.304 34.407 31.660 28.928 26.119 23.235 20.281 17.267 14.688 11.465 70.13 42.89 25.40 12.92 
97.877 97.141 95.697 93.597 90.913 87.733 84.152 80.267 76.174 71.960 67.702 63.465 59.305 55.264 51.374 47.659 44.133 40.805 37.678 34.752 31.978 29.218 26.381 23.468 20.485 17.440 14.835 11.580 70.83 43.32 25.65 13.05 
98.584 97.843 96.389 94.273 91.570 88.367 84.760 80.847 76.725 72.480 68.191 63.924 59.734 55.664 51.746 48.003 44.452 41.100 37.951 35.004 32.209 29.429 26.572 23.638 20.633 17.566 14.943 11.664 71.34 43.63 25.84 13.14 
99.115 98.370 96.907 94.780 92.063 88.842 85.216 81.283 77.138 72.870 68.558 64.268 60.055 55.963 52.024 48.262 44.691 41.321 38.155 35.192 32.382 29.588 26.715 23.765 20.744 17.661 15.023 11.727 71.73 43.87 25.98 13.22 
99.910 99.159 97.685 95.541 92.802 89.555 85.900 81.935 77.757 73.455 69.108 64.784 60.537 56.412 52.442 48.649 45.050 41.653 38.461 35.474 32.642 29.825 26.930 23.956 20.911 17.803 15.144 11.821 72.30 44.22 26.18 13.32 
100.883 100.125 98.636 96.471 93.705 90.427 86.736 82.733 78.514 74.170 69.781 65.415 61.127 56.962 52.952 49.123 45.488 42.058 38.836 35.820 32.960 30.115 27.192 24.189 21.114 17.976 15.291 11.936 73.01 44.65 26.44 13.45 
101.856 101.090 99.587 97.401 94.608 91.299 87.572 83.530 79.271 74.885 70.454 66.045 61.716 57.511 53.463 49.596 45.927 42.464 39.210 36.165 33.278 30.406 27.454 24.422 21.318 18.149 15.439 12.051 73.71 45.08 26.69 13.58 
102.740 101.968 100.452 98.247 95.430 92.092 88.333 84.255 79.959 75.535 71.065 66.619 62.252 58.010 53.927 50.027 46.326 42.832 39.550 36.479 33.566 30.670 27.692 24.634 21.503 18.307 15.573 12.155 74.35 45.47 26.93 13.70 
103.270 102.494 100.970 98.754 95.922 92.567 88.789 84.690 80.372 75.925 71.432 66.963 62.573 58.309 54.205 50.285 46.565 43.054 39.755 36.667 33.740 30.828 27.835 24.761 21.614 18.401 15.653 12.218 74.73 45.71 27.07 13.77 
103.889 103.108 101.575 99.346 96.497 93.122 89.321 85.198 80.854 76.380 71.860 67.364 62.948 58.659 54.530 50.587 46.844 43.312 39.993 36.887 33.942 31.013 28.002 24.910 21.743 18.512 15.747 12.291 75.18 45.98 27.23 13.85 
104.862 104.074 102.526 100.276 97.401 93.994 90.157 85.996 81.611 77.095 72.533 67.995 63.538 59.208 55.041 51.060 47.282 43.717 40.367 37.232 34.260 31.303 28.264 25.143 21.947 18.685 15.894 12.407 75.88 46.41 27.48 13.98 
105.746 104.951 103.391 101.122 98.222 94.786 90.917 86.721 82.299 77.745 73.145 68.568 64.073 59.707 55.505 51.491 47.681 44.086 40.708 37.546 34.549 31.567 28.502 25.355 22.132 18.842 16.028 12.511 76.52 46.80 27.71 14.10 
106.719 105.916 104.342 102.052 99.125 95.658 91.753 87.518 83.056 78.461 73.818 69.198 64.663 60.256 56.015 51.964 48.120 44.491 41.082 37.892 34.866 31.857 28.765 25.588 22.335 19.016 16.176 12.626 77.23 47.23 27.97 14.23 
107.426 106.618 105.033 102.728 99.782 96.292 92.362 88.098 83.606 78.981 74.307 69.657 65.091 60.656 56.387 52.309 48.439 44.786 41.354 38.143 35.097 32.069 28.955 25.758 22.483 19.142 16.283 12.710 77.74 47.55 28.15 14.32 
107.956 107.145 105.552 103.235 100.275 96.767 92.818 88.533 84.019 79.371 74.674 70.001 65.413 60.955 56.665 52.567 48.678 45.007 41.559 38.331 35.271 32.227 29.098 25.885 22.594 19.236 16.363 12.773 78.12 47.78 28.29 14.39 
108.752 107.935 106.330 103.996 101.014 97.481 93.502 89.186 84.638 79.956 75.224 70.517 65.895 61.405 57.083 52.954 49.037 45.339 41.865 38.614 35.531 32.464 29.313 26.076 22.761 19.378 16.484 12.867 78.70 48.13 28.50 14.50 
109.725 108.900 107.281 104.926 101.918 98.353 94.338 89.984 85.395 80.671 75.897 71.148 66.484 61.954 57.593 53.428 49.475 45.744 42.239 38.959 35.848 32.755 29.575 26.309 22.965 19.551 16.631 12.982 79.40 48.56 28.76 14.63 
110.697 109.865 108.232 105.856 102.821 99.224 95.174 90.781 86.152 81.386 76.570 71.778 67.073 62.503 58.104 53.902 49.914 46.150 42.614 39.304 36.166 33.045 29.837 26.542 23.168 19.725 16.779 13.097 80.11 48.99 29.01 14.76 
111.581 110.743 109.096 106.702 103.642 100.017 95.934 91.506 86.840 82.036 77.181 72.352 67.609 63.002 58.568 54.332 50.312 46.518 42.954 39.618 36.455 33.309 30.075 26.754 23.353 19.882 16.913 13.202 80.75 49.38 29.24 14.88 
112.112 111.269 109.615 107.209 104.135 100.492 96.390 91.941 87.253 82.426 77.548 72.696 67.931 63.302 58.846 54.590 50.552 46.740 43.158 39.807 36.628 33.467 30.218 26.881 23.464 19.977 16.993 13.264 81.13 49.62 29.38 14.95 
112.731 111.883 110.220 107.801 104.710 101.047 96.923 92.449 87.735 82.881 77.976 73.097 68.306 63.651 59.171 54.892 50.831 46.998 43.397 40.026 36.831 33.652 30.385 27.030 23.594 20.087 17.087 13.338 81.58 49.89 29.54 15.03 
113.703 112.849 111.171 108.731 105.613 101.919 97.759 93.247 88.492 83.596 78.649 73.728 68.895 64.200 59.682 55.365 51.269 47.403 43.771 40.372 37.148 33.943 30.647 27.263 23.797 20.260 17.234 13.453 82.28 50.32 29.80 15.16 
114.588 113.726 112.036 109.577 106.435 102.711 98.519 93.972 89.180 84.246 79.261 74.301 69.431 64.700 60.146 55.796 51.668 47.772 44.111 40.686 37.437 34.206 30.886 27.475 23.982 20.418 17.368 13.557 82.92 50.72 30.03 15.28 
115.560 114.692 112.986 110.507 107.338 103.583 99.355 94.769 89.937 84.961 79.933 74.932 70.020 65.249 60.656 56.269 52.106 48.177 44.486 41.031 37.755 34.497 31.148 27.708 24.186 20.591 17.516 13.672 83.63 51.15 30.29 15.41 
116.267 115.394 113.678 111.183 107.995 104.217 99.963 95.349 90.487 85.481 80.423 75.390 70.448 65.648 61.027 56.614 52.425 48.472 44.758 41.282 37.986 34.708 31.338 27.878 24.334 20.717 17.623 13.756 84.14 51.46 30.47 15.50 
116.798 115.920 114.197 111.690 108.488 104.693 100.419 95.784 90.900 85.871 80.790 75.734 70.770 65.948 61.306 56.872 52.665 48.693 44.962 41.471 38.159 34.866 31.481 28.005 24.445 20.812 17.703 13.819 84.52 51.69 30.61 15.57 
117.594 116.710 114.975 112.451 109.227 105.406 101.104 96.437 91.519 86.456 81.340 76.250 71.252 66.397 61.724 57.260 53.023 49.025 45.269 41.753 38.419 35.104 31.696 28.196 24.612 20.954 17.824 13.913 85.10 52.05 30.82 15.68 
118.566 117.675 115.926 113.381 110.130 106.278 101.940 97.235 92.276 87.171 82.013 76.881 71.841 66.946 62.234 57.733 53.462 49.430 45.643 42.098 38.737 35.394 31.958 28.429 24.815 21.127 17.971 14.028 85.80 52.48 31.07 15.81 
119.539 118.640 116.877 114.311 111.034 107.150 102.776 98.032 93.033 87.886 82.685 77.511 72.431 67.495 62.745 58.207 53.900 49.836 46.017 42.444 39.055 35.685 32.220 28.662 25.019 21.300 18.119 14.143 86.51 52.91 31.33 15.94 
120.423 119.518 117.741 115.157 111.855 107.942 103.536 98.757 93.721 88.536 83.297 78.085 72.966 67.994 63.209 58.637 54.299 50.205 46.358 42.758 39.344 35.948 32.458 28.874 25.204 21.458 18.253 14.248 87.15 53.30 31.56 16.06 
120.954 120.044 118.260 115.664 112.348 108.418 103.992 99.192 94.134 88.926 83.664 78.429 73.288 68.294 63.487 58.896 54.538 50.426 46.562 42.946 39.517 36.107 32.601 29.001 25.315 21.552 18.333 14.310 87.53 53.53 31.70 16.13 
121.572 120.659 118.865 116.256 112.922 108.972 104.524 99.700 94.616 89.381 84.092 78.830 73.663 68.643 63.812 59.197 54.817 50.684 46.800 43.166 39.719 36.292 32.768 29.150 25.444 21.663 18.427 14.384 87.98 53.81 31.86 16.21 
122.545 121.624 119.816 117.186 113.826 109.844 105.361 100.497 95.373 90.096 84.765 79.461 74.252 69.193 64.322 59.671 55.256 51.089 47.175 43.511 40.037 36.582 33.030 29.383 25.648 21.836 18.574 14.499 88.68 54.24 32.12 16.34 
123.429 122.501 120.680 118.032 114.647 110.637 106.121 101.222 96.061 90.746 85.376 80.034 74.788 69.692 64.787 60.101 55.655 51.458 47.515 43.825 40.326 36.846 33.269 29.595 25.833 21.993 18.709 14.603 89.32 54.63 32.35 16.46 
124.402 123.467 121.631 118.962 115.550 111.508 106.957 102.020 96.818 91.461 86.049 80.665 75.377 70.241 65.297 60.575 56.093 51.863 47.889 44.170 40.644 37.136 33.531 29.828 26.036 22.167 18.856 14.718 90.03 55.06 32.60 16.59 
125.109 124.169 122.323 119.638 116.207 112.142 107.565 102.600 97.368 91.982 86.538 81.123 75.806 70.640 65.668 60.919 56.412 52.158 48.162 44.422 40.875 37.347 33.722 29.998 26.184 22.293 18.963 14.802 90.54 55.37 32.79 16.68 
125.640 124.695 122.841 120.145 116.700 112.618 108.021 103.035 97.781 92.372 86.905 81.467 76.127 70.940 65.947 61.177 56.651 52.379 48.366 44.610 41.048 37.506 33.865 30.125 26.295 22.387 19.044 14.865 90.92 55.61 32.93 16.75 
126.435 125.485 123.619 120.906 117.439 113.331 108.705 103.688 98.401 92.957 87.456 81.983 76.609 71.389 66.364 61.565 57.010 52.711 48.672 44.892 41.308 37.743 34.079 30.316 26.462 22.529 19.164 14.959 91.50 55.96 33.14 16.86 
127.408 126.450 124.570 121.836 118.343 114.203 109.542 104.485 99.158 93.672 88.128 82.614 77.199 71.938 66.875 62.038 57.449 53.117 49.047 45.238 41.626 38.034 34.341 30.549 26.666 22.702 19.312 15.074 92.20 56.39 33.39 16.99 
128.381 127.416 125.521 122.766 119.246 115.075 110.378 105.283 99.914 94.387 88.801 83.245 77.788 72.487 67.385 62.512 57.887 53.522 49.421 45.583 41.944 38.324 34.603 30.782 26.869 22.876 19.459 15.189 92.90 56.82 33.65 17.12 
129.265 128.293 126.386 123.612 120.067 115.867 111.138 106.008 100.603 95.037 89.413 83.818 78.324 72.987 67.849 62.943 58.286 53.891 49.761 45.897 42.232 38.588 34.842 30.994 27.054 23.033 19.593 15.294 93.54 57.21 33.88 17.24 
130.237 129.258 127.337 124.542 120.971 116.739 111.974 106.806 101.360 95.752 90.085 84.449 78.913 73.536 68.360 63.416 58.724 54.296 50.136 46.242 42.550 38.878 35.104 31.227 27.258 23.207 19.740 15.409 94.25 57.64 34.13 17.37 
131.210 130.224 128.288 125.472 121.874 117.611 112.810 107.603 102.116 96.467 90.758 85.079 79.502 74.085 68.870 63.890 59.163 54.702 50.510 46.588 42.868 39.169 35.366 31.460 27.461 23.380 19.888 15.524 94.95 58.07 34.39 17.49 
131.740 130.750 128.806 125.979 122.367 118.086 113.266 108.038 102.529 96.857 91.125 85.423 79.824 74.384 69.149 64.148 59.402 54.923 50.714 46.776 43.041 39.327 35.509 31.588 27.572 23.474 19.968 15.587 95.34 58.31 34.53 17.57 
132.359 131.364 129.411 126.571 122.942 118.641 113.799 108.546 103.011 97.312 91.553 85.824 80.199 74.734 69.474 64.449 59.681 55.181 50.953 46.996 43.243 39.512 35.676 31.736 27.702 23.585 20.062 15.660 95.78 58.58 34.69 17.65 
133.332 132.330 130.362 127.501 123.845 119.513 114.635 109.343 103.768 98.027 92.226 86.455 80.788 75.283 69.984 64.923 60.120 55.586 51.327 47.341 43.561 39.802 35.938 31.969 27.905 23.758 20.209 15.775 96.49 59.01 34.94 17.78 
134.216 133.207 131.227 128.347 124.666 120.305 115.395 110.069 104.456 98.677 92.838 87.028 81.324 75.782 70.448 65.353 60.518 55.955 51.667 47.655 43.850 40.066 36.176 32.181 28.090 23.915 20.343 15.880 97.13 59.40 35.18 17.90 
135.189 134.172 132.178 129.277 125.570 121.177 116.231 110.866 105.213 99.392 93.510 87.659 81.913 76.331 70.959 65.827 60.957 56.360 52.042 48.000 44.168 40.356 36.438 32.414 28.294 24.089 20.491 15.995 97.83 59.83 35.43 18.03 
136.161 135.138 133.129 130.207 126.473 122.049 117.067 111.664 105.970 100.107 94.183 88.290 82.502 76.881 71.469 66.301 61.395 56.766 52.416 48.346 44.486 40.647 36.700 32.647 28.498 24.262 20.638 16.110 98.54 60.26 35.69 18.15 
137.045 136.015 133.993 131.052 127.294 122.842 117.828 112.389 106.658 100.757 94.795 88.863 83.038 77.380 71.933 66.731 61.794 57.134 52.757 48.660 44.774 40.911 36.939 32.859 28.683 24.420 20.772 16.214 99.18 60.65 35.92 18.27 
138.018 136.980 134.944 131.982 128.198 123.713 118.664 113.186 107.415 101.472 95.467 89.494 83.627 77.929 72.444 67.205 62.233 57.540 53.131 49.005 45.092 41.201 37.201 33.093 28.886 24.593 20.920 16.329 99.88 61.09 36.17 18.40 
138.990 137.946 135.895 132.912 129.101 124.585 119.500 113.984 108.172 102.187 96.140 90.124 84.217 78.478 72.954 67.678 62.671 57.945 53.505 49.350 45.410 41.491 37.463 33.326 29.090 24.766 21.067 16.444 100.58 61.52 36.43 18.53 
139.875 138.823 136.759 133.758 129.922 125.378 120.260 114.709 108.860 102.837 96.752 90.698 84.752 78.977 73.419 68.109 63.070 58.314 53.846 49.664 45.699 41.755 37.701 33.538 29.275 24.924 21.201 16.549 101.22 61.91 36.66 18.65 
140.494 139.437 137.365 134.350 130.497 125.932 120.792 115.217 109.342 103.292 97.180 91.099 85.127 79.327 73.743 68.410 63.349 58.572 54.084 49.884 45.901 41.940 37.868 33.686 29.404 25.034 21.295 16.622 101.67 62.18 36.82 18.73 
141.112 140.052 137.970 134.942 131.072 126.487 121.324 115.724 109.823 103.747 97.608 91.500 85.502 79.676 74.068 68.712 63.628 58.830 54.322 50.104 46.103 42.125 38.035 33.835 29.534 25.144 21.389 16.695 102.12 62.45 36.98 18.82 
141.997 140.929 138.834 135.787 131.893 127.280 122.084 116.449 110.511 104.397 98.219 92.074 86.038 80.175 74.532 69.142 64.027 59.199 54.663 50.418 46.392 42.389 38.273 34.047 29.719 25.302 21.523 16.800 102.76 62.85 37.21 18.93 
142.881 141.807 139.699 136.633 132.715 128.072 122.845 117.174 111.200 105.047 98.831 92.647 86.574 80.675 74.996 69.573 64.425 59.567 55.003 50.732 46.681 42.653 38.512 34.259 29.904 25.459 21.657 16.905 103.40 63.24 37.45 19.05 
143.853 142.772 140.650 137.563 133.618 128.944 123.681 117.972 111.956 105.762 99.504 93.277 87.163 81.224 75.507 70.046 64.864 59.973 55.377 51.077 46.999 42.943 38.774 34.492 30.107 25.633 21.804 17.020 104.10 63.67 37.70 19.18 
144.826 143.737 141.600 138.493 134.521 129.816 124.517 118.770 112.713 106.478 100.177 93.908 87.753 81.773 76.017 70.520 65.302 60.378 55.752 51.422 47.316 43.233 39.036 34.725 30.311 25.806 21.952 17.135 104.81 64.10 37.96 19.31 
145.710 144.615 142.465 139.338 135.343 130.608 125.277 119.495 113.402 107.128 100.788 94.481 88.288 82.272 76.481 70.950 65.701 60.747 56.092 51.736 47.605 43.497 39.274 34.937 30.496 25.964 22.086 17.239 105.45 64.49 38.19 19.43 
146.683 145.580 143.416 140.268 136.246 131.480 126.113 120.292 114.158 107.843 101.461 95.112 88.878 82.821 76.992 71.424 66.140 61.152 56.467 52.081 47.923 43.787 39.536 35.170 30.700 26.137 22.233 17.355 106.15 64.92 38.44 19.56 
147.655 146.545 144.367 141.198 137.149 132.352 126.950 121.090 114.915 108.558 102.134 95.743 89.467 83.371 77.502 71.897 66.578 61.558 56.841 52.427 48.241 44.078 39.799 35.403 30.903 26.310 22.381 17.470 106.85 65.35 38.70 19.69 
148.539 147.423 145.231 142.044 137.971 133.144 127.710 121.815 115.604 109.208 102.745 96.316 90.003 83.870 77.967 72.328 66.977 61.926 57.181 52.741 48.530 44.342 40.037 35.615 31.088 26.468 22.515 17.574 107.49 65.74 38.93 19.81 
149.247 148.125 145.923 142.720 138.628 133.778 128.318 122.395 116.154 109.728 103.234 96.775 90.431 84.269 78.338 72.672 67.296 62.221 57.454 52.992 48.761 44.553 40.228 35.785 31.236 26.594 22.622 17.658 108.00 66.06 39.11 19.90 
149.866 148.739 146.528 143.312 139.203 134.333 128.850 122.903 116.636 110.183 103.663 97.176 90.806 84.619 78.663 72.974 67.575 62.479 57.692 53.212 48.963 44.738 40.394 35.933 31.366 26.704 22.716 17.731 108.45 66.33 39.28 19.98 
150.661 149.529 147.306 144.073 139.942 135.046 129.534 123.555 117.255 110.768 104.213 97.692 91.288 85.068 79.080 73.361 67.934 62.811 57.998 53.494 49.223 44.975 40.609 36.124 31.532 26.846 22.836 17.825 109.03 66.68 39.49 20.09 
151.546 150.406 148.170 144.918 140.763 135.839 130.294 124.280 117.943 111.418 104.825 98.265 91.824 85.567 79.544 73.792 68.332 63.180 58.339 53.808 49.512 45.239 40.847 36.336 31.717 27.003 22.970 17.930 109.67 67.07 39.72 20.21 
152.518 151.372 149.121 145.849 141.666 136.711 131.131 125.078 118.700 112.133 105.497 98.896 92.413 86.116 80.055 74.265 68.771 63.585 58.713 54.153 49.830 45.529 41.109 36.569 31.921 27.177 23.118 18.045 110.37 67.50 39.97 20.34 
153.491 152.337 150.072 146.779 142.570 137.583 131.967 125.876 119.457 112.848 106.170 99.527 93.003 86.665 80.565 74.739 69.209 63.991 59.087 54.499 50.147 45.820 41.371 36.803 32.125 27.350 23.265 18.160 111.08 67.93 40.23 20.47 
154.375 153.215 150.937 147.624 143.391 138.375 132.727 126.601 120.145 113.498 106.782 100.100 93.538 87.165 81.030 75.169 69.608 64.359 59.428 54.813 50.436 46.084 41.610 37.015 32.310 27.508 23.399 18.265 111.72 68.32 40.46 20.58 
155.347 154.180 151.888 148.554 144.294 139.247 133.563 127.398 120.902 114.213 107.454 100.731 94.128 87.714 81.540 75.643 70.047 64.765 59.802 55.158 50.754 46.374 41.872 37.248 32.513 27.681 23.546 18.380 112.42 68.76 40.71 20.71 
156.320 155.145 152.839 149.484 145.198 140.119 134.399 128.196 121.659 114.928 108.127 101.361 94.717 88.263 82.051 76.117 70.485 65.170 60.177 55.503 51.072 46.664 42.134 37.481 32.717 27.854 23.694 18.495 113.12 69.19 40.97 20.84 
157.204 156.023 153.703 150.330 146.019 140.911 135.160 128.921 122.347 115.578 108.739 101.934 95.253 88.762 82.515 76.547 70.884 65.539 60.517 55.817 51.361 46.928 42.372 37.693 32.902 28.012 23.828 18.599 113.76 69.58 41.20 20.96 
158.000 156.812 154.481 151.091 146.758 141.624 135.844 129.573 122.966 116.163 109.289 102.450 95.735 89.211 82.932 76.935 71.243 65.870 60.823 56.100 51.621 47.166 42.587 37.884 33.068 28.153 23.948 18.694 114.34 69.93 41.41 21.07 
158.619 157.427 155.086 151.682 147.333 142.179 136.376 130.081 123.448 116.618 109.717 102.852 96.110 89.561 83.257 77.236 71.522 66.128 61.062 56.320 51.823 47.351 42.754 38.032 33.198 28.264 24.042 18.767 114.79 70.20 41.57 21.15 
159.326 158.129 155.778 152.359 147.990 142.813 136.984 130.661 123.999 117.138 110.206 103.310 96.538 89.960 83.628 77.580 71.841 66.423 61.334 56.571 52.054 47.562 42.944 38.202 33.346 28.390 24.150 18.850 115.30 70.52 41.76 21.24 
160.210 159.006 156.642 153.204 148.811 143.606 137.744 131.386 124.687 117.788 110.818 103.884 97.074 90.460 84.093 78.011 72.239 66.792 61.674 56.885 52.343 47.826 43.183 38.414 33.531 28.547 24.284 18.955 115.94 70.91 41.99 21.36 
161.183 159.971 157.593 154.134 149.715 144.478 138.580 132.184 125.444 118.503 111.491 104.514 97.663 91.009 84.603 78.484 72.678 67.197 62.049 57.230 52.661 48.116 43.445 38.647 33.734 28.721 24.431 19.070 116.64 71.34 42.24 21.49 
162.156 160.937 158.544 155.064 150.618 145.349 139.417 132.981 126.200 119.218 112.163 105.145 98.253 91.558 85.114 78.958 73.116 67.603 62.423 57.575 52.978 48.406 43.707 38.880 33.938 28.894 24.578 19.185 117.35 71.77 42.50 21.62 
163.040 161.814 159.409 155.910 151.439 146.142 140.177 133.707 126.889 119.868 112.775 105.718 98.789 92.057 85.578 79.389 73.515 67.972 62.763 57.889 53.267 48.670 43.945 39.092 34.123 29.051 24.712 19.290 117.99 72.16 42.73 21.74 
164.012 162.779 160.360 156.840 152.343 147.014 141.013 134.504 127.646 120.584 113.448 106.349 99.378 92.606 86.088 79.862 73.954 68.377 63.138 58.235 53.585 48.961 44.207 39.325 34.327 29.225 24.860 19.405 118.69 72.59 42.98 21.87 
164.985 163.745 161.310 157.770 153.246 147.885 141.849 135.302 128.402 121.299 114.121 106.980 99.967 93.155 86.599 80.336 74.392 68.782 63.512 58.580 53.903 49.251 44.470 39.559 34.530 29.398 25.007 19.520 119.39 73.02 43.24 22.00 
165.869 164.622 162.175 158.616 154.067 148.678 142.609 136.027 129.091 121.949 114.732 107.553 100.503 93.655 87.063 80.766 74.791 69.151 63.852 58.894 54.192 49.515 44.708 39.771 34.715 29.556 25.141 19.625 120.03 73.41 43.47 22.12 
166.753 165.500 163.039 159.461 154.889 149.470 143.369 136.752 129.779 122.599 115.344 108.126 101.039 94.154 87.527 81.197 75.190 69.520 64.193 59.208 54.480 49.779 44.946 39.983 34.900 29.713 25.275 19.729 120.67 73.80 43.70 22.23 
167.372 166.114 163.645 160.053 155.463 150.025 143.902 137.259 130.260 123.054 115.772 108.528 101.414 94.503 87.852 81.498 75.469 69.778 64.431 59.428 54.683 49.964 45.113 40.131 35.030 29.823 25.369 19.802 121.12 74.08 43.86 22.32 
167.991 166.728 164.250 160.645 156.038 150.580 144.434 137.767 130.742 123.509 116.200 108.929 101.789 94.853 88.176 81.799 75.748 70.036 64.669 59.647 54.885 50.148 45.280 40.279 35.159 29.934 25.463 19.876 121.57 74.35 44.03 22.40 
168.875 167.606 165.114 161.490 156.860 151.373 145.194 138.492 131.430 124.159 116.811 109.502 102.324 95.352 88.641 82.230 76.146 70.404 65.010 59.961 55.174 50.412 45.518 40.491 35.344 30.091 25.597 19.980 122.21 74.74 44.26 22.52 
169.848 168.571 166.065 162.420 157.763 152.244 146.030 139.290 132.187 124.874 117.484 110.133 102.914 95.901 89.151 82.704 76.585 70.810 65.384 60.307 55.491 50.703 45.780 40.725 35.548 30.265 25.744 20.095 122.91 75.17 44.51 22.65 
170.820 169.536 167.016 163.350 158.666 153.116 146.866 140.087 132.944 125.589 118.157 110.763 103.503 96.450 89.662 83.177 77.023 71.215 65.759 60.652 55.809 50.993 46.042 40.958 35.751 30.438 25.892 20.210 123.62 75.60 44.77 22.78 
171.705 170.414 167.880 164.196 159.488 153.909 147.626 140.812 133.632 126.239 118.769 111.337 104.039 96.949 90.126 83.608 77.422 71.584 66.099 60.966 56.098 51.257 46.281 41.170 35.937 30.595 26.026 20.315 124.26 75.99 45.00 22.89 
172.677 171.379 168.831 165.126 160.391 154.780 148.463 141.610 134.389 126.954 119.441 111.967 104.628 97.499 90.636 84.081 77.861 71.989 66.473 61.311 56.416 51.547 46.543 41.403 36.140 30.769 26.173 20.430 124.96 76.43 45.26 23.02 
173.650 172.344 169.782 166.056 161.294 155.652 149.299 142.408 135.146 127.669 120.114 112.598 105.217 98.048 91.147 84.555 78.299 72.395 66.848 61.656 56.734 51.838 46.805 41.636 36.344 30.942 26.321 20.545 125.66 76.86 45.51 23.15 
174.534 173.222 170.647 166.901 162.116 156.445 150.059 143.133 135.834 128.319 120.726 113.171 105.753 98.547 91.611 84.985 78.698 72.763 67.188 61.970 57.022 52.102 47.043 41.848 36.529 31.100 26.455 20.650 126.30 77.25 45.74 23.27 
175.506 174.187 171.598 167.832 163.019 157.316 150.895 143.930 136.591 129.034 121.398 113.802 106.342 99.096 92.121 85.459 79.136 73.169 67.562 62.316 57.340 52.392 47.306 42.081 36.732 31.273 26.602 20.765 127.01 77.68 46.00 23.40 
176.125 174.801 172.203 168.423 163.594 157.871 151.427 144.438 137.073 129.489 121.826 114.203 106.717 99.446 92.446 85.760 79.415 73.427 67.801 62.535 57.542 52.577 47.472 42.230 36.862 31.383 26.696 20.838 127.46 77.95 46.16 23.48 
176.656 175.328 172.721 168.931 164.087 158.347 151.883 144.873 137.486 129.879 122.193 114.547 107.039 99.745 92.725 86.019 79.655 73.648 68.005 62.724 57.716 52.735 47.615 42.357 36.973 31.478 26.776 20.901 127.84 78.19 46.30 23.55 
177.540 176.205 173.586 169.776 164.908 159.139 152.644 145.598 138.174 130.529 122.805 115.121 107.574 100.244 93.189 86.449 80.053 74.017 68.345 63.038 58.005 52.999 47.854 42.569 37.158 31.635 26.910 21.005 128.48 78.58 46.53 23.67 
178.513 177.171 174.537 170.706 165.811 160.011 153.480 146.396 138.931 131.244 123.478 115.751 108.164 100.793 93.699 86.923 80.492 74.422 68.720 63.383 58.322 53.289 48.116 42.802 37.361 31.809 27.058 21.120 129.18 79.01 46.78 23.80 
179.485 178.136 175.488 171.636 166.715 160.883 154.316 147.193 139.688 131.959 124.150 116.382 108.753 101.343 94.210 87.396 80.930 74.828 69.094 63.728 58.640 53.580 48.378 43.035 37.565 31.982 27.205 21.235 129.89 79.44 47.04 23.93 
180.369 179.014 176.352 172.482 167.536 161.675 155.076 147.918 140.376 132.609 124.762 116.955 109.289 101.842 94.674 87.827 81.329 75.196 69.434 64.042 58.929 53.844 48.616 43.247 37.750 32.139 27.339 21.340 130.53 79.83 47.27 24.05 
180.900 179.540 176.871 172.989 168.029 162.151 155.532 148.353 140.789 132.999 125.129 117.299 109.610 102.141 94.952 88.085 81.568 75.417 69.639 64.231 59.102 54.002 48.759 43.375 37.861 32.234 27.419 21.403 130.91 80.06 47.41 24.12 
