0 0 0 0 1.04169e-05 7.0851e-06 3.45277e-06 1.97179e-06 1.29751e-06 8.12643e-07 5.21069e-07 4.39539e-07 0 0 0 0 0 0 0
6.41055e-05 6.41055e-05 3.77665e-05 2.48917e-05 1.55142e-05 1.01644e-05 5.98729e-06 4.47106e-06 2.57327e-06 1.65583e-06 1.18412e-06 7.62716e-07 4.11486e-07 2.75138e-07 2.2617e-07 0 0 0 0
0.000106981 0.000106981 6.75986e-05 4.39621e-05 2.8876e-05 1.92157e-05 1.20511e-05 8.21195e-06 5.58752e-06 3.8293e-06 2.42651e-06 1.43422e-06 1.07732e-06 7.57427e-07 4.00963e-07 3.85561e-07 2.10408e-07 2.06579e-07 1.65067e-07
0.000186173 0.000186173 0.000113704 8.0048e-05 5.35935e-05 3.60206e-05 2.41339e-05 1.66962e-05 1.05307e-05 7.16253e-06 3.99943e-06 2.81461e-06 2.09285e-06 1.22785e-06 1.12699e-06 6.95595e-07 3.44666e-07 2.4328e-07 4.53805e-07
0.000259151 0.000259151 0.000167139 0.000116368 8.06327e-05 5.54382e-05 3.69251e-05 2.44325e-05 1.80451e-05 1.06238e-05 7.54182e-06 4.74617e-06 3.49052e-06 2.08107e-06 1.35571e-06 1.11385e-06 6.06968e-07 5.35681e-07 4.64625e-07
0.000338283 0.000338283 0.000232531 0.000167013 0.000119032 8.02514e-05 5.40997e-05 3.71662e-05 2.57748e-05 1.62543e-05 1.11141e-05 7.31538e-06 5.21127e-06 3.16344e-06 2.74217e-06 2.25833e-06 1.09619e-06 7.69602e-07 7.48441e-07
0.000458306 0.000458306 0.000329581 0.000242296 0.00017689 0.000119708 7.9648e-05 5.53821e-05 3.92938e-05 2.65461e-05 1.72514e-05 1.28871e-05 8.68546e-06 5.32072e-06 5.09479e-06 2.82754e-06 2.15726e-06 1.46387e-06 1.41249e-06
0.000641789 0.000641789 0.000496637 0.000358111 0.000257986 0.000182171 0.000123549 8.63902e-05 5.99267e-05 3.83196e-05 2.89796e-05 2.01147e-05 1.39902e-05 1.04614e-05 6.69897e-06 4.92296e-06 3.20188e-06 2.8376e-06 1.8316e-06
0.000901178 0.000901178 0.000730147 0.000548701 0.000388954 0.000279802 0.000198241 0.000137335 9.87215e-05 6.84092e-05 4.84553e-05 3.19036e-05 2.32472e-05 1.65942e-05 1.2378e-05 8.88643e-06 5.72947e-06 4.92052e-06 3.08615e-06
0.00133804 0.00133804 0.00115398 0.000870244 0.000621144 0.000462982 0.000332914 0.000230478 0.000162129 0.000118771 8.03863e-05 5.65533e-05 4.36531e-05 2.94137e-05 2.24036e-05 1.7869e-05 1.17343e-05 9.49663e-06 7.15003e-06
0.00204948 0.00204948 0.00189352 0.00143658 0.00104873 0.000772498 0.000550745 0.000396343 0.000290628 0.000213597 0.00015653 0.000108865 8.48056e-05 6.13595e-05 4.68353e-05 3.92003e-05 2.86936e-05 2.38083e-05 1.87514e-05
0.00298876 0.00298876 0.00296063 0.00225681 0.00166062 0.00123318 0.000908371 0.000671423 0.000483246 0.000365001 0.000280074 0.000201985 0.000159967 0.000128292 0.000101657 8.35071e-05 7.50964e-05 5.89237e-05 5.03306e-05
0.00443296 0.00443296 0.00481976 0.00349831 0.00261662 0.00195546 0.00211829 0.00170831 0.00139417 0.00116364 0.000982658 0.000853974 0.00074493 0.000690484 0.000592507 0.000533603 0.000481528 0.000444415 0.000417535
0.0101209 0.0101209 0.0120926 0.00695758 0.00487591 0.003866 0 0 0 0 0 0 0 0 0 0 0 0 0