0 0 0 0 7.13881e-06 4.36795e-06 3.38345e-06 1.3488e-06 1.09062e-06 6.95122e-07 1.02265e-06 2.08338e-07 0 0 0 0 0 0 0
4.90809e-05 4.90809e-05 2.98646e-05 2.01822e-05 1.16861e-05 8.74001e-06 4.73107e-06 2.96299e-06 1.91818e-06 1.29249e-06 9.17852e-07 5.28536e-07 4.04551e-07 1.86693e-07 1.68977e-07 0 0 0 0
8.18763e-05 8.18763e-05 5.30274e-05 3.39795e-05 2.17837e-05 1.32876e-05 8.77963e-06 5.70792e-06 3.89239e-06 2.48827e-06 2.24001e-06 8.61296e-07 6.84139e-07 4.07136e-07 2.24442e-07 6.06341e-07 2.17533e-07 1.28277e-07 1.95167e-07
0.000150183 0.000150183 9.33663e-05 6.1219e-05 4.12833e-05 2.68744e-05 1.83797e-05 1.1456e-05 7.064e-06 4.97222e-06 3.16566e-06 2.45888e-06 1.63586e-06 1.04798e-06 6.12064e-07 3.77065e-07 3.03202e-07 2.03016e-07 1.76588e-07
0.000197159 0.000197159 0.000131559 9.20889e-05 6.20364e-05 4.32983e-05 2.86049e-05 1.85217e-05 1.33494e-05 8.96186e-06 6.1301e-06 3.46284e-06 2.25568e-06 1.81668e-06 1.24443e-06 7.83383e-07 6.44456e-07 6.02248e-07 2.65023e-07
0.000277126 0.000277126 0.000192471 0.000132399 9.78929e-05 6.24279e-05 4.29971e-05 3.13023e-05 2.10283e-05 1.30427e-05 9.14407e-06 6.22866e-06 3.91093e-06 2.85732e-06 2.20171e-06 1.81617e-06 1.38505e-06 1.26317e-06 6.01188e-07
0.00037762 0.00037762 0.00026336 0.000187376 0.000132562 9.40212e-05 6.41114e-05 4.40068e-05 2.83479e-05 1.90327e-05 1.36684e-05 9.06711e-06 6.56536e-06 4.74323e-06 3.27319e-06 2.12624e-06 1.62384e-06 1.01539e-06 9.40781e-07
0.000518705 0.000518705 0.000392791 0.00028284 0.000208286 0.000141732 9.5607e-05 6.71323e-05 4.69692e-05 2.96149e-05 1.98559e-05 1.48252e-05 1.15107e-05 7.31413e-06 4.52753e-06 2.94406e-06 2.89987e-06 1.66177e-06 1.57329e-06
0.000742 0.000742 0.000597508 0.000432557 0.000308914 0.000215585 0.000159913 0.000112334 7.37817e-05 5.95234e-05 3.32454e-05 2.55701e-05 1.99843e-05 1.38419e-05 9.14924e-06 7.22134e-06 4.76832e-06 3.67155e-06 2.57449e-06
0.00111619 0.00111619 0.000939271 0.000702459 0.000508214 0.000362243 0.000265904 0.000183685 0.000134428 9.22114e-05 6.42866e-05 4.54858e-05 3.31561e-05 2.35836e-05 1.87642e-05 1.40304e-05 9.60822e-06 6.8192e-06 6.03673e-06
0.00170819 0.00170819 0.0015618 0.00116921 0.000867079 0.000642795 0.000447157 0.000329993 0.000230796 0.000169917 0.000122783 9.0673e-05 6.84071e-05 5.02039e-05 3.84228e-05 3.00036e-05 2.44637e-05 1.84054e-05 1.58614e-05
0.00248414 0.00248414 0.00247299 0.0018046 0.00136495 0.000986899 0.000753882 0.000535137 0.000397247 0.000302302 0.000220461 0.000179427 0.000131723 0.000104264 8.66996e-05 7.02749e-05 5.95469e-05 4.73914e-05 4.22979e-05
0.00395864 0.00395864 0.00397347 0.00284622 0.00217326 0.001595 0.00179279 0.00146422 0.00120687 0.001019 0.000882959 0.000754963 0.000660849 0.000593096 0.000535623 0.00048851 0.000433377 0.000399182 0.00037423
0.00889222 0.00889222 0.00992053 0.00579247 0.00409976 0.00327175 0 0 0 0 0 0 0 0 0 0 0 0 0