4.42891e-05 3.24815e-05 1.70582e-05 1.5828e-05 1.23113e-05 8.97944e-06 5.72589e-06 4.30669e-06 3.43581e-06 2.38427e-06 1.6892e-06 1.26579e-06 9.89438e-07 6.94427e-07 4.23473e-07 3.12201e-07 1.75483e-07
4.48954e-05 3.295e-05 1.72684e-05 1.5893e-05 1.28701e-05 8.44538e-06 6.29671e-06 4.72916e-06 3.33702e-06 2.71068e-06 1.90528e-06 1.18223e-06 8.68806e-07 6.79163e-07 3.75605e-07 2.71522e-07 1.53558e-07
4.46033e-05 3.33904e-05 1.76648e-05 1.66658e-05 1.22217e-05 8.60439e-06 6.50307e-06 4.40499e-06 3.10959e-06 2.50961e-06 1.73991e-06 1.17282e-06 9.63207e-07 6.11819e-07 3.49059e-07 3.35805e-07 2.20717e-07
4.61201e-05 3.40321e-05 1.79039e-05 1.76353e-05 1.27056e-05 8.80679e-06 6.33414e-06 4.3462e-06 3.14496e-06 2.4346e-06 1.69154e-06 1.29148e-06 9.53506e-07 6.64976e-07 4.74449e-07 3.62548e-07 2.36377e-07
4.79034e-05 3.51926e-05 1.8139e-05 1.76906e-05 1.29173e-05 8.79219e-06 6.63982e-06 4.5221e-06 3.46777e-06 2.55615e-06 1.84214e-06 1.46536e-06 8.05724e-07 6.64561e-07 5.12703e-07 3.89826e-07 1.8114e-07
4.8201e-05 3.52999e-05 1.81918e-05 1.71523e-05 1.27274e-05 8.93795e-06 6.27953e-06 4.7352e-06 3.28634e-06 2.48314e-06 1.74704e-06 1.1231e-06 7.99162e-07 6.18401e-07 5.26513e-07 3.41041e-07 2.08949e-07
4.8453e-05 3.52852e-05 1.8199e-05 1.7164e-05 1.24968e-05 8.93942e-06 6.33654e-06 4.77596e-06 3.56147e-06 2.49523e-06 1.69155e-06 1.09681e-06 8.40612e-07 6.01925e-07 3.66122e-07 3.44664e-07 1.73401e-07
5.12706e-05 3.75715e-05 1.94351e-05 1.83427e-05 1.31766e-05 9.26649e-06 6.72408e-06 4.73485e-06 3.59328e-06 2.53398e-06 1.83335e-06 1.22526e-06 9.63443e-07 5.89203e-07 3.92712e-07 3.55737e-07 1.595e-07
5.2383e-05 3.79913e-05 1.97756e-05 1.89182e-05 1.39149e-05 9.48083e-06 7.14829e-06 4.94309e-06 3.73567e-06 2.6633e-06 1.76252e-06 1.26785e-06 8.56816e-07 6.05524e-07 4.93488e-07 3.55273e-07 1.93231e-07
5.48702e-05 4.03048e-05 1.98688e-05 1.96464e-05 1.49381e-05 9.78674e-06 7.10942e-06 4.97415e-06 3.65125e-06 2.66152e-06 1.98699e-06 1.31382e-06 9.95575e-07 5.99048e-07 4.29247e-07 3.8819e-07 1.95849e-07
5.65197e-05 4.15379e-05 2.16104e-05 2.08492e-05 1.45711e-05 1.00685e-05 7.19696e-06 5.03311e-06 3.86353e-06 2.83149e-06 1.87651e-06 1.37855e-06 1.03318e-06 7.29102e-07 4.91911e-07 3.43894e-07 2.31883e-07
5.79474e-05 4.35574e-05 2.17582e-05 2.15325e-05 1.48483e-05 1.08308e-05 7.55519e-06 5.55476e-06 4.02192e-06 2.90108e-06 2.23819e-06 1.37248e-06 1.07526e-06 8.06166e-07 5.28017e-07 3.93598e-07 2.81463e-07
6.3406e-05 4.66628e-05 2.3109e-05 2.31809e-05 1.57803e-05 1.14566e-05 8.07037e-06 5.89325e-06 4.3466e-06 3.10039e-06 2.40026e-06 1.74403e-06 1.26646e-06 9.81996e-07 7.52011e-07 5.96695e-07 3.59599e-07
6.9556e-05 5.08009e-05 2.57974e-05 2.51238e-05 1.80224e-05 1.31075e-05 9.26674e-06 6.64545e-06 5.28134e-06 4.31566e-06 3.12003e-06 2.49189e-06 2.21486e-06 1.72403e-06 1.4011e-06 8.95008e-07 4.55982e-07
8.39687e-05 6.45015e-05 3.27216e-05 3.12151e-05 2.38377e-05 1.7129e-05 1.32806e-05 1.06585e-05 8.93125e-06 7.61383e-06 6.17954e-06 5.32007e-06 4.01683e-06 3.22362e-06 2.55004e-06 0 0
0 0.000102114 5.38343e-05 5.00533e-05 3.99581e-05 3.09626e-05 2.39399e-05 1.92978e-05 1.44186e-05 1.31834e-05 0 0 0 0 0 0 0