3.53787e-05 2.58515e-05 1.2848e-05 1.2864e-05 9.64444e-06 6.45818e-06 4.79736e-06 3.41728e-06 2.59323e-06 1.58431e-06 1.30303e-06 7.61866e-07 6.44677e-07 4.22318e-07 3.28374e-07 2.97656e-07 1.3907e-07
3.59083e-05 2.60184e-05 1.32455e-05 1.25681e-05 9.37084e-06 6.55382e-06 4.934e-06 3.46447e-06 2.65981e-06 1.74204e-06 1.3328e-06 8.21662e-07 6.35585e-07 4.86917e-07 3.73656e-07 2.3448e-07 1.07683e-07
3.57922e-05 2.62232e-05 1.35456e-05 1.30479e-05 9.60705e-06 6.68494e-06 4.54008e-06 3.15014e-06 2.3273e-06 1.70458e-06 1.13788e-06 7.96998e-07 5.36116e-07 4.42877e-07 3.42383e-07 2.32391e-07 1.4908e-07
3.55271e-05 2.63199e-05 1.39277e-05 1.3087e-05 1.0037e-05 7.76187e-06 4.85163e-06 3.52761e-06 2.28208e-06 1.97107e-06 1.21134e-06 1.12685e-06 6.73946e-07 4.87044e-07 3.11431e-07 2.08334e-07 1.04354e-07
3.63798e-05 2.64014e-05 1.33124e-05 1.2773e-05 9.48904e-06 6.7491e-06 4.33501e-06 3.28955e-06 2.27841e-06 1.85535e-06 1.33245e-06 1.11958e-06 6.06707e-07 4.89362e-07 3.15209e-07 2.78913e-07 1.93676e-07
3.77203e-05 2.74144e-05 1.4066e-05 1.2903e-05 1.00778e-05 6.08337e-06 4.63663e-06 3.34757e-06 2.46333e-06 1.91603e-06 1.25442e-06 8.80815e-07 5.5822e-07 5.2976e-07 3.39634e-07 2.01953e-07 1.23844e-07
3.87882e-05 2.78377e-05 1.38922e-05 1.39029e-05 1.00466e-05 6.95259e-06 5.08441e-06 3.45066e-06 2.56447e-06 1.86994e-06 1.28369e-06 8.6143e-07 6.86286e-07 5.19663e-07 3.5197e-07 2.2338e-07 1.17943e-07
3.85593e-05 2.92202e-05 1.49804e-05 1.42121e-05 1.08833e-05 7.63144e-06 5.08573e-06 3.59211e-06 2.46552e-06 1.72362e-06 1.31109e-06 9.14263e-07 7.74606e-07 5.40967e-07 3.11336e-07 2.68741e-07 1.20032e-07
3.97757e-05 2.95458e-05 1.4639e-05 1.43067e-05 9.92365e-06 7.28171e-06 5.35726e-06 3.74737e-06 2.7904e-06 1.93571e-06 1.39097e-06 8.84362e-07 6.83933e-07 5.23401e-07 3.45781e-07 2.74624e-07 1.28758e-07
4.35799e-05 3.14072e-05 1.50622e-05 1.4817e-05 1.09392e-05 7.25632e-06 5.16203e-06 3.68816e-06 2.66947e-06 1.96757e-06 1.38411e-06 9.65685e-07 6.80957e-07 6.14463e-07 2.97165e-07 2.36135e-07 1.40098e-07
4.47344e-05 3.28098e-05 1.6674e-05 1.61685e-05 1.23441e-05 8.19935e-06 5.73859e-06 4.41366e-06 3.1211e-06 2.09579e-06 1.52144e-06 1.05137e-06 8.69124e-07 4.66642e-07 3.47937e-07 3.86695e-07 1.61117e-07
4.71304e-05 3.36924e-05 1.70211e-05 1.68184e-05 1.26389e-05 8.684e-06 6.07741e-06 4.4277e-06 3.2464e-06 2.39374e-06 1.67547e-06 1.1783e-06 9.20751e-07 7.0725e-07 4.13827e-07 2.91506e-07 2.33848e-07
5.09181e-05 3.67473e-05 1.85662e-05 1.88148e-05 1.39745e-05 9.86884e-06 6.60273e-06 5.17056e-06 3.5825e-06 2.7506e-06 1.95136e-06 1.4305e-06 9.73878e-07 7.18541e-07 5.07144e-07 3.92626e-07 3.00192e-07
5.60976e-05 4.12233e-05 2.04658e-05 2.02256e-05 1.48905e-05 1.08552e-05 7.5399e-06 6.04661e-06 4.49957e-06 3.58494e-06 2.56921e-06 1.98386e-06 1.5032e-06 1.18719e-06 1.08214e-06 6.88679e-07 4.80417e-07
6.86385e-05 5.32944e-05 2.65607e-05 2.59258e-05 1.86659e-05 1.43189e-05 1.08786e-05 8.77661e-06 7.35819e-06 6.30938e-06 4.97031e-06 3.86039e-06 3.5213e-06 2.60896e-06 1.92918e-06 0 0
0 8.48758e-05 4.44216e-05 4.12035e-05 3.25757e-05 2.51825e-05 1.9729e-05 1.57242e-05 1.23713e-05 1.02955e-05 0 0 0 0 0 0 0