# converted LUT from .lut file
# anything after # is ignored with the exception of the header
# ## denotes original file comments
## Auto-generated Memory-Initialization .lut file for MicroGMT emulator-tests
## LUT:        IdxSelMemPhiB
## Function:   
## Version:    1
## Generated:  2014-08-05
# input width determined to be 10 from CONTENT_VECTOR length
# output width determined to be 4 from maximal value in CONTENT_VECTOR
#<header> V1 10 4 </header>
0 0
1 0
2 0
3 0
4 0
5 0
6 0
7 0
8 0
9 0
10 0
11 0
12 0
13 0
14 0
15 0
16 0
17 0
18 0
19 0
20 0
21 0
22 0
23 0
24 0
25 0
26 0
27 0
28 0
29 1
30 1
31 1
32 1
33 1
34 1
35 1
36 1
37 1
38 1
39 1
40 1
41 1
42 1
43 1
44 1
45 1
46 1
47 1
48 1
49 1
50 1
51 1
52 1
53 1
54 1
55 1
56 1
57 2
58 2
59 2
60 2
61 2
62 2
63 2
64 2
65 2
66 2
67 2
68 2
69 2
70 2
71 2
72 2
73 2
74 2
75 2
76 2
77 2
78 2
79 2
80 2
81 2
82 2
83 2
84 2
85 2
86 3
87 3
88 3
89 3
90 3
91 3
92 3
93 3
94 3
95 3
96 3
97 3
98 3
99 3
100 3
101 3
102 3
103 3
104 3
105 3
106 3
107 3
108 3
109 3
110 3
111 3
112 3
113 3
114 4
115 4
116 4
117 4
118 4
119 4
120 4
121 4
122 4
123 4
124 4
125 4
126 4
127 4
128 4
129 4
130 4
131 4
132 4
133 4
134 4
135 4
136 4
137 4
138 4
139 4
140 4
141 4
142 5
143 5
144 5
145 5
146 5
147 5
148 5
149 5
150 5
151 5
152 5
153 5
154 5
155 5
156 5
157 5
158 5
159 5
160 5
161 5
162 5
163 5
164 5
165 5
166 5
167 5
168 5
169 5
170 5
171 6
172 6
173 6
174 6
175 6
176 6
177 6
178 6
179 6
180 6
181 6
182 6
183 6
184 6
185 6
186 6
187 6
188 6
189 6
190 6
191 6
192 6
193 6
194 6
195 6
196 6
197 6
198 6
199 7
200 7
201 7
202 7
203 7
204 7
205 7
206 7
207 7
208 7
209 7
210 7
211 7
212 7
213 7
214 7
215 7
216 7
217 7
218 7
219 7
220 7
221 7
222 7
223 7
224 7
225 7
226 7
227 8
228 8
229 8
230 8
231 8
232 8
233 8
234 8
235 8
236 8
237 8
238 8
239 8
240 8
241 8
242 8
243 8
244 8
245 8
246 8
247 8
248 8
249 8
250 8
251 8
252 8
253 8
254 8
255 8
256 9
257 9
258 9
259 9
260 9
261 9
262 9
263 9
264 9
265 9
266 9
267 9
268 9
269 9
270 9
271 9
272 9
273 9
274 9
275 9
276 9
277 9
278 9
279 9
280 9
281 9
282 9
283 9
284 10
285 10
286 10
287 10
288 10
289 10
290 10
291 10
292 10
293 10
294 10
295 10
296 10
297 10
298 10
299 10
300 10
301 10
302 10
303 10
304 10
305 10
306 10
307 10
308 10
309 10
310 10
311 10
312 11
313 11
314 11
315 11
316 11
317 11
318 11
319 11
320 11
321 11
322 11
323 11
324 11
325 11
326 11
327 11
328 11
329 11
330 11
331 11
332 11
333 11
334 11
335 11
336 11
337 11
338 11
339 11
340 11
341 12
342 12
343 12
344 12
345 12
346 12
347 12
348 12
349 12
350 12
351 12
352 12
353 12
354 12
355 12
356 12
357 12
358 12
359 12
360 12
361 12
362 12
363 12
364 12
365 12
366 12
367 12
368 12
369 13
370 13
371 13
372 13
373 13
374 13
375 13
376 13
377 13
378 13
379 13
380 13
381 13
382 13
383 13
384 13
385 13
386 13
387 13
388 13
389 13
390 13
391 13
392 13
393 13
394 13
395 13
396 13
397 13
398 14
399 14
400 14
401 14
402 14
403 14
404 14
405 14
406 14
407 14
408 14
409 14
410 14
411 14
412 14
413 14
414 14
415 14
416 14
417 14
418 14
419 14
420 14
421 14
422 14
423 14
424 14
425 14
426 15
427 15
428 15
429 15
430 15
431 15
432 15
433 15
434 15
435 15
436 15
437 15
438 15
439 15
440 15
441 15
442 15
443 15
444 15
445 15
446 15
447 15
448 15
449 15
450 15
451 15
452 15
453 15
454 16
455 16
456 16
457 16
458 16
459 16
460 16
461 16
462 16
463 16
464 16
465 16
466 16
467 16
468 16
469 16
470 16
471 16
472 16
473 16
474 16
475 16
476 16
477 16
478 16
479 16
480 16
481 16
482 16
483 17
484 17
485 17
486 17
487 17
488 17
489 17
490 17
491 17
492 17
493 17
494 17
495 17
496 17
497 17
498 17
499 17
500 17
501 17
502 17
503 17
504 17
505 17
506 17
507 17
508 17
509 17
510 17
511 18
512 18
513 18
514 18
515 18
516 18
517 18
518 18
519 18
520 18
521 18
522 18
523 18
524 18
525 18
526 18
527 18
528 18
529 18
530 18
531 18
532 18
533 18
534 18
535 18
536 18
537 18
538 18
539 19
540 19
541 19
542 19
543 19
544 19
545 19
546 19
547 19
548 19
549 19
550 19
551 19
552 19
553 19
554 19
555 19
556 19
557 19
558 19
559 19
560 19
561 19
562 19
563 19
564 19
565 19
566 19
567 19
568 20
569 20
570 20
571 20
572 20
573 20
574 20
575 20
576 20
577 20
578 20
579 20
580 20
581 20
582 20
583 20
584 20
585 20
586 20
587 20
588 20
589 20
590 20
591 20
592 20
593 20
594 20
595 20
596 21
597 21
598 21
599 21
600 21
601 21
602 21
603 21
604 21
605 21
606 21
607 21
608 21
609 21
610 21
611 21
612 21
613 21
614 21
615 21
616 21
617 21
618 21
619 21
620 21
621 21
622 21
623 21
624 22
625 22
626 22
627 22
628 22
629 22
630 22
631 22
632 22
633 22
634 22
635 22
636 22
637 22
638 22
639 22
640 22
641 22
642 22
643 22
644 22
645 22
646 22
647 22
648 22
649 22
650 22
651 22
652 22
653 23
654 23
655 23
656 23
657 23
658 23
659 23
660 23
661 23
662 23
663 23
664 23
665 23
666 23
667 23
668 23
669 23
670 23
671 23
672 23
673 23
674 23
675 23
676 23
677 23
678 23
679 23
680 23
681 24
682 24
683 24
684 24
685 24
686 24
687 24
688 24
689 24
690 24
691 24
692 24
693 24
694 24
695 24
696 24
697 24
698 24
699 24
700 24
701 24
702 24
703 24
704 24
705 24
706 24
707 24
708 24
709 25
710 25
711 25
712 25
713 25
714 25
715 25
716 25
717 25
718 25
719 25
720 25
721 25
722 25
723 25
724 25
725 25
726 25
727 25
728 25
729 25
730 25
731 25
732 25
733 25
734 25
735 25
736 25
737 25
738 26
739 26
740 26
741 26
742 26
743 26
744 26
745 26
746 26
747 26
748 26
749 26
750 26
751 26
752 26
753 26
754 26
755 26
756 26
757 26
758 26
759 26
760 26
761 26
762 26
763 26
764 26
765 26
766 27
767 27
768 27
769 27
770 27
771 27
772 27
773 27
774 27
775 27
776 27
777 27
778 27
779 27
780 27
781 27
782 27
783 27
784 27
785 27
786 27
787 27
788 27
789 27
790 27
791 27
792 27
793 27
794 27
795 28
796 28
797 28
798 28
799 28
800 28
801 28
802 28
803 28
804 28
805 28
806 28
807 28
808 28
809 28
810 28
811 28
812 28
813 28
814 28
815 28
816 28
817 28
818 28
819 28
820 28
821 28
822 28
823 29
824 29
825 29
826 29
827 29
828 29
829 29
830 29
831 29
832 29
833 29
834 29
835 29
836 29
837 29
838 29
839 29
840 29
841 29
842 29
843 29
844 29
845 29
846 29
847 29
848 29
849 29
850 29
851 30
852 30
853 30
854 30
855 30
856 30
857 30
858 30
859 30
860 30
861 30
862 30
863 30
864 30
865 30
866 30
867 30
868 30
869 30
870 30
871 30
872 30
873 30
874 30
875 30
876 30
877 30
878 30
879 30
880 31
881 31
882 31
883 31
884 31
885 31
886 31
887 31
888 31
889 31
890 31
891 31
892 31
893 31
894 31
895 31
896 31
897 31
898 31
899 31
900 31
901 31
902 31
903 31
904 31
905 31
906 31
907 31
908 32
909 32
910 32
911 32
912 32
913 32
914 32
915 32
916 32
917 32
918 32
919 32
920 32
921 32
922 32
923 32
924 32
925 32
926 32
927 32
928 32
929 32
930 32
931 32
932 32
933 32
934 32
935 32
936 33
937 33
938 33
939 33
940 33
941 33
942 33
943 33
944 33
945 33
946 33
947 33
948 33
949 33
950 33
951 33
952 33
953 33
954 33
955 33
956 33
957 33
958 33
959 33
960 33
961 33
962 33
963 33
964 33
965 34
966 34
967 34
968 34
969 34
970 34
971 34
972 34
973 34
974 34
975 34
976 34
977 34
978 34
979 34
980 34
981 34
982 34
983 34
984 34
985 34
986 34
987 34
988 34
989 34
990 34
991 34
992 34
993 35
994 35
995 35
996 35
997 35
998 35
999 35
1000 35
1001 35
1002 35
1003 35
1004 35
1005 35
1006 35
1007 35
1008 35
1009 35
1010 35
1011 35
1012 35
1013 35
1014 35
1015 35
1016 35
1017 35
1018 35
1019 35
1020 35
1021 36
1022 36
1023 36
