# converted LUT from .lut file
# anything after # is ignored with the exception of the header
# ## denotes original file comments
## Auto-generated Memory-Initialization .lut file for MicroGMT emulator-tests
## LUT:        IdxSelMemEtaB
## Function:   
## Version:    1
## Generated:  2014-08-05
# input width determined to be 9 from CONTENT_VECTOR length
# output width determined to be 4 from maximal value in CONTENT_VECTOR
#<header> V1 9 4 </header>
0 0
1 0
2 0
3 0
4 0
5 0
6 0
7 0
8 0
9 0
10 0
11 0
12 0
13 0
14 0
15 0
16 0
17 0
18 0
19 0
20 0
21 0
22 0
23 0
24 0
25 0
26 0
27 0
28 0
29 1
30 1
31 1
32 1
33 1
34 1
35 1
36 1
37 1
38 1
39 1
40 1
41 1
42 1
43 1
44 1
45 1
46 1
47 1
48 1
49 1
50 1
51 1
52 1
53 1
54 1
55 1
56 1
57 2
58 2
59 2
60 2
61 2
62 2
63 2
64 2
65 2
66 2
67 2
68 2
69 2
70 2
71 2
72 2
73 2
74 2
75 2
76 2
77 2
78 2
79 2
80 2
81 2
82 2
83 2
84 2
85 2
86 3
87 3
88 3
89 3
90 3
91 3
92 3
93 3
94 3
95 3
96 3
97 3
98 3
99 3
100 3
101 3
102 3
103 3
104 3
105 3
106 3
107 3
108 3
109 3
110 3
111 3
112 3
113 3
114 4
115 4
116 4
117 4
118 4
119 4
120 4
121 4
122 4
123 4
124 4
125 4
126 4
127 4
128 4
129 4
130 4
131 4
132 4
133 4
134 4
135 4
136 4
137 4
138 4
139 4
140 4
141 4
142 5
143 5
144 5
145 5
146 5
147 5
148 5
149 5
150 5
151 5
152 5
153 5
154 5
155 5
156 5
157 5
158 5
159 5
160 5
161 5
162 5
163 5
164 5
165 5
166 5
167 5
168 5
169 5
170 5
171 6
172 6
173 6
174 6
175 6
176 6
177 6
178 6
179 6
180 6
181 6
182 6
183 6
184 6
185 6
186 6
187 6
188 6
189 6
190 6
191 6
192 6
193 6
194 6
195 6
196 6
197 6
198 6
199 7
200 7
201 7
202 7
203 7
204 7
205 7
206 7
207 7
208 7
209 7
210 7
211 7
212 7
213 7
214 7
215 7
216 7
217 7
218 7
219 7
220 7
221 7
222 7
223 7
224 7
225 7
226 7
227 8
228 8
229 8
230 8
231 8
232 8
233 8
234 8
235 8
236 8
237 8
238 8
239 8
240 8
241 8
242 8
243 8
244 8
245 8
246 8
247 8
248 8
249 8
250 8
251 8
252 8
253 8
254 8
255 8
256 9
257 9
258 9
259 9
260 9
261 9
262 9
263 9
264 9
265 9
266 9
267 9
268 9
269 9
270 9
271 9
272 9
273 9
274 9
275 9
276 9
277 9
278 9
279 9
280 9
281 9
282 9
283 9
284 10
285 10
286 10
287 10
288 10
289 10
290 10
291 10
292 10
293 10
294 10
295 10
296 10
297 10
298 10
299 10
300 10
301 10
302 10
303 10
304 10
305 10
306 10
307 10
308 10
309 10
310 10
311 10
312 11
313 11
314 11
315 11
316 11
317 11
318 11
319 11
320 11
321 11
322 11
323 11
324 11
325 11
326 11
327 11
328 11
329 11
330 11
331 11
332 11
333 11
334 11
335 11
336 11
337 11
338 11
339 11
340 11
341 12
342 12
343 12
344 12
345 12
346 12
347 12
348 12
349 12
350 12
351 12
352 12
353 12
354 12
355 12
356 12
357 12
358 12
359 12
360 12
361 12
362 12
363 12
364 12
365 12
366 12
367 12
368 12
369 13
370 13
371 13
372 13
373 13
374 13
375 13
376 13
377 13
378 13
379 13
380 13
381 13
382 13
383 13
384 13
385 13
386 13
387 13
388 13
389 13
390 13
391 13
392 13
393 13
394 13
395 13
396 13
397 13
398 14
399 14
400 14
401 14
402 14
403 14
404 14
405 14
406 14
407 14
408 14
409 14
410 14
411 14
412 14
413 14
414 14
415 14
416 14
417 14
418 14
419 14
420 14
421 14
422 14
423 14
424 14
425 14
426 15
427 15
428 15
429 15
430 15
431 15
432 15
433 15
434 15
435 15
436 15
437 15
438 15
439 15
440 15
441 15
442 15
443 15
444 15
445 15
446 15
447 15
448 15
449 15
450 15
451 15
452 15
453 15
454 16
455 16
456 16
457 16
458 16
459 16
460 16
461 16
462 16
463 16
464 16
465 16
466 16
467 16
468 16
469 16
470 16
471 16
472 16
473 16
474 16
475 16
476 16
477 16
478 16
479 16
480 16
481 16
482 16
483 17
484 17
485 17
486 17
487 17
488 17
489 17
490 17
491 17
492 17
493 17
494 17
495 17
496 17
497 17
498 17
499 17
500 17
501 17
502 17
503 17
504 17
505 17
506 17
507 17
508 17
509 17
510 17
511 18
