# converted LUT from .lut file
# anything after # is ignored with the exception of the header
# ## denotes original file comments
## Auto-generated Memory-Initialization .lut file for MicroGMT emulator-tests
## LUT:        SortRank
## Function:   pT+qual
## Version:    1
## Generated:  2015-03-31
# input width determined to be 13 from CONTENT_VECTOR length
# output width determined to be 10 from maximal value in CONTENT_VECTOR
#<header> V1 13 10 </header>
0 0
1 1
2 2
3 3
4 4
5 5
6 6
7 7
8 8
9 9
10 10
11 11
12 12
13 13
14 14
15 15
16 16
17 17
18 18
19 19
20 20
21 21
22 22
23 23
24 24
25 25
26 26
27 27
28 28
29 29
30 30
31 31
32 32
33 33
34 34
35 35
36 36
37 37
38 38
39 39
40 40
41 41
42 42
43 43
44 44
45 45
46 46
47 47
48 48
49 49
50 50
51 51
52 52
53 53
54 54
55 55
56 56
57 57
58 58
59 59
60 60
61 61
62 62
63 63
64 64
65 65
66 66
67 67
68 68
69 69
70 70
71 71
72 72
73 73
74 74
75 75
76 76
77 77
78 78
79 79
80 80
81 81
82 82
83 83
84 84
85 85
86 86
87 87
88 88
89 89
90 90
91 91
92 92
93 93
94 94
95 95
96 96
97 97
98 98
99 99
100 100
101 101
102 102
103 103
104 104
105 105
106 106
107 107
108 108
109 109
110 110
111 111
112 112
113 113
114 114
115 115
116 116
117 117
118 118
119 119
120 120
121 121
122 122
123 123
124 124
125 125
126 126
127 127
128 128
129 129
130 130
131 131
132 132
133 133
134 134
135 135
136 136
137 137
138 138
139 139
140 140
141 141
142 142
143 143
144 144
145 145
146 146
147 147
148 148
149 149
150 150
151 151
152 152
153 153
154 154
155 155
156 156
157 157
158 158
159 159
160 160
161 161
162 162
163 163
164 164
165 165
166 166
167 167
168 168
169 169
170 170
171 171
172 172
173 173
174 174
175 175
176 176
177 177
178 178
179 179
180 180
181 181
182 182
183 183
184 184
185 185
186 186
187 187
188 188
189 189
190 190
191 191
192 192
193 193
194 194
195 195
196 196
197 197
198 198
199 199
200 200
201 201
202 202
203 203
204 204
205 205
206 206
207 207
208 208
209 209
210 210
211 211
212 212
213 213
214 214
215 215
216 216
217 217
218 218
219 219
220 220
221 221
222 222
223 223
224 224
225 225
226 226
227 227
228 228
229 229
230 230
231 231
232 232
233 233
234 234
235 235
236 236
237 237
238 238
239 239
240 240
241 241
242 242
243 243
244 244
245 245
246 246
247 247
248 248
249 249
250 250
251 251
252 252
253 253
254 254
255 255
256 256
257 257
258 258
259 259
260 260
261 261
262 262
263 263
264 264
265 265
266 266
267 267
268 268
269 269
270 270
271 271
272 272
273 273
274 274
275 275
276 276
277 277
278 278
279 279
280 280
281 281
282 282
283 283
284 284
285 285
286 286
287 287
288 288
289 289
290 290
291 291
292 292
293 293
294 294
295 295
296 296
297 297
298 298
299 299
300 300
301 301
302 302
303 303
304 304
305 305
306 306
307 307
308 308
309 309
310 310
311 311
312 312
313 313
314 314
315 315
316 316
317 317
318 318
319 319
320 320
321 321
322 322
323 323
324 324
325 325
326 326
327 327
328 328
329 329
330 330
331 331
332 332
333 333
334 334
335 335
336 336
337 337
338 338
339 339
340 340
341 341
342 342
343 343
344 344
345 345
346 346
347 347
348 348
349 349
350 350
351 351
352 352
353 353
354 354
355 355
356 356
357 357
358 358
359 359
360 360
361 361
362 362
363 363
364 364
365 365
366 366
367 367
368 368
369 369
370 370
371 371
372 372
373 373
374 374
375 375
376 376
377 377
378 378
379 379
380 380
381 381
382 382
383 383
384 384
385 385
386 386
387 387
388 388
389 389
390 390
391 391
392 392
393 393
394 394
395 395
396 396
397 397
398 398
399 399
400 400
401 401
402 402
403 403
404 404
405 405
406 406
407 407
408 408
409 409
410 410
411 411
412 412
413 413
414 414
415 415
416 416
417 417
418 418
419 419
420 420
421 421
422 422
423 423
424 424
425 425
426 426
427 427
428 428
429 429
430 430
431 431
432 432
433 433
434 434
435 435
436 436
437 437
438 438
439 439
440 440
441 441
442 442
443 443
444 444
445 445
446 446
447 447
448 448
449 449
450 450
451 451
452 452
453 453
454 454
455 455
456 456
457 457
458 458
459 459
460 460
461 461
462 462
463 463
464 464
465 465
466 466
467 467
468 468
469 469
470 470
471 471
472 472
473 473
474 474
475 475
476 476
477 477
478 478
479 479
480 480
481 481
482 482
483 483
484 484
485 485
486 486
487 487
488 488
489 489
490 490
491 491
492 492
493 493
494 494
495 495
496 496
497 497
498 498
499 499
500 500
501 501
502 502
503 503
504 504
505 505
506 506
507 507
508 508
509 509
510 510
511 511
512 1
513 2
514 3
515 4
516 5
517 6
518 7
519 8
520 9
521 10
522 11
523 12
524 13
525 14
526 15
527 16
528 17
529 18
530 19
531 20
532 21
533 22
534 23
535 24
536 25
537 26
538 27
539 28
540 29
541 30
542 31
543 32
544 33
545 34
546 35
547 36
548 37
549 38
550 39
551 40
552 41
553 42
554 43
555 44
556 45
557 46
558 47
559 48
560 49
561 50
562 51
563 52
564 53
565 54
566 55
567 56
568 57
569 58
570 59
571 60
572 61
573 62
574 63
575 64
576 65
577 66
578 67
579 68
580 69
581 70
582 71
583 72
584 73
585 74
586 75
587 76
588 77
589 78
590 79
591 80
592 81
593 82
594 83
595 84
596 85
597 86
598 87
599 88
600 89
601 90
602 91
603 92
604 93
605 94
606 95
607 96
608 97
609 98
610 99
611 100
612 101
613 102
614 103
615 104
616 105
617 106
618 107
619 108
620 109
621 110
622 111
623 112
624 113
625 114
626 115
627 116
628 117
629 118
630 119
631 120
632 121
633 122
634 123
635 124
636 125
637 126
638 127
639 128
640 129
641 130
642 131
643 132
644 133
645 134
646 135
647 136
648 137
649 138
650 139
651 140
652 141
653 142
654 143
655 144
656 145
657 146
658 147
659 148
660 149
661 150
662 151
663 152
664 153
665 154
666 155
667 156
668 157
669 158
670 159
671 160
672 161
673 162
674 163
675 164
676 165
677 166
678 167
679 168
680 169
681 170
682 171
683 172
684 173
685 174
686 175
687 176
688 177
689 178
690 179
691 180
692 181
693 182
694 183
695 184
696 185
697 186
698 187
699 188
700 189
701 190
702 191
703 192
704 193
705 194
706 195
707 196
708 197
709 198
710 199
711 200
712 201
713 202
714 203
715 204
716 205
717 206
718 207
719 208
720 209
721 210
722 211
723 212
724 213
725 214
726 215
727 216
728 217
729 218
730 219
731 220
732 221
733 222
734 223
735 224
736 225
737 226
738 227
739 228
740 229
741 230
742 231
743 232
744 233
745 234
746 235
747 236
748 237
749 238
750 239
751 240
752 241
753 242
754 243
755 244
756 245
757 246
758 247
759 248
760 249
761 250
762 251
763 252
764 253
765 254
766 255
767 256
768 257
769 258
770 259
771 260
772 261
773 262
774 263
775 264
776 265
777 266
778 267
779 268
780 269
781 270
782 271
783 272
784 273
785 274
786 275
787 276
788 277
789 278
790 279
791 280
792 281
793 282
794 283
795 284
796 285
797 286
798 287
799 288
800 289
801 290
802 291
803 292
804 293
805 294
806 295
807 296
808 297
809 298
810 299
811 300
812 301
813 302
814 303
815 304
816 305
817 306
818 307
819 308
820 309
821 310
822 311
823 312
824 313
825 314
826 315
827 316
828 317
829 318
830 319
831 320
832 321
833 322
834 323
835 324
836 325
837 326
838 327
839 328
840 329
841 330
842 331
843 332
844 333
845 334
846 335
847 336
848 337
849 338
850 339
851 340
852 341
853 342
854 343
855 344
856 345
857 346
858 347
859 348
860 349
861 350
862 351
863 352
864 353
865 354
866 355
867 356
868 357
869 358
870 359
871 360
872 361
873 362
874 363
875 364
876 365
877 366
878 367
879 368
880 369
881 370
882 371
883 372
884 373
885 374
886 375
887 376
888 377
889 378
890 379
891 380
892 381
893 382
894 383
895 384
896 385
897 386
898 387
899 388
900 389
901 390
902 391
903 392
904 393
905 394
906 395
907 396
908 397
909 398
910 399
911 400
912 401
913 402
914 403
915 404
916 405
917 406
918 407
919 408
920 409
921 410
922 411
923 412
924 413
925 414
926 415
927 416
928 417
929 418
930 419
931 420
932 421
933 422
934 423
935 424
936 425
937 426
938 427
939 428
940 429
941 430
942 431
943 432
944 433
945 434
946 435
947 436
948 437
949 438
950 439
951 440
952 441
953 442
954 443
955 444
956 445
957 446
958 447
959 448
960 449
961 450
962 451
963 452
964 453
965 454
966 455
967 456
968 457
969 458
970 459
971 460
972 461
973 462
974 463
975 464
976 465
977 466
978 467
979 468
980 469
981 470
982 471
983 472
984 473
985 474
986 475
987 476
988 477
989 478
990 479
991 480
992 481
993 482
994 483
995 484
996 485
997 486
998 487
999 488
1000 489
1001 490
1002 491
1003 492
1004 493
1005 494
1006 495
1007 496
1008 497
1009 498
1010 499
1011 500
1012 501
1013 502
1014 503
1015 504
1016 505
1017 506
1018 507
1019 508
1020 509
1021 510
1022 511
1023 512
1024 2
1025 3
1026 4
1027 5
1028 6
1029 7
1030 8
1031 9
1032 10
1033 11
1034 12
1035 13
1036 14
1037 15
1038 16
1039 17
1040 18
1041 19
1042 20
1043 21
1044 22
1045 23
1046 24
1047 25
1048 26
1049 27
1050 28
1051 29
1052 30
1053 31
1054 32
1055 33
1056 34
1057 35
1058 36
1059 37
1060 38
1061 39
1062 40
1063 41
1064 42
1065 43
1066 44
1067 45
1068 46
1069 47
1070 48
1071 49
1072 50
1073 51
1074 52
1075 53
1076 54
1077 55
1078 56
1079 57
1080 58
1081 59
1082 60
1083 61
1084 62
1085 63
1086 64
1087 65
1088 66
1089 67
1090 68
1091 69
1092 70
1093 71
1094 72
1095 73
1096 74
1097 75
1098 76
1099 77
1100 78
1101 79
1102 80
1103 81
1104 82
1105 83
1106 84
1107 85
1108 86
1109 87
1110 88
1111 89
1112 90
1113 91
1114 92
1115 93
1116 94
1117 95
1118 96
1119 97
1120 98
1121 99
1122 100
1123 101
1124 102
1125 103
1126 104
1127 105
1128 106
1129 107
1130 108
1131 109
1132 110
1133 111
1134 112
1135 113
1136 114
1137 115
1138 116
1139 117
1140 118
1141 119
1142 120
1143 121
1144 122
1145 123
1146 124
1147 125
1148 126
1149 127
1150 128
1151 129
1152 130
1153 131
1154 132
1155 133
1156 134
1157 135
1158 136
1159 137
1160 138
1161 139
1162 140
1163 141
1164 142
1165 143
1166 144
1167 145
1168 146
1169 147
1170 148
1171 149
1172 150
1173 151
1174 152
1175 153
1176 154
1177 155
1178 156
1179 157
1180 158
1181 159
1182 160
1183 161
1184 162
1185 163
1186 164
1187 165
1188 166
1189 167
1190 168
1191 169
1192 170
1193 171
1194 172
1195 173
1196 174
1197 175
1198 176
1199 177
1200 178
1201 179
1202 180
1203 181
1204 182
1205 183
1206 184
1207 185
1208 186
1209 187
1210 188
1211 189
1212 190
1213 191
1214 192
1215 193
1216 194
1217 195
1218 196
1219 197
1220 198
1221 199
1222 200
1223 201
1224 202
1225 203
1226 204
1227 205
1228 206
1229 207
1230 208
1231 209
1232 210
1233 211
1234 212
1235 213
1236 214
1237 215
1238 216
1239 217
1240 218
1241 219
1242 220
1243 221
1244 222
1245 223
1246 224
1247 225
1248 226
1249 227
1250 228
1251 229
1252 230
1253 231
1254 232
1255 233
1256 234
1257 235
1258 236
1259 237
1260 238
1261 239
1262 240
1263 241
1264 242
1265 243
1266 244
1267 245
1268 246
1269 247
1270 248
1271 249
1272 250
1273 251
1274 252
1275 253
1276 254
1277 255
1278 256
1279 257
1280 258
1281 259
1282 260
1283 261
1284 262
1285 263
1286 264
1287 265
1288 266
1289 267
1290 268
1291 269
1292 270
1293 271
1294 272
1295 273
1296 274
1297 275
1298 276
1299 277
1300 278
1301 279
1302 280
1303 281
1304 282
1305 283
1306 284
1307 285
1308 286
1309 287
1310 288
1311 289
1312 290
1313 291
1314 292
1315 293
1316 294
1317 295
1318 296
1319 297
1320 298
1321 299
1322 300
1323 301
1324 302
1325 303
1326 304
1327 305
1328 306
1329 307
1330 308
1331 309
1332 310
1333 311
1334 312
1335 313
1336 314
1337 315
1338 316
1339 317
1340 318
1341 319
1342 320
1343 321
1344 322
1345 323
1346 324
1347 325
1348 326
1349 327
1350 328
1351 329
1352 330
1353 331
1354 332
1355 333
1356 334
1357 335
1358 336
1359 337
1360 338
1361 339
1362 340
1363 341
1364 342
1365 343
1366 344
1367 345
1368 346
1369 347
1370 348
1371 349
1372 350
1373 351
1374 352
1375 353
1376 354
1377 355
1378 356
1379 357
1380 358
1381 359
1382 360
1383 361
1384 362
1385 363
1386 364
1387 365
1388 366
1389 367
1390 368
1391 369
1392 370
1393 371
1394 372
1395 373
1396 374
1397 375
1398 376
1399 377
1400 378
1401 379
1402 380
1403 381
1404 382
1405 383
1406 384
1407 385
1408 386
1409 387
1410 388
1411 389
1412 390
1413 391
1414 392
1415 393
1416 394
1417 395
1418 396
1419 397
1420 398
1421 399
1422 400
1423 401
1424 402
1425 403
1426 404
1427 405
1428 406
1429 407
1430 408
1431 409
1432 410
1433 411
1434 412
1435 413
1436 414
1437 415
1438 416
1439 417
1440 418
1441 419
1442 420
1443 421
1444 422
1445 423
1446 424
1447 425
1448 426
1449 427
1450 428
1451 429
1452 430
1453 431
1454 432
1455 433
1456 434
1457 435
1458 436
1459 437
1460 438
1461 439
1462 440
1463 441
1464 442
1465 443
1466 444
1467 445
1468 446
1469 447
1470 448
1471 449
1472 450
1473 451
1474 452
1475 453
1476 454
1477 455
1478 456
1479 457
1480 458
1481 459
1482 460
1483 461
1484 462
1485 463
1486 464
1487 465
1488 466
1489 467
1490 468
1491 469
1492 470
1493 471
1494 472
1495 473
1496 474
1497 475
1498 476
1499 477
1500 478
1501 479
1502 480
1503 481
1504 482
1505 483
1506 484
1507 485
1508 486
1509 487
1510 488
1511 489
1512 490
1513 491
1514 492
1515 493
1516 494
1517 495
1518 496
1519 497
1520 498
1521 499
1522 500
1523 501
1524 502
1525 503
1526 504
1527 505
1528 506
1529 507
1530 508
1531 509
1532 510
1533 511
1534 512
1535 513
1536 3
1537 4
1538 5
1539 6
1540 7
1541 8
1542 9
1543 10
1544 11
1545 12
1546 13
1547 14
1548 15
1549 16
1550 17
1551 18
1552 19
1553 20
1554 21
1555 22
1556 23
1557 24
1558 25
1559 26
1560 27
1561 28
1562 29
1563 30
1564 31
1565 32
1566 33
1567 34
1568 35
1569 36
1570 37
1571 38
1572 39
1573 40
1574 41
1575 42
1576 43
1577 44
1578 45
1579 46
1580 47
1581 48
1582 49
1583 50
1584 51
1585 52
1586 53
1587 54
1588 55
1589 56
1590 57
1591 58
1592 59
1593 60
1594 61
1595 62
1596 63
1597 64
1598 65
1599 66
1600 67
1601 68
1602 69
1603 70
1604 71
1605 72
1606 73
1607 74
1608 75
1609 76
1610 77
1611 78
1612 79
1613 80
1614 81
1615 82
1616 83
1617 84
1618 85
1619 86
1620 87
1621 88
1622 89
1623 90
1624 91
1625 92
1626 93
1627 94
1628 95
1629 96
1630 97
1631 98
1632 99
1633 100
1634 101
1635 102
1636 103
1637 104
1638 105
1639 106
1640 107
1641 108
1642 109
1643 110
1644 111
1645 112
1646 113
1647 114
1648 115
1649 116
1650 117
1651 118
1652 119
1653 120
1654 121
1655 122
1656 123
1657 124
1658 125
1659 126
1660 127
1661 128
1662 129
1663 130
1664 131
1665 132
1666 133
1667 134
1668 135
1669 136
1670 137
1671 138
1672 139
1673 140
1674 141
1675 142
1676 143
1677 144
1678 145
1679 146
1680 147
1681 148
1682 149
1683 150
1684 151
1685 152
1686 153
1687 154
1688 155
1689 156
1690 157
1691 158
1692 159
1693 160
1694 161
1695 162
1696 163
1697 164
1698 165
1699 166
1700 167
1701 168
1702 169
1703 170
1704 171
1705 172
1706 173
1707 174
1708 175
1709 176
1710 177
1711 178
1712 179
1713 180
1714 181
1715 182
1716 183
1717 184
1718 185
1719 186
1720 187
1721 188
1722 189
1723 190
1724 191
1725 192
1726 193
1727 194
1728 195
1729 196
1730 197
1731 198
1732 199
1733 200
1734 201
1735 202
1736 203
1737 204
1738 205
1739 206
1740 207
1741 208
1742 209
1743 210
1744 211
1745 212
1746 213
1747 214
1748 215
1749 216
1750 217
1751 218
1752 219
1753 220
1754 221
1755 222
1756 223
1757 224
1758 225
1759 226
1760 227
1761 228
1762 229
1763 230
1764 231
1765 232
1766 233
1767 234
1768 235
1769 236
1770 237
1771 238
1772 239
1773 240
1774 241
1775 242
1776 243
1777 244
1778 245
1779 246
1780 247
1781 248
1782 249
1783 250
1784 251
1785 252
1786 253
1787 254
1788 255
1789 256
1790 257
1791 258
1792 259
1793 260
1794 261
1795 262
1796 263
1797 264
1798 265
1799 266
1800 267
1801 268
1802 269
1803 270
1804 271
1805 272
1806 273
1807 274
1808 275
1809 276
1810 277
1811 278
1812 279
1813 280
1814 281
1815 282
1816 283
1817 284
1818 285
1819 286
1820 287
1821 288
1822 289
1823 290
1824 291
1825 292
1826 293
1827 294
1828 295
1829 296
1830 297
1831 298
1832 299
1833 300
1834 301
1835 302
1836 303
1837 304
1838 305
1839 306
1840 307
1841 308
1842 309
1843 310
1844 311
1845 312
1846 313
1847 314
1848 315
1849 316
1850 317
1851 318
1852 319
1853 320
1854 321
1855 322
1856 323
1857 324
1858 325
1859 326
1860 327
1861 328
1862 329
1863 330
1864 331
1865 332
1866 333
1867 334
1868 335
1869 336
1870 337
1871 338
1872 339
1873 340
1874 341
1875 342
1876 343
1877 344
1878 345
1879 346
1880 347
1881 348
1882 349
1883 350
1884 351
1885 352
1886 353
1887 354
1888 355
1889 356
1890 357
1891 358
1892 359
1893 360
1894 361
1895 362
1896 363
1897 364
1898 365
1899 366
1900 367
1901 368
1902 369
1903 370
1904 371
1905 372
1906 373
1907 374
1908 375
1909 376
1910 377
1911 378
1912 379
1913 380
1914 381
1915 382
1916 383
1917 384
1918 385
1919 386
1920 387
1921 388
1922 389
1923 390
1924 391
1925 392
1926 393
1927 394
1928 395
1929 396
1930 397
1931 398
1932 399
1933 400
1934 401
1935 402
1936 403
1937 404
1938 405
1939 406
1940 407
1941 408
1942 409
1943 410
1944 411
1945 412
1946 413
1947 414
1948 415
1949 416
1950 417
1951 418
1952 419
1953 420
1954 421
1955 422
1956 423
1957 424
1958 425
1959 426
1960 427
1961 428
1962 429
1963 430
1964 431
1965 432
1966 433
1967 434
1968 435
1969 436
1970 437
1971 438
1972 439
1973 440
1974 441
1975 442
1976 443
1977 444
1978 445
1979 446
1980 447
1981 448
1982 449
1983 450
1984 451
1985 452
1986 453
1987 454
1988 455
1989 456
1990 457
1991 458
1992 459
1993 460
1994 461
1995 462
1996 463
1997 464
1998 465
1999 466
2000 467
2001 468
2002 469
2003 470
2004 471
2005 472
2006 473
2007 474
2008 475
2009 476
2010 477
2011 478
2012 479
2013 480
2014 481
2015 482
2016 483
2017 484
2018 485
2019 486
2020 487
2021 488
2022 489
2023 490
2024 491
2025 492
2026 493
2027 494
2028 495
2029 496
2030 497
2031 498
2032 499
2033 500
2034 501
2035 502
2036 503
2037 504
2038 505
2039 506
2040 507
2041 508
2042 509
2043 510
2044 511
2045 512
2046 513
2047 514
2048 4
2049 5
2050 6
2051 7
2052 8
2053 9
2054 10
2055 11
2056 12
2057 13
2058 14
2059 15
2060 16
2061 17
2062 18
2063 19
2064 20
2065 21
2066 22
2067 23
2068 24
2069 25
2070 26
2071 27
2072 28
2073 29
2074 30
2075 31
2076 32
2077 33
2078 34
2079 35
2080 36
2081 37
2082 38
2083 39
2084 40
2085 41
2086 42
2087 43
2088 44
2089 45
2090 46
2091 47
2092 48
2093 49
2094 50
2095 51
2096 52
2097 53
2098 54
2099 55
2100 56
2101 57
2102 58
2103 59
2104 60
2105 61
2106 62
2107 63
2108 64
2109 65
2110 66
2111 67
2112 68
2113 69
2114 70
2115 71
2116 72
2117 73
2118 74
2119 75
2120 76
2121 77
2122 78
2123 79
2124 80
2125 81
2126 82
2127 83
2128 84
2129 85
2130 86
2131 87
2132 88
2133 89
2134 90
2135 91
2136 92
2137 93
2138 94
2139 95
2140 96
2141 97
2142 98
2143 99
2144 100
2145 101
2146 102
2147 103
2148 104
2149 105
2150 106
2151 107
2152 108
2153 109
2154 110
2155 111
2156 112
2157 113
2158 114
2159 115
2160 116
2161 117
2162 118
2163 119
2164 120
2165 121
2166 122
2167 123
2168 124
2169 125
2170 126
2171 127
2172 128
2173 129
2174 130
2175 131
2176 132
2177 133
2178 134
2179 135
2180 136
2181 137
2182 138
2183 139
2184 140
2185 141
2186 142
2187 143
2188 144
2189 145
2190 146
2191 147
2192 148
2193 149
2194 150
2195 151
2196 152
2197 153
2198 154
2199 155
2200 156
2201 157
2202 158
2203 159
2204 160
2205 161
2206 162
2207 163
2208 164
2209 165
2210 166
2211 167
2212 168
2213 169
2214 170
2215 171
2216 172
2217 173
2218 174
2219 175
2220 176
2221 177
2222 178
2223 179
2224 180
2225 181
2226 182
2227 183
2228 184
2229 185
2230 186
2231 187
2232 188
2233 189
2234 190
2235 191
2236 192
2237 193
2238 194
2239 195
2240 196
2241 197
2242 198
2243 199
2244 200
2245 201
2246 202
2247 203
2248 204
2249 205
2250 206
2251 207
2252 208
2253 209
2254 210
2255 211
2256 212
2257 213
2258 214
2259 215
2260 216
2261 217
2262 218
2263 219
2264 220
2265 221
2266 222
2267 223
2268 224
2269 225
2270 226
2271 227
2272 228
2273 229
2274 230
2275 231
2276 232
2277 233
2278 234
2279 235
2280 236
2281 237
2282 238
2283 239
2284 240
2285 241
2286 242
2287 243
2288 244
2289 245
2290 246
2291 247
2292 248
2293 249
2294 250
2295 251
2296 252
2297 253
2298 254
2299 255
2300 256
2301 257
2302 258
2303 259
2304 260
2305 261
2306 262
2307 263
2308 264
2309 265
2310 266
2311 267
2312 268
2313 269
2314 270
2315 271
2316 272
2317 273
2318 274
2319 275
2320 276
2321 277
2322 278
2323 279
2324 280
2325 281
2326 282
2327 283
2328 284
2329 285
2330 286
2331 287
2332 288
2333 289
2334 290
2335 291
2336 292
2337 293
2338 294
2339 295
2340 296
2341 297
2342 298
2343 299
2344 300
2345 301
2346 302
2347 303
2348 304
2349 305
2350 306
2351 307
2352 308
2353 309
2354 310
2355 311
2356 312
2357 313
2358 314
2359 315
2360 316
2361 317
2362 318
2363 319
2364 320
2365 321
2366 322
2367 323
2368 324
2369 325
2370 326
2371 327
2372 328
2373 329
2374 330
2375 331
2376 332
2377 333
2378 334
2379 335
2380 336
2381 337
2382 338
2383 339
2384 340
2385 341
2386 342
2387 343
2388 344
2389 345
2390 346
2391 347
2392 348
2393 349
2394 350
2395 351
2396 352
2397 353
2398 354
2399 355
2400 356
2401 357
2402 358
2403 359
2404 360
2405 361
2406 362
2407 363
2408 364
2409 365
2410 366
2411 367
2412 368
2413 369
2414 370
2415 371
2416 372
2417 373
2418 374
2419 375
2420 376
2421 377
2422 378
2423 379
2424 380
2425 381
2426 382
2427 383
2428 384
2429 385
2430 386
2431 387
2432 388
2433 389
2434 390
2435 391
2436 392
2437 393
2438 394
2439 395
2440 396
2441 397
2442 398
2443 399
2444 400
2445 401
2446 402
2447 403
2448 404
2449 405
2450 406
2451 407
2452 408
2453 409
2454 410
2455 411
2456 412
2457 413
2458 414
2459 415
2460 416
2461 417
2462 418
2463 419
2464 420
2465 421
2466 422
2467 423
2468 424
2469 425
2470 426
2471 427
2472 428
2473 429
2474 430
2475 431
2476 432
2477 433
2478 434
2479 435
2480 436
2481 437
2482 438
2483 439
2484 440
2485 441
2486 442
2487 443
2488 444
2489 445
2490 446
2491 447
2492 448
2493 449
2494 450
2495 451
2496 452
2497 453
2498 454
2499 455
2500 456
2501 457
2502 458
2503 459
2504 460
2505 461
2506 462
2507 463
2508 464
2509 465
2510 466
2511 467
2512 468
2513 469
2514 470
2515 471
2516 472
2517 473
2518 474
2519 475
2520 476
2521 477
2522 478
2523 479
2524 480
2525 481
2526 482
2527 483
2528 484
2529 485
2530 486
2531 487
2532 488
2533 489
2534 490
2535 491
2536 492
2537 493
2538 494
2539 495
2540 496
2541 497
2542 498
2543 499
2544 500
2545 501
2546 502
2547 503
2548 504
2549 505
2550 506
2551 507
2552 508
2553 509
2554 510
2555 511
2556 512
2557 513
2558 514
2559 515
2560 5
2561 6
2562 7
2563 8
2564 9
2565 10
2566 11
2567 12
2568 13
2569 14
2570 15
2571 16
2572 17
2573 18
2574 19
2575 20
2576 21
2577 22
2578 23
2579 24
2580 25
2581 26
2582 27
2583 28
2584 29
2585 30
2586 31
2587 32
2588 33
2589 34
2590 35
2591 36
2592 37
2593 38
2594 39
2595 40
2596 41
2597 42
2598 43
2599 44
2600 45
2601 46
2602 47
2603 48
2604 49
2605 50
2606 51
2607 52
2608 53
2609 54
2610 55
2611 56
2612 57
2613 58
2614 59
2615 60
2616 61
2617 62
2618 63
2619 64
2620 65
2621 66
2622 67
2623 68
2624 69
2625 70
2626 71
2627 72
2628 73
2629 74
2630 75
2631 76
2632 77
2633 78
2634 79
2635 80
2636 81
2637 82
2638 83
2639 84
2640 85
2641 86
2642 87
2643 88
2644 89
2645 90
2646 91
2647 92
2648 93
2649 94
2650 95
2651 96
2652 97
2653 98
2654 99
2655 100
2656 101
2657 102
2658 103
2659 104
2660 105
2661 106
2662 107
2663 108
2664 109
2665 110
2666 111
2667 112
2668 113
2669 114
2670 115
2671 116
2672 117
2673 118
2674 119
2675 120
2676 121
2677 122
2678 123
2679 124
2680 125
2681 126
2682 127
2683 128
2684 129
2685 130
2686 131
2687 132
2688 133
2689 134
2690 135
2691 136
2692 137
2693 138
2694 139
2695 140
2696 141
2697 142
2698 143
2699 144
2700 145
2701 146
2702 147
2703 148
2704 149
2705 150
2706 151
2707 152
2708 153
2709 154
2710 155
2711 156
2712 157
2713 158
2714 159
2715 160
2716 161
2717 162
2718 163
2719 164
2720 165
2721 166
2722 167
2723 168
2724 169
2725 170
2726 171
2727 172
2728 173
2729 174
2730 175
2731 176
2732 177
2733 178
2734 179
2735 180
2736 181
2737 182
2738 183
2739 184
2740 185
2741 186
2742 187
2743 188
2744 189
2745 190
2746 191
2747 192
2748 193
2749 194
2750 195
2751 196
2752 197
2753 198
2754 199
2755 200
2756 201
2757 202
2758 203
2759 204
2760 205
2761 206
2762 207
2763 208
2764 209
2765 210
2766 211
2767 212
2768 213
2769 214
2770 215
2771 216
2772 217
2773 218
2774 219
2775 220
2776 221
2777 222
2778 223
2779 224
2780 225
2781 226
2782 227
2783 228
2784 229
2785 230
2786 231
2787 232
2788 233
2789 234
2790 235
2791 236
2792 237
2793 238
2794 239
2795 240
2796 241
2797 242
2798 243
2799 244
2800 245
2801 246
2802 247
2803 248
2804 249
2805 250
2806 251
2807 252
2808 253
2809 254
2810 255
2811 256
2812 257
2813 258
2814 259
2815 260
2816 261
2817 262
2818 263
2819 264
2820 265
2821 266
2822 267
2823 268
2824 269
2825 270
2826 271
2827 272
2828 273
2829 274
2830 275
2831 276
2832 277
2833 278
2834 279
2835 280
2836 281
2837 282
2838 283
2839 284
2840 285
2841 286
2842 287
2843 288
2844 289
2845 290
2846 291
2847 292
2848 293
2849 294
2850 295
2851 296
2852 297
2853 298
2854 299
2855 300
2856 301
2857 302
2858 303
2859 304
2860 305
2861 306
2862 307
2863 308
2864 309
2865 310
2866 311
2867 312
2868 313
2869 314
2870 315
2871 316
2872 317
2873 318
2874 319
2875 320
2876 321
2877 322
2878 323
2879 324
2880 325
2881 326
2882 327
2883 328
2884 329
2885 330
2886 331
2887 332
2888 333
2889 334
2890 335
2891 336
2892 337
2893 338
2894 339
2895 340
2896 341
2897 342
2898 343
2899 344
2900 345
2901 346
2902 347
2903 348
2904 349
2905 350
2906 351
2907 352
2908 353
2909 354
2910 355
2911 356
2912 357
2913 358
2914 359
2915 360
2916 361
2917 362
2918 363
2919 364
2920 365
2921 366
2922 367
2923 368
2924 369
2925 370
2926 371
2927 372
2928 373
2929 374
2930 375
2931 376
2932 377
2933 378
2934 379
2935 380
2936 381
2937 382
2938 383
2939 384
2940 385
2941 386
2942 387
2943 388
2944 389
2945 390
2946 391
2947 392
2948 393
2949 394
2950 395
2951 396
2952 397
2953 398
2954 399
2955 400
2956 401
2957 402
2958 403
2959 404
2960 405
2961 406
2962 407
2963 408
2964 409
2965 410
2966 411
2967 412
2968 413
2969 414
2970 415
2971 416
2972 417
2973 418
2974 419
2975 420
2976 421
2977 422
2978 423
2979 424
2980 425
2981 426
2982 427
2983 428
2984 429
2985 430
2986 431
2987 432
2988 433
2989 434
2990 435
2991 436
2992 437
2993 438
2994 439
2995 440
2996 441
2997 442
2998 443
2999 444
3000 445
3001 446
3002 447
3003 448
3004 449
3005 450
3006 451
3007 452
3008 453
3009 454
3010 455
3011 456
3012 457
3013 458
3014 459
3015 460
3016 461
3017 462
3018 463
3019 464
3020 465
3021 466
3022 467
3023 468
3024 469
3025 470
3026 471
3027 472
3028 473
3029 474
3030 475
3031 476
3032 477
3033 478
3034 479
3035 480
3036 481
3037 482
3038 483
3039 484
3040 485
3041 486
3042 487
3043 488
3044 489
3045 490
3046 491
3047 492
3048 493
3049 494
3050 495
3051 496
3052 497
3053 498
3054 499
3055 500
3056 501
3057 502
3058 503
3059 504
3060 505
3061 506
3062 507
3063 508
3064 509
3065 510
3066 511
3067 512
3068 513
3069 514
3070 515
3071 516
3072 6
3073 7
3074 8
3075 9
3076 10
3077 11
3078 12
3079 13
3080 14
3081 15
3082 16
3083 17
3084 18
3085 19
3086 20
3087 21
3088 22
3089 23
3090 24
3091 25
3092 26
3093 27
3094 28
3095 29
3096 30
3097 31
3098 32
3099 33
3100 34
3101 35
3102 36
3103 37
3104 38
3105 39
3106 40
3107 41
3108 42
3109 43
3110 44
3111 45
3112 46
3113 47
3114 48
3115 49
3116 50
3117 51
3118 52
3119 53
3120 54
3121 55
3122 56
3123 57
3124 58
3125 59
3126 60
3127 61
3128 62
3129 63
3130 64
3131 65
3132 66
3133 67
3134 68
3135 69
3136 70
3137 71
3138 72
3139 73
3140 74
3141 75
3142 76
3143 77
3144 78
3145 79
3146 80
3147 81
3148 82
3149 83
3150 84
3151 85
3152 86
3153 87
3154 88
3155 89
3156 90
3157 91
3158 92
3159 93
3160 94
3161 95
3162 96
3163 97
3164 98
3165 99
3166 100
3167 101
3168 102
3169 103
3170 104
3171 105
3172 106
3173 107
3174 108
3175 109
3176 110
3177 111
3178 112
3179 113
3180 114
3181 115
3182 116
3183 117
3184 118
3185 119
3186 120
3187 121
3188 122
3189 123
3190 124
3191 125
3192 126
3193 127
3194 128
3195 129
3196 130
3197 131
3198 132
3199 133
3200 134
3201 135
3202 136
3203 137
3204 138
3205 139
3206 140
3207 141
3208 142
3209 143
3210 144
3211 145
3212 146
3213 147
3214 148
3215 149
3216 150
3217 151
3218 152
3219 153
3220 154
3221 155
3222 156
3223 157
3224 158
3225 159
3226 160
3227 161
3228 162
3229 163
3230 164
3231 165
3232 166
3233 167
3234 168
3235 169
3236 170
3237 171
3238 172
3239 173
3240 174
3241 175
3242 176
3243 177
3244 178
3245 179
3246 180
3247 181
3248 182
3249 183
3250 184
3251 185
3252 186
3253 187
3254 188
3255 189
3256 190
3257 191
3258 192
3259 193
3260 194
3261 195
3262 196
3263 197
3264 198
3265 199
3266 200
3267 201
3268 202
3269 203
3270 204
3271 205
3272 206
3273 207
3274 208
3275 209
3276 210
3277 211
3278 212
3279 213
3280 214
3281 215
3282 216
3283 217
3284 218
3285 219
3286 220
3287 221
3288 222
3289 223
3290 224
3291 225
3292 226
3293 227
3294 228
3295 229
3296 230
3297 231
3298 232
3299 233
3300 234
3301 235
3302 236
3303 237
3304 238
3305 239
3306 240
3307 241
3308 242
3309 243
3310 244
3311 245
3312 246
3313 247
3314 248
3315 249
3316 250
3317 251
3318 252
3319 253
3320 254
3321 255
3322 256
3323 257
3324 258
3325 259
3326 260
3327 261
3328 262
3329 263
3330 264
3331 265
3332 266
3333 267
3334 268
3335 269
3336 270
3337 271
3338 272
3339 273
3340 274
3341 275
3342 276
3343 277
3344 278
3345 279
3346 280
3347 281
3348 282
3349 283
3350 284
3351 285
3352 286
3353 287
3354 288
3355 289
3356 290
3357 291
3358 292
3359 293
3360 294
3361 295
3362 296
3363 297
3364 298
3365 299
3366 300
3367 301
3368 302
3369 303
3370 304
3371 305
3372 306
3373 307
3374 308
3375 309
3376 310
3377 311
3378 312
3379 313
3380 314
3381 315
3382 316
3383 317
3384 318
3385 319
3386 320
3387 321
3388 322
3389 323
3390 324
3391 325
3392 326
3393 327
3394 328
3395 329
3396 330
3397 331
3398 332
3399 333
3400 334
3401 335
3402 336
3403 337
3404 338
3405 339
3406 340
3407 341
3408 342
3409 343
3410 344
3411 345
3412 346
3413 347
3414 348
3415 349
3416 350
3417 351
3418 352
3419 353
3420 354
3421 355
3422 356
3423 357
3424 358
3425 359
3426 360
3427 361
3428 362
3429 363
3430 364
3431 365
3432 366
3433 367
3434 368
3435 369
3436 370
3437 371
3438 372
3439 373
3440 374
3441 375
3442 376
3443 377
3444 378
3445 379
3446 380
3447 381
3448 382
3449 383
3450 384
3451 385
3452 386
3453 387
3454 388
3455 389
3456 390
3457 391
3458 392
3459 393
3460 394
3461 395
3462 396
3463 397
3464 398
3465 399
3466 400
3467 401
3468 402
3469 403
3470 404
3471 405
3472 406
3473 407
3474 408
3475 409
3476 410
3477 411
3478 412
3479 413
3480 414
3481 415
3482 416
3483 417
3484 418
3485 419
3486 420
3487 421
3488 422
3489 423
3490 424
3491 425
3492 426
3493 427
3494 428
3495 429
3496 430
3497 431
3498 432
3499 433
3500 434
3501 435
3502 436
3503 437
3504 438
3505 439
3506 440
3507 441
3508 442
3509 443
3510 444
3511 445
3512 446
3513 447
3514 448
3515 449
3516 450
3517 451
3518 452
3519 453
3520 454
3521 455
3522 456
3523 457
3524 458
3525 459
3526 460
3527 461
3528 462
3529 463
3530 464
3531 465
3532 466
3533 467
3534 468
3535 469
3536 470
3537 471
3538 472
3539 473
3540 474
3541 475
3542 476
3543 477
3544 478
3545 479
3546 480
3547 481
3548 482
3549 483
3550 484
3551 485
3552 486
3553 487
3554 488
3555 489
3556 490
3557 491
3558 492
3559 493
3560 494
3561 495
3562 496
3563 497
3564 498
3565 499
3566 500
3567 501
3568 502
3569 503
3570 504
3571 505
3572 506
3573 507
3574 508
3575 509
3576 510
3577 511
3578 512
3579 513
3580 514
3581 515
3582 516
3583 517
3584 7
3585 8
3586 9
3587 10
3588 11
3589 12
3590 13
3591 14
3592 15
3593 16
3594 17
3595 18
3596 19
3597 20
3598 21
3599 22
3600 23
3601 24
3602 25
3603 26
3604 27
3605 28
3606 29
3607 30
3608 31
3609 32
3610 33
3611 34
3612 35
3613 36
3614 37
3615 38
3616 39
3617 40
3618 41
3619 42
3620 43
3621 44
3622 45
3623 46
3624 47
3625 48
3626 49
3627 50
3628 51
3629 52
3630 53
3631 54
3632 55
3633 56
3634 57
3635 58
3636 59
3637 60
3638 61
3639 62
3640 63
3641 64
3642 65
3643 66
3644 67
3645 68
3646 69
3647 70
3648 71
3649 72
3650 73
3651 74
3652 75
3653 76
3654 77
3655 78
3656 79
3657 80
3658 81
3659 82
3660 83
3661 84
3662 85
3663 86
3664 87
3665 88
3666 89
3667 90
3668 91
3669 92
3670 93
3671 94
3672 95
3673 96
3674 97
3675 98
3676 99
3677 100
3678 101
3679 102
3680 103
3681 104
3682 105
3683 106
3684 107
3685 108
3686 109
3687 110
3688 111
3689 112
3690 113
3691 114
3692 115
3693 116
3694 117
3695 118
3696 119
3697 120
3698 121
3699 122
3700 123
3701 124
3702 125
3703 126
3704 127
3705 128
3706 129
3707 130
3708 131
3709 132
3710 133
3711 134
3712 135
3713 136
3714 137
3715 138
3716 139
3717 140
3718 141
3719 142
3720 143
3721 144
3722 145
3723 146
3724 147
3725 148
3726 149
3727 150
3728 151
3729 152
3730 153
3731 154
3732 155
3733 156
3734 157
3735 158
3736 159
3737 160
3738 161
3739 162
3740 163
3741 164
3742 165
3743 166
3744 167
3745 168
3746 169
3747 170
3748 171
3749 172
3750 173
3751 174
3752 175
3753 176
3754 177
3755 178
3756 179
3757 180
3758 181
3759 182
3760 183
3761 184
3762 185
3763 186
3764 187
3765 188
3766 189
3767 190
3768 191
3769 192
3770 193
3771 194
3772 195
3773 196
3774 197
3775 198
3776 199
3777 200
3778 201
3779 202
3780 203
3781 204
3782 205
3783 206
3784 207
3785 208
3786 209
3787 210
3788 211
3789 212
3790 213
3791 214
3792 215
3793 216
3794 217
3795 218
3796 219
3797 220
3798 221
3799 222
3800 223
3801 224
3802 225
3803 226
3804 227
3805 228
3806 229
3807 230
3808 231
3809 232
3810 233
3811 234
3812 235
3813 236
3814 237
3815 238
3816 239
3817 240
3818 241
3819 242
3820 243
3821 244
3822 245
3823 246
3824 247
3825 248
3826 249
3827 250
3828 251
3829 252
3830 253
3831 254
3832 255
3833 256
3834 257
3835 258
3836 259
3837 260
3838 261
3839 262
3840 263
3841 264
3842 265
3843 266
3844 267
3845 268
3846 269
3847 270
3848 271
3849 272
3850 273
3851 274
3852 275
3853 276
3854 277
3855 278
3856 279
3857 280
3858 281
3859 282
3860 283
3861 284
3862 285
3863 286
3864 287
3865 288
3866 289
3867 290
3868 291
3869 292
3870 293
3871 294
3872 295
3873 296
3874 297
3875 298
3876 299
3877 300
3878 301
3879 302
3880 303
3881 304
3882 305
3883 306
3884 307
3885 308
3886 309
3887 310
3888 311
3889 312
3890 313
3891 314
3892 315
3893 316
3894 317
3895 318
3896 319
3897 320
3898 321
3899 322
3900 323
3901 324
3902 325
3903 326
3904 327
3905 328
3906 329
3907 330
3908 331
3909 332
3910 333
3911 334
3912 335
3913 336
3914 337
3915 338
3916 339
3917 340
3918 341
3919 342
3920 343
3921 344
3922 345
3923 346
3924 347
3925 348
3926 349
3927 350
3928 351
3929 352
3930 353
3931 354
3932 355
3933 356
3934 357
3935 358
3936 359
3937 360
3938 361
3939 362
3940 363
3941 364
3942 365
3943 366
3944 367
3945 368
3946 369
3947 370
3948 371
3949 372
3950 373
3951 374
3952 375
3953 376
3954 377
3955 378
3956 379
3957 380
3958 381
3959 382
3960 383
3961 384
3962 385
3963 386
3964 387
3965 388
3966 389
3967 390
3968 391
3969 392
3970 393
3971 394
3972 395
3973 396
3974 397
3975 398
3976 399
3977 400
3978 401
3979 402
3980 403
3981 404
3982 405
3983 406
3984 407
3985 408
3986 409
3987 410
3988 411
3989 412
3990 413
3991 414
3992 415
3993 416
3994 417
3995 418
3996 419
3997 420
3998 421
3999 422
4000 423
4001 424
4002 425
4003 426
4004 427
4005 428
4006 429
4007 430
4008 431
4009 432
4010 433
4011 434
4012 435
4013 436
4014 437
4015 438
4016 439
4017 440
4018 441
4019 442
4020 443
4021 444
4022 445
4023 446
4024 447
4025 448
4026 449
4027 450
4028 451
4029 452
4030 453
4031 454
4032 455
4033 456
4034 457
4035 458
4036 459
4037 460
4038 461
4039 462
4040 463
4041 464
4042 465
4043 466
4044 467
4045 468
4046 469
4047 470
4048 471
4049 472
4050 473
4051 474
4052 475
4053 476
4054 477
4055 478
4056 479
4057 480
4058 481
4059 482
4060 483
4061 484
4062 485
4063 486
4064 487
4065 488
4066 489
4067 490
4068 491
4069 492
4070 493
4071 494
4072 495
4073 496
4074 497
4075 498
4076 499
4077 500
4078 501
4079 502
4080 503
4081 504
4082 505
4083 506
4084 507
4085 508
4086 509
4087 510
4088 511
4089 512
4090 513
4091 514
4092 515
4093 516
4094 517
4095 518
4096 8
4097 9
4098 10
4099 11
4100 12
4101 13
4102 14
4103 15
4104 16
4105 17
4106 18
4107 19
4108 20
4109 21
4110 22
4111 23
4112 24
4113 25
4114 26
4115 27
4116 28
4117 29
4118 30
4119 31
4120 32
4121 33
4122 34
4123 35
4124 36
4125 37
4126 38
4127 39
4128 40
4129 41
4130 42
4131 43
4132 44
4133 45
4134 46
4135 47
4136 48
4137 49
4138 50
4139 51
4140 52
4141 53
4142 54
4143 55
4144 56
4145 57
4146 58
4147 59
4148 60
4149 61
4150 62
4151 63
4152 64
4153 65
4154 66
4155 67
4156 68
4157 69
4158 70
4159 71
4160 72
4161 73
4162 74
4163 75
4164 76
4165 77
4166 78
4167 79
4168 80
4169 81
4170 82
4171 83
4172 84
4173 85
4174 86
4175 87
4176 88
4177 89
4178 90
4179 91
4180 92
4181 93
4182 94
4183 95
4184 96
4185 97
4186 98
4187 99
4188 100
4189 101
4190 102
4191 103
4192 104
4193 105
4194 106
4195 107
4196 108
4197 109
4198 110
4199 111
4200 112
4201 113
4202 114
4203 115
4204 116
4205 117
4206 118
4207 119
4208 120
4209 121
4210 122
4211 123
4212 124
4213 125
4214 126
4215 127
4216 128
4217 129
4218 130
4219 131
4220 132
4221 133
4222 134
4223 135
4224 136
4225 137
4226 138
4227 139
4228 140
4229 141
4230 142
4231 143
4232 144
4233 145
4234 146
4235 147
4236 148
4237 149
4238 150
4239 151
4240 152
4241 153
4242 154
4243 155
4244 156
4245 157
4246 158
4247 159
4248 160
4249 161
4250 162
4251 163
4252 164
4253 165
4254 166
4255 167
4256 168
4257 169
4258 170
4259 171
4260 172
4261 173
4262 174
4263 175
4264 176
4265 177
4266 178
4267 179
4268 180
4269 181
4270 182
4271 183
4272 184
4273 185
4274 186
4275 187
4276 188
4277 189
4278 190
4279 191
4280 192
4281 193
4282 194
4283 195
4284 196
4285 197
4286 198
4287 199
4288 200
4289 201
4290 202
4291 203
4292 204
4293 205
4294 206
4295 207
4296 208
4297 209
4298 210
4299 211
4300 212
4301 213
4302 214
4303 215
4304 216
4305 217
4306 218
4307 219
4308 220
4309 221
4310 222
4311 223
4312 224
4313 225
4314 226
4315 227
4316 228
4317 229
4318 230
4319 231
4320 232
4321 233
4322 234
4323 235
4324 236
4325 237
4326 238
4327 239
4328 240
4329 241
4330 242
4331 243
4332 244
4333 245
4334 246
4335 247
4336 248
4337 249
4338 250
4339 251
4340 252
4341 253
4342 254
4343 255
4344 256
4345 257
4346 258
4347 259
4348 260
4349 261
4350 262
4351 263
4352 264
4353 265
4354 266
4355 267
4356 268
4357 269
4358 270
4359 271
4360 272
4361 273
4362 274
4363 275
4364 276
4365 277
4366 278
4367 279
4368 280
4369 281
4370 282
4371 283
4372 284
4373 285
4374 286
4375 287
4376 288
4377 289
4378 290
4379 291
4380 292
4381 293
4382 294
4383 295
4384 296
4385 297
4386 298
4387 299
4388 300
4389 301
4390 302
4391 303
4392 304
4393 305
4394 306
4395 307
4396 308
4397 309
4398 310
4399 311
4400 312
4401 313
4402 314
4403 315
4404 316
4405 317
4406 318
4407 319
4408 320
4409 321
4410 322
4411 323
4412 324
4413 325
4414 326
4415 327
4416 328
4417 329
4418 330
4419 331
4420 332
4421 333
4422 334
4423 335
4424 336
4425 337
4426 338
4427 339
4428 340
4429 341
4430 342
4431 343
4432 344
4433 345
4434 346
4435 347
4436 348
4437 349
4438 350
4439 351
4440 352
4441 353
4442 354
4443 355
4444 356
4445 357
4446 358
4447 359
4448 360
4449 361
4450 362
4451 363
4452 364
4453 365
4454 366
4455 367
4456 368
4457 369
4458 370
4459 371
4460 372
4461 373
4462 374
4463 375
4464 376
4465 377
4466 378
4467 379
4468 380
4469 381
4470 382
4471 383
4472 384
4473 385
4474 386
4475 387
4476 388
4477 389
4478 390
4479 391
4480 392
4481 393
4482 394
4483 395
4484 396
4485 397
4486 398
4487 399
4488 400
4489 401
4490 402
4491 403
4492 404
4493 405
4494 406
4495 407
4496 408
4497 409
4498 410
4499 411
4500 412
4501 413
4502 414
4503 415
4504 416
4505 417
4506 418
4507 419
4508 420
4509 421
4510 422
4511 423
4512 424
4513 425
4514 426
4515 427
4516 428
4517 429
4518 430
4519 431
4520 432
4521 433
4522 434
4523 435
4524 436
4525 437
4526 438
4527 439
4528 440
4529 441
4530 442
4531 443
4532 444
4533 445
4534 446
4535 447
4536 448
4537 449
4538 450
4539 451
4540 452
4541 453
4542 454
4543 455
4544 456
4545 457
4546 458
4547 459
4548 460
4549 461
4550 462
4551 463
4552 464
4553 465
4554 466
4555 467
4556 468
4557 469
4558 470
4559 471
4560 472
4561 473
4562 474
4563 475
4564 476
4565 477
4566 478
4567 479
4568 480
4569 481
4570 482
4571 483
4572 484
4573 485
4574 486
4575 487
4576 488
4577 489
4578 490
4579 491
4580 492
4581 493
4582 494
4583 495
4584 496
4585 497
4586 498
4587 499
4588 500
4589 501
4590 502
4591 503
4592 504
4593 505
4594 506
4595 507
4596 508
4597 509
4598 510
4599 511
4600 512
4601 513
4602 514
4603 515
4604 516
4605 517
4606 518
4607 519
4608 9
4609 10
4610 11
4611 12
4612 13
4613 14
4614 15
4615 16
4616 17
4617 18
4618 19
4619 20
4620 21
4621 22
4622 23
4623 24
4624 25
4625 26
4626 27
4627 28
4628 29
4629 30
4630 31
4631 32
4632 33
4633 34
4634 35
4635 36
4636 37
4637 38
4638 39
4639 40
4640 41
4641 42
4642 43
4643 44
4644 45
4645 46
4646 47
4647 48
4648 49
4649 50
4650 51
4651 52
4652 53
4653 54
4654 55
4655 56
4656 57
4657 58
4658 59
4659 60
4660 61
4661 62
4662 63
4663 64
4664 65
4665 66
4666 67
4667 68
4668 69
4669 70
4670 71
4671 72
4672 73
4673 74
4674 75
4675 76
4676 77
4677 78
4678 79
4679 80
4680 81
4681 82
4682 83
4683 84
4684 85
4685 86
4686 87
4687 88
4688 89
4689 90
4690 91
4691 92
4692 93
4693 94
4694 95
4695 96
4696 97
4697 98
4698 99
4699 100
4700 101
4701 102
4702 103
4703 104
4704 105
4705 106
4706 107
4707 108
4708 109
4709 110
4710 111
4711 112
4712 113
4713 114
4714 115
4715 116
4716 117
4717 118
4718 119
4719 120
4720 121
4721 122
4722 123
4723 124
4724 125
4725 126
4726 127
4727 128
4728 129
4729 130
4730 131
4731 132
4732 133
4733 134
4734 135
4735 136
4736 137
4737 138
4738 139
4739 140
4740 141
4741 142
4742 143
4743 144
4744 145
4745 146
4746 147
4747 148
4748 149
4749 150
4750 151
4751 152
4752 153
4753 154
4754 155
4755 156
4756 157
4757 158
4758 159
4759 160
4760 161
4761 162
4762 163
4763 164
4764 165
4765 166
4766 167
4767 168
4768 169
4769 170
4770 171
4771 172
4772 173
4773 174
4774 175
4775 176
4776 177
4777 178
4778 179
4779 180
4780 181
4781 182
4782 183
4783 184
4784 185
4785 186
4786 187
4787 188
4788 189
4789 190
4790 191
4791 192
4792 193
4793 194
4794 195
4795 196
4796 197
4797 198
4798 199
4799 200
4800 201
4801 202
4802 203
4803 204
4804 205
4805 206
4806 207
4807 208
4808 209
4809 210
4810 211
4811 212
4812 213
4813 214
4814 215
4815 216
4816 217
4817 218
4818 219
4819 220
4820 221
4821 222
4822 223
4823 224
4824 225
4825 226
4826 227
4827 228
4828 229
4829 230
4830 231
4831 232
4832 233
4833 234
4834 235
4835 236
4836 237
4837 238
4838 239
4839 240
4840 241
4841 242
4842 243
4843 244
4844 245
4845 246
4846 247
4847 248
4848 249
4849 250
4850 251
4851 252
4852 253
4853 254
4854 255
4855 256
4856 257
4857 258
4858 259
4859 260
4860 261
4861 262
4862 263
4863 264
4864 265
4865 266
4866 267
4867 268
4868 269
4869 270
4870 271
4871 272
4872 273
4873 274
4874 275
4875 276
4876 277
4877 278
4878 279
4879 280
4880 281
4881 282
4882 283
4883 284
4884 285
4885 286
4886 287
4887 288
4888 289
4889 290
4890 291
4891 292
4892 293
4893 294
4894 295
4895 296
4896 297
4897 298
4898 299
4899 300
4900 301
4901 302
4902 303
4903 304
4904 305
4905 306
4906 307
4907 308
4908 309
4909 310
4910 311
4911 312
4912 313
4913 314
4914 315
4915 316
4916 317
4917 318
4918 319
4919 320
4920 321
4921 322
4922 323
4923 324
4924 325
4925 326
4926 327
4927 328
4928 329
4929 330
4930 331
4931 332
4932 333
4933 334
4934 335
4935 336
4936 337
4937 338
4938 339
4939 340
4940 341
4941 342
4942 343
4943 344
4944 345
4945 346
4946 347
4947 348
4948 349
4949 350
4950 351
4951 352
4952 353
4953 354
4954 355
4955 356
4956 357
4957 358
4958 359
4959 360
4960 361
4961 362
4962 363
4963 364
4964 365
4965 366
4966 367
4967 368
4968 369
4969 370
4970 371
4971 372
4972 373
4973 374
4974 375
4975 376
4976 377
4977 378
4978 379
4979 380
4980 381
4981 382
4982 383
4983 384
4984 385
4985 386
4986 387
4987 388
4988 389
4989 390
4990 391
4991 392
4992 393
4993 394
4994 395
4995 396
4996 397
4997 398
4998 399
4999 400
5000 401
5001 402
5002 403
5003 404
5004 405
5005 406
5006 407
5007 408
5008 409
5009 410
5010 411
5011 412
5012 413
5013 414
5014 415
5015 416
5016 417
5017 418
5018 419
5019 420
5020 421
5021 422
5022 423
5023 424
5024 425
5025 426
5026 427
5027 428
5028 429
5029 430
5030 431
5031 432
5032 433
5033 434
5034 435
5035 436
5036 437
5037 438
5038 439
5039 440
5040 441
5041 442
5042 443
5043 444
5044 445
5045 446
5046 447
5047 448
5048 449
5049 450
5050 451
5051 452
5052 453
5053 454
5054 455
5055 456
5056 457
5057 458
5058 459
5059 460
5060 461
5061 462
5062 463
5063 464
5064 465
5065 466
5066 467
5067 468
5068 469
5069 470
5070 471
5071 472
5072 473
5073 474
5074 475
5075 476
5076 477
5077 478
5078 479
5079 480
5080 481
5081 482
5082 483
5083 484
5084 485
5085 486
5086 487
5087 488
5088 489
5089 490
5090 491
5091 492
5092 493
5093 494
5094 495
5095 496
5096 497
5097 498
5098 499
5099 500
5100 501
5101 502
5102 503
5103 504
5104 505
5105 506
5106 507
5107 508
5108 509
5109 510
5110 511
5111 512
5112 513
5113 514
5114 515
5115 516
5116 517
5117 518
5118 519
5119 520
5120 10
5121 11
5122 12
5123 13
5124 14
5125 15
5126 16
5127 17
5128 18
5129 19
5130 20
5131 21
5132 22
5133 23
5134 24
5135 25
5136 26
5137 27
5138 28
5139 29
5140 30
5141 31
5142 32
5143 33
5144 34
5145 35
5146 36
5147 37
5148 38
5149 39
5150 40
5151 41
5152 42
5153 43
5154 44
5155 45
5156 46
5157 47
5158 48
5159 49
5160 50
5161 51
5162 52
5163 53
5164 54
5165 55
5166 56
5167 57
5168 58
5169 59
5170 60
5171 61
5172 62
5173 63
5174 64
5175 65
5176 66
5177 67
5178 68
5179 69
5180 70
5181 71
5182 72
5183 73
5184 74
5185 75
5186 76
5187 77
5188 78
5189 79
5190 80
5191 81
5192 82
5193 83
5194 84
5195 85
5196 86
5197 87
5198 88
5199 89
5200 90
5201 91
5202 92
5203 93
5204 94
5205 95
5206 96
5207 97
5208 98
5209 99
5210 100
5211 101
5212 102
5213 103
5214 104
5215 105
5216 106
5217 107
5218 108
5219 109
5220 110
5221 111
5222 112
5223 113
5224 114
5225 115
5226 116
5227 117
5228 118
5229 119
5230 120
5231 121
5232 122
5233 123
5234 124
5235 125
5236 126
5237 127
5238 128
5239 129
5240 130
5241 131
5242 132
5243 133
5244 134
5245 135
5246 136
5247 137
5248 138
5249 139
5250 140
5251 141
5252 142
5253 143
5254 144
5255 145
5256 146
5257 147
5258 148
5259 149
5260 150
5261 151
5262 152
5263 153
5264 154
5265 155
5266 156
5267 157
5268 158
5269 159
5270 160
5271 161
5272 162
5273 163
5274 164
5275 165
5276 166
5277 167
5278 168
5279 169
5280 170
5281 171
5282 172
5283 173
5284 174
5285 175
5286 176
5287 177
5288 178
5289 179
5290 180
5291 181
5292 182
5293 183
5294 184
5295 185
5296 186
5297 187
5298 188
5299 189
5300 190
5301 191
5302 192
5303 193
5304 194
5305 195
5306 196
5307 197
5308 198
5309 199
5310 200
5311 201
5312 202
5313 203
5314 204
5315 205
5316 206
5317 207
5318 208
5319 209
5320 210
5321 211
5322 212
5323 213
5324 214
5325 215
5326 216
5327 217
5328 218
5329 219
5330 220
5331 221
5332 222
5333 223
5334 224
5335 225
5336 226
5337 227
5338 228
5339 229
5340 230
5341 231
5342 232
5343 233
5344 234
5345 235
5346 236
5347 237
5348 238
5349 239
5350 240
5351 241
5352 242
5353 243
5354 244
5355 245
5356 246
5357 247
5358 248
5359 249
5360 250
5361 251
5362 252
5363 253
5364 254
5365 255
5366 256
5367 257
5368 258
5369 259
5370 260
5371 261
5372 262
5373 263
5374 264
5375 265
5376 266
5377 267
5378 268
5379 269
5380 270
5381 271
5382 272
5383 273
5384 274
5385 275
5386 276
5387 277
5388 278
5389 279
5390 280
5391 281
5392 282
5393 283
5394 284
5395 285
5396 286
5397 287
5398 288
5399 289
5400 290
5401 291
5402 292
5403 293
5404 294
5405 295
5406 296
5407 297
5408 298
5409 299
5410 300
5411 301
5412 302
5413 303
5414 304
5415 305
5416 306
5417 307
5418 308
5419 309
5420 310
5421 311
5422 312
5423 313
5424 314
5425 315
5426 316
5427 317
5428 318
5429 319
5430 320
5431 321
5432 322
5433 323
5434 324
5435 325
5436 326
5437 327
5438 328
5439 329
5440 330
5441 331
5442 332
5443 333
5444 334
5445 335
5446 336
5447 337
5448 338
5449 339
5450 340
5451 341
5452 342
5453 343
5454 344
5455 345
5456 346
5457 347
5458 348
5459 349
5460 350
5461 351
5462 352
5463 353
5464 354
5465 355
5466 356
5467 357
5468 358
5469 359
5470 360
5471 361
5472 362
5473 363
5474 364
5475 365
5476 366
5477 367
5478 368
5479 369
5480 370
5481 371
5482 372
5483 373
5484 374
5485 375
5486 376
5487 377
5488 378
5489 379
5490 380
5491 381
5492 382
5493 383
5494 384
5495 385
5496 386
5497 387
5498 388
5499 389
5500 390
5501 391
5502 392
5503 393
5504 394
5505 395
5506 396
5507 397
5508 398
5509 399
5510 400
5511 401
5512 402
5513 403
5514 404
5515 405
5516 406
5517 407
5518 408
5519 409
5520 410
5521 411
5522 412
5523 413
5524 414
5525 415
5526 416
5527 417
5528 418
5529 419
5530 420
5531 421
5532 422
5533 423
5534 424
5535 425
5536 426
5537 427
5538 428
5539 429
5540 430
5541 431
5542 432
5543 433
5544 434
5545 435
5546 436
5547 437
5548 438
5549 439
5550 440
5551 441
5552 442
5553 443
5554 444
5555 445
5556 446
5557 447
5558 448
5559 449
5560 450
5561 451
5562 452
5563 453
5564 454
5565 455
5566 456
5567 457
5568 458
5569 459
5570 460
5571 461
5572 462
5573 463
5574 464
5575 465
5576 466
5577 467
5578 468
5579 469
5580 470
5581 471
5582 472
5583 473
5584 474
5585 475
5586 476
5587 477
5588 478
5589 479
5590 480
5591 481
5592 482
5593 483
5594 484
5595 485
5596 486
5597 487
5598 488
5599 489
5600 490
5601 491
5602 492
5603 493
5604 494
5605 495
5606 496
5607 497
5608 498
5609 499
5610 500
5611 501
5612 502
5613 503
5614 504
5615 505
5616 506
5617 507
5618 508
5619 509
5620 510
5621 511
5622 512
5623 513
5624 514
5625 515
5626 516
5627 517
5628 518
5629 519
5630 520
5631 521
5632 11
5633 12
5634 13
5635 14
5636 15
5637 16
5638 17
5639 18
5640 19
5641 20
5642 21
5643 22
5644 23
5645 24
5646 25
5647 26
5648 27
5649 28
5650 29
5651 30
5652 31
5653 32
5654 33
5655 34
5656 35
5657 36
5658 37
5659 38
5660 39
5661 40
5662 41
5663 42
5664 43
5665 44
5666 45
5667 46
5668 47
5669 48
5670 49
5671 50
5672 51
5673 52
5674 53
5675 54
5676 55
5677 56
5678 57
5679 58
5680 59
5681 60
5682 61
5683 62
5684 63
5685 64
5686 65
5687 66
5688 67
5689 68
5690 69
5691 70
5692 71
5693 72
5694 73
5695 74
5696 75
5697 76
5698 77
5699 78
5700 79
5701 80
5702 81
5703 82
5704 83
5705 84
5706 85
5707 86
5708 87
5709 88
5710 89
5711 90
5712 91
5713 92
5714 93
5715 94
5716 95
5717 96
5718 97
5719 98
5720 99
5721 100
5722 101
5723 102
5724 103
5725 104
5726 105
5727 106
5728 107
5729 108
5730 109
5731 110
5732 111
5733 112
5734 113
5735 114
5736 115
5737 116
5738 117
5739 118
5740 119
5741 120
5742 121
5743 122
5744 123
5745 124
5746 125
5747 126
5748 127
5749 128
5750 129
5751 130
5752 131
5753 132
5754 133
5755 134
5756 135
5757 136
5758 137
5759 138
5760 139
5761 140
5762 141
5763 142
5764 143
5765 144
5766 145
5767 146
5768 147
5769 148
5770 149
5771 150
5772 151
5773 152
5774 153
5775 154
5776 155
5777 156
5778 157
5779 158
5780 159
5781 160
5782 161
5783 162
5784 163
5785 164
5786 165
5787 166
5788 167
5789 168
5790 169
5791 170
5792 171
5793 172
5794 173
5795 174
5796 175
5797 176
5798 177
5799 178
5800 179
5801 180
5802 181
5803 182
5804 183
5805 184
5806 185
5807 186
5808 187
5809 188
5810 189
5811 190
5812 191
5813 192
5814 193
5815 194
5816 195
5817 196
5818 197
5819 198
5820 199
5821 200
5822 201
5823 202
5824 203
5825 204
5826 205
5827 206
5828 207
5829 208
5830 209
5831 210
5832 211
5833 212
5834 213
5835 214
5836 215
5837 216
5838 217
5839 218
5840 219
5841 220
5842 221
5843 222
5844 223
5845 224
5846 225
5847 226
5848 227
5849 228
5850 229
5851 230
5852 231
5853 232
5854 233
5855 234
5856 235
5857 236
5858 237
5859 238
5860 239
5861 240
5862 241
5863 242
5864 243
5865 244
5866 245
5867 246
5868 247
5869 248
5870 249
5871 250
5872 251
5873 252
5874 253
5875 254
5876 255
5877 256
5878 257
5879 258
5880 259
5881 260
5882 261
5883 262
5884 263
5885 264
5886 265
5887 266
5888 267
5889 268
5890 269
5891 270
5892 271
5893 272
5894 273
5895 274
5896 275
5897 276
5898 277
5899 278
5900 279
5901 280
5902 281
5903 282
5904 283
5905 284
5906 285
5907 286
5908 287
5909 288
5910 289
5911 290
5912 291
5913 292
5914 293
5915 294
5916 295
5917 296
5918 297
5919 298
5920 299
5921 300
5922 301
5923 302
5924 303
5925 304
5926 305
5927 306
5928 307
5929 308
5930 309
5931 310
5932 311
5933 312
5934 313
5935 314
5936 315
5937 316
5938 317
5939 318
5940 319
5941 320
5942 321
5943 322
5944 323
5945 324
5946 325
5947 326
5948 327
5949 328
5950 329
5951 330
5952 331
5953 332
5954 333
5955 334
5956 335
5957 336
5958 337
5959 338
5960 339
5961 340
5962 341
5963 342
5964 343
5965 344
5966 345
5967 346
5968 347
5969 348
5970 349
5971 350
5972 351
5973 352
5974 353
5975 354
5976 355
5977 356
5978 357
5979 358
5980 359
5981 360
5982 361
5983 362
5984 363
5985 364
5986 365
5987 366
5988 367
5989 368
5990 369
5991 370
5992 371
5993 372
5994 373
5995 374
5996 375
5997 376
5998 377
5999 378
6000 379
6001 380
6002 381
6003 382
6004 383
6005 384
6006 385
6007 386
6008 387
6009 388
6010 389
6011 390
6012 391
6013 392
6014 393
6015 394
6016 395
6017 396
6018 397
6019 398
6020 399
6021 400
6022 401
6023 402
6024 403
6025 404
6026 405
6027 406
6028 407
6029 408
6030 409
6031 410
6032 411
6033 412
6034 413
6035 414
6036 415
6037 416
6038 417
6039 418
6040 419
6041 420
6042 421
6043 422
6044 423
6045 424
6046 425
6047 426
6048 427
6049 428
6050 429
6051 430
6052 431
6053 432
6054 433
6055 434
6056 435
6057 436
6058 437
6059 438
6060 439
6061 440
6062 441
6063 442
6064 443
6065 444
6066 445
6067 446
6068 447
6069 448
6070 449
6071 450
6072 451
6073 452
6074 453
6075 454
6076 455
6077 456
6078 457
6079 458
6080 459
6081 460
6082 461
6083 462
6084 463
6085 464
6086 465
6087 466
6088 467
6089 468
6090 469
6091 470
6092 471
6093 472
6094 473
6095 474
6096 475
6097 476
6098 477
6099 478
6100 479
6101 480
6102 481
6103 482
6104 483
6105 484
6106 485
6107 486
6108 487
6109 488
6110 489
6111 490
6112 491
6113 492
6114 493
6115 494
6116 495
6117 496
6118 497
6119 498
6120 499
6121 500
6122 501
6123 502
6124 503
6125 504
6126 505
6127 506
6128 507
6129 508
6130 509
6131 510
6132 511
6133 512
6134 513
6135 514
6136 515
6137 516
6138 517
6139 518
6140 519
6141 520
6142 521
6143 522
6144 12
6145 13
6146 14
6147 15
6148 16
6149 17
6150 18
6151 19
6152 20
6153 21
6154 22
6155 23
6156 24
6157 25
6158 26
6159 27
6160 28
6161 29
6162 30
6163 31
6164 32
6165 33
6166 34
6167 35
6168 36
6169 37
6170 38
6171 39
6172 40
6173 41
6174 42
6175 43
6176 44
6177 45
6178 46
6179 47
6180 48
6181 49
6182 50
6183 51
6184 52
6185 53
6186 54
6187 55
6188 56
6189 57
6190 58
6191 59
6192 60
6193 61
6194 62
6195 63
6196 64
6197 65
6198 66
6199 67
6200 68
6201 69
6202 70
6203 71
6204 72
6205 73
6206 74
6207 75
6208 76
6209 77
6210 78
6211 79
6212 80
6213 81
6214 82
6215 83
6216 84
6217 85
6218 86
6219 87
6220 88
6221 89
6222 90
6223 91
6224 92
6225 93
6226 94
6227 95
6228 96
6229 97
6230 98
6231 99
6232 100
6233 101
6234 102
6235 103
6236 104
6237 105
6238 106
6239 107
6240 108
6241 109
6242 110
6243 111
6244 112
6245 113
6246 114
6247 115
6248 116
6249 117
6250 118
6251 119
6252 120
6253 121
6254 122
6255 123
6256 124
6257 125
6258 126
6259 127
6260 128
6261 129
6262 130
6263 131
6264 132
6265 133
6266 134
6267 135
6268 136
6269 137
6270 138
6271 139
6272 140
6273 141
6274 142
6275 143
6276 144
6277 145
6278 146
6279 147
6280 148
6281 149
6282 150
6283 151
6284 152
6285 153
6286 154
6287 155
6288 156
6289 157
6290 158
6291 159
6292 160
6293 161
6294 162
6295 163
6296 164
6297 165
6298 166
6299 167
6300 168
6301 169
6302 170
6303 171
6304 172
6305 173
6306 174
6307 175
6308 176
6309 177
6310 178
6311 179
6312 180
6313 181
6314 182
6315 183
6316 184
6317 185
6318 186
6319 187
6320 188
6321 189
6322 190
6323 191
6324 192
6325 193
6326 194
6327 195
6328 196
6329 197
6330 198
6331 199
6332 200
6333 201
6334 202
6335 203
6336 204
6337 205
6338 206
6339 207
6340 208
6341 209
6342 210
6343 211
6344 212
6345 213
6346 214
6347 215
6348 216
6349 217
6350 218
6351 219
6352 220
6353 221
6354 222
6355 223
6356 224
6357 225
6358 226
6359 227
6360 228
6361 229
6362 230
6363 231
6364 232
6365 233
6366 234
6367 235
6368 236
6369 237
6370 238
6371 239
6372 240
6373 241
6374 242
6375 243
6376 244
6377 245
6378 246
6379 247
6380 248
6381 249
6382 250
6383 251
6384 252
6385 253
6386 254
6387 255
6388 256
6389 257
6390 258
6391 259
6392 260
6393 261
6394 262
6395 263
6396 264
6397 265
6398 266
6399 267
6400 268
6401 269
6402 270
6403 271
6404 272
6405 273
6406 274
6407 275
6408 276
6409 277
6410 278
6411 279
6412 280
6413 281
6414 282
6415 283
6416 284
6417 285
6418 286
6419 287
6420 288
6421 289
6422 290
6423 291
6424 292
6425 293
6426 294
6427 295
6428 296
6429 297
6430 298
6431 299
6432 300
6433 301
6434 302
6435 303
6436 304
6437 305
6438 306
6439 307
6440 308
6441 309
6442 310
6443 311
6444 312
6445 313
6446 314
6447 315
6448 316
6449 317
6450 318
6451 319
6452 320
6453 321
6454 322
6455 323
6456 324
6457 325
6458 326
6459 327
6460 328
6461 329
6462 330
6463 331
6464 332
6465 333
6466 334
6467 335
6468 336
6469 337
6470 338
6471 339
6472 340
6473 341
6474 342
6475 343
6476 344
6477 345
6478 346
6479 347
6480 348
6481 349
6482 350
6483 351
6484 352
6485 353
6486 354
6487 355
6488 356
6489 357
6490 358
6491 359
6492 360
6493 361
6494 362
6495 363
6496 364
6497 365
6498 366
6499 367
6500 368
6501 369
6502 370
6503 371
6504 372
6505 373
6506 374
6507 375
6508 376
6509 377
6510 378
6511 379
6512 380
6513 381
6514 382
6515 383
6516 384
6517 385
6518 386
6519 387
6520 388
6521 389
6522 390
6523 391
6524 392
6525 393
6526 394
6527 395
6528 396
6529 397
6530 398
6531 399
6532 400
6533 401
6534 402
6535 403
6536 404
6537 405
6538 406
6539 407
6540 408
6541 409
6542 410
6543 411
6544 412
6545 413
6546 414
6547 415
6548 416
6549 417
6550 418
6551 419
6552 420
6553 421
6554 422
6555 423
6556 424
6557 425
6558 426
6559 427
6560 428
6561 429
6562 430
6563 431
6564 432
6565 433
6566 434
6567 435
6568 436
6569 437
6570 438
6571 439
6572 440
6573 441
6574 442
6575 443
6576 444
6577 445
6578 446
6579 447
6580 448
6581 449
6582 450
6583 451
6584 452
6585 453
6586 454
6587 455
6588 456
6589 457
6590 458
6591 459
6592 460
6593 461
6594 462
6595 463
6596 464
6597 465
6598 466
6599 467
6600 468
6601 469
6602 470
6603 471
6604 472
6605 473
6606 474
6607 475
6608 476
6609 477
6610 478
6611 479
6612 480
6613 481
6614 482
6615 483
6616 484
6617 485
6618 486
6619 487
6620 488
6621 489
6622 490
6623 491
6624 492
6625 493
6626 494
6627 495
6628 496
6629 497
6630 498
6631 499
6632 500
6633 501
6634 502
6635 503
6636 504
6637 505
6638 506
6639 507
6640 508
6641 509
6642 510
6643 511
6644 512
6645 513
6646 514
6647 515
6648 516
6649 517
6650 518
6651 519
6652 520
6653 521
6654 522
6655 523
6656 13
6657 14
6658 15
6659 16
6660 17
6661 18
6662 19
6663 20
6664 21
6665 22
6666 23
6667 24
6668 25
6669 26
6670 27
6671 28
6672 29
6673 30
6674 31
6675 32
6676 33
6677 34
6678 35
6679 36
6680 37
6681 38
6682 39
6683 40
6684 41
6685 42
6686 43
6687 44
6688 45
6689 46
6690 47
6691 48
6692 49
6693 50
6694 51
6695 52
6696 53
6697 54
6698 55
6699 56
6700 57
6701 58
6702 59
6703 60
6704 61
6705 62
6706 63
6707 64
6708 65
6709 66
6710 67
6711 68
6712 69
6713 70
6714 71
6715 72
6716 73
6717 74
6718 75
6719 76
6720 77
6721 78
6722 79
6723 80
6724 81
6725 82
6726 83
6727 84
6728 85
6729 86
6730 87
6731 88
6732 89
6733 90
6734 91
6735 92
6736 93
6737 94
6738 95
6739 96
6740 97
6741 98
6742 99
6743 100
6744 101
6745 102
6746 103
6747 104
6748 105
6749 106
6750 107
6751 108
6752 109
6753 110
6754 111
6755 112
6756 113
6757 114
6758 115
6759 116
6760 117
6761 118
6762 119
6763 120
6764 121
6765 122
6766 123
6767 124
6768 125
6769 126
6770 127
6771 128
6772 129
6773 130
6774 131
6775 132
6776 133
6777 134
6778 135
6779 136
6780 137
6781 138
6782 139
6783 140
6784 141
6785 142
6786 143
6787 144
6788 145
6789 146
6790 147
6791 148
6792 149
6793 150
6794 151
6795 152
6796 153
6797 154
6798 155
6799 156
6800 157
6801 158
6802 159
6803 160
6804 161
6805 162
6806 163
6807 164
6808 165
6809 166
6810 167
6811 168
6812 169
6813 170
6814 171
6815 172
6816 173
6817 174
6818 175
6819 176
6820 177
6821 178
6822 179
6823 180
6824 181
6825 182
6826 183
6827 184
6828 185
6829 186
6830 187
6831 188
6832 189
6833 190
6834 191
6835 192
6836 193
6837 194
6838 195
6839 196
6840 197
6841 198
6842 199
6843 200
6844 201
6845 202
6846 203
6847 204
6848 205
6849 206
6850 207
6851 208
6852 209
6853 210
6854 211
6855 212
6856 213
6857 214
6858 215
6859 216
6860 217
6861 218
6862 219
6863 220
6864 221
6865 222
6866 223
6867 224
6868 225
6869 226
6870 227
6871 228
6872 229
6873 230
6874 231
6875 232
6876 233
6877 234
6878 235
6879 236
6880 237
6881 238
6882 239
6883 240
6884 241
6885 242
6886 243
6887 244
6888 245
6889 246
6890 247
6891 248
6892 249
6893 250
6894 251
6895 252
6896 253
6897 254
6898 255
6899 256
6900 257
6901 258
6902 259
6903 260
6904 261
6905 262
6906 263
6907 264
6908 265
6909 266
6910 267
6911 268
6912 269
6913 270
6914 271
6915 272
6916 273
6917 274
6918 275
6919 276
6920 277
6921 278
6922 279
6923 280
6924 281
6925 282
6926 283
6927 284
6928 285
6929 286
6930 287
6931 288
6932 289
6933 290
6934 291
6935 292
6936 293
6937 294
6938 295
6939 296
6940 297
6941 298
6942 299
6943 300
6944 301
6945 302
6946 303
6947 304
6948 305
6949 306
6950 307
6951 308
6952 309
6953 310
6954 311
6955 312
6956 313
6957 314
6958 315
6959 316
6960 317
6961 318
6962 319
6963 320
6964 321
6965 322
6966 323
6967 324
6968 325
6969 326
6970 327
6971 328
6972 329
6973 330
6974 331
6975 332
6976 333
6977 334
6978 335
6979 336
6980 337
6981 338
6982 339
6983 340
6984 341
6985 342
6986 343
6987 344
6988 345
6989 346
6990 347
6991 348
6992 349
6993 350
6994 351
6995 352
6996 353
6997 354
6998 355
6999 356
7000 357
7001 358
7002 359
7003 360
7004 361
7005 362
7006 363
7007 364
7008 365
7009 366
7010 367
7011 368
7012 369
7013 370
7014 371
7015 372
7016 373
7017 374
7018 375
7019 376
7020 377
7021 378
7022 379
7023 380
7024 381
7025 382
7026 383
7027 384
7028 385
7029 386
7030 387
7031 388
7032 389
7033 390
7034 391
7035 392
7036 393
7037 394
7038 395
7039 396
7040 397
7041 398
7042 399
7043 400
7044 401
7045 402
7046 403
7047 404
7048 405
7049 406
7050 407
7051 408
7052 409
7053 410
7054 411
7055 412
7056 413
7057 414
7058 415
7059 416
7060 417
7061 418
7062 419
7063 420
7064 421
7065 422
7066 423
7067 424
7068 425
7069 426
7070 427
7071 428
7072 429
7073 430
7074 431
7075 432
7076 433
7077 434
7078 435
7079 436
7080 437
7081 438
7082 439
7083 440
7084 441
7085 442
7086 443
7087 444
7088 445
7089 446
7090 447
7091 448
7092 449
7093 450
7094 451
7095 452
7096 453
7097 454
7098 455
7099 456
7100 457
7101 458
7102 459
7103 460
7104 461
7105 462
7106 463
7107 464
7108 465
7109 466
7110 467
7111 468
7112 469
7113 470
7114 471
7115 472
7116 473
7117 474
7118 475
7119 476
7120 477
7121 478
7122 479
7123 480
7124 481
7125 482
7126 483
7127 484
7128 485
7129 486
7130 487
7131 488
7132 489
7133 490
7134 491
7135 492
7136 493
7137 494
7138 495
7139 496
7140 497
7141 498
7142 499
7143 500
7144 501
7145 502
7146 503
7147 504
7148 505
7149 506
7150 507
7151 508
7152 509
7153 510
7154 511
7155 512
7156 513
7157 514
7158 515
7159 516
7160 517
7161 518
7162 519
7163 520
7164 521
7165 522
7166 523
7167 524
7168 14
7169 15
7170 16
7171 17
7172 18
7173 19
7174 20
7175 21
7176 22
7177 23
7178 24
7179 25
7180 26
7181 27
7182 28
7183 29
7184 30
7185 31
7186 32
7187 33
7188 34
7189 35
7190 36
7191 37
7192 38
7193 39
7194 40
7195 41
7196 42
7197 43
7198 44
7199 45
7200 46
7201 47
7202 48
7203 49
7204 50
7205 51
7206 52
7207 53
7208 54
7209 55
7210 56
7211 57
7212 58
7213 59
7214 60
7215 61
7216 62
7217 63
7218 64
7219 65
7220 66
7221 67
7222 68
7223 69
7224 70
7225 71
7226 72
7227 73
7228 74
7229 75
7230 76
7231 77
7232 78
7233 79
7234 80
7235 81
7236 82
7237 83
7238 84
7239 85
7240 86
7241 87
7242 88
7243 89
7244 90
7245 91
7246 92
7247 93
7248 94
7249 95
7250 96
7251 97
7252 98
7253 99
7254 100
7255 101
7256 102
7257 103
7258 104
7259 105
7260 106
7261 107
7262 108
7263 109
7264 110
7265 111
7266 112
7267 113
7268 114
7269 115
7270 116
7271 117
7272 118
7273 119
7274 120
7275 121
7276 122
7277 123
7278 124
7279 125
7280 126
7281 127
7282 128
7283 129
7284 130
7285 131
7286 132
7287 133
7288 134
7289 135
7290 136
7291 137
7292 138
7293 139
7294 140
7295 141
7296 142
7297 143
7298 144
7299 145
7300 146
7301 147
7302 148
7303 149
7304 150
7305 151
7306 152
7307 153
7308 154
7309 155
7310 156
7311 157
7312 158
7313 159
7314 160
7315 161
7316 162
7317 163
7318 164
7319 165
7320 166
7321 167
7322 168
7323 169
7324 170
7325 171
7326 172
7327 173
7328 174
7329 175
7330 176
7331 177
7332 178
7333 179
7334 180
7335 181
7336 182
7337 183
7338 184
7339 185
7340 186
7341 187
7342 188
7343 189
7344 190
7345 191
7346 192
7347 193
7348 194
7349 195
7350 196
7351 197
7352 198
7353 199
7354 200
7355 201
7356 202
7357 203
7358 204
7359 205
7360 206
7361 207
7362 208
7363 209
7364 210
7365 211
7366 212
7367 213
7368 214
7369 215
7370 216
7371 217
7372 218
7373 219
7374 220
7375 221
7376 222
7377 223
7378 224
7379 225
7380 226
7381 227
7382 228
7383 229
7384 230
7385 231
7386 232
7387 233
7388 234
7389 235
7390 236
7391 237
7392 238
7393 239
7394 240
7395 241
7396 242
7397 243
7398 244
7399 245
7400 246
7401 247
7402 248
7403 249
7404 250
7405 251
7406 252
7407 253
7408 254
7409 255
7410 256
7411 257
7412 258
7413 259
7414 260
7415 261
7416 262
7417 263
7418 264
7419 265
7420 266
7421 267
7422 268
7423 269
7424 270
7425 271
7426 272
7427 273
7428 274
7429 275
7430 276
7431 277
7432 278
7433 279
7434 280
7435 281
7436 282
7437 283
7438 284
7439 285
7440 286
7441 287
7442 288
7443 289
7444 290
7445 291
7446 292
7447 293
7448 294
7449 295
7450 296
7451 297
7452 298
7453 299
7454 300
7455 301
7456 302
7457 303
7458 304
7459 305
7460 306
7461 307
7462 308
7463 309
7464 310
7465 311
7466 312
7467 313
7468 314
7469 315
7470 316
7471 317
7472 318
7473 319
7474 320
7475 321
7476 322
7477 323
7478 324
7479 325
7480 326
7481 327
7482 328
7483 329
7484 330
7485 331
7486 332
7487 333
7488 334
7489 335
7490 336
7491 337
7492 338
7493 339
7494 340
7495 341
7496 342
7497 343
7498 344
7499 345
7500 346
7501 347
7502 348
7503 349
7504 350
7505 351
7506 352
7507 353
7508 354
7509 355
7510 356
7511 357
7512 358
7513 359
7514 360
7515 361
7516 362
7517 363
7518 364
7519 365
7520 366
7521 367
7522 368
7523 369
7524 370
7525 371
7526 372
7527 373
7528 374
7529 375
7530 376
7531 377
7532 378
7533 379
7534 380
7535 381
7536 382
7537 383
7538 384
7539 385
7540 386
7541 387
7542 388
7543 389
7544 390
7545 391
7546 392
7547 393
7548 394
7549 395
7550 396
7551 397
7552 398
7553 399
7554 400
7555 401
7556 402
7557 403
7558 404
7559 405
7560 406
7561 407
7562 408
7563 409
7564 410
7565 411
7566 412
7567 413
7568 414
7569 415
7570 416
7571 417
7572 418
7573 419
7574 420
7575 421
7576 422
7577 423
7578 424
7579 425
7580 426
7581 427
7582 428
7583 429
7584 430
7585 431
7586 432
7587 433
7588 434
7589 435
7590 436
7591 437
7592 438
7593 439
7594 440
7595 441
7596 442
7597 443
7598 444
7599 445
7600 446
7601 447
7602 448
7603 449
7604 450
7605 451
7606 452
7607 453
7608 454
7609 455
7610 456
7611 457
7612 458
7613 459
7614 460
7615 461
7616 462
7617 463
7618 464
7619 465
7620 466
7621 467
7622 468
7623 469
7624 470
7625 471
7626 472
7627 473
7628 474
7629 475
7630 476
7631 477
7632 478
7633 479
7634 480
7635 481
7636 482
7637 483
7638 484
7639 485
7640 486
7641 487
7642 488
7643 489
7644 490
7645 491
7646 492
7647 493
7648 494
7649 495
7650 496
7651 497
7652 498
7653 499
7654 500
7655 501
7656 502
7657 503
7658 504
7659 505
7660 506
7661 507
7662 508
7663 509
7664 510
7665 511
7666 512
7667 513
7668 514
7669 515
7670 516
7671 517
7672 518
7673 519
7674 520
7675 521
7676 522
7677 523
7678 524
7679 525
7680 15
7681 16
7682 17
7683 18
7684 19
7685 20
7686 21
7687 22
7688 23
7689 24
7690 25
7691 26
7692 27
7693 28
7694 29
7695 30
7696 31
7697 32
7698 33
7699 34
7700 35
7701 36
7702 37
7703 38
7704 39
7705 40
7706 41
7707 42
7708 43
7709 44
7710 45
7711 46
7712 47
7713 48
7714 49
7715 50
7716 51
7717 52
7718 53
7719 54
7720 55
7721 56
7722 57
7723 58
7724 59
7725 60
7726 61
7727 62
7728 63
7729 64
7730 65
7731 66
7732 67
7733 68
7734 69
7735 70
7736 71
7737 72
7738 73
7739 74
7740 75
7741 76
7742 77
7743 78
7744 79
7745 80
7746 81
7747 82
7748 83
7749 84
7750 85
7751 86
7752 87
7753 88
7754 89
7755 90
7756 91
7757 92
7758 93
7759 94
7760 95
7761 96
7762 97
7763 98
7764 99
7765 100
7766 101
7767 102
7768 103
7769 104
7770 105
7771 106
7772 107
7773 108
7774 109
7775 110
7776 111
7777 112
7778 113
7779 114
7780 115
7781 116
7782 117
7783 118
7784 119
7785 120
7786 121
7787 122
7788 123
7789 124
7790 125
7791 126
7792 127
7793 128
7794 129
7795 130
7796 131
7797 132
7798 133
7799 134
7800 135
7801 136
7802 137
7803 138
7804 139
7805 140
7806 141
7807 142
7808 143
7809 144
7810 145
7811 146
7812 147
7813 148
7814 149
7815 150
7816 151
7817 152
7818 153
7819 154
7820 155
7821 156
7822 157
7823 158
7824 159
7825 160
7826 161
7827 162
7828 163
7829 164
7830 165
7831 166
7832 167
7833 168
7834 169
7835 170
7836 171
7837 172
7838 173
7839 174
7840 175
7841 176
7842 177
7843 178
7844 179
7845 180
7846 181
7847 182
7848 183
7849 184
7850 185
7851 186
7852 187
7853 188
7854 189
7855 190
7856 191
7857 192
7858 193
7859 194
7860 195
7861 196
7862 197
7863 198
7864 199
7865 200
7866 201
7867 202
7868 203
7869 204
7870 205
7871 206
7872 207
7873 208
7874 209
7875 210
7876 211
7877 212
7878 213
7879 214
7880 215
7881 216
7882 217
7883 218
7884 219
7885 220
7886 221
7887 222
7888 223
7889 224
7890 225
7891 226
7892 227
7893 228
7894 229
7895 230
7896 231
7897 232
7898 233
7899 234
7900 235
7901 236
7902 237
7903 238
7904 239
7905 240
7906 241
7907 242
7908 243
7909 244
7910 245
7911 246
7912 247
7913 248
7914 249
7915 250
7916 251
7917 252
7918 253
7919 254
7920 255
7921 256
7922 257
7923 258
7924 259
7925 260
7926 261
7927 262
7928 263
7929 264
7930 265
7931 266
7932 267
7933 268
7934 269
7935 270
7936 271
7937 272
7938 273
7939 274
7940 275
7941 276
7942 277
7943 278
7944 279
7945 280
7946 281
7947 282
7948 283
7949 284
7950 285
7951 286
7952 287
7953 288
7954 289
7955 290
7956 291
7957 292
7958 293
7959 294
7960 295
7961 296
7962 297
7963 298
7964 299
7965 300
7966 301
7967 302
7968 303
7969 304
7970 305
7971 306
7972 307
7973 308
7974 309
7975 310
7976 311
7977 312
7978 313
7979 314
7980 315
7981 316
7982 317
7983 318
7984 319
7985 320
7986 321
7987 322
7988 323
7989 324
7990 325
7991 326
7992 327
7993 328
7994 329
7995 330
7996 331
7997 332
7998 333
7999 334
8000 335
8001 336
8002 337
8003 338
8004 339
8005 340
8006 341
8007 342
8008 343
8009 344
8010 345
8011 346
8012 347
8013 348
8014 349
8015 350
8016 351
8017 352
8018 353
8019 354
8020 355
8021 356
8022 357
8023 358
8024 359
8025 360
8026 361
8027 362
8028 363
8029 364
8030 365
8031 366
8032 367
8033 368
8034 369
8035 370
8036 371
8037 372
8038 373
8039 374
8040 375
8041 376
8042 377
8043 378
8044 379
8045 380
8046 381
8047 382
8048 383
8049 384
8050 385
8051 386
8052 387
8053 388
8054 389
8055 390
8056 391
8057 392
8058 393
8059 394
8060 395
8061 396
8062 397
8063 398
8064 399
8065 400
8066 401
8067 402
8068 403
8069 404
8070 405
8071 406
8072 407
8073 408
8074 409
8075 410
8076 411
8077 412
8078 413
8079 414
8080 415
8081 416
8082 417
8083 418
8084 419
8085 420
8086 421
8087 422
8088 423
8089 424
8090 425
8091 426
8092 427
8093 428
8094 429
8095 430
8096 431
8097 432
8098 433
8099 434
8100 435
8101 436
8102 437
8103 438
8104 439
8105 440
8106 441
8107 442
8108 443
8109 444
8110 445
8111 446
8112 447
8113 448
8114 449
8115 450
8116 451
8117 452
8118 453
8119 454
8120 455
8121 456
8122 457
8123 458
8124 459
8125 460
8126 461
8127 462
8128 463
8129 464
8130 465
8131 466
8132 467
8133 468
8134 469
8135 470
8136 471
8137 472
8138 473
8139 474
8140 475
8141 476
8142 477
8143 478
8144 479
8145 480
8146 481
8147 482
8148 483
8149 484
8150 485
8151 486
8152 487
8153 488
8154 489
8155 490
8156 491
8157 492
8158 493
8159 494
8160 495
8161 496
8162 497
8163 498
8164 499
8165 500
8166 501
8167 502
8168 503
8169 504
8170 505
8171 506
8172 507
8173 508
8174 509
8175 510
8176 511
8177 512
8178 513
8179 514
8180 515
8181 516
8182 517
8183 518
8184 519
8185 520
8186 521
8187 522
8188 523
8189 524
8190 525
8191 526
