absEta_0_1-lowR9	runNumber	254790	260627	0.9954	0.0007 0.0001 0.0002 
absEta_0_1-highR9	runNumber	254790	260627	0.9988	0.0007 0.0001 0.0002 
absEta_1_1.4442-lowR9	runNumber	254790	260627	0.9966	0.0031 0.0001 0.0006 
absEta_1_1.4442-highR9	runNumber	254790	260627	1.0065	0.0031 0.0004 0.0005 
absEta_1.566_2-lowR9	runNumber	254790	260627	0.9785	0.0034 0.0002 0.0007 
absEta_1.566_2-highR9	runNumber	254790	260627	0.9856	0.0034 0.0004 0.0009 
absEta_2_2.5-highR9	runNumber	254790	260627	0.9863	0.0033 0.0002 0.0005 
absEta_2_2.5-lowR9	runNumber	254790	260627	0.9953	0.0033 0.0003 0.0013 

,
,

,
,
,
,
, 
