  1      -7.6250       0.3981E-03       0.3727E-04
  1      -7.3750       0.1169E-01       0.1647E-02
  1      -7.1250       0.6143E-01       0.1007E-01
  1      -6.8750       0.3554E+00       0.5002E-01
  1      -6.6250       0.1249E+01       0.3542E+00
  1      -6.3750       0.1677E+01       0.2145E+00
  1      -6.1250       0.3634E+01       0.4296E+00
  1      -5.8750       0.5414E+01       0.5424E+00
  1      -5.6250       0.8242E+01       0.5556E+00
  1      -5.3750       0.1102E+02       0.5303E+00
  1      -5.1250       0.1353E+02       0.1518E+01
  1      -4.8750       0.1964E+02       0.5879E+00
  1      -4.6250       0.2357E+02       0.6140E+00
  1      -4.3750       0.2662E+02       0.1112E+01
  1      -4.1250       0.3023E+02       0.7324E+00
  1      -3.8750       0.3250E+02       0.6028E+00
  1      -3.6250       0.3137E+02       0.9257E+00
  1      -3.3750       0.3243E+02       0.6701E+00
  1      -3.1250       0.3120E+02       0.7447E+00
  1      -2.8750       0.3249E+02       0.6310E+00
  1      -2.6250       0.3166E+02       0.7281E+00
  1      -2.3750       0.3104E+02       0.7682E+00
  1      -2.1250       0.3203E+02       0.5336E+00
  1      -1.8750       0.3149E+02       0.6843E+00
  1      -1.6250       0.3117E+02       0.5254E+00
  1      -1.3750       0.3210E+02       0.4870E+00
  1      -1.1250       0.3170E+02       0.5955E+00
  1      -0.8750       0.3279E+02       0.5854E+00
  1      -0.6250       0.3079E+02       0.6033E+00
  1      -0.3750       0.3208E+02       0.7195E+00
  1      -0.1250       0.3218E+02       0.3966E+00
  1       0.1250       0.3218E+02       0.3966E+00
  1       0.3750       0.3208E+02       0.7196E+00
  1       0.6250       0.3079E+02       0.6032E+00
  1       0.8750       0.3279E+02       0.5854E+00
  1       1.1250       0.3170E+02       0.5955E+00
  1       1.3750       0.3210E+02       0.4869E+00
  1       1.6250       0.3118E+02       0.5260E+00
  1       1.8750       0.3149E+02       0.6845E+00
  1       2.1250       0.3203E+02       0.5335E+00
  1       2.3750       0.3104E+02       0.7682E+00
  1       2.6250       0.3167E+02       0.7269E+00
  1       2.8750       0.3250E+02       0.6306E+00
  1       3.1250       0.3120E+02       0.7446E+00
  1       3.3750       0.3243E+02       0.6701E+00
  1       3.6250       0.3137E+02       0.9257E+00
  1       3.8750       0.3250E+02       0.6028E+00
  1       4.1250       0.3022E+02       0.7325E+00
  1       4.3750       0.2662E+02       0.1112E+01
  1       4.6250       0.2357E+02       0.6137E+00
  1       4.8750       0.1964E+02       0.5883E+00
  1       5.1250       0.1353E+02       0.1518E+01
  1       5.3750       0.1102E+02       0.5303E+00
  1       5.6250       0.8242E+01       0.5556E+00
  1       5.8750       0.5414E+01       0.5424E+00
  1       6.1250       0.3634E+01       0.4296E+00
  1       6.3750       0.1677E+01       0.2145E+00
  1       6.6250       0.1249E+01       0.3542E+00
  1       6.8750       0.3554E+00       0.5001E-01
  1       7.1250       0.6142E-01       0.1007E-01
  1       7.3750       0.1169E-01       0.1647E-02
  1       7.6250       0.3981E-03       0.3727E-04
  2       0.5000       0.1844E+02       0.2599E+01
  2       1.5000       0.1517E+03       0.3446E+01
  2       2.5000       0.2220E+03       0.3188E+01
  2       3.5000       0.1389E+03       0.1682E+01
  2       4.5000       0.6215E+02       0.5106E+00
  2       5.5000       0.2753E+02       0.1967E+00
  2       6.5000       0.1361E+02       0.6474E-01
  2       7.5000       0.7304E+01       0.4439E-01
  2       8.5000       0.4280E+01       0.2970E-01
  2       9.5000       0.2606E+01       0.1678E-01
  2      10.5000       0.1668E+01       0.1025E-01
  2      11.5000       0.1118E+01       0.7925E-02
  2      12.5000       0.7533E+00       0.5494E-02
  2      13.5000       0.5342E+00       0.5806E-02
  2      14.5000       0.3846E+00       0.4226E-02
  2      15.5000       0.2845E+00       0.2474E-02
  2      16.5000       0.2079E+00       0.2525E-02
  2      17.5000       0.1603E+00       0.1768E-02
  2      18.5000       0.1223E+00       0.1314E-02
  2      19.5000       0.9366E-01       0.1316E-02
  2      20.5000       0.7639E-01       0.1479E-02
  2      21.5000       0.5998E-01       0.9534E-03
  2      22.5000       0.4806E-01       0.6513E-03
  2      23.5000       0.3922E-01       0.3933E-03
  2      24.5000       0.3128E-01       0.4616E-03
  2      25.5000       0.2549E-01       0.4001E-03
  2      26.5000       0.2234E-01       0.7279E-03
  2      27.5000       0.1728E-01       0.2937E-03
  2      28.5000       0.1501E-01       0.3242E-03
  2      29.5000       0.1275E-01       0.2461E-03
  2      30.5000       0.1021E-01       0.2162E-03
  2      31.5000       0.8704E-02       0.2429E-03
  2      32.5000       0.7427E-02       0.1792E-03
  2      33.5000       0.6414E-02       0.1690E-03
  2      34.5000       0.5608E-02       0.1486E-03
  2      35.5000       0.4794E-02       0.1283E-03
  2      36.5000       0.4215E-02       0.1168E-03
  2      37.5000       0.3558E-02       0.1011E-03
  2      38.5000       0.3360E-02       0.1725E-03
  2      39.5000       0.2903E-02       0.1963E-03
  2      40.5000       0.2382E-02       0.5188E-04
  2      41.5000       0.2125E-02       0.4623E-04
  2      42.5000       0.1868E-02       0.4564E-04
  2      43.5000       0.1580E-02       0.5111E-04
  2      44.5000       0.1458E-02       0.4107E-04
  2      45.5000       0.1338E-02       0.3585E-04
  2      46.5000       0.1222E-02       0.2788E-04
  2      47.5000       0.1022E-02       0.3175E-04
  2      48.5000       0.9017E-03       0.2034E-04
  2      49.5000       0.8045E-03       0.3554E-04
  2      50.5000       0.7399E-03       0.3114E-04
  2      51.5000       0.6818E-03       0.2013E-04
  2      52.5000       0.6436E-03       0.2376E-04
  2      53.5000       0.5436E-03       0.2040E-04
  2      54.5000       0.4609E-03       0.2265E-04
  2      55.5000       0.4620E-03       0.3414E-04
  2      56.5000       0.4186E-03       0.1366E-04
  2      57.5000       0.4336E-03       0.4135E-04
  2      58.5000       0.3320E-03       0.1525E-04
  2      59.5000       0.3030E-03       0.1378E-04
  2      60.5000       0.2975E-03       0.1530E-04
  2      61.5000       0.2777E-03       0.2107E-04
  2      62.5000       0.2566E-03       0.1071E-04
  2      63.5000       0.2058E-03       0.8895E-05
  2      64.5000       0.1899E-03       0.7454E-05
  2      65.5000       0.1839E-03       0.7292E-05
  2      66.5000       0.1662E-03       0.7633E-05
  2      67.5000       0.1477E-03       0.5429E-05
  2      68.5000       0.1483E-03       0.1109E-04
  2      69.5000       0.1307E-03       0.6978E-05
  2      70.5000       0.1226E-03       0.9403E-05
  2      71.5000       0.1258E-03       0.1358E-04
  2      72.5000       0.1092E-03       0.8246E-05
  2      73.5000       0.1019E-03       0.5245E-05
  2      74.5000       0.9414E-04       0.5830E-05
  2      75.5000       0.8062E-04       0.6728E-05
  2      76.5000       0.7916E-04       0.4320E-05
  2      77.5000       0.6892E-04       0.3564E-05
  2      78.5000       0.7164E-04       0.5048E-05
  2      79.5000       0.5706E-04       0.4129E-05
  2      80.5000       0.6244E-04       0.4428E-05
  2      81.5000       0.5193E-04       0.2218E-05
  2      82.5000       0.4671E-04       0.2377E-05
  2      83.5000       0.5006E-04       0.3442E-05
  2      84.5000       0.4746E-04       0.2695E-05
  2      85.5000       0.3675E-04       0.1957E-05
  2      86.5000       0.3367E-04       0.1642E-05
  2      87.5000       0.3365E-04       0.2288E-05
  2      88.5000       0.3679E-04       0.4227E-05
  2      89.5000       0.3225E-04       0.2046E-05
  2      90.5000       0.3192E-04       0.2211E-05
  2      91.5000       0.2621E-04       0.1925E-05
  2      92.5000       0.2400E-04       0.1558E-05
  2      93.5000       0.2467E-04       0.1473E-05
  2      94.5000       0.2395E-04       0.1958E-05
  2      95.5000       0.1985E-04       0.1226E-05
  2      96.5000       0.2078E-04       0.1519E-05
  2      97.5000       0.1731E-04       0.1037E-05
  2      98.5000       0.1586E-04       0.1059E-05
  2      99.5000       0.1591E-04       0.1270E-05
