344724484
344725508
344728580
344729604
344732676
344733700
344736772
344737796
344740868
344741892
344744964
344745988
344749060
344750084
344753156
344754180
344757252
344758276
344761348
344762372
344765444
344766468
344769540
344770564
344773636
344774660
344777732
344778756
344781828
344782852
344785924
344786948
344790020
344791044
344794116
344795140
344798212
344799236
344802308
344803332
344806404
344807428
344810500
344811524
344462340
344463364
344466436
344467460
344470532
344471556
344474628
344475652
344478724
344479748
344482820
344483844
344486916
344487940
344491012
344492036
344495108
344496132
344499204
344500228
344503300
344504324
344507396
344508420
344511492
344512516
344515588
344516612
344519684
344520708
344523780
344524804
344527876
344528900
344531972
344532996
344536068
344537092
344540164
344541188
344544260
344545284
344548356
344549380
344200196
344201220
344204292
344949764
344208388
344818692
344212484
344830980
344216580
344217604
344220676
344843268
344224772
344225796
344228868
344851460
344232964
344859652
344237060
344238084
344241156
344871940
344245252
344246276
344249348
344880132
344253444
344888324
344257540
344900612
344261636
344262660
344265732
344912900
344269828
344270852
344273924
344921092
344278020
344929284
344282116
344283140
344286212
344941572
352588804
352589828
352592900
353215492
352596996
352598020
352601092
353227780
352605188
353235972
352609284
352610308
352613380
353244164
352617476
352618500
352621572
353256452
352625668
353268740
352629764
353276932
352633860
352634884
352637956
353285124
352642052
352643076
352646148
353297412
352650244
353305604
352654340
352655364
352658436
353313796
352662532
352663556
352666628
353326084
352670724
353338372
352674820
353207300
352850948
352851972
352855044
352856068
352859140
352860164
352863236
352864260
352867332
352868356
352871428
352872452
352875524
352876548
352879620
352880644
352883716
352884740
352887812
352888836
352891908
352892932
352896004
352897028
352900100
352901124
352904196
352905220
352908292
352909316
352912388
352913412
352916484
352917508
352920580
352921604
352924676
352925700
352928772
352929796
352932868
352933892
352936964
352937988
353113092
353114116
353117188
353118212
353121284
353122308
353125380
353126404
353129476
353130500
353133572
353134596
353137668
353138692
353141764
353142788
353145860
353146884
353149956
353150980
353154052
353155076
353158148
353159172
353162244
353163268
353166340
353167364
353170436
353171460
353174532
353175556
353178628
353179652
353182724
353183748
353186820
353187844
353190916
353191940
353195012
353196036
353199108
353200132