303042564
303042568
303042572
303042576
303042580
303042584
303042588
303042592
303046660
303046664
303046668
303046672
303046676
303046680
303046684
303046688
303050756
303050760
303050764
303050768
303050772
303050776
303050780
303050784
303054852
303054856
303054860
303054864
303054868
303054872
303054876
303054880
303058948
303058952
303058956
303058960
303058964
303058968
303058972
303058976
303063044
303063048
303063052
303063056
303063060
303063064
303063068
303063072
303067140
303067144
303067148
303067152
303067156
303067160
303067164
303067168
303071236
303071240
303071244
303071248
303071252
303071256
303071260
303071264
303075332
303075336
303075340
303075344
303075348
303075352
303075356
303075360
303079428
303079432
303079436
303079440
303079444
303079448
303079452
303079456
303083524
303083528
303083532
303083536
303083540
303083544
303083548
303083552
303087620
303087624
303087628
303087632
303087636
303087640
303087644
303087648
304091140
304091144
304091148
304091152
304091156
304091160
304091164
304091168
304095236
304095240
304095244
304095248
304095252
304095256
304095260
304095264
304099332
304099336
304099340
304099344
304099348
304099352
304099356
304099360
304103428
304103432
304103436
304103440
304103444
304103448
304103452
304103456
304107524
304107528
304107532
304107536
304107540
304107544
304107548
304107552
304111620
304111624
304111628
304111632
304111636
304111640
304111644
304111648
304115716
304115720
304115724
304115728
304115732
304115736
304115740
304115744
304119812
304119816
304119820
304119824
304119828
304119832
304119836
304119840
304123908
304123912
304123916
304123920
304123924
304123928
304123932
304123936
304128004
304128008
304128012
304128016
304128020
304128024
304128028
304128032
304132100
304132104
304132108
304132112
304132116
304132120
304132124
304132128
304136196
304136200
304136204
304136208
304136212
304136216
304136220
304136224
304140292
304140296
304140300
304140304
304140308
304140312
304140316
304140320
304144388
304144392
304144396
304144400
304144404
304144408
304144412
304144416
304148484
304148488
304148492
304148496
304148500
304148504
304148508
304148512
304181252
304189444
305139716
305139720
305139724
305139728
305139732
305139736
305139740
305139744
305143812
305143816
305143820
305143824
305143828
305143832
305143836
305143840
305147908
305147912
305147916
305147920
305147924
305147928
305147932
305147936
305152004
305152008
305152012
305152016
305152020
305152024
305152028
305152032
305156100
305156104
305156108
305156112
305156116
305156120
305156124
305156128
305160196
305160200
305160204
305160208
305160212
305160216
305160220
305160224
305164292
305164296
305164300
305164304
305164308
305164312
305164316
305164320
305168388
305168392
305168396
305168400
305168404
305168408
305168412
305168416
305172484
305172488
305172492
305172496
305172500
305172504
305172508
305172512
305176580
305176584
305176588
305176592
305176596
305176600
305176604
305176608
305180676
305180680
305180684
305180688
305180692
305180696
305180700
305180704
305184772
305184776
305184780
305184784
305184788
305184792
305184796
305184800
305188868
305188872
305188876
305188880
305188884
305188888
305188892
305188896
305192964
305192968
305192972
305192976
305192980
305192984
305192988
305192992
305197060
305197064
305197068
305197072
305197076
305197080
305197084
305197088
305201156
305201164
305217544
305233928
305246236
305283076
305283080
305283084
305283088
305287172
305287176
305287180
305287184
305291268
305291272
305291276
305291280
305291292
306188292
306188296
306188300
306188304
306188308
306188312
306188316
306188320
306192388
306192392
306192396
306192400
306192404
306192408
306192412
306192416
306196484
306196488
306196492
306196496
306196500
306196504
306196508
306196512
306200580
306200584
306200588
306200592
306200596
306200600
306200604
306200608
306204676
306204680
306204684
306204688
306204692
306204696
306204700
306204704
306208772
306208776
306208780
306208784
306208788
306208792
306208796
306208800
306212868
306212872
306212876
306212880
306212884
306212888
306212892
306212896
306216964
306216968
306216972
306216976
306216980
306216984
306216988
306216992
306221060
306221064
306221068
306221072
306221076
306221080
306221084
306221088
306225156
306225160
306225164
306225168
306225172
306225176
306225180
306225184
306229252
306229256
306229260
306229264
306229268
306229272
306229276
306229280
306233348
306233352
306233356
306233360
306233364
306233368
306233372
306233376
306237444
306237448
306237452
306237456
306237460
306237464
306237468
306237472
306241540
306241544
306241548
306241552
306241556
306241560
306241564
306241568
306245636
306245640
306245644
306245648
306245652
306245656
306245660
306245664
306278428
306311188
306343948
306360324
306364448
306401284
306401288
306401292
306401296
306405380
306405384
306405388
306405392
306409476
306409480
306409484
306409488
306413572
306413576
306413580
306413584
306442272
344724484
344725508
344728580
344729604
344733700
344736772
344740868
344741892
344744964
344745988
344758276
344761348
344766468
344769540
344770564
344781828
344782852
344786948
344791044
344794116
344795140
344798212
344799236
344802308
344803332
344810500
344811524
344815620
344827908
344950788
344462340
344463364
344466436
344467460
344470532
344471556
344475652
344479748
344483844
344487940
344495108
344504324
344507396
344508420
344515588
344516612
344523780
344524804
344531972
344532996
344536068
344537092
344541188
344545284
344548356
344549380
344564740
344572932
344573956
344593412
344664068
344668164
344200196
344201220
344204292
344208388
344217604
344220676
344225796
344232964
344245252
344246276
344257540
344269828
344270852
344278020
344286212
344328196
344332292
344336388
344340484
344418308
352589828
352592900
353215492
352596996
352598020
352613380
353244164
352629764
352633860
352634884
352637956
352642052
352643076
352646148
352650244
352658436
353313796
352663556
353326084
352674820
352699396
352704516
352707588
352711684
352729092
352741380
352756740
352773124
352785412
352789508
352850948
352851972
352855044
352856068
352859140
352860164
352864260
352868356
352871428
352872452
352876548
352879620
352884740
352887812
352888836
352892932
352901124
352908292
352909316
352912388
352913412
352917508
352921604
352925700
352932868
352936964
352937988
352941060
352945156
352949252
352953348
352961540
352987140
353031172
353063940
353068036
353076228
353113092
353114116
353117188
353118212
353125380
353130500
353134596
353138692
353142788
353149956
353150980
353154052
353155076
353158148
353159172
353163268
353167364
353170436
353171460
353174532
353175556
353178628
353183748
353187844
353191940
353195012
353199108
353203204
353208324
353211396
353236996
353248260
353294340
353309700
353317892
353321988
353330180
353334276
302055684
302055688
302055692
302055696
302055700
302055704
302055708
302055712
302055940
302055944
302055948
302055952
302055956
302055960
302055964
302055968
302056196
302056200
302056204
302056208
302056212
302056216
302056220
302056224
302056452
302056456
302056460
302056464
302056468
302056472
302056476
302056480
302056708
302056712
302056716
302056720
302056724
302056728
302056732
302056736
302056964
302056968
302056972
302056976
302056980
302056984
302056988
302056992
302057220
302057224
302057228
302057232
302057236
302057240
302057244
302057248
302057476
302057480
302057484
302057488
302057492
302057496
302057500
302057504
302057732
302057736
302057740
302057744
302057748
302057752
302057756
302057760
302057988
302057992
302057996
302058000
302058004
302058008
302058012
302058016
302058244
302058248
302058252
302058256
302058260
302058264
302058268
302058272
302058500
302058504
302058508
302058512
302058516
302058520
302058524
302058528
302058756
302058760
302058764
302058768
302058772
302058776
302058780
302058784
302059012
302059016
302059020
302059024
302059028
302059032
302059036
302059040
302059268
302059272
302059276
302059280
302059284
302059288
302059292
302059296
302059524
302059528
302059532
302059536
302059540
302059544
302059548
302059552
302059780
302059784
302059788
302059792
302059796
302059800
302059804
302059808
302060036
302060040
302060044
302060048
302060052
302060056
302060060
302060064
302060292
302060296
302060300
302060304
302060308
302060312
302060316
302060320
302060548
302060552
302060556
302060560
302060564
302060568
302060572
302060576
302121220
302121224
302121228
302121232
302121236
302121240
302121244
302121248
302121476
302121480
302121484
302121488
302121492
302121496
302121500
302121504
302121732
302121736
302121740
302121744
302121748
302121752
302121756
302121760
302121988
302121992
302121996
302122000
302122004
302122008
302122012
302122016
302122244
302122248
302122252
302122256
302122260
302122264
302122268
302122272
302122500
302122504
302122508
302122512
302122516
302122520
302122524
302122528
302122756
302122760
302122764
302122768
302122772
302122776
302122780
302122784
302123012
302123016
302123020
302123024
302123028
302123032
302123036
302123040
302123268
302123272
302123276
302123280
302123284
302123288
302123292
302123296
302123524
302123528
302123532
302123536
302123540
302123544
302123548
302123552
302123780
302123784
302123788
302123792
302123796
302123800
302123804
302123808
302124036
302124040
302124044
302124048
302124052
302124056
302124060
302124064
302124292
302124296
302124300
302124304
302124308
302124312
302124316
302124320
302124548
302124552
302124556
302124560
302124564
302124568
302124572
302124576
302124804
302124808
302124812
302124816
302124820
302124824
302124828
302124832
302125060
302125064
302125068
302125072
302125076
302125080
302125084
302125088
302125316
302125320
302125324
302125328
302125332
302125336
302125340
302125344
302125572
302125576
302125580
302125584
302125588
302125592
302125596
302125600
302125828
302125832
302125836
302125840
302125844
302125848
302125852
302125856
302126084
302126088
302126092
302126096
302126100
302126104
302126108
302126112
302126340
302126344
302126348
302126352
302126356
302126360
302126364
302126368
302126596
302126600
302126604
302126608
302126612
302126616
302126620
302126624
302126852
302126856
302126860
302126864
302126868
302126872
302126876
302126880
302127108
302127112
302127116
302127120
302127124
302127128
302127132
302127136
302127364
302127368
302127372
302127376
302127380
302127384
302127388
302127392
302127620
302127624
302127628
302127632
302127636
302127640
302127644
302127648
302127876
302127880
302127884
302127888
302127892
302127896
302127900
302127904
302128132
302128136
302128140
302128144
302128148
302128152
302128156
302128160
302128388
302128392
302128396
302128400
302128404
302128408
302128412
302128416
302128644
302128648
302128652
302128656
302128660
302128664
302128668
302128672
302128900
302128904
302128908
302128912
302128916
302128920
302128924
302128928
302129156
302129160
302129164
302129168
302129172
302129176
302129180
302129184
302186756
302186760
302186764
302186768
302186772
302186776
302186780
302186784
302187012
302187016
302187020
302187024
302187028
302187032
302187036
302187040
302187268
302187272
302187276
302187280
302187284
302187288
302187292
302187296
302187524
302187528
302187532
302187536
302187540
302187544
302187548
302187552
302187780
302187784
302187788
302187792
302187796
302187800
302187804
302187808
302188036
302188040
302188044
302188048
302188052
302188056
302188060
302188064
302188292
302188296
302188300
302188304
302188308
302188312
302188316
302188320
302188548
302188552
302188556
302188560
302188564
302188568
302188572
302188576
302188804
302188808
302188812
302188816
302188820
302188824
302188828
302188832
302189060
302189064
302189068
302189072
302189076
302189080
302189084
302189088
302189316
302189320
302189324
302189328
302189332
302189336
302189340
302189344
302189572
302189576
302189580
302189584
302189588
302189592
302189596
302189600
302189828
302189832
302189836
302189840
302189844
302189848
302189852
302189856
302190084
302190088
302190092
302190096
302190100
302190104
302190108
302190112
302190340
302190344
302190348
302190352
302190356
302190360
302190364
302190368
302190596
302190600
302190604
302190608
302190612
302190616
302190620
302190624
302190852
302190856
302190860
302190864
302190868
302190872
302190876
302190880
302191108
302191112
302191116
302191120
302191124
302191128
302191132
302191136
302191364
302191368
302191372
302191376
302191380
302191384
302191388
302191392
302191620
302191624
302191628
302191632
302191636
302191640
302191644
302191648
302191876
302191880
302191884
302191888
302191892
302191896
302191900
302191904
302192132
302192136
302192140
302192144
302192148
302192152
302192156
302192160
302192388
302192392
302192396
302192400
302192404
302192408
302192412
302192416
302192644
302192648
302192652
302192656
302192660
302192664
302192668
302192672
302192900
302192904
302192908
302192912
302192916
302192920
302192924
302192928
302193156
302193160
302193164
302193168
302193172
302193176
302193180
302193184
302193412
302193416
302193420
302193424
302193428
302193432
302193436
302193440
302193668
302193672
302193676
302193680
302193684
302193688
302193692
302193696
302193924
302193928
302193932
302193936
302193940
302193944
302193948
302193952
302194180
302194184
302194188
302194192
302194196
302194200
302194204
302194208
302194436
302194440
302194444
302194448
302194452
302194456
302194460
302194464
302194692
302194696
302194700
302194704
302194708
302194712
302194716
302194720
302194948
302194952
302194956
302194960
302194964
302194968
302194972
302194976
302195204
302195208
302195212
302195216
302195220
302195224
302195228
302195232
302195460
302195464
302195468
302195472
302195476
302195480
302195484
302195488
302195716
302195720
302195724
302195728
302195732
302195736
302195740
302195744
302195972
302195976
302195980
302195984
302195988
302195992
302195996
302196000
302196228
302196232
302196236
302196240
302196244
302196248
302196252
302196256
302196484
302196488
302196492
302196496
302196500
302196504
302196508
302196512
302196740
302196744
302196748
302196752
302196756
302196760
302196764
302196768
302196996
302197000
302197004
302197008
302197012
302197016
302197020
302197024
302197252
302197256
302197260
302197264
302197268
302197272
302197276
302197280
302197508
302197512
302197516
302197520
302197524
302197528
302197532
302197536
302197764
302197768
302197772
302197776
302197780
302197784
302197788
302197792
352388356
352388360
352388364
352388368
352389380
352389384
352389388
352389392
352390404
352390408
352390412
352390416
352391428
352391432
352391436
352391440
352392452
352392456
352392460
352392464
352393476
352393480
352393484
352393488
352394500
352394504
352394508
352394512
352395524
352395528
352395532
352395536
352396548
352396552
352396556
352396560
352397572
352397576
352397580
352397584
352398596
352398600
352398604
352398608
352399620
352399624
352399628
352399632
352400644
352400648
352400652
352400656
352401668
352401672
352401676
352401680
352402692
352402696
352402700
352402704
352403716
352403720
352403724
352403728
352404740
352404744
352404748
352404752
352405764
352405768
352405772
352405776
352406788
352406792
352406796
352406800
352407812
352407816
352407820
352407824
352408836
352408840
352408844
352408848
352409860
352409864
352409868
352409872
352410884
352410888
352410892
352410896
352411908
352411912
352411916
352411920
352388612
352388616
352388620
352389636
352389640
352389644
352390660
352390664
352390668
352391684
352391688
352391692
352392708
352392712
352392716
352393732
352393736
352393740
352394756
352394760
352394764
352395780
352395784
352395788
352396804
352396808
352396812
352397828
352397832
352397836
352398852
352398856
352398860
352399876
352399880
352399884
352400900
352400904
352400908
352401924
352401928
352401932
352402948
352402952
352402956
352403972
352403976
352403980
352404996
352405000
352405004
352406020
352406024
352406028
352407044
352407048
352407052
352408068
352408072
352408076
352409092
352409096
352409100
352410116
352410120
352410124
352411140
352411144
352411148
352412164
352412168
352412172
352453892
352453896
352453900
352453904
352454916
352454920
352454924
352454928
352455940
352455944
352455948
352455952
352456964
352456968
352456972
352456976
352457988
352457992
352457996
352458000
352459012
352459016
352459020
352459024
352460036
352460040
352460044
352460048
352461060
352461064
352461068
352461072
352462084
352462088
352462092
352462096
352463108
352463112
352463116
352463120
352464132
352464136
352464140
352464144
352465156
352465160
352465164
352465168
352466180
352466184
352466188
352466192
352467204
352467208
352467212
352467216
352468228
352468232
352468236
352468240
352469252
352469256
352469260
352469264
352470276
352470280
352470284
352470288
352471300
352471304
352471308
352471312
352472324
352472328
352472332
352472336
352473348
352473352
352473356
352473360
352474372
352474376
352474380
352474384
352475396
352475400
352475404
352475408
352476420
352476424
352476428
352476432
352477444
352477448
352477452
352477456
352454148
352454152
352454156
352455172
352455176
352455180
352456196
352456200
352456204
352457220
352457224
352457228
352458244
352458248
352458252
352459268
352459272
352459276
352460292
352460296
352460300
352461316
352461320
352461324
352462340
352462344
352462348
352463364
352463368
352463372
352464388
352464392
352464396
352465412
352465416
352465420
352466436
352466440
352466444
352467460
352467464
352467468
352468484
352468488
352468492
352469508
352469512
352469516
352470532
352470536
352470540
352471556
352471560
352471564
352472580
352472584
352472588
352473604
352473608
352473612
352474628
352474632
352474636
352475652
352475656
352475660
352476676
352476680
352476684
352477700
352477704
352477708
343999748
343999752
343999756
343999760
344000772
344000776
344000780
344000784
344001796
344001800
344001804
344001808
344002820
344002824
344002828
344002832
344003844
344003848
344003852
344003856
344004868
344004872
344004876
344004880
344005892
344005896
344005900
344005904
344006916
344006920
344006924
344006928
344007940
344007944
344007948
344007952
344008964
344008968
344008972
344008976
344009988
344009992
344009996
344010000
344011012
344011016
344011020
344011024
344012036
344012040
344012044
344012048
344013060
344013064
344013068
344013072
344014084
344014088
344014092
344014096
344015108
344015112
344015116
344015120
344016132
344016136
344016140
344016144
344017156
344017160
344017164
344017168
344018180
344018184
344018188
344018192
344019204
344019208
344019212
344019216
344020228
344020232
344020236
344020240
344021252
344021256
344021260
344021264
344022276
344022280
344022284
344022288
344023300
344023304
344023308
344023312
344000004
344000008
344000012
344001028
344001032
344001036
344002052
344002056
344002060
344003076
344003080
344003084
344004100
344004104
344004108
344005124
344005128
344005132
344006148
344006152
344006156
344007172
344007176
344007180
344008196
344008200
344008204
344009220
344009224
344009228
344010244
344010248
344010252
344011268
344011272
344011276
344012292
344012296
344012300
344013316
344013320
344013324
344014340
344014344
344014348
344015364
344015368
344015372
344016388
344016392
344016396
344017412
344017416
344017420
344018436
344018440
344018444
344019460
344019464
344019468
344020484
344020488
344020492
344021508
344021512
344021516
344022532
344022536
344022540
344023556
344023560
344023564
344065284
344065288
344065292
344065296
344066308
344066312
344066316
344066320
344067332
344067336
344067340
344067344
344068356
344068360
344068364
344068368
344069380
344069384
344069388
344069392
344070404
344070408
344070412
344070416
344071428
344071432
344071436
344071440
344072452
344072456
344072460
344072464
344073476
344073480
344073484
344073488
344074500
344074504
344074508
344074512
344075524
344075528
344075532
344075536
344076548
344076552
344076556
344076560
344077572
344077576
344077580
344077584
344078596
344078600
344078604
344078608
344079620
344079624
344079628
344079632
344080644
344080648
344080652
344080656
344081668
344081672
344081676
344081680
344082692
344082696
344082700
344082704
344083716
344083720
344083724
344083728
344084740
344084744
344084748
344084752
344085764
344085768
344085772
344085776
344086788
344086792
344086796
344086800
344087812
344087816
344087820
344087824
344088836
344088840
344088844
344088848
344065540
344065544
344065548
344066564
344066568
344066572
344067588
344067592
344067596
344068612
344068616
344068620
344069636
344069640
344069644
344070660
344070664
344070668
344071684
344071688
344071692
344072708
344072712
344072716
344073732
344073736
344073740
344074756
344074760
344074764
344075780
344075784
344075788
344076804
344076808
344076812
344077828
344077832
344077836
344078852
344078856
344078860
344079876
344079880
344079884
344080900
344080904
344080908
344081924
344081928
344081932
344082948
344082952
344082956
344083972
344083976
344083980
344084996
344085000
344085004
344086020
344086024
344086028
344087044
344087048
344087052
344088068
344088072
344088076
344089092
344089096
344089100
