266150 0
271866 0
272761 0
272828 0
273150 0.385172701
273158 50.220210840
273301 0
273302 16.319201797
273402 6.584577453
273403 1.820958598
273404 0.610802647
273405 0.832936187
273406 3.773872424
273408 0.180194854
273409 9.442193251
273410 2.729404628
273411 0.734874842
273425 26.757842509
273426 2.037135656
273446 2.140645567
273447 25.976359758
273448 22.661434184
273449 11.394741853
273450 32.389699552
273492 12.223410645
273493 10.359205060
273494 8.433104783
273502 46.946977259
273503 25.345338369
273554 26.672370697
273555 12.154365843
273725 154.730218347
273728 4.846951183
273730 108.100334799
274094 9.734585999
274146 5.119510777
274157 38.994492830
274159 3.561326269
274160 17.146093482
274161 42.175324937
274172 5.248556692
274198 10.904618977
274199 64.926031458
274200 60.141469278
274240 9.952956454
274241 124.740373414
274244 56.348324119
274250 94.620734798
274251 65.222033062
274283 0.349871530
274284 29.982866003
274286 21.667949028
274314 9.513722735
274315 66.474721586
274316 130.421463599
274317 0.301283908
274319 27.302058183
274335 142.702397511
274336 1.741816214
274337 1.781505151
274338 88.970991467
274339 9.958588419
274344 69.946654840
274345 17.733284738
274382 7.428113198
274387 58.230925462
274388 254.143127693
274420 28.085763446
274421 53.901679022
274422 277.137366480
274440 63.546059058
274441 63.938476500
274442 99.071429357
274443 6.157281322
274954 0.964180375
274955 4.770955418
274968 193.775922766
274969 126.581145674
274970 4.298671972
274971 97.616535644
274998 113.023737263
274999 162.759022647
275000 15.808373810
275001 197.994303608
275059 10.701513009
275064 5.877173780
275066 18.301980901
275067 71.046000095
275068 142.426185427
275073 68.166579916
275074 75.957762662
275124 56.104012184
275125 149.289554910
275282 14.753424131
275283 22.215007942
275284 17.862642395
275285 0.125163124
275286 13.946769227
275289 1.072843816
275290 7.953067812
275291 51.239142971
275292 15.533065282
275293 24.911715338
275309 81.968831496
275310 221.971321072
275311 107.143490495
275319 24.399048687
275337 68.318280018
275338 75.039556334
275344 50.206595426
275345 59.317080928
275370 51.557454428
275371 94.041599977
275375 205.471795052
275376 323.163897270
275635 0
275657 18.283723984
275658 59.034025043
275659 3.171269936
275757 3.296875204
275758 0.802889379
275759 1.204144620
275761 1.667386031
275767 0.714021988
275772 10.203603061
275773 1.181464554
275774 55.058509354
275776 23.256087180
275777 47.914974828
275778 45.726821976
275781 4.156221873
275782 99.673166606
275832 72.628755583
275833 46.889395184
275834 51.935909979
275835 2.069230944
275836 186.759678284
275837 83.442435566
275841 5.340389783
275846 0.600261434 
275847 198.947361542
275886 8.959741717
275887 9.198721095
275890 235.220049782
275911 73.582913607
275912 51.914262609
275913 76.634940140
275918 53.905285585
275920 61.253099614
275921 2.689974793
275922 0.274320622
275923 15.909136938
275931 10.912847070
275963 19.774145187
276054 0
276064 0.108243447 
276092 14.768384698
276095 0.216107413
276097 99.405227777
276237 0
276242 272.679185351
276243 78.092837794
276244 132.488998823
276282 206.020156368
276283 166.967551934
276315 34.450825785
276317 26.316937148
276318 98.364174007
276327 9.782407768
276352 7.687984132
276355 6.205236896
276357 15.013520147
276361 149.824091526
276363 206.848227184
276384 121.517288766
276437 356.334756325
276454 63.924279409
276458 33.169134087
276495 38.062164066
276501 401.733502568
276502 85.357449333
276525 405.302921266
276527 22.408004818
276528 38.349578306
276542 148.442843148
276543 148.143518872
276544 21.993585092
276545 27.423889470
276581 74.062946538
276582 150.007109117
276583 7.839875549
276584 0.172727362
276585 34.895920918
276586 96.896976507
276587 107.617825336
276653 86.119512846
276655 160.926116868
276659 30.037585816
276775 207.359208622
276776 236.342423452
276794 87.205680821
276807 30.442600532
276808 157.858192010
276810 44.735085823
276811 301.674117304
276831 400.297676299
276832 7.473453523
276834 72.599726830
276870 527.079042973
276935 170.798551827
276940 28.700846840
276946 4.252741743
276947 24.605931488
276948 85.951571648
276950 323.178752535
276952 0
277069 75.526287052
277070 206.495004545
277071 26.353950733
277072 69.470744336
277073 12.749016636
277076 126.205887241
277087 86.356665370
277094 131.582224751
277096 320.667915284
277112 17.339321164
277126 1.967387079
277127 184.213275630
277148 128.191762293
277166 70.666493871
277168 318.998343761
277180 31.250413067
277194 367.175186737
277305 154.261732814
277420 60.844211738
277935 0
277981 4.641662441
277991 4.753756131
277992 16.993111781
278017 125.532225843
278018 214.245099834
278167 314.656584897
278175 9.044695185
278193 34.581050612
278239 133.159929732
278240 197.912778140
278271 0
278273 5.851969403
278274 18.018314563
278288 2.873670757
278289 9.658789401
278290 2.421569359
278308 319.902058883
278309 1.330173110
278310 88.422333085
278315 137.851833325
278345 150.524403041
278346 21.125789319
278349 97.144421365
278366 59.422848201
278406 297.186917416
278509 273.441766226
278769 7.207544992
278770 163.785042964
278801 7.802784220
278802 1.706479830
278803 71.465332105
278804 0.747048856
278805 56.081362139
278808 269.976873842
278820 286.511292999
278821 4.625087254
278822 191.158369489
278873 2.011529344
278874 81.773427401
278875 114.871994480
278923 98.543102629
278957 36.164158585
278962 75.976997966
278963 37.267386549
278969 282.850864839
278975 120.000479166
278976 2.555233406
278986 31.547718910
279024 49.595681552
279029 38.088365375
279071 22.581050882
279080 12.772790221
279115 84.298417622
279116 90.639285447
279479 5.926778960
279588 228.517079959
279653 43.391596572
279654 240.614674254
279656 5.683778790
279658 93.394296273
279667 208.731642042
279681 6.669545475
279682 7.775812962
279683 6.362365395
279684 5.302872309
279685 48.653208633
279691 9.655603763
279694 406.418024415
279715 137.395611879
279716 258.223424955
279760 154.923780048
279766 268.330897382
279767 89.813165616
279794 223.093491877
279823 81.827884397
279841 380.358689709
279844 56.587892499
279881 0
279887 73.315951298
279931 475.875123052
279966 93.010881560
279975 245.459046311
279976 0
279993 18.075211084
279994 12.379774533
279995 1.249145196
280002 27.025284120
280006 16.052867245
280007 8.348038508
280013 5.635925249
280015 116.788295816
280016 26.575518877
280017 97.988265529
280018 159.034296216
280020 4.613516645
280024 41.841049370
280187 13.218188892
280188 61.560219414
280191 179.131014898
280194 36.665471251
280242 147.690347519
280249 239.160039031
280251 47.175675798
280327 8.719126011
280330 185.776359950
280349 104.819741964
280363 50.013336182
280364 155.384550698
280365 0
280383 0.248003534
280384 7.808693195
280385 365.543681060
280928 0
281613 9.764089840
281639 18.977254960
281641 39.267577318
281663 0
281686 5.237282778 
281691 3.582514519 
281693 376.118399160
281707 217.755250075
281726 49.352584326
281727 202.020172099
281797 397.836480149
281975 53.956630692
281976 340.010061446
282033 8.255815013
282034 8.631466196
282035 9.405334187
282037 331.596106027
282092 390.979918022
282649 0
282708 2.118367301
282710 0.346457796
282712 16.682537124
282730 20.382034630
282731 47.479404889
282732 18.071781853
282733 43.147575481
282734 70.460004019
282735 269.529473990
282800 93.579664969
282807 70.562619168
282814 276.224384230
282842 23.509443955
282917 17.965019093
282918 12.877857317
282919 57.230808676
282922 25.520575381
282923 41.060582307
282924 0.168569666
283042 1.419220327
283043 116.699469199
283049 3.132359689
283050 57.939220087
283052 28.777008251
283059 98.777845156
283270 381.443761708
283283 197.444168983
283305 1.390518853
283306 76.859026835
283307 100.279861203
283308 163.957732593
283353 191.087631224
283358 172.478157893
283359 60.804580885
283407 9.814026311
283408 457.018851149
283416 21.713876877
283453 123.278367350
283469 0.031237036
283478 215.661546160
283548 26.451260162
283680 18.937475938
283681 3.813224243
283682 80.063189918
283685 20.432302602
283820 259.057765452
283830 102.254914808
283834 9.009585103
283835 11.312988905
283865 264.403139129
283876 163.762579885
283877 245.684055834
283884 101.925204006
283885 290.452170240
283933 40.330644227
283934 275.345000218
283946 300.188316800
283964 58.697972977
284006 57.690296605
284014 47.826032787
284025 12.192594717
284029 29.940882682
284035 87.614551580
284036 71.719298502
284037 62.387614249
284038 9.103983831
284039 4.797111668
284040 5.446855482
284041 6.812087799
284042 19.699817440
284043 31.711872933
284044 4.286644745
