 MH    alpha_s(MH)         mb(MH)           mb(MH/2)
 50.  0.1310180832       3.209876814       3.449276526    
 51.  0.1305821747       3.203750635       3.441677342    
 52.  0.1301576104       3.197777333       3.434274365    
 53.  0.1297438756       3.191950136       3.427058697    
 54.  0.1293404887       3.186262701       3.420022006    
 55.  0.1289469977       3.180709072       3.413156485    
 56.  0.1285629789       3.175283653       3.406454806    
 57.  0.1281880338       3.169981180       3.399910083    
 58.  0.1278217875       3.164796695       3.393515838    
 59.  0.1274638870       3.159725522       3.387265970    
 60.  0.1271139994       3.154763250       3.381154729    
 61.  0.1267718106       3.149905710       3.375176686    
 62.  0.1264370237       3.145148961       3.369326715    
 63.  0.1261093580       3.140489271       3.363599966    
 64.  0.1257885479       3.135923105       3.357991852    
 65.  0.1254743418       3.131447111       3.352498024    
 66.  0.1251665009       3.127058107       3.347114361    
 67.  0.1248647987       3.122753072       3.341836951    
 68.  0.1245690203       3.118529133       3.336662081    
 69.  0.1242789611       3.114383557       3.331586219    
 70.  0.1239944267       3.110313743       3.326606006    
 71.  0.1237152319       3.106317211       3.321718246    
 72.  0.1234412004       3.102391598       3.316919893    
 73.  0.1231721641       3.098534651       3.312208045    
 74.  0.1229079626       3.094744215       3.307579930    
 75.  0.1226484428       3.091018235       3.303032907    
 76.  0.1223934585       3.087354744       3.298564449    
 77.  0.1221428699       3.083751863       3.294172143    
 78.  0.1218965434       3.080207791       3.289853681    
 79.  0.1216543510       3.076720805       3.285606853    
 80.  0.1214161704       3.073289254       3.281429546    
 81.  0.1211818841       3.069911554       3.277319732    
 82.  0.1209513797       3.066586188       3.273275470    
 83.  0.1207245493       3.063311696       3.269294896    
 84.  0.1205012896       3.060086680       3.265376223    
 85.  0.1202815010       3.056909795       3.261517736    
 86.  0.1200650882       3.053779749       3.257717784    
 87.  0.1198519594       3.050695298       3.253974785    
 88.  0.1196420266       3.047655248       3.250287215    
 89.  0.1194352048       3.044658447       3.246653609    
 90.  0.1192314124       3.041703787       3.243072557    
 91.  0.1190305709       3.038790200       3.239542702    
 92.  0.1188326046       3.035916658       3.236062735    
 93.  0.1186374406       3.033082169       3.232631396    
 94.  0.1184450085       3.030285775       3.229247472    
 95.  0.1182552406       3.027526554       3.225909791    
 96.  0.1180680715       3.024803614       3.222617223    
 97.  0.1178834381       3.022116094       3.219368676    
 98.  0.1177012794       3.019463162       3.216163098    
 99.  0.1175215365       3.016844016       3.212999471    
100.  0.1173441527       3.014257879       3.209876814    
101.  0.1171690729       3.011703998       3.206794174    
102.  0.1169962440       3.009181648       3.203750635    
103.  0.1168256147       3.006690126       3.200745308    
104.  0.1166571351       3.004228749       3.197777333    
105.  0.1164907572       3.001796860       3.194845877    
106.  0.1163264344       2.999393820       3.191950136    
107.  0.1161641216       2.997019009       3.189089329    
108.  0.1160037750       2.994671829       3.186262701    
109.  0.1158453523       2.992351697       3.183469519    
110.  0.1156888125       2.990058050       3.180709072    
111.  0.1155341157       2.987790341       3.177980673    
112.  0.1153812233       2.985548039       3.175283653    
113.  0.1152300979       2.983330628       3.172617365    
114.  0.1150807032       2.981137609       3.169981180    
115.  0.1149330038       2.978968495       3.167374488    
116.  0.1147869655       2.976822815       3.164796695    
117.  0.1146425550       2.974700110       3.162247226    
118.  0.1144997400       2.972599934       3.159725522    
119.  0.1143584892       2.970521854       3.157231039    
120.  0.1142187719       2.968465449       3.154763250    
121.  0.1140805585       2.966430309       3.152321640    
122.  0.1139438202       2.964416036       3.149905710    
123.  0.1138085289       2.962422241       3.147514975    
124.  0.1136746572       2.960448546       3.145148961    
125.  0.1135421788       2.958494586       3.142807209    
126.  0.1134110675       2.956560000       3.140489271    
127.  0.1132812984       2.954644442       3.138194711    
128.  0.1131528468       2.952747571       3.135923105    
129.  0.1130256890       2.950869056       3.133674039    
130.  0.1128998016       2.949008575       3.131447111    
131.  0.1127751621       2.947165815       3.129241928    
132.  0.1126517482       2.945340467       3.127058107    
133.  0.1125295386       2.943532234       3.124895276    
134.  0.1124085122       2.941740825       3.122753072    
135.  0.1122886485       2.939965954       3.120631139    
136.  0.1121699277       2.938207344       3.118529133    
137.  0.1120523302       2.936464726       3.116446715    
138.  0.1119358370       2.934737834       3.114383557    
139.  0.1118204297       2.933026411       3.112339337    
140.  0.1117060901       2.931330204       3.110313743    
141.  0.1115928006       2.929648969       3.108306467    
142.  0.1114805439       2.927982464       3.106317211    
143.  0.1113693032       2.926330455       3.104345683    
144.  0.1112590620       2.924692713       3.102391598    
145.  0.1111498044       2.923069014       3.100454678    
146.  0.1110415145       2.921459138       3.098534651    
147.  0.1109341772       2.919862872       3.096631250    
148.  0.1108277773       2.918280006       3.094744215    
149.  0.1107223002       2.916710336       3.092873293    
150.  0.1106177316       2.915153661       3.091018235    
151.  0.1105140575       2.913609785       3.089178798    
152.  0.1104112643       2.912078518       3.087354744    
153.  0.1103093384       2.910559671       3.085545842    
154.  0.1102082668       2.909053062       3.083751863    
155.  0.1101080367       2.907558510       3.081972585    
156.  0.1100086356       2.906075840       3.080207791    
157.  0.1099100511       2.904604880       3.078457267    
158.  0.1098122713       2.903145462       3.076720805    
159.  0.1097152843       2.901697420       3.074998201    
160.  0.1096190787       2.900260593       3.073289254    
161.  0.1095236431       2.898834822       3.071593769    
162.  0.1094289666       2.897419954       3.069911554    
163.  0.1093350383       2.896015835       3.068242422    
164.  0.1092418477       2.894622317       3.066586188    
165.  0.1091493842       2.893239255       3.064942671    
166.  0.1090576378       2.891866504       3.063311696    
167.  0.1089665985       2.890503925       3.061693089    
168.  0.1088762565       2.889151381       3.060086680    
169.  0.1087866023       2.887808737       3.058492303    
170.  0.1086976264       2.886475860       3.056909795    
171.  0.1086093197       2.885152621       3.055338996    
172.  0.1085216730       2.883838893       3.053779749    
173.  0.1084346777       2.882468384       3.052231900    
174.  0.1083483249       2.881041730       3.050695298    
175.  0.1082626061       2.879625218       3.049169796    
176.  0.1081775131       2.878218719       3.047655248    
177.  0.1080930376       2.876822102       3.046151511    
178.  0.1080091716       2.875435242       3.044658447    
179.  0.1079259071       2.874058014       3.043175917    
180.  0.1078432365       2.872690298       3.041703787    
181.  0.1077611521       2.871331972       3.040241924    
182.  0.1076796465       2.869982921       3.038790200    
183.  0.1075987123       2.868643028       3.037348487    
184.  0.1075183423       2.867312180       3.035916658    
185.  0.1074385296       2.865990267       3.034494593    
186.  0.1073592670       2.864677178       3.033082169    
187.  0.1072805479       2.863372807       3.031679269    
188.  0.1072023655       2.862077049       3.030285775    
189.  0.1071247133       2.860789799       3.028901575    
190.  0.1070475848       2.859510956       3.027526554    
191.  0.1069709736       2.858240419       3.026160603    
192.  0.1068948735       2.856978092       3.024803614    
193.  0.1068192784       2.855723876       3.023455479    
194.  0.1067441823       2.854477677       3.022116094    
195.  0.1066695792       2.853239401       3.020785355    
196.  0.1065954634       2.852008957       3.019463162    
197.  0.1065218290       2.850786255       3.018149415    
198.  0.1064486706       2.849571205       3.016844016    
199.  0.1063759824       2.848363721       3.015546869    
200.  0.1063037592       2.847163716       3.014257879    
201.  0.1062319956       2.845971106       3.012976952    
202.  0.1061606862       2.844785807       3.011703998    
203.  0.1060898260       2.843607739       3.010438926    
204.  0.1060194099       2.842436821       3.009181648    
205.  0.1059494327       2.841272973       3.007932077    
206.  0.1058798897       2.840116118       3.006690126    
207.  0.1058107760       2.838966178       3.005455711    
208.  0.1057420867       2.837823080       3.004228749    
209.  0.1056738173       2.836686747       3.003009159    
210.  0.1056059630       2.835557109       3.001796860    
211.  0.1055385194       2.834434091       3.000591773    
212.  0.1054714820       2.833317624       2.999393820    
213.  0.1054048463       2.832207638       2.998202924    
214.  0.1053386081       2.831104064       2.997019009    
215.  0.1052727631       2.830006834       2.995842002    
216.  0.1052073070       2.828915882       2.994671829    
217.  0.1051422357       2.827831143       2.993508418    
218.  0.1050775452       2.826752552       2.992351697    
219.  0.1050132315       2.825680045       2.991201598    
220.  0.1049492905       2.824613559       2.990058050    
221.  0.1048857184       2.823553034       2.988920987    
222.  0.1048225114       2.822498407       2.987790341    
223.  0.1047596657       2.821449619       2.986666047    
224.  0.1046971776       2.820406612       2.985548039    
225.  0.1046350434       2.819369326       2.984436254    
226.  0.1045732594       2.818337705       2.983330628    
227.  0.1045118222       2.817311692       2.982231100    
228.  0.1044507283       2.816291231       2.981137609    
229.  0.1043899741       2.815276268       2.980050093    
230.  0.1043295563       2.814266748       2.978968495    
231.  0.1042694714       2.813262618       2.977892755    
232.  0.1042097164       2.812263826       2.976822815    
233.  0.1041502877       2.811270319       2.975758618    
234.  0.1040911823       2.810282047       2.974700110    
235.  0.1040323969       2.809298959       2.973647233    
236.  0.1039739285       2.808321005       2.972599934    
237.  0.1039157739       2.807348137       2.971558159    
238.  0.1038579302       2.806380306       2.970521854    
239.  0.1038003942       2.805417464       2.969490968    
240.  0.1037431632       2.804459564       2.968465449    
241.  0.1036862341       2.803506561       2.967445246    
242.  0.1036296041       2.802558407       2.966430309    
243.  0.1035732703       2.801615059       2.965420589    
244.  0.1035172300       2.800676472       2.964416036    
245.  0.1034614804       2.799742601       2.963416602    
246.  0.1034060187       2.798813403       2.962422241    
247.  0.1033508424       2.797888836       2.961432904    
248.  0.1032959487       2.796968858       2.960448546    
249.  0.1032413350       2.796053426       2.959469122    
250.  0.1031869988       2.795142499       2.958494586    
251.  0.1031329375       2.794236038       2.957524893    
252.  0.1030791486       2.793334002       2.956560000    
253.  0.1030256297       2.792436351       2.955599864    
254.  0.1029723782       2.791543047       2.954644442    
255.  0.1029193918       2.790654051       2.953693691    
256.  0.1028666680       2.789769325       2.952747571    
257.  0.1028142047       2.788888831       2.951806039    
258.  0.1027619993       2.788012532       2.950869056    
259.  0.1027100496       2.787140393       2.949936581    
260.  0.1026583535       2.786272376       2.949008575    
261.  0.1026069085       2.785408446       2.948084999    
262.  0.1025557126       2.784548568       2.947165815    
263.  0.1025047635       2.783692708       2.946250983    
264.  0.1024540592       2.782840829       2.945340467    
265.  0.1024035974       2.781992900       2.944434230    
266.  0.1023533761       2.781148886       2.943532234    
267.  0.1023033932       2.780308754       2.942634444    
268.  0.1022536467       2.779472472       2.941740825    
269.  0.1022041345       2.778640006       2.940851339    
270.  0.1021548547       2.777811326       2.939965954    
271.  0.1021058053       2.776986400       2.939084633    
272.  0.1020569843       2.776165197       2.938207344    
273.  0.1020083899       2.775347685       2.937334053    
274.  0.1019600200       2.774533835       2.936464726    
275.  0.1019118730       2.773723616       2.935599330    
276.  0.1018639468       2.772917000       2.934737834    
277.  0.1018162396       2.772113955       2.933880205    
278.  0.1017687498       2.771314454       2.933026411    
279.  0.1017214753       2.770518468       2.932176421    
280.  0.1016744146       2.769725969       2.931330204    
281.  0.1016275659       2.768936928       2.930487730    
282.  0.1015809273       2.768151318       2.929648969    
283.  0.1015344973       2.767369111       2.928813890    
284.  0.1014882742       2.766590282       2.927982464    
285.  0.1014422561       2.765814802       2.927154662    
286.  0.1013964417       2.765042645       2.926330455    
287.  0.1013508291       2.764273786       2.925509815    
288.  0.1013054168       2.763508198       2.924692713    
289.  0.1012602032       2.762745857       2.923879122    
290.  0.1012151868       2.761986736       2.923069014    
291.  0.1011703659       2.761230811       2.922262361    
292.  0.1011257390       2.760478058       2.921459138    
293.  0.1010813047       2.759728451       2.920659317    
294.  0.1010370614       2.758981967       2.919862872    
295.  0.1009930076       2.758238582       2.919069777    
296.  0.1009491419       2.757498273       2.918280006    
297.  0.1009054628       2.756761015       2.917493534    
298.  0.1008619689       2.756026786       2.916710336    
299.  0.1008186587       2.755295564       2.915930386    
300.  0.1007755309       2.754567325       2.915153661    
301.  0.1007325841       2.753842047       2.914380135    
302.  0.1006898168       2.753119708       2.913609785    
303.  0.1006472278       2.752400287       2.912842588    
304.  0.1006048156       2.751683761       2.912078518    
305.  0.1005625791       2.750970110       2.911317554    
306.  0.1005205167       2.750259312       2.910559671    
307.  0.1004786273       2.749551346       2.909804848    
308.  0.1004369096       2.748846192       2.909053062    
309.  0.1003953622       2.748143829       2.908304290    
310.  0.1003539840       2.747444237       2.907558510    
311.  0.1003127737       2.746747395       2.906815701    
312.  0.1002717300       2.746053285       2.906075840    
313.  0.1002308517       2.745361886       2.905338907    
314.  0.1001901376       2.744673179       2.904604880    
315.  0.1001495866       2.743987144       2.903873739    
316.  0.1001091974       2.743303763       2.903145462    
317.  0.1000689689       2.742623017       2.902420029    
318.  0.1000288999       2.741944887       2.901697420    
319.  0.9998898932E-01   2.741269355       2.900977614    
320.  0.9994923594E-01   2.740596403       2.900260593    
321.  0.9990963869E-01   2.739926011       2.899546335    
322.  0.9987019644E-01   2.739258163       2.898834822    
323.  0.9983090811E-01   2.738592842       2.898126035    
324.  0.9979177259E-01   2.737930028       2.897419954    
325.  0.9975278883E-01   2.737269705       2.896716560    
326.  0.9971395574E-01   2.736611856       2.896015835    
327.  0.9967527228E-01   2.735956464       2.895317760    
328.  0.9963673741E-01   2.735303512       2.894622317    
329.  0.9959835008E-01   2.734652982       2.893929488    
330.  0.9956010928E-01   2.734004860       2.893239255    
331.  0.9952201399E-01   2.733359128       2.892551599    
332.  0.9948406321E-01   2.732715770       2.891866504    
333.  0.9944625596E-01   2.732074771       2.891183952    
334.  0.9940859123E-01   2.731436113       2.890503925    
335.  0.9937106807E-01   2.730799782       2.889826407    
336.  0.9933368550E-01   2.730165763       2.889151381    
337.  0.9929644258E-01   2.729534039       2.888478830    
338.  0.9925933836E-01   2.728904595       2.887808737    
339.  0.9922237189E-01   2.728277416       2.887141085    
340.  0.9918554227E-01   2.727652488       2.886475860    
341.  0.9914884856E-01   2.727029795       2.885813044    
342.  0.9911228986E-01   2.726409323       2.885152621    
343.  0.9907586527E-01   2.725791058       2.884494576    
344.  0.9903957390E-01   2.725174984       2.883838893    
345.  0.9900341487E-01   2.724561087       2.883185557    
346.  0.9896738729E-01   2.723949354       2.882468384    
347.  0.9893149031E-01   2.723339771       2.881753781    
348.  0.9889572307E-01   2.722732323       2.881041730    
349.  0.9886008472E-01   2.722126997       2.880332214    
350.  0.9882457441E-01   2.721523779       2.879625218    
351.  0.9878919131E-01   2.720922655       2.878920725    
352.  0.9875393460E-01   2.720323613       2.878218719    
353.  0.9871880345E-01   2.719726640       2.877519183    
354.  0.9868379706E-01   2.719131721       2.876822102    
355.  0.9864891463E-01   2.718538844       2.876127460    
356.  0.9861415536E-01   2.717947996       2.875435242    
357.  0.9857951845E-01   2.717359165       2.874745432    
358.  0.9854500313E-01   2.716772337       2.874058014    
359.  0.9851060863E-01   2.716187501       2.873372975    
360.  0.9847633418E-01   2.715604643       2.872690298    
361.  0.9844217902E-01   2.715023752       2.872009969    
362.  0.9840814239E-01   2.714444815       2.871331972    
363.  0.9837422356E-01   2.713867820       2.870656295    
364.  0.9834042177E-01   2.713292756       2.869982921    
365.  0.9830673631E-01   2.712719610       2.869311837    
366.  0.9827316643E-01   2.712148370       2.868643028    
367.  0.9823971144E-01   2.711579026       2.867976480    
368.  0.9820637060E-01   2.711011565       2.867312180    
369.  0.9817314321E-01   2.710445976       2.866650114    
370.  0.9814002859E-01   2.709882247       2.865990267    
371.  0.9810702602E-01   2.709320368       2.865332626    
372.  0.9807413482E-01   2.708760327       2.864677178    
373.  0.9804135432E-01   2.708202113       2.864023910    
374.  0.9800868383E-01   2.707645715       2.863372807    
375.  0.9797612269E-01   2.707091123       2.862723858    
376.  0.9794367023E-01   2.706538325       2.862077049    
377.  0.9791132579E-01   2.705987311       2.861432367    
378.  0.9787908872E-01   2.705438070       2.860789799    
379.  0.9784695838E-01   2.704890593       2.860149333    
380.  0.9781493413E-01   2.704344867       2.859510956    
381.  0.9778301532E-01   2.703800884       2.858874655    
382.  0.9775120133E-01   2.703258633       2.858240419    
383.  0.9771949154E-01   2.702718103       2.857608235    
384.  0.9768788532E-01   2.702179285       2.856978092    
385.  0.9765638206E-01   2.701642168       2.856349976    
386.  0.9762498116E-01   2.701106744       2.855723876    
387.  0.9759368200E-01   2.700573002       2.855099780    
388.  0.9756248400E-01   2.700040931       2.854477677    
389.  0.9753138655E-01   2.699510524       2.853857554    
390.  0.9750038907E-01   2.698981770       2.853239401    
391.  0.9746949098E-01   2.698454659       2.852623206    
392.  0.9743869170E-01   2.697929183       2.852008957    
393.  0.9740799066E-01   2.697405331       2.851396644    
394.  0.9737738728E-01   2.696883095       2.850786255    
395.  0.9734688100E-01   2.696362466       2.850177779    
396.  0.9731647126E-01   2.695843434       2.849571205    
397.  0.9728615752E-01   2.695325991       2.848966523    
398.  0.9725593921E-01   2.694810127       2.848363721    
399.  0.9722581579E-01   2.694295834       2.847762789    
400.  0.9719578673E-01   2.693783102       2.847163716    
401.  0.9716585148E-01   2.693271924       2.846566492    
402.  0.9713600952E-01   2.692762290       2.845971106    
403.  0.9710626031E-01   2.692254192       2.845377548    
404.  0.9707660334E-01   2.691747621       2.844785807    
405.  0.9704703808E-01   2.691242569       2.844195875    
406.  0.9701756402E-01   2.690739028       2.843607739    
407.  0.9698818065E-01   2.690236989       2.843021391    
408.  0.9695888745E-01   2.689736444       2.842436821    
409.  0.9692968394E-01   2.689237384       2.841854018    
410.  0.9690056961E-01   2.688739802       2.841272973    
411.  0.9687154396E-01   2.688243690       2.840693676    
412.  0.9684260651E-01   2.687749040       2.840116118    
413.  0.9681375676E-01   2.687255843       2.839540288    
414.  0.9678499425E-01   2.686764092       2.838966178    
415.  0.9675631848E-01   2.686273779       2.838393779    
416.  0.9672772898E-01   2.685784896       2.837823080    
417.  0.9669922528E-01   2.685297436       2.837254072    
418.  0.9667080691E-01   2.684811391       2.836686747    
419.  0.9664247342E-01   2.684326754       2.836121096    
420.  0.9661422433E-01   2.683843516       2.835557109    
421.  0.9658605919E-01   2.683361671       2.834994777    
422.  0.9655797755E-01   2.682881211       2.834434091    
423.  0.9652997897E-01   2.682402129       2.833875043    
424.  0.9650206298E-01   2.681924417       2.833317624    
425.  0.9647422916E-01   2.681448069       2.832761825    
426.  0.9644647705E-01   2.680973076       2.832207638    
427.  0.9641880623E-01   2.680499433       2.831655053    
428.  0.9639121627E-01   2.680027132       2.831104064    
429.  0.9636370672E-01   2.679556165       2.830554660    
430.  0.9633627718E-01   2.679086527       2.830006834    
431.  0.9630892721E-01   2.678618210       2.829460578    
432.  0.9628165639E-01   2.678151207       2.828915882    
433.  0.9625446432E-01   2.677685512       2.828372740    
434.  0.9622735057E-01   2.677221117       2.827831143    
435.  0.9620031473E-01   2.676758016       2.827291083    
436.  0.9617335641E-01   2.676296203       2.826752552    
437.  0.9614647519E-01   2.675835671       2.826215542    
438.  0.9611967068E-01   2.675376413       2.825680045    
439.  0.9609294248E-01   2.674918423       2.825146053    
440.  0.9606629018E-01   2.674461694       2.824613559    
441.  0.9603971341E-01   2.674006220       2.824082555    
442.  0.9601321177E-01   2.673551995       2.823553034    
443.  0.9598678488E-01   2.673099012       2.823024987    
444.  0.9596043234E-01   2.672647265       2.822498407    
445.  0.9593415379E-01   2.672196748       2.821973287    
446.  0.9590794885E-01   2.671747455       2.821449619    
447.  0.9588181714E-01   2.671299379       2.820927397    
448.  0.9585575828E-01   2.670852515       2.820406612    
449.  0.9582977191E-01   2.670406856       2.819887257    
450.  0.9580385767E-01   2.669962396       2.819369326    
451.  0.9577801518E-01   2.669519131       2.818852811    
452.  0.9575224409E-01   2.669077052       2.818337705    
453.  0.9572654405E-01   2.668636156       2.817824001    
454.  0.9570091468E-01   2.668196435       2.817311692    
455.  0.9567535564E-01   2.667757885       2.816800771    
456.  0.9564986659E-01   2.667320499       2.816291231    
457.  0.9562444716E-01   2.666884271       2.815783066    
458.  0.9559909701E-01   2.666449197       2.815276268    
459.  0.9557381581E-01   2.666015270       2.814770831    
460.  0.9554860321E-01   2.665582485       2.814266748    
461.  0.9552345887E-01   2.665150837       2.813764013    
462.  0.9549838246E-01   2.664720319       2.813262618    
463.  0.9547337364E-01   2.664290926       2.812762558    
464.  0.9544843208E-01   2.663862654       2.812263826    
465.  0.9542355745E-01   2.663435496       2.811766415    
466.  0.9539874943E-01   2.663009447       2.811270319    
467.  0.9537400769E-01   2.662584503       2.810775532    
468.  0.9534933191E-01   2.662160657       2.810282047    
469.  0.9532472176E-01   2.661737904       2.809789858    
470.  0.9530017694E-01   2.661316240       2.809298959    
471.  0.9527569713E-01   2.660895658       2.808809343    
472.  0.9525128201E-01   2.660476155       2.808321005    
473.  0.9522693127E-01   2.660057725       2.807833938    
474.  0.9520264461E-01   2.659640362       2.807348137    
475.  0.9517842171E-01   2.659224062       2.806863595    
476.  0.9515426228E-01   2.658808820       2.806380306    
477.  0.9513016600E-01   2.658394630       2.805898264    
478.  0.9510613259E-01   2.657981489       2.805417464    
479.  0.9508216174E-01   2.657569390       2.804937899    
480.  0.9505825315E-01   2.657158330       2.804459564    
481.  0.9503440653E-01   2.656748303       2.803982453    
482.  0.9501062160E-01   2.656339305       2.803506561    
483.  0.9498689805E-01   2.655931330       2.803031881    
484.  0.9496323560E-01   2.655524375       2.802558407    
485.  0.9493963397E-01   2.655118434       2.802086135    
486.  0.9491609287E-01   2.654713502       2.801615059    
487.  0.9489261201E-01   2.654309576       2.801145173    
488.  0.9486919112E-01   2.653906650       2.800676472    
489.  0.9484582992E-01   2.653504721       2.800208949    
490.  0.9482252814E-01   2.653103782       2.799742601    
491.  0.9479928549E-01   2.652703831       2.799277421    
492.  0.9477610170E-01   2.652304861       2.798813403    
493.  0.9475297650E-01   2.651906870       2.798350544    
494.  0.9472990963E-01   2.651509853       2.797888836    
495.  0.9470690081E-01   2.651113804       2.797428276    
496.  0.9468394979E-01   2.650718720       2.796968858    
497.  0.9466105629E-01   2.650324597       2.796510576    
498.  0.9463822005E-01   2.649931430       2.796053426    
499.  0.9461544081E-01   2.649539215       2.795597402    
500.  0.9459271832E-01   2.649147947       2.795142499    
501.  0.9457005231E-01   2.648757623       2.794688713    
502.  0.9454744254E-01   2.648368238       2.794236038    
503.  0.9452488874E-01   2.647979788       2.793784469    
504.  0.9450239067E-01   2.647592269       2.793334002    
505.  0.9447994807E-01   2.647205677       2.792884631    
506.  0.9445756069E-01   2.646820007       2.792436351    
507.  0.9443522830E-01   2.646435256       2.791989158    
508.  0.9441295063E-01   2.646051420       2.791543047    
509.  0.9439072745E-01   2.645668494       2.791098013    
510.  0.9436855852E-01   2.645286475       2.790654051    
511.  0.9434644360E-01   2.644905358       2.790211156    
512.  0.9432438243E-01   2.644525140       2.789769325    
513.  0.9430237480E-01   2.644145817       2.789328551    
514.  0.9428042045E-01   2.643767385       2.788888831    
515.  0.9425851917E-01   2.643389840       2.788450160    
516.  0.9423667070E-01   2.643013179       2.788012532    
517.  0.9421487482E-01   2.642637396       2.787575945    
518.  0.9419313131E-01   2.642262489       2.787140393    
519.  0.9417143992E-01   2.641888455       2.786705871    
520.  0.9414980044E-01   2.641515288       2.786272376    
521.  0.9412821264E-01   2.641142985       2.785839903    
522.  0.9410667628E-01   2.640771544       2.785408446    
523.  0.9408519116E-01   2.640400959       2.784978003    
524.  0.9406375705E-01   2.640031228       2.784548568    
525.  0.9404237372E-01   2.639662347       2.784120138    
526.  0.9402104096E-01   2.639294311       2.783692708    
527.  0.9399975855E-01   2.638927119       2.783266273    
528.  0.9397852627E-01   2.638560765       2.782840829    
529.  0.9395734392E-01   2.638195247       2.782416373    
530.  0.9393621126E-01   2.637830561       2.781992900    
531.  0.9391512810E-01   2.637466703       2.781570406    
532.  0.9389409423E-01   2.637103670       2.781148886    
533.  0.9387310942E-01   2.636741459       2.780728337    
534.  0.9385217348E-01   2.636380066       2.780308754    
535.  0.9383128619E-01   2.636019488       2.779890134    
536.  0.9381044735E-01   2.635659721       2.779472472    
537.  0.9378965676E-01   2.635300762       2.779055764    
538.  0.9376891422E-01   2.634942608       2.778640006    
539.  0.9374821951E-01   2.634585255       2.778225195    
540.  0.9372757244E-01   2.634228700       2.777811326    
541.  0.9370697281E-01   2.633872939       2.777398396    
542.  0.9368642042E-01   2.633517970       2.776986400    
543.  0.9366591507E-01   2.633163789       2.776575335    
544.  0.9364545657E-01   2.632810394       2.776165197    
545.  0.9362504473E-01   2.632457779       2.775755981    
546.  0.9360467934E-01   2.632105944       2.775347685    
547.  0.9358436022E-01   2.631754884       2.774940304    
548.  0.9356408717E-01   2.631404596       2.774533835    
549.  0.9354386001E-01   2.631055077       2.774128274    
550.  0.9352367854E-01   2.630706324       2.773723616    
551.  0.9350354258E-01   2.630358333       2.773319860    
552.  0.9348345194E-01   2.630011103       2.772917000    
553.  0.9346340643E-01   2.629664630       2.772515033    
554.  0.9344340587E-01   2.629318910       2.772113955    
555.  0.9342345008E-01   2.628973940       2.771713764    
556.  0.9340353887E-01   2.628629719       2.771314454    
557.  0.9338367207E-01   2.628286242       2.770916024    
558.  0.9336384948E-01   2.627943506       2.770518468    
559.  0.9334407094E-01   2.627601510       2.770121784    
560.  0.9332433626E-01   2.627260249       2.769725969    
561.  0.9330464527E-01   2.626919721       2.769331018    
562.  0.9328499779E-01   2.626579923       2.768936928    
563.  0.9326539365E-01   2.626240852       2.768543696    
564.  0.9324583266E-01   2.625902506       2.768151318    
565.  0.9322631466E-01   2.625564880       2.767759791    
566.  0.9320683948E-01   2.625227973       2.767369111    
567.  0.9318740695E-01   2.624891782       2.766979276    
568.  0.9316801689E-01   2.624556304       2.766590282    
569.  0.9314866913E-01   2.624221536       2.766202124    
570.  0.9312936351E-01   2.623887475       2.765814802    
571.  0.9311009986E-01   2.623554118       2.765428309    
572.  0.9309087802E-01   2.623221464       2.765042645    
573.  0.9307169781E-01   2.622889508       2.764657805    
574.  0.9305255908E-01   2.622558249       2.764273786    
575.  0.9303346166E-01   2.622227684       2.763890585    
576.  0.9301440538E-01   2.621897809       2.763508198    
577.  0.9299539010E-01   2.621568623       2.763126623    
578.  0.9297641563E-01   2.621240123       2.762745857    
579.  0.9295748184E-01   2.620912305       2.762365895    
580.  0.9293858855E-01   2.620585168       2.761986736    
581.  0.9291973561E-01   2.620258709       2.761608376    
582.  0.9290092286E-01   2.619932925       2.761230811    
583.  0.9288215015E-01   2.619607813       2.760854040    
584.  0.9286341732E-01   2.619283372       2.760478058    
585.  0.9284472422E-01   2.618959598       2.760102863    
586.  0.9282607069E-01   2.618636489       2.759728451    
587.  0.9280745658E-01   2.618314043       2.759354820    
588.  0.9278888173E-01   2.617992256       2.758981967    
589.  0.9277034601E-01   2.617671127       2.758609889    
590.  0.9275184925E-01   2.617350653       2.758238582    
591.  0.9273339131E-01   2.617030832       2.757868044    
592.  0.9271497204E-01   2.616711660       2.757498273    
593.  0.9269659129E-01   2.616393136       2.757129264    
594.  0.9267824891E-01   2.616075258       2.756761015    
595.  0.9265994476E-01   2.615758022       2.756393523    
596.  0.9264167870E-01   2.615441426       2.756026786    
597.  0.9262345058E-01   2.615125469       2.755660801    
598.  0.9260526025E-01   2.614810147       2.755295564    
599.  0.9258710757E-01   2.614495458       2.754931073    
600.  0.9256899240E-01   2.614181400       2.754567325    
601.  0.9255091460E-01   2.613867971       2.754204317    
602.  0.9253287403E-01   2.613555168       2.753842047    
603.  0.9251487055E-01   2.613242988       2.753480511    
604.  0.9249690402E-01   2.612931431       2.753119708    
605.  0.9247897430E-01   2.612620493       2.752759634    
606.  0.9246108125E-01   2.612310172       2.752400287    
607.  0.9244322474E-01   2.612000465       2.752041663    
608.  0.9242540463E-01   2.611691372       2.751683761    
609.  0.9240762079E-01   2.611382888       2.751326578    
610.  0.9238987308E-01   2.611075013       2.750970110    
611.  0.9237216136E-01   2.610767743       2.750614356    
612.  0.9235448551E-01   2.610461077       2.750259312    
613.  0.9233684539E-01   2.610155013       2.749904976    
614.  0.9231924087E-01   2.609849548       2.749551346    
615.  0.9230167182E-01   2.609544680       2.749198419    
616.  0.9228413810E-01   2.609240407       2.748846192    
617.  0.9226663960E-01   2.608936727       2.748494663    
618.  0.9224917618E-01   2.608633637       2.748143829    
619.  0.9223174770E-01   2.608331137       2.747793688    
620.  0.9221435406E-01   2.608029222       2.747444237    
621.  0.9219699511E-01   2.607727892       2.747095473    
622.  0.9217967073E-01   2.607427144       2.746747395    
623.  0.9216238079E-01   2.607126977       2.746400000    
624.  0.9214512518E-01   2.606827387       2.746053285    
625.  0.9212790376E-01   2.606528374       2.745707248    
626.  0.9211071641E-01   2.606229934       2.745361886    
627.  0.9209356302E-01   2.605932067       2.745017197    
628.  0.9207644345E-01   2.605634770       2.744673179    
629.  0.9205935759E-01   2.605338040       2.744329828    
630.  0.9204230531E-01   2.605041876       2.743987144    
631.  0.9202528649E-01   2.604746277       2.743645123    
632.  0.9200830102E-01   2.604451239       2.743303763    
633.  0.9199134878E-01   2.604156761       2.742963062    
634.  0.9197442964E-01   2.603862842       2.742623017    
635.  0.9195754349E-01   2.603569478       2.742283626    
636.  0.9194069022E-01   2.603276669       2.741944887    
637.  0.9192386969E-01   2.602984411       2.741606798    
638.  0.9190708181E-01   2.602692704       2.741269355    
639.  0.9189032644E-01   2.602401545       2.740932558    
640.  0.9187360349E-01   2.602110933       2.740596403    
641.  0.9185691283E-01   2.601820865       2.740260888    
642.  0.9184025435E-01   2.601531340       2.739926011    
643.  0.9182362794E-01   2.601242356       2.739591771    
644.  0.9180703348E-01   2.600953911       2.739258163    
645.  0.9179047086E-01   2.600666002       2.738925188    
646.  0.9177393997E-01   2.600378629       2.738592842    
647.  0.9175744070E-01   2.600091789       2.738261122    
648.  0.9174097294E-01   2.599805481       2.737930028    
649.  0.9172453659E-01   2.599519702       2.737599556    
650.  0.9170813152E-01   2.599234452       2.737269705    
651.  0.9169175763E-01   2.598949727       2.736940473    
652.  0.9167541481E-01   2.598665527       2.736611856    
653.  0.9165910297E-01   2.598381849       2.736283854    
654.  0.9164282198E-01   2.598098693       2.735956464    
655.  0.9162657174E-01   2.597816055       2.735629684    
656.  0.9161035215E-01   2.597533934       2.735303512    
657.  0.9159416310E-01   2.597252329       2.734977945    
658.  0.9157800448E-01   2.596971237       2.734652982    
659.  0.9156187620E-01   2.596690658       2.734328621    
660.  0.9154577814E-01   2.596410588       2.734004860    
661.  0.9152971021E-01   2.596131028       2.733681696    
662.  0.9151367230E-01   2.595851974       2.733359128    
663.  0.9149766430E-01   2.595573425       2.733037153    
664.  0.9148168613E-01   2.595295380       2.732715770    
665.  0.9146573767E-01   2.595017837       2.732394977    
666.  0.9144981882E-01   2.594740793       2.732074771    
667.  0.9143392949E-01   2.594464248       2.731755150    
668.  0.9141806957E-01   2.594188200       2.731436113    
669.  0.9140223897E-01   2.593912647       2.731117658    
670.  0.9138643759E-01   2.593637588       2.730799782    
671.  0.9137066532E-01   2.593363020       2.730482485    
672.  0.9135492207E-01   2.593088943       2.730165763    
673.  0.9133920775E-01   2.592815354       2.729849615    
674.  0.9132352225E-01   2.592542252       2.729534039    
675.  0.9130786547E-01   2.592269636       2.729219033    
676.  0.9129223734E-01   2.591997503       2.728904595    
677.  0.9127663773E-01   2.591725853       2.728590723    
678.  0.9126106657E-01   2.591454683       2.728277416    
679.  0.9124552376E-01   2.591183992       2.727964672    
680.  0.9123000920E-01   2.590913779       2.727652488    
681.  0.9121452280E-01   2.590644042       2.727340863    
682.  0.9119906447E-01   2.590374779       2.727029795    
683.  0.9118363411E-01   2.590105989       2.726719283    
684.  0.9116823163E-01   2.589837670       2.726409323    
685.  0.9115285694E-01   2.589569821       2.726099916    
686.  0.9113750995E-01   2.589302441       2.725791058    
687.  0.9112219056E-01   2.589035527       2.725482748    
688.  0.9110689869E-01   2.588769078       2.725174984    
689.  0.9109163425E-01   2.588503093       2.724867764    
690.  0.9107639714E-01   2.588237570       2.724561087    
691.  0.9106118727E-01   2.587972508       2.724254951    
692.  0.9104600457E-01   2.587707906       2.723949354    
693.  0.9103084893E-01   2.587443761       2.723644295    
694.  0.9101572027E-01   2.587180072       2.723339771    
695.  0.9100061851E-01   2.586916839       2.723035781    
696.  0.9098554355E-01   2.586654058       2.722732323    
697.  0.9097049531E-01   2.586391730       2.722429395    
698.  0.9095547370E-01   2.586129852       2.722126997    
699.  0.9094047864E-01   2.585868424       2.721825125    
700.  0.9092551004E-01   2.585607443       2.721523779    
701.  0.9091056781E-01   2.585346909       2.721222956    
702.  0.9089565188E-01   2.585086819       2.720922655    
703.  0.9088076215E-01   2.584827173       2.720622875    
704.  0.9086589854E-01   2.584567968       2.720323613    
705.  0.9085106097E-01   2.584309205       2.720024869    
706.  0.9083624936E-01   2.584050881       2.719726640    
707.  0.9082146362E-01   2.583792994       2.719428924    
708.  0.9080670367E-01   2.583535544       2.719131721    
709.  0.9079196942E-01   2.583278530       2.718835028    
710.  0.9077726080E-01   2.583021949       2.718538844    
711.  0.9076257772E-01   2.582765801       2.718243167    
712.  0.9074792011E-01   2.582510083       2.717947996    
713.  0.9073328788E-01   2.582254796       2.717653329    
714.  0.9071868095E-01   2.581999937       2.717359165    
715.  0.9070409925E-01   2.581745505       2.717065501    
716.  0.9068954268E-01   2.581491498       2.716772337    
717.  0.9067501119E-01   2.581237917       2.716479671    
718.  0.9066050467E-01   2.580984758       2.716187501    
719.  0.9064602306E-01   2.580732021       2.715895825    
720.  0.9063156628E-01   2.580479705       2.715604643    
721.  0.9061713425E-01   2.580227808       2.715313953    
722.  0.9060272690E-01   2.579976329       2.715023752    
723.  0.9058834413E-01   2.579725266       2.714734040    
724.  0.9057398589E-01   2.579474619       2.714444815    
725.  0.9055965209E-01   2.579224386       2.714156076    
726.  0.9054534266E-01   2.578974566       2.713867820    
727.  0.9053105752E-01   2.578725157       2.713580048    
728.  0.9051679660E-01   2.578476159       2.713292756    
729.  0.9050255982E-01   2.578227570       2.713005944    
730.  0.9048834710E-01   2.577979389       2.712719610    
731.  0.9047415837E-01   2.577731614       2.712433753    
732.  0.9045999357E-01   2.577484245       2.712148370    
733.  0.9044585260E-01   2.577237280       2.711863462    
734.  0.9043173541E-01   2.576990717       2.711579026    
735.  0.9041764192E-01   2.576744557       2.711295061    
736.  0.9040357205E-01   2.576498797       2.711011565    
737.  0.9038952573E-01   2.576253436       2.710728537    
738.  0.9037550290E-01   2.576008473       2.710445976    
739.  0.9036150347E-01   2.575763907       2.710163879    
740.  0.9034752739E-01   2.575519737       2.709882247    
741.  0.9033357457E-01   2.575275962       2.709601077    
742.  0.9031964494E-01   2.575032579       2.709320368    
743.  0.9030573844E-01   2.574789589       2.709040118    
744.  0.9029185500E-01   2.574546990       2.708760327    
745.  0.9027799454E-01   2.574304781       2.708480992    
746.  0.9026415700E-01   2.574062960       2.708202113    
747.  0.9025034230E-01   2.573821527       2.707923688    
748.  0.9023655038E-01   2.573580481       2.707645715    
749.  0.9022278118E-01   2.573339819       2.707368194    
750.  0.9020903461E-01   2.573099542       2.707091123    
751.  0.9019531061E-01   2.572859647       2.706814500    
752.  0.9018160913E-01   2.572620134       2.706538325    
753.  0.9016793007E-01   2.572381002       2.706262596    
754.  0.9015427339E-01   2.572142250       2.705987311    
755.  0.9014063902E-01   2.571903876       2.705712470    
756.  0.9012702688E-01   2.571665879       2.705438070    
757.  0.9011343691E-01   2.571428259       2.705164112    
758.  0.9009986904E-01   2.571191014       2.704890593    
759.  0.9008632322E-01   2.570954143       2.704617512    
760.  0.9007279937E-01   2.570717644       2.704344867    
761.  0.9005929743E-01   2.570481518       2.704072658    
762.  0.9004581733E-01   2.570245762       2.703800884    
763.  0.9003235901E-01   2.570010376       2.703529542    
764.  0.9001892240E-01   2.569775359       2.703258633    
765.  0.9000550745E-01   2.569540709       2.702988153    
766.  0.8999211408E-01   2.569306426       2.702718103    
767.  0.8997874224E-01   2.569072508       2.702448480    
768.  0.8996539186E-01   2.568838955       2.702179285    
769.  0.8995206287E-01   2.568605765       2.701910515    
770.  0.8993875522E-01   2.568372937       2.701642168    
771.  0.8992546884E-01   2.568140471       2.701374245    
772.  0.8991220368E-01   2.567908364       2.701106744    
773.  0.8989895966E-01   2.567676617       2.700839663    
774.  0.8988573672E-01   2.567445228       2.700573002    
775.  0.8987253482E-01   2.567214196       2.700306758    
776.  0.8985935387E-01   2.566983520       2.700040931    
777.  0.8984619383E-01   2.566753200       2.699775521    
778.  0.8983305464E-01   2.566523233       2.699510524    
779.  0.8981993622E-01   2.566293619       2.699245941    
780.  0.8980683853E-01   2.566064358       2.698981770    
781.  0.8979376150E-01   2.565835447       2.698718010    
782.  0.8978070507E-01   2.565606887       2.698454659    
783.  0.8976766919E-01   2.565378676       2.698191717    
784.  0.8975465379E-01   2.565150812       2.697929183    
785.  0.8974165882E-01   2.564923296       2.697667054    
786.  0.8972868422E-01   2.564696126       2.697405331    
787.  0.8971572992E-01   2.564469301       2.697144012    
788.  0.8970279587E-01   2.564242820       2.696883095    
789.  0.8968988202E-01   2.564016683       2.696622581    
790.  0.8967698830E-01   2.563790888       2.696362466    
791.  0.8966411466E-01   2.563565434       2.696102751    
792.  0.8965126104E-01   2.563340320       2.695843434    
793.  0.8963842738E-01   2.563115546       2.695584515    
794.  0.8962561363E-01   2.562891110       2.695325991    
795.  0.8961281973E-01   2.562667012       2.695067862    
796.  0.8960004563E-01   2.562443250       2.694810127    
797.  0.8958729126E-01   2.562219824       2.694552785    
798.  0.8957455658E-01   2.561996732       2.694295834    
799.  0.8956184152E-01   2.561773974       2.694039273    
800.  0.8954914604E-01   2.561551549       2.693783102    
801.  0.8953647007E-01   2.561329456       2.693527320    
802.  0.8952381356E-01   2.561107694       2.693271924    
803.  0.8951117646E-01   2.560886262       2.693016914    
804.  0.8949855872E-01   2.560665160       2.692762290    
805.  0.8948596027E-01   2.560444385       2.692508050    
806.  0.8947338106E-01   2.560223938       2.692254192    
807.  0.8946082105E-01   2.560003817       2.692000716    
808.  0.8944828018E-01   2.559784022       2.691747621    
809.  0.8943575838E-01   2.559564551       2.691494906    
810.  0.8942325562E-01   2.559345405       2.691242569    
811.  0.8941077184E-01   2.559126581       2.690990610    
812.  0.8939830698E-01   2.558908079       2.690739028    
813.  0.8938586100E-01   2.558689899       2.690487821    
814.  0.8937343383E-01   2.558472038       2.690236989    
815.  0.8936102544E-01   2.558254497       2.689986530    
816.  0.8934863576E-01   2.558037275       2.689736444    
817.  0.8933626475E-01   2.557820370       2.689486729    
818.  0.8932391235E-01   2.557603782       2.689237384    
819.  0.8931157851E-01   2.557387510       2.688988409    
820.  0.8929926318E-01   2.557171553       2.688739802    
821.  0.8928696632E-01   2.556955910       2.688491563    
822.  0.8927468786E-01   2.556740581       2.688243690    
823.  0.8926242777E-01   2.556525564       2.687996183    
824.  0.8925018598E-01   2.556310859       2.687749040    
825.  0.8923796245E-01   2.556096465       2.687502260    
826.  0.8922575713E-01   2.555882380       2.687255843    
827.  0.8921356998E-01   2.555668606       2.687009787    
828.  0.8920140093E-01   2.555455139       2.686764092    
829.  0.8918924994E-01   2.555241980       2.686518756    
830.  0.8917711697E-01   2.555029128       2.686273779    
831.  0.8916500196E-01   2.554816581       2.686029159    
832.  0.8915290487E-01   2.554604340       2.685784896    
833.  0.8914082564E-01   2.554392403       2.685540989    
834.  0.8912876423E-01   2.554180770       2.685297436    
835.  0.8911672059E-01   2.553969439       2.685054238    
836.  0.8910469467E-01   2.553758410       2.684811391    
837.  0.8909268642E-01   2.553547682       2.684568897    
838.  0.8908069581E-01   2.553337254       2.684326754    
839.  0.8906872277E-01   2.553127126       2.684084960    
840.  0.8905676727E-01   2.552917297       2.683843516    
841.  0.8904482925E-01   2.552707765       2.683602420    
842.  0.8903290867E-01   2.552498531       2.683361671    
843.  0.8902100548E-01   2.552289593       2.683121268    
844.  0.8900911963E-01   2.552080951       2.682881211    
845.  0.8899725109E-01   2.551872603       2.682641498    
846.  0.8898539980E-01   2.551664549       2.682402129    
847.  0.8897356572E-01   2.551456789       2.682163102    
848.  0.8896174880E-01   2.551249321       2.681924417    
849.  0.8894994899E-01   2.551042145       2.681686073    
850.  0.8893816626E-01   2.550835260       2.681448069    
851.  0.8892640055E-01   2.550628665       2.681210403    
852.  0.8891465183E-01   2.550422359       2.680973076    
853.  0.8890292004E-01   2.550216343       2.680736086    
854.  0.8889120514E-01   2.550010614       2.680499433    
855.  0.8887950709E-01   2.549805172       2.680263115    
856.  0.8886782584E-01   2.549600017       2.680027132    
857.  0.8885616134E-01   2.549395148       2.679791482    
858.  0.8884451357E-01   2.549190563       2.679556165    
859.  0.8883288246E-01   2.548986263       2.679321181    
860.  0.8882126798E-01   2.548782246       2.679086527    
861.  0.8880967008E-01   2.548578512       2.678852204    
862.  0.8879808873E-01   2.548375061       2.678618210    
863.  0.8878652387E-01   2.548171890       2.678384545    
864.  0.8877497546E-01   2.547969000       2.678151207    
865.  0.8876344347E-01   2.547766390       2.677918196    
866.  0.8875192784E-01   2.547564059       2.677685512    
867.  0.8874042854E-01   2.547362007       2.677453152    
868.  0.8872894552E-01   2.547160233       2.677221117    
869.  0.8871747875E-01   2.546958735       2.676989405    
870.  0.8870602817E-01   2.546757514       2.676758016    
871.  0.8869459375E-01   2.546556569       2.676526949    
872.  0.8868317545E-01   2.546355898       2.676296203    
873.  0.8867177322E-01   2.546155502       2.676065777    
874.  0.8866038702E-01   2.545955379       2.675835671    
875.  0.8864901682E-01   2.545755529       2.675605883    
876.  0.8863766257E-01   2.545555952       2.675376413    
877.  0.8862632422E-01   2.545356645       2.675147260    
878.  0.8861500175E-01   2.545157610       2.674918423    
879.  0.8860369510E-01   2.544958845       2.674689901    
880.  0.8859240424E-01   2.544760349       2.674461694    
881.  0.8858112912E-01   2.544562122       2.674233801    
882.  0.8856986972E-01   2.544364163       2.674006220    
883.  0.8855862598E-01   2.544166471       2.673778952    
884.  0.8854739787E-01   2.543969047       2.673551995    
885.  0.8853618534E-01   2.543771888       2.673325349    
886.  0.8852498837E-01   2.543574995       2.673099012    
887.  0.8851380690E-01   2.543378366       2.672872985    
888.  0.8850264090E-01   2.543182002       2.672647265    
889.  0.8849149033E-01   2.542985901       2.672421853    
890.  0.8848035515E-01   2.542790062       2.672196748    
891.  0.8846923532E-01   2.542594486       2.671971949    
892.  0.8845813081E-01   2.542399172       2.671747455    
893.  0.8844704157E-01   2.542204118       2.671523265    
894.  0.8843596757E-01   2.542009324       2.671299379    
895.  0.8842490876E-01   2.541814790       2.671075796    
896.  0.8841386511E-01   2.541620515       2.670852515    
897.  0.8840283659E-01   2.541426498       2.670629535    
898.  0.8839182315E-01   2.541232739       2.670406856    
899.  0.8838082476E-01   2.541039237       2.670184477    
900.  0.8836984137E-01   2.540845991       2.669962396    
901.  0.8835887295E-01   2.540653001       2.669740615    
902.  0.8834791947E-01   2.540460266       2.669519131    
903.  0.8833698089E-01   2.540267785       2.669297943    
904.  0.8832605716E-01   2.540075558       2.669077052    
905.  0.8831514826E-01   2.539883585       2.668856457    
906.  0.8830425414E-01   2.539691864       2.668636156    
907.  0.8829337477E-01   2.539500395       2.668416149    
908.  0.8828251011E-01   2.539309178       2.668196435    
909.  0.8827166013E-01   2.539118211       2.667977014    
910.  0.8826082479E-01   2.538927494       2.667757885    
911.  0.8825000405E-01   2.538737027       2.667539046    
912.  0.8823919788E-01   2.538546809       2.667320499    
913.  0.8822840624E-01   2.538356840       2.667102240    
914.  0.8821762909E-01   2.538167118       2.666884271    
915.  0.8820686641E-01   2.537977643       2.666666590    
916.  0.8819611815E-01   2.537788414       2.666449197    
917.  0.8818538428E-01   2.537599432       2.666232090    
918.  0.8817466476E-01   2.537410695       2.666015270    
919.  0.8816395956E-01   2.537222203       2.665798735    
920.  0.8815326865E-01   2.537033955       2.665582485    
921.  0.8814259198E-01   2.536845951       2.665366519    
922.  0.8813192953E-01   2.536658189       2.665150837    
923.  0.8812128126E-01   2.536470670       2.664935437    
924.  0.8811064713E-01   2.536283393       2.664720319    
925.  0.8810002712E-01   2.536096357       2.664505482    
926.  0.8808942117E-01   2.535909562       2.664290926    
927.  0.8807882928E-01   2.535723007       2.664076650    
928.  0.8806825139E-01   2.535536692       2.663862654    
929.  0.8805768747E-01   2.535350615       2.663648936    
930.  0.8804713749E-01   2.535164777       2.663435496    
931.  0.8803660142E-01   2.534979177       2.663222333    
932.  0.8802607923E-01   2.534793814       2.663009447    
933.  0.8801557087E-01   2.534608688       2.662796837    
934.  0.8800507632E-01   2.534423798       2.662584503    
935.  0.8799459554E-01   2.534239143       2.662372443    
936.  0.8798412851E-01   2.534054724       2.662160657    
937.  0.8797367517E-01   2.533870539       2.661949144    
938.  0.8796323552E-01   2.533686588       2.661737904    
939.  0.8795280950E-01   2.533502870       2.661526936    
940.  0.8794239710E-01   2.533319385       2.661316240    
941.  0.8793199827E-01   2.533136133       2.661105814    
942.  0.8792161298E-01   2.532953112       2.660895658    
943.  0.8791124121E-01   2.532770322       2.660685772    
944.  0.8790088291E-01   2.532587764       2.660476155    
945.  0.8789053806E-01   2.532405435       2.660266806    
946.  0.8788020663E-01   2.532223335       2.660057725    
947.  0.8786988858E-01   2.532041465       2.659848910    
948.  0.8785958388E-01   2.531859824       2.659640362    
949.  0.8784929251E-01   2.531678410       2.659432079    
950.  0.8783901442E-01   2.531497224       2.659224062    
951.  0.8782874958E-01   2.531316264       2.659016309    
952.  0.8781849798E-01   2.531135531       2.658808820    
953.  0.8780825957E-01   2.530955024       2.658601594    
954.  0.8779803432E-01   2.530774742       2.658394630    
955.  0.8778782220E-01   2.530594685       2.658187929    
956.  0.8777762319E-01   2.530414853       2.657981489    
957.  0.8776743724E-01   2.530235244       2.657775310    
958.  0.8775726434E-01   2.530055858       2.657569390    
959.  0.8774710445E-01   2.529876695       2.657363731    
960.  0.8773695753E-01   2.529697755       2.657158330    
961.  0.8772682357E-01   2.529519036       2.656953188    
962.  0.8771670252E-01   2.529340538       2.656748303    
963.  0.8770659436E-01   2.529162261       2.656543676    
964.  0.8769649906E-01   2.528984204       2.656339305    
965.  0.8768641659E-01   2.528806367       2.656135190    
966.  0.8767634691E-01   2.528628749       2.655931330    
967.  0.8766629001E-01   2.528451350       2.655727726    
968.  0.8765624584E-01   2.528274169       2.655524375    
969.  0.8764621439E-01   2.528097206       2.655321278    
970.  0.8763619561E-01   2.527920460       2.655118434    
971.  0.8762618948E-01   2.527743930       2.654915842    
972.  0.8761619598E-01   2.527567617       2.654713502    
973.  0.8760621507E-01   2.527391519       2.654511414    
974.  0.8759624672E-01   2.527215637       2.654309576    
975.  0.8758629090E-01   2.527039970       2.654107989    
976.  0.8757634759E-01   2.526864516       2.653906650    
977.  0.8756641676E-01   2.526689277       2.653705561    
978.  0.8755649837E-01   2.526514251       2.653504721    
979.  0.8754659241E-01   2.526339437       2.653304128    
980.  0.8753669883E-01   2.526164836       2.653103782    
981.  0.8752681762E-01   2.525990447       2.652903683    
982.  0.8751694874E-01   2.525816269       2.652703831    
983.  0.8750709217E-01   2.525642302       2.652504224    
984.  0.8749724788E-01   2.525468545       2.652304861    
985.  0.8748741583E-01   2.525294999       2.652105744    
986.  0.8747759601E-01   2.525121662       2.651906870    
987.  0.8746778838E-01   2.524948534       2.651708240    
988.  0.8745799292E-01   2.524775614       2.651509853    
989.  0.8744820959E-01   2.524602902       2.651311708    
990.  0.8743843838E-01   2.524430399       2.651113804    
991.  0.8742867925E-01   2.524258102       2.650916142    
992.  0.8741893218E-01   2.524086012       2.650718720    
993.  0.8740919714E-01   2.523914128       2.650521539    
994.  0.8739947410E-01   2.523742450       2.650324597    
995.  0.8738976303E-01   2.523570977       2.650127894    
996.  0.8738006391E-01   2.523399709       2.649931430    
997.  0.8737037671E-01   2.523228646       2.649735204    
998.  0.8736070141E-01   2.523057786       2.649539215    
999.  0.8735103797E-01   2.522887130       2.649343463    
1000. 0.8734138638E-01   2.522716677       2.649147947    