# Type=1, All taus, Type=2 - one prong, Type=3 - two prongs
 0.0 1 -2.30789 0.941308 5.64919e-05
 0.1 1 -2.34524 0.943856 4.54461e-05
 0.2 1 -2.44394 0.950197 1.06397e-05
 0.3 1 -2.1434 0.931389 8.11061e-05
 0.4 1 -3.03908 0.943808 1.83393e-05
 0.5 1 -3.05971 0.942672 1.92805e-05
 0.6 1 -2.40996 0.936544 5.1644e-05
 0.7 1 -2.27235 0.923758 8.53976e-05
 0.8 1 -2.30375 0.922425 8.84343e-05
 0.9 1 -2.62516 0.923341 9.25606e-05
 1.0 1 -3.195 0.930213 5.69036e-05
 1.1 1 -2.23377 0.899129 0.000130439
 1.2 1 -3.06902 0.90345 6.33834e-05 
 1.3 1 -2.75345 0.860217 1.64151e-05
 1.4 1 -4.25014 0.908835 6.86193e-06
 1.45 1 -3.53617 0.944997 6.46416e-05
 1.5 1 -3.68064 0.966631 7.38699e-05
 1.6 1 -3.50772 0.965395 5.1654e-05
 1.7 1 -2.79589 0.942792 0.000108636
 1.8 1 -3.30471 0.957514 6.61856e-05
 1.9 1 -2.46338 0.950758 0.000107577
 2.0 1 -1.92067 0.952989 8.55366e-05
 2.1 1 -2.25712 0.961055 8.70305e-05
 2.2 1 -233.017 3.05772 -0.00438986
 2.3 -1
 0.0 2 -1.5886 0.941641 7.67302e-05
 0.1 2 -1.89002 0.951246 4.52512e-05
 0.2 2 -2.46742 0.962378 4.98243e-06
 0.3 2 -1.59119 0.935219 0.000105159
 0.4 2 -2.63426 0.950392 2.08378e-05
 0.5 2 -2.64893 0.949521 2.19947e-05
 0.6 2 -2.12514 0.948252 3.19761e-05
 0.7 2 -2.42059 0.941647 4.71604e-05
 0.8 2 -1.74546 0.925508 0.000112976
 0.9 2 -1.57127 0.917533 0.000146107
 1.0 2 -3.03952 0.942439 6.04218e-05
 1.1 2 -2.6191  0.922413 8.84009e-05
 1.2 2 -2.85373 0.919168 4.75003e-05 
 1.3 2 -3.28187 0.886996 -2.10197e-06
 1.4 2 -4.33624 0.929896 -1.80155e-05
 1.45 2 -2.95726 0.945613 9.8403e-05
 1.5 2 -3.09818 0.966331 9.72537e-05
 1.6 2 -3.15824 0.968858 5.63233e-05
 1.7 2 -3.07426 0.954749 8.03032e-05
 1.8 2 -3.57465 0.973492 1.91453e-05
 1.9 2 -1.83092 0.946099 0.000132537
 2.0 2 -1.53407 0.953998 9.33319e-05
 2.1 2 -2.04304 0.968147 6.75592e-05
 2.2 2 -204.12 2.7627 -0.00374141
 2.3 -1
 0.0 3 -5.15363 0.924589 0.00010086
 0.1 3 -6.17281 0.934285 5.80592e-05
 0.2 3 -3.29131 0.898627 0.000136664
 0.3 3 -7.03143 0.935146 5.14241e-05
 0.4 3 -6.23669 0.933077 2.43277e-05 
 0.5 3 -6.84332 0.933087 3.31261e-05
 0.6 3 -4.56312 0.902582 0.000144704
 0.7 3 -3.86453 0.892517 0.000134194 
 0.8 3 -6.38035 0.927883 2.72858e-05
 0.9 3 -8.34465 0.951028 -4.07884e-05
 1.0 3 -5.08951 0.891121 0.000112289
 1.1 3 -3.65471 0.839265 0.000304711
 1.2 3 -5.87494 0.872551 0.000101483
 1.3 3 -3.29947 0.783699 0.000148889
 1.4 3 -4.36 0.814233 0.000275864
 1.45 3 -6.41755 0.936561 5.86096e-05
 1.5 3 -7.92701 1.00438 -8.91567e-05
 1.6 3 -4.87722 0.94335 0.00011422
 1.7 3 -4.16964 0.9241 0.000154367
 1.8 3 -4.85623 0.930466 0.000177084
 1.9 3 -5.59124 0.968281 6.28805e-05
 2.0 3 -2.45032 0.926261 0.000160584
 2.1 3 -4.3932 0.956618 0.000119137
 2.2 3 -8.60142 1.04188 -4.21482e-05
 2.3 -1
