FirstColumn Data  higgs  qqww  ggww  wz_zz  top  dy  wjets  Data  higgs  qqww  ggww  wz_zz  top  dy  wjets  Data  higgs  qqww  ggww  wz_zz  top  dy  wjets  Data   higgs  qqww  ggww  wz_zz  top  dy  wjets 
120 Yield    10  1.053  6.072  0.278  0.274  0.131  2.381  0.000   12 0.702  4.186  0.211  0.192  0.275  0.000  8.258	9    1.151  6.104  0.256  0.150  0.299  0.824  2.064  6   0.960   5.794  0.282  0.191  0.275  0.000  0.000
130 Yield    9   2.570  5.948  0.276  0.273  0.168  2.381  0.000   9  1.685  3.953  0.198  0.187  0.043  0.000  6.193	10   2.653  5.632  0.239  0.129  0.192  0.824  4.129  6   2.592   5.586  0.274  0.161  0.270  0.000  0.000
140 Yield    9   4.528  6.570  0.344  0.326  0.131  2.381  0.000   8  3.212  4.347  0.248  0.203  0.044  0.000  4.129	9    4.563  5.879  0.309  0.137  0.237  0.824  2.064  6   4.189   5.740  0.338  0.137  0.230  0.000  0.000
150 Yield    10  8.774  9.646  0.627  0.391  0.494  1.191  0.000   9  6.033  5.538  0.436  0.226  0.079  0.000  4.129	9    6.966  7.157  0.502  0.183  0.470  0.000  2.064  6   7.155   6.632  0.533  0.150  0.214  0.000  0.000
160 Yield    7  12.114  5.410  0.498  0.221  0.393  0.000  0.000   5  8.272  3.510  0.338  0.130  0.385  0.000  2.064	7   10.544  4.590  0.413  0.123  0.471  0.000  2.064  5  10.325   4.323  0.468  0.082  0.298  0.000  0.000
170 Yield    8   9.628  4.179  0.514  0.223  0.434  0.000  0.000   2  6.649  2.716  0.343  0.115  0.487  0.000  0.000	4    8.798  3.823  0.483  0.067  0.608  0.000  0.000  4   8.488   3.580  0.479  0.047  0.410  0.000  0.000
180 Yield    8   7.406  5.216  0.681  0.336  0.874  0.000  0.000   3  5.822  3.504  0.475  0.176  0.507  0.000  0.000	6    7.261  5.213  0.638  0.165  0.785  0.000  0.000  5   6.989   4.837  0.673  0.085  0.401  0.000  0.000
190 Yield    10  5.529  7.678  0.959  0.613  1.072  0.000  0.000   5  4.035  4.720  0.658  0.293  0.550  1.118  0.000	12   6.018  8.200  0.911  0.276  0.992  0.000  2.064  9   5.664   7.680  0.969  0.148  0.556  0.000  0.000
200 Yield    11  3.947  8.208  1.008  0.835  1.097  0.000  0.000   5  2.925  4.585  0.635  0.384  0.593  0.000  0.000	13   4.787  9.060  0.935  0.273  1.064  0.000  2.064  10  4.534   8.357  1.011  0.172  1.022  0.000  0.000
210 Yield    11  2.954  7.495  0.887  0.819  1.459  0.000  0.000   5  1.898  4.441  0.599  0.396  0.666  0.000  0.000	13   3.746  8.757  0.883  0.292  1.150  0.000  2.064  10  3.357   8.255  0.983  0.176  1.120  0.000  0.000
220 Yield    11  2.273  7.251  0.797  0.821  1.788  0.000  0.000   2  1.484  4.293  0.537  0.402  0.810  0.000  0.000	13   3.410  8.866  0.862  0.294  1.462  0.000  2.064  10  2.811   7.783  0.837  0.154  1.365  0.000  0.000
230 Yield    9   1.804  5.724  0.543  0.806  1.653  0.000  0.000   6  1.311  3.782  0.431  0.473  0.986  0.000  0.000	12   2.894  8.312  0.746  0.259  1.447  0.000  2.064  11  2.518   7.558  0.710  0.157  1.472  0.000  2.064
250 Yield    9   1.884  7.226  0.483  0.870  1.709  0.000  0.000   6  1.253  5.016  0.359  0.510  1.404  0.000  0.000	14   2.721 10.271  0.737  0.255  1.606  0.000  2.064  14  2.595   9.558  0.678  0.161  2.163  0.000  2.064
300 Yield    10  1.888  8.629  0.424  0.709  2.173  0.000  0.000   6  1.418  5.868  0.366  0.447  1.265  0.000  0.000	13   2.432 10.801  0.626  0.294  1.648  0.000  0.000  15  2.432  11.181  0.618  0.119  2.450  0.000  2.064
350 Yield    11  1.981  6.494  0.376  0.554  1.662  0.000  0.000   5  1.618  4.907  0.301  0.387  1.296  0.000  0.000	10   2.386  8.304  0.479  0.263  1.660  0.000  0.000  13  2.368   8.257  0.453  0.127  2.417  0.000  2.064
400 Yield    8   1.412  5.261  0.328  0.453  1.096  0.000  0.000   6  1.128  3.827  0.244  0.377  1.286  0.000  0.000	7    1.641  5.994  0.360  0.193  1.118  0.000  0.000  11  1.527   6.146  0.341  0.089  1.694  0.000  2.064
450 Yield    5   0.754  2.404  0.171  0.147  0.873  0.000  0.000   4  0.582  1.840  0.128  0.136  0.858  0.000  0.000	3    0.880  2.787  0.194  0.057  0.638  0.000  0.000  4   0.812   2.839  0.183  0.037  0.889  0.000  0.000
500 Yield    1   0.444  1.854  0.142  0.128  0.550  0.000  0.000   2  0.370  1.390  0.104  0.081  0.967  0.000  0.000	2    0.521  2.130  0.145  0.044  0.582  0.000  0.000  2   0.490   1.982  0.139  0.026  0.524  0.000  0.000
550 Yield    0   0.251  1.058  0.094  0.054  0.267  0.000  0.000   2  0.188  0.781  0.056  0.017  0.663  0.000  0.000	1    0.279  1.250  0.101  0.013  0.558  0.000  0.000  1   0.256   1.103  0.086  0.019  0.300  0.000  0.000
600 Yield    0   0.144  0.771  0.071  0.041  0.246  0.000  0.000   1  0.119  0.646  0.048  0.018  0.436  0.000  0.000	1    0.172  0.992  0.080  0.013  0.521  0.000  0.000  1   0.175   1.012  0.073  0.000  0.300  0.000  0.000
                              
Luminosity                  --- 0.04   ---    ---    0.04   ---  ---  ---    --- 0.04	---    ---    0.04   ---  ---  ---    --- 0.04   ---	---    0.04   ---  ---  ---    --- 0.04   ---	 ---	0.04   ---  ---  ---
Trigger efficiencies        --- 0.015  0.015  0.015  0.015  ---  ---  ---    --- 0.015  0.015  0.015  0.015  ---  ---  ---    --- 0.015  0.015  0.015  0.015  ---  ---  ---    --- 0.015  0.015  0.015  0.015  ---  ---  ---
Muon efficiency             --- 0.007  0.007  0.007  0.007  ---  ---  ---    ---  ---    ---    ---    ---   ---  ---  ---    --- 0.004  0.004  0.004  0.004  ---  ---  ---    --- 0.004  0.004  0.004  0.004  ---  ---  ---
Electron id efficiency      ---  ---    ---    ---    ---   ---  ---  ---    --- 0.048  0.048  0.048  0.048  ---  ---  ---    --- 0.012  0.012  0.012  0.012  ---  ---  ---    --- 0.012  0.012  0.012  0.012  ---  ---  ---
Reconstruction efficiency   --- 0.014  0.014  0.014  0.014  ---  ---  ---    --- 0.014  0.014  0.014  0.014  ---  ---  ---    --- 0.014  0.014  0.014  0.014  ---  ---  ---    --- 0.014  0.014  0.014  0.014  ---  ---  ---
momentum scale              --- 0.013  0.013  0.013  0.015  ---  ---  ---    --- 0.013  0.013  0.013  0.015  ---  ---  ---    --- 0.013  0.013  0.013  0.015  ---  ---  ---    --- 0.013  0.013  0.013  0.015  ---  ---  ---
pile-up                     --- 0.005  0.005  0.005  0.005  ---  ---  ---    --- 0.005  0.005  0.005  0.005  ---  ---  ---    --- 0.005  0.005  0.005  0.005  ---  ---  ---    --- 0.005  0.005  0.005  0.005  ---  ---  ---
  met  resolution           --- 0.01   0.01   0.01   0.01   0.01 0.03 ---    --- 0.01	0.01   0.01   0.01   0.01 0.03 ---    --- 0.01   0.01	0.01   0.01   0.01 0.03 ---    --- 0.01   0.01   0.01	0.01   0.01 0.03 ---
Fakes                       --- ---    ---    ---    ---    ---  ---  0.3    --- ---	---    ---    ---    ---  ---  0.3    --- ---	 ---	---    ---    ---  ---  0.3    --- ---    ---	 ---	---    ---  ---  0.3
Jet veto                    --- 0.069  ---    0.054  0.054  ---  ---  ---    --- 0.069  ---    0.054  0.054  ---  ---  ---    --- 0.069  ---    0.054  0.054  ---  ---  ---    --- 0.069  ---    0.054  0.054  ---  ---  ---
Higgs cross-section         --- 0.164  ---    ---    ---    ---  ---  ---    --- 0.164  ---    ---    ---    ---  ---  ---    --- 0.164  ---	---    ---    ---  ---  ---    --- 0.164  ---	 ---	---    ---  ---  ---
WZ/ZZ cross-section         --- ---    ---    ---    0.03   ---  ---  ---    --- ---	---    ---    0.03   ---  ---  ---    --- ---	 ---	---    0.03   ---  ---  ---    --- ---    ---	 ---	0.03   ---  ---  ---
 qq  to WW  normalization   --- ---    0.15   ---    ---    ---  ---  ---    --- ---	0.15   ---    ---    ---  ---  ---    --- ---	 0.15	---    ---    ---  ---  ---    --- ---    0.15   ---	---    ---  ---  ---
 gg  to WW  normalization   --- ---    ---    0.5    ---    ---  ---  ---    --- ---	---    0.5    ---    ---  ---  ---    --- ---	 ---	0.5    ---    ---  ---  ---    --- ---    ---	 0.5	---    ---  ---  ---
 tX  normalization          --- ---    ---    ---    ---    0.3	 ---  ---    --- ---	---    ---    ---    0.3  ---  ---    --- ---	 ---	---    ---    0.3  ---  ---    --- ---    ---	 ---	---    0.3  ---  ---
 DY  normalization          --- ---    ---    ---    ---    ---  0.5  ---    --- ---	---    ---    ---    ---  0.5  ---    --- ---	 ---	---    ---    ---  0.5  ---    --- ---    ---	 ---	---    ---  0.5  ---

120 Stats   ---  0.046  0.028  0.085  0.135  0.857  0.707  0.000  --- 0.055  0.044  0.072  0.152  0.641  0.000  0.500   --- 0.044  0.028  0.073  0.207  0.488  1.197  1.000   --- 0.048  0.032  0.062  0.182  0.270  0.000  0.000
130 Stats   ---  0.039  0.029  0.085  0.129  0.690  0.707  0.000  --- 0.047  0.045  0.074  0.170  0.889  0.000  0.577   --- 0.038  0.039  0.076  0.220  0.430  1.197  0.707   --- 0.042  0.033  0.063  0.198  0.273  0.000  0.000
140 Stats   ---  0.036  0.027  0.076  0.121  0.857  0.707  0.000  --- 0.041  0.043  0.066  0.164  0.883  0.000  0.707   --- 0.035  0.038  0.067  0.213  0.386  1.197  1.000   --- 0.037  0.032  0.076  0.215  0.296  0.000  0.000
150 Stats   ---  0.028  0.023  0.056  0.113  0.442  1.000  0.000  --- 0.034  0.038  0.050  0.146  0.659  0.000  0.707   --- 0.032  0.034  0.052  0.184  0.369  0.000  1.000   --- 0.031  0.030  0.060  0.208  0.306  0.000  0.000
160 Stats   ---  0.026  0.030  0.063  0.155  0.480  0.000  0.000  --- 0.030  0.048  0.057  0.177  0.519  0.000  1.000   --- 0.027  0.043  0.058  0.225  0.368  0.000  1.000   --- 0.028  0.037  0.064  0.283  0.502  0.000  0.000
170 Stats   ---  0.027  0.034  0.062  0.154  0.440  0.000  0.000  --- 0.032  0.055  0.056  0.184  0.428  0.000  0.000   --- 0.028  0.047  0.053  0.303  0.381  0.000  0.000   --- 0.029  0.040  0.064  0.371  0.450  0.000  0.000
180 Stats   ---  0.028  0.031  0.054  0.125  0.319  0.000  0.000  --- 0.031  0.048  0.048  0.147  0.415  0.000  0.000   --- 0.028  0.040  0.047  0.196  0.344  0.000  0.000   --- 0.029  0.035  0.054  0.272  0.459  0.000  0.000
190 Stats   ---  0.029  0.025  0.046  0.083  0.286  0.000  0.000  --- 0.033  0.042  0.041  0.110  0.451  1.000  0.000   --- 0.028  0.032  0.039  0.150  0.308  0.000  1.000   --- 0.027  0.028  0.045  0.202  0.345  0.000  0.000
200 Stats   ---  0.031  0.025  0.045  0.069  0.280  0.000  0.000  --- 0.034  0.042  0.041  0.100  0.423  0.000  0.000   --- 0.028  0.030  0.038  0.151  0.311  0.000  1.000   --- 0.028  0.027  0.044  0.189  0.279  0.000  0.000
210 Stats   ---  0.043  0.026  0.047  0.068  0.277  0.000  0.000  --- 0.052  0.043  0.043  0.100  0.341  0.000  0.000   --- 0.038  0.031  0.039  0.147  0.288  0.000  1.000   --- 0.040  0.027  0.044  0.187  0.272  0.000  0.000
220 Stats   ---  0.046  0.026  0.050  0.068  0.251  0.000  0.000  --- 0.055  0.044  0.045  0.097  0.308  0.000  0.000   --- 0.037  0.031  0.040  0.147  0.255  0.000  1.000   --- 0.041  0.027  0.048  0.200  0.229  0.000  0.000
230 Stats   ---  0.049  0.029  0.061  0.068  0.254  0.000  0.000  --- 0.049  0.046  0.050  0.093  0.298  0.000  0.000   --- 0.033  0.032  0.043  0.156  0.258  0.000  1.000   --- 0.036  0.028  0.052  0.198  0.222  0.000  1.000
250 Stats   ---  0.037  0.026  0.064  0.066  0.249  0.000  0.000  --- 0.045  0.040  0.055  0.090  0.251  0.000  0.000   --- 0.030  0.029  0.043  0.157  0.247  0.000  1.000   --- 0.031  0.025  0.053  0.197  0.185  0.000  1.000
300 Stats   ---  0.029  0.024  0.069  0.072  0.219  0.000  0.000  --- 0.033  0.037  0.055  0.097  0.244  0.000  0.000   --- 0.025  0.028  0.046  0.196  0.232  0.000  0.000   --- 0.025  0.023  0.056  0.228  0.173  0.000  1.000
350 Stats   ---  0.028  0.028  0.073  0.085  0.258  0.000  0.000  --- 0.030  0.041  0.060  0.111  0.244  0.000  0.000   --- 0.027  0.032  0.053  0.208  0.237  0.000  0.000   --- 0.025  0.027  0.065  0.222  0.183  0.000  1.000
400 Stats   ---  0.028  0.031  0.078  0.091  0.321  0.000  0.000  --- 0.030  0.046  0.067  0.111  0.248  0.000  0.000   --- 0.025  0.037  0.061  0.241  0.272  0.000  0.000   --- 0.027  0.031  0.075  0.264  0.214  0.000  1.000
450 Stats   ---  0.030  0.045  0.108  0.168  0.373  0.000  0.000  --- 0.033  0.067  0.092  0.199  0.315  0.000  0.000   --- 0.027  0.055  0.083  0.456  0.374  0.000  0.000   --- 0.029  0.045  0.103  0.417  0.302  0.000  0.000
500 Stats   ---  0.031  0.052  0.119  0.175  0.475  0.000  0.000  --- 0.032  0.077  0.103  0.245  0.303  0.000  0.000   --- 0.028  0.063  0.096  0.519  0.403  0.000  0.000   --- 0.029  0.054  0.118  0.501  0.417  0.000  0.000
550 Stats   ---  0.032  0.068  0.146  0.258  0.689  0.000  0.000  --- 0.036  0.102  0.139  0.358  0.369  0.000  0.000   --- 0.030  0.082  0.116  0.950  0.417  0.000  0.000   --- 0.031  0.073  0.150  0.578  0.499  0.000  0.000
600 Stats   ---  0.034  0.080  0.167  0.278  0.743  0.000  0.000  --- 0.036  0.112  0.150  0.348  0.456  0.000  0.000   --- 0.030  0.092  0.130  0.950  0.441  0.000  0.000   --- 0.030  0.076  0.162  0.001  0.499  0.000  0.000
