 637566976  20.3035
 637599744  19.946
 637632512  19.7121
 637665280  19.5139
 637566978  20.3035
 637599746  19.946
 637632514  19.7121
 637665282  19.5139
 637566980  28.0883
 637599748  27.2314
 637632516  26.2851
 637566982  28.0883
 637599750  27.2314
 637632518  26.2851
 637566984  32.4753
 637599752  31.1716
 637632520  29.7834
 637566986  32.4753
 637599754  31.1716
 637632522  29.7834
 637566989  20.9195
 637632525  24.1091
 637566993  15.4382
 637632529  17.6113
 637566997  14.0081
 637632533  13.9799
 637567001  15.4382
 637632537  17.6113
 637567005  20.9195
 637632541  24.1091
 637567104  20.3035
 637599872  19.946
 637632640  19.7121
 637665408  19.5139
 637567106  20.3035
 637599874  19.946
 637632642  19.7121
 637665410  19.5139
 637567108  28.0883
 637599876  27.2314
 637632644  26.2851
 637567110  28.0883
 637599878  27.2314
 637632646  26.2851
 637567112  32.4753
 637599880  31.1716
 637632648  29.7834
 637567114  32.4753
 637599882  31.1716
 637632650  29.7834
 637567117  20.9195
 637632653  24.1091
 637567121  15.4382
 637632657  17.6113
 637567125  14.0081
 637632661  13.9799
 637567129  15.4382
 637632665  17.6113
 637567133  20.9195
 637632669  24.1091
 637567232  20.3035
 637600000  19.946
 637632768  19.7121
 637665536  19.5139
 637567234  20.3035
 637600002  19.946
 637632770  19.7121
 637665538  19.5139
 637567236  28.0883
 637600004  27.2314
 637632772  26.2851
 637567238  28.0883
 637600006  27.2314
 637632774  26.2851
 637567240  32.4753
 637600008  31.1716
 637632776  29.7834
 637567242  32.4753
 637600010  31.1716
 637632778  29.7834
 637567245  20.9195
 637632781  24.1091
 637567249  15.7365
 637632785  17.6278
 637567253  14.0081
 637632789  13.9799
 637567257  15.4382
 637632793  17.6113
 637567261  20.9195
 637632797  24.1091
 637567360  20.3035
 637600128  19.946
 637632896  19.7121
 637665664  19.5139
 637567362  20.3035
 637600130  19.946
 637632898  19.7121
 637665666  19.5139
 637567364  28.0883
 637600132  27.2314
 637632900  26.2851
 637567366  28.0883
 637600134  27.2314
 637632902  26.2851
 637567368  32.4753
 637600136  31.1716
 637632904  29.7834
 637567370  32.4753
 637600138  31.1716
 637632906  29.7834
 637567373  20.9195
 637632909  24.1091
 637567377  15.4382
 637632913  17.6113
 637567381  14.0081
 637632917  13.9799
 637567385  15.7365
 637632921  17.6278
 637567389  20.9195
 637632925  24.1091
 637567488  20.3035
 637600256  19.946
 637633024  19.7121
 637665792  19.5139
 637567490  20.3035
 637600258  19.946
 637633026  19.7121
 637665794  19.5139
 637567492  28.0883
 637600260  27.2314
 637633028  26.2851
 637567494  28.0883
 637600262  27.2314
 637633030  26.2851
 637567496  32.4753
 637600264  31.1716
 637633032  29.7834
 637567498  32.4753
 637600266  31.1716
 637633034  29.7834
 637567501  20.9195
 637633037  24.1091
 637567505  15.4382
 637633041  17.6113
 637567509  14.0081
 637633045  13.9799
 637567513  15.4382
 637633049  17.6113
 637567517  20.9195
 637633053  24.1091
 637567616  20.3035
 637600384  19.946
 637633152  19.7121
 637665920  19.5139
 637567618  20.3035
 637600386  19.946
 637633154  19.7121
 637665922  19.5139
 637567620  28.0883
 637600388  27.2314
 637633156  26.2851
 637567622  28.0883
 637600390  27.2314
 637633158  26.2851
 637567624  32.4753
 637600392  31.1716
 637633160  29.7834
 637567626  32.4753
 637600394  31.1716
 637633162  29.7834
 637567629  20.9195
 637633165  24.1091
 637567633  15.4382
 637633169  17.6113
 637567637  14.0081
 637633173  13.9799
 637567641  15.4382
 637633177  17.6113
 637567645  20.9195
 637633181  24.1091
 637567757  20.9195
 637633293  24.1091
 637567761  15.4382
 637633297  17.6113
 637567765  14.0081
 637633301  13.9799
 637567769  15.4382
 637633305  17.6113
 637567773  20.9195
 637633309  24.1091
 637567885  20.9195
 637633421  24.1091
 637567889  15.4382
 637633425  17.6113
 637567893  14.0081
 637633429  13.9799
 637567897  15.4382
 637633433  17.6113
 637567901  20.9195
 637633437  24.1091
 637568013  20.9195
 637633549  24.1091
 637568017  15.4382
 637633553  17.6113
 637568021  14.0081
 637633557  13.9799
 637568025  15.4382
 637633561  17.6113
 637568029  20.9195
 637633565  24.1091
 637568141  20.9195
 637633677  24.1091
 637568145  15.4382
 637633681  17.6113
 637568149  14.0081
 637633685  13.9799
 637568153  15.4382
 637633689  17.6113
 637568157  20.9195
 637633693  24.1091
 637568269  20.9195
 637633805  24.1091
 637568273  15.4382
 637633809  17.6113
 637568277  14.0081
 637633813  13.9799
 637568281  15.4382
 637633817  17.6113
 637568285  20.9195
 637633821  24.1091
 637568397  20.9195
 637633933  24.1091
 637568401  15.4382
 637633937  17.6113
 637568405  14.0081
 637633941  13.9799
 637568409  15.4382
 637633945  17.6113
 637568413  20.9195
 637633949  24.1091
 637571072  20.4399
 637603840  20.0849
 637636608  19.8526
 637669376  19.6558
 637571074  20.4399
 637603842  20.0849
 637636610  19.8526
 637669378  19.6558
 637571076  28.0883
 637603844  27.2314
 637636612  26.2851
 637571078  28.0883
 637603846  27.2314
 637636614  26.2851
 637571080  32.5832
 637603848  31.284
 637636616  29.9009
 637571082  32.5832
 637603850  31.284
 637636618  29.9009
 637571200  20.4399
 637603968  20.0849
 637636736  19.8526
 637669504  19.6558
 637571202  20.4399
 637603970  20.0849
 637636738  19.8526
 637669506  19.6558
 637571204  28.0883
 637603972  27.2314
 637636740  26.2851
 637571206  28.0883
 637603974  27.2314
 637636742  26.2851
 637571208  32.5832
 637603976  31.284
 637636744  29.9009
 637571210  32.5832
 637603978  31.284
 637636746  29.9009
 637571328  20.4399
 637604096  20.0849
 637636864  19.8526
 637669632  19.6558
 637571330  20.4399
 637604098  20.0849
 637636866  19.8526
 637669634  19.6558
 637571332  28.0883
 637604100  27.2314
 637636868  26.2851
 637571334  28.0883
 637604102  27.2314
 637636870  26.2851
 637571336  32.5832
 637604104  31.284
 637636872  29.9009
 637571338  32.5832
 637604106  31.284
 637636874  29.9009
 637571456  20.4399
 637604224  20.0849
 637636992  19.8526
 637669760  19.6558
 637571458  20.4399
 637604226  20.0849
 637636994  19.8526
 637669762  19.6558
 637571460  28.0883
 637604228  27.2314
 637636996  26.2851
 637571462  28.0883
 637604230  27.2314
 637636998  26.2851
 637571464  32.5832
 637604232  31.284
 637637000  29.9009
 637571466  32.5832
 637604234  31.284
 637637002  29.9009
 637571584  20.4399
 637604352  20.0849
 637637120  19.8526
 637669888  19.6558
 637571586  20.4399
 637604354  20.0849
 637637122  19.8526
 637669890  19.6558
 637571588  28.0883
 637604356  27.2314
 637637124  26.2851
 637571590  28.0883
 637604358  27.2314
 637637126  26.2851
 637571592  32.5832
 637604360  31.284
 637637128  29.9009
 637571594  32.5832
 637604362  31.284
 637637130  29.9009
 637571712  20.4399
 637604480  20.0849
 637637248  19.8526
 637670016  19.6558
 637571714  20.4399
 637604482  20.0849
 637637250  19.8526
 637670018  19.6558
 637571716  28.0883
 637604484  27.2314
 637637252  26.2851
 637571718  28.0883
 637604486  27.2314
 637637254  26.2851
 637571720  32.5832
 637604488  31.284
 637637256  29.9009
 637571722  32.5832
 637604490  31.284
 637637258  29.9009
 637575168  20.3035
 637607936  19.946
 637640704  19.7121
 637673472  19.5139
 637575170  20.3035
 637607938  19.946
 637640706  19.7121
 637673474  19.5139
 637575172  28.0883
 637607940  27.2314
 637640708  26.2851
 637575174  28.0883
 637607942  27.2314
 637640710  26.2851
 637575176  32.4753
 637607944  31.1716
 637640712  29.7834
 637575178  32.4753
 637607946  31.1716
 637640714  29.7834
 637575296  20.3035
 637608064  19.946
 637640832  19.7121
 637673600  19.5139
 637575298  20.3035
 637608066  19.946
 637640834  19.7121
 637673602  19.5139
 637575300  28.0883
 637608068  27.2314
 637640836  26.2851
 637575302  28.0883
 637608070  27.2314
 637640838  26.2851
 637575304  32.4753
 637608072  31.1716
 637640840  29.7834
 637575306  32.4753
 637608074  31.1716
 637640842  29.7834
 637575424  20.3035
 637608192  19.946
 637640960  19.7121
 637673728  19.5139
 637575426  20.3035
 637608194  19.946
 637640962  19.7121
 637673730  19.5139
 637575428  28.0883
 637608196  27.2314
 637640964  26.2851
 637575430  28.0883
 637608198  27.2314
 637640966  26.2851
 637575432  32.4753
 637608200  31.1716
 637640968  29.7834
 637575434  32.4753
 637608202  31.1716
 637640970  29.7834
 637575552  20.3035
 637608320  19.946
 637641088  19.7121
 637673856  19.5139
 637575554  20.3035
 637608322  19.946
 637641090  19.7121
 637673858  19.5139
 637575556  28.0883
 637608324  27.2314
 637641092  26.2851
 637575558  28.0883
 637608326  27.2314
 637641094  26.2851
 637575560  32.4753
 637608328  31.1716
 637641096  29.7834
 637575562  32.4753
 637608330  31.1716
 637641098  29.7834
 637575680  20.3035
 637608448  19.946
 637641216  19.7121
 637673984  19.5139
 637575682  20.3035
 637608450  19.946
 637641218  19.7121
 637673986  19.5139
 637575684  28.0883
 637608452  27.2314
 637641220  26.2851
 637575686  28.0883
 637608454  27.2314
 637641222  26.2851
 637575688  32.4753
 637608456  31.1716
 637641224  29.7834
 637575690  32.4753
 637608458  31.1716
 637641226  29.7834
 637575808  20.3035
 637608576  19.946
 637641344  19.7121
 637674112  19.5139
 637575810  20.3035
 637608578  19.946
 637641346  19.7121
 637674114  19.5139
 637575812  28.0883
 637608580  27.2314
 637641348  26.2851
 637575814  28.0883
 637608582  27.2314
 637641350  26.2851
 637575816  32.4753
 637608584  31.1716
 637641352  29.7834
 637575818  32.4753
 637608586  31.1716
 637641354  29.7834
 637579264  20.4399
 637612032  20.0849
 637644800  19.8526
 637677568  19.6558
 637579266  20.4399
 637612034  20.0849
 637644802  19.8526
 637677570  19.6558
 637579268  28.0883
 637612036  27.2314
 637644804  26.2851
 637579270  28.0883
 637612038  27.2314
 637644806  26.2851
 637579272  32.5832
 637612040  31.284
 637644808  29.9009
 637579274  32.5832
 637612042  31.284
 637644810  29.9009
 637579392  20.4399
 637612160  20.0849
 637644928  19.8526
 637677696  19.6558
 637579394  20.4399
 637612162  20.0849
 637644930  19.8526
 637677698  19.6558
 637579396  28.0883
 637612164  27.2314
 637644932  26.2851
 637579398  28.0883
 637612166  27.2314
 637644934  26.2851
 637579400  32.5832
 637612168  31.284
 637644936  29.9009
 637579402  32.5832
 637612170  31.284
 637644938  29.9009
 637579520  20.4399
 637612288  20.0849
 637645056  19.8526
 637677824  19.6558
 637579522  20.4399
 637612290  20.0849
 637645058  19.8526
 637677826  19.6558
 637579524  28.0883
 637612292  27.2314
 637645060  26.2851
 637579526  28.0883
 637612294  27.2314
 637645062  26.2851
 637579528  32.5832
 637612296  31.284
 637645064  29.9009
 637579530  32.5832
 637612298  31.284
 637645066  29.9009
 637579648  20.4399
 637612416  20.0849
 637645184  19.8526
 637677952  19.6558
 637579650  20.4399
 637612418  20.0849
 637645186  19.8526
 637677954  19.6558
 637579652  28.0883
 637612420  27.2314
 637645188  26.2851
 637579654  28.0883
 637612422  27.2314
 637645190  26.2851
 637579656  32.5832
 637612424  31.284
 637645192  29.9009
 637579658  32.5832
 637612426  31.284
 637645194  29.9009
 637579776  20.4399
 637612544  20.0849
 637645312  19.8526
 637678080  19.6558
 637579778  20.4399
 637612546  20.0849
 637645314  19.8526
 637678082  19.6558
 637579780  28.0883
 637612548  27.2314
 637645316  26.2851
 637579782  28.0883
 637612550  27.2314
 637645318  26.2851
 637579784  32.5832
 637612552  31.284
 637645320  29.9009
 637579786  32.5832
 637612554  31.284
 637645322  29.9009
 637579904  20.4399
 637612672  20.0849
 637645440  19.8526
 637678208  19.6558
 637579906  20.4399
 637612674  20.0849
 637645442  19.8526
 637678210  19.6558
 637579908  28.0883
 637612676  27.2314
 637645444  26.2851
 637579910  28.0883
 637612678  27.2314
 637645446  26.2851
 637579912  32.5832
 637612680  31.284
 637645448  29.9009
 637579914  32.5832
 637612682  31.284
 637645450  29.9009
 637583360  20.3035
 637616128  19.946
 637648896  19.7121
 637681664  19.5139
 637583362  20.3035
 637616130  19.946
 637648898  19.7121
 637681666  19.5139
 637583364  28.0883
 637616132  27.2314
 637648900  26.2851
 637583366  28.0883
 637616134  27.2314
 637648902  26.2851
 637583368  32.4753
 637616136  31.1716
 637648904  29.7834
 637583370  32.4753
 637616138  31.1716
 637648906  29.7834
 637583488  20.3035
 637616256  19.946
 637649024  19.7121
 637681792  19.5139
 637583490  20.3035
 637616258  19.946
 637649026  19.7121
 637681794  19.5139
 637583492  28.0883
 637616260  27.2314
 637649028  26.2851
 637583494  28.0883
 637616262  27.2314
 637649030  26.2851
 637583496  32.4753
 637616264  31.1716
 637649032  29.7834
 637583498  32.4753
 637616266  31.1716
 637649034  29.7834
 637583616  20.3035
 637616384  19.946
 637649152  19.7121
 637681920  19.5139
 637583618  20.3035
 637616386  19.946
 637649154  19.7121
 637681922  19.5139
 637583620  28.0883
 637616388  27.2314
 637649156  26.2851
 637583622  28.0883
 637616390  27.2314
 637649158  26.2851
 637583624  32.4753
 637616392  31.1716
 637649160  29.7834
 637583626  32.4753
 637616394  31.1716
 637649162  29.7834
 637583744  20.3035
 637616512  19.946
 637649280  19.7121
 637682048  19.5139
 637583746  20.3035
 637616514  19.946
 637649282  19.7121
 637682050  19.5139
 637583748  28.0883
 637616516  27.2314
 637649284  26.2851
 637583750  28.0883
 637616518  27.2314
 637649286  26.2851
 637583752  32.4753
 637616520  31.1716
 637649288  29.7834
 637583754  32.4753
 637616522  31.1716
 637649290  29.7834
 637583872  20.3035
 637616640  19.946
 637649408  19.7121
 637682176  19.5139
 637583874  20.3035
 637616642  19.946
 637649410  19.7121
 637682178  19.5139
 637583876  28.0883
 637616644  27.2314
 637649412  26.2851
 637583878  28.0883
 637616646  27.2314
 637649414  26.2851
 637583880  32.4753
 637616648  31.1716
 637649416  29.7834
 637583882  32.4753
 637616650  31.1716
 637649418  29.7834
 637584000  20.3035
 637616768  19.946
 637649536  19.7121
 637682304  19.5139
 637584002  20.3035
 637616770  19.946
 637649538  19.7121
 637682306  19.5139
 637584004  28.0883
 637616772  27.2314
 637649540  26.2851
 637584006  28.0883
 637616774  27.2314
 637649542  26.2851
 637584008  32.4753
 637616776  31.1716
 637649544  29.7834
 637584010  32.4753
 637616778  31.1716
 637649546  29.7834
 637587456  20.4399
 637620224  20.0849
 637652992  19.8526
 637685760  19.6558
 637587458  20.4399
 637620226  20.0849
 637652994  19.8526
 637685762  19.6558
 637587460  28.0883
 637620228  27.2314
 637652996  26.2851
 637587462  28.0883
 637620230  27.2314
 637652998  26.2851
 637587464  32.5832
 637620232  31.284
 637653000  29.9009
 637587466  32.5832
 637620234  31.284
 637653002  29.9009
 637587584  20.4399
 637620352  20.0849
 637653120  19.8526
 637685888  19.6558
 637587586  20.4399
 637620354  20.0849
 637653122  19.8526
 637685890  19.6558
 637587588  28.0883
 637620356  27.2314
 637653124  26.2851
 637587590  28.0883
 637620358  27.2314
 637653126  26.2851
 637587592  32.5832
 637620360  31.284
 637653128  29.9009
 637587594  32.5832
 637620362  31.284
 637653130  29.9009
 637587712  20.4399
 637620480  20.0849
 637653248  19.8526
 637686016  19.6558
 637587714  20.4399
 637620482  20.0849
 637653250  19.8526
 637686018  19.6558
 637587716  28.0883
 637620484  27.2314
 637653252  26.2851
 637587718  28.0883
 637620486  27.2314
 637653254  26.2851
 637587720  32.5832
 637620488  31.284
 637653256  29.9009
 637587722  32.5832
 637620490  31.284
 637653258  29.9009
 637587840  20.4399
 637620608  20.0849
 637653376  19.8526
 637686144  19.6558
 637587842  20.4399
 637620610  20.0849
 637653378  19.8526
 637686146  19.6558
 637587844  28.0883
 637620612  27.2314
 637653380  26.2851
 637587846  28.0883
 637620614  27.2314
 637653382  26.2851
 637587848  32.5832
 637620616  31.284
 637653384  29.9009
 637587850  32.5832
 637620618  31.284
 637653386  29.9009
 637587968  20.4399
 637620736  20.0849
 637653504  19.8526
 637686272  19.6558
 637587970  20.4399
 637620738  20.0849
 637653506  19.8526
 637686274  19.6558
 637587972  28.0883
 637620740  27.2314
 637653508  26.2851
 637587974  28.0883
 637620742  27.2314
 637653510  26.2851
 637587976  32.5832
 637620744  31.284
 637653512  29.9009
 637587978  32.5832
 637620746  31.284
 637653514  29.9009
 637588096  20.4399
 637620864  20.0849
 637653632  19.8526
 637686400  19.6558
 637588098  20.4399
 637620866  20.0849
 637653634  19.8526
 637686402  19.6558
 637588100  28.0883
 637620868  27.2314
 637653636  26.2851
 637588102  28.0883
 637620870  27.2314
 637653638  26.2851
 637588104  32.5832
 637620872  31.284
 637653640  29.9009
 637588106  32.5832
 637620874  31.284
 637653642  29.9009
 637569037  21.6981
 637634573  24.7877
 637569041  16.4779
 637634577  18.5295
 637569045  15.1463
 637634581  15.1202
 637569049  16.4779
 637634585  18.5295
 637569053  21.6981
 637634589  24.7877
 637569165  21.6981
 637634701  24.7877
 637569169  16.4779
 637634705  18.5295
 637569173  15.1463
 637634709  15.1202
 637569177  16.4779
 637634713  18.5295
 637569181  21.6981
 637634717  24.7877
 637569293  21.6981
 637634829  24.7877
 637569297  16.7577
 637634833  18.5451
 637569301  15.1463
 637634837  15.1202
 637569305  16.4779
 637634841  18.5295
 637569309  21.6981
 637634845  24.7877
 637569421  21.6981
 637634957  24.7877
 637569425  16.4779
 637634961  18.5295
 637569429  15.1463
 637634965  15.1202
 637569433  16.7577
 637634969  18.5451
 637569437  21.6981
 637634973  24.7877
 637569549  21.6981
 637635085  24.7877
 637569553  16.4779
 637635089  18.5295
 637569557  15.1463
 637635093  15.1202
 637569561  16.4779
 637635097  18.5295
 637569565  21.6981
 637635101  24.7877
 637569677  21.6981
 637635213  24.7877
 637569681  16.4779
 637635217  18.5295
 637569685  15.1463
 637635221  15.1202
 637569689  16.4779
 637635225  18.5295
 637569693  21.6981
 637635229  24.7877
 637569805  21.6981
 637635341  24.7877
 637569809  16.4779
 637635345  18.5295
 637569813  15.1463
 637635349  15.1202
 637569817  16.4779
 637635353  18.5295
 637569821  21.6981
 637635357  24.7877
 637569933  21.6981
 637635469  24.7877
 637569937  16.4779
 637635473  18.5295
 637569941  15.1463
 637635477  15.1202
 637569945  16.4779
 637635481  18.5295
 637569949  21.6981
 637635485  24.7877
 637570061  21.6981
 637635597  24.7877
 637570065  16.4779
 637635601  18.5295
 637570069  15.1463
 637635605  15.1202
 637570073  16.4779
 637635609  18.5295
 637570077  21.6981
 637635613  24.7877
 637570189  21.6981
 637635725  24.7877
 637570193  16.4779
 637635729  18.5295
 637570197  15.1463
 637635733  15.1202
 637570201  16.4779
 637635737  18.5295
 637570205  21.6981
 637635741  24.7877
 637570317  21.6981
 637635853  24.7877
 637570321  16.4779
 637635857  18.5295
 637570325  15.1463
 637635861  15.1202
 637570329  16.4779
 637635865  18.5295
 637570333  21.6981
 637635869  24.7877
 637570445  21.6981
 637635981  24.7877
 637570449  16.4779
 637635985  18.5295
 637570453  15.1463
 637635989  15.1202
 637570457  16.4779
 637635993  18.5295
 637570461  21.6981
 637635997  24.7877
 637567008  28.3399
 637599776  27.9535
 637632544  27.6223
 637665312  27.3655
 637567010  28.3399
 637599778  27.9535
 637632546  27.6223
 637665314  27.3655
 637567012  30.5482
 637599780  29.5985
 637632548  28.8451
 637567014  30.5482
 637599782  29.5985
 637632550  28.8451
 637567016  34.4474
 637599784  33.091
 637632552  31.7444
 637567018  34.4474
 637599786  33.091
 637632554  31.7444
 637567021  22.7705
 637632557  25.7317
 637567025  17.6224
 637599793  18.7026
 637632561  20.1491
 637567029  16.7444
 637599797  16.5109
 637632565  16.713
 637567033  17.6224
 637599801  18.7026
 637632569  20.1491
 637567037  22.7705
 637632573  25.7317
 637567136  28.2031
 637599904  27.8148
 637632672  27.482
 637665440  27.2238
 637567138  28.2031
 637599906  27.8148
 637632674  27.482
 637665442  27.2238
 637567140  30.5482
 637599908  29.5985
 637632676  28.8451
 637567142  30.5482
 637599910  29.5985
 637632678  28.8451
 637567144  34.4474
 637599912  33.091
 637632680  31.7444
 637567146  34.4474
 637599914  33.091
 637632682  31.7444
 637567149  22.7705
 637632685  25.7317
 637567153  17.6224
 637599921  18.7026
 637632689  20.1491
 637567157  16.7444
 637599925  16.5109
 637632693  16.713
 637567161  17.6224
 637599929  18.7026
 637632697  20.1491
 637567165  22.7705
 637632701  25.7317
 637567264  28.3399
 637600032  27.9535
 637632800  27.6223
 637665568  27.3655
 637567266  28.3399
 637600034  27.9535
 637632802  27.6223
 637665570  27.3655
 637567268  30.5482
 637600036  29.5985
 637632804  28.8451
 637567270  30.5482
 637600038  29.5985
 637632806  28.8451
 637567272  34.4474
 637600040  33.091
 637632808  31.7444
 637567274  34.4474
 637600042  33.091
 637632810  31.7444
 637567277  22.7705
 637632813  25.7317
 637567281  17.86
 637600049  18.7152
 637632817  20.1644
 637567285  16.7444
 637600053  16.5109
 637632821  16.713
 637567289  17.6224
 637600057  18.7026
 637632825  20.1491
 637567293  22.7705
 637632829  25.7317
 637567392  28.2031
 637600160  27.8148
 637632928  27.482
 637665696  27.2238
 637567394  28.2031
 637600162  27.8148
 637632930  27.482
 637665698  27.2238
 637567396  30.5482
 637600164  29.5985
 637632932  28.8451
 637567398  30.5482
 637600166  29.5985
 637632934  28.8451
 637567400  34.4474
 637600168  33.091
 637632936  31.7444
 637567402  34.4474
 637600170  33.091
 637632938  31.7444
 637567405  22.7705
 637632941  25.7317
 637567409  17.6224
 637600177  18.7026
 637632945  20.1491
 637567413  16.7444
 637600181  16.5109
 637632949  16.713
 637567417  17.86
 637600185  18.7152
 637632953  20.1644
 637567421  22.7705
 637632957  25.7317
 637567520  28.3399
 637600288  27.9535
 637633056  27.6223
 637665824  27.3655
 637567522  28.3399
 637600290  27.9535
 637633058  27.6223
 637665826  27.3655
 637567524  30.5482
 637600292  29.5985
 637633060  28.8451
 637567526  30.5482
 637600294  29.5985
 637633062  28.8451
 637567528  34.4474
 637600296  33.091
 637633064  31.7444
 637567530  34.4474
 637600298  33.091
 637633066  31.7444
 637567533  22.7705
 637633069  25.7317
 637567537  17.6224
 637600305  18.7026
 637633073  20.1491
 637567541  16.7444
 637600309  16.5109
 637633077  16.713
 637567545  17.6224
 637600313  18.7026
 637633081  20.1491
 637567549  22.7705
 637633085  25.7317
 637567648  28.2031
 637600416  27.8148
 637633184  27.482
 637665952  27.2238
 637567650  28.2031
 637600418  27.8148
 637633186  27.482
 637665954  27.2238
 637567652  30.5482
 637600420  29.5985
 637633188  28.8451
 637567654  30.5482
 637600422  29.5985
 637633190  28.8451
 637567656  34.4474
 637600424  33.091
 637633192  31.7444
 637567658  34.4474
 637600426  33.091
 637633194  31.7444
 637567661  22.7705
 637633197  25.7317
 637567665  17.6224
 637600433  18.7026
 637633201  20.1491
 637567669  16.7444
 637600437  16.5109
 637633205  16.713
 637567673  17.6224
 637600441  18.7026
 637633209  20.1491
 637567677  22.7705
 637633213  25.7317
 637567789  22.7705
 637633325  25.7317
 637567793  17.6224
 637600561  18.7026
 637633329  20.1491
 637567797  16.7444
 637600565  16.5109
 637633333  16.713
 637567801  17.6224
 637600569  18.7026
 637633337  20.1491
 637567805  22.7705
 637633341  25.7317
 637567917  22.7705
 637633453  25.7317
 637567921  17.6224
 637600689  18.7026
 637633457  20.1491
 637567925  16.7444
 637600693  16.5109
 637633461  16.713
 637567929  17.6224
 637600697  18.7026
 637633465  20.1491
 637567933  22.7705
 637633469  25.7317
 637568045  22.7705
 637633581  25.7317
 637568049  17.6224
 637600817  18.7026
 637633585  20.1491
 637568053  16.7444
 637600821  16.5109
 637633589  16.713
 637568057  17.6224
 637600825  18.7026
 637633593  20.1491
 637568061  22.7705
 637633597  25.7317
 637568173  22.7705
 637633709  25.7317
 637568177  17.6224
 637600945  18.7026
 637633713  20.1491
 637568181  16.7444
 637600949  16.5109
 637633717  16.713
 637568185  17.6224
 637600953  18.7026
 637633721  20.1491
 637568189  22.7705
 637633725  25.7317
 637568301  22.7705
 637633837  25.7317
 637568305  17.6224
 637601073  18.7026
 637633841  20.1491
 637568309  16.7444
 637601077  16.5109
 637633845  16.713
 637568313  17.6224
 637601081  18.7026
 637633849  20.1491
 637568317  22.7705
 637633853  25.7317
 637568429  22.7705
 637633965  25.7317
 637568433  17.6224
 637601201  18.7026
 637633969  20.1491
 637568437  16.7444
 637601205  16.5109
 637633973  16.713
 637568441  17.6224
 637601209  18.7026
 637633977  20.1491
 637568445  22.7705
 637633981  25.7317
 637571104  28.2031
 637603872  27.8148
 637636640  27.482
 637669408  27.2238
 637571106  28.2031
 637603874  27.8148
 637636642  27.482
 637669410  27.2238
 637571108  30.6745
 637603876  29.7289
 637636644  28.9788
 637571110  30.6745
 637603878  29.7289
 637636646  28.9788
 637571112  34.5595
 637603880  33.2077
 637636648  31.866
 637571114  34.5595
 637603882  33.2077
 637636650  31.866
 637571232  28.3399
 637604000  27.9535
 637636768  27.6223
 637669536  27.3655
 637571234  28.3399
 637604002  27.9535
 637636770  27.6223
 637669538  27.3655
 637571236  30.6745
 637604004  29.7289
 637636772  28.9788
 637571238  30.6745
 637604006  29.7289
 637636774  28.9788
 637571240  34.5595
 637604008  33.2077
 637636776  31.866
 637571242  34.5595
 637604010  33.2077
 637636778  31.866
 637571360  28.2031
 637604128  27.8148
 637636896  27.482
 637669664  27.2238
 637571362  28.2031
 637604130  27.8148
 637636898  27.482
 637669666  27.2238
 637571364  30.6745
 637604132  29.7289
 637636900  28.9788
 637571366  30.6745
 637604134  29.7289
 637636902  28.9788
 637571368  34.5595
 637604136  33.2077
 637636904  31.866
 637571370  34.5595
 637604138  33.2077
 637636906  31.866
 637571488  28.3399
 637604256  27.9535
 637637024  27.6223
 637669792  27.3655
 637571490  28.3399
 637604258  27.9535
 637637026  27.6223
 637669794  27.3655
 637571492  30.6745
 637604260  29.7289
 637637028  28.9788
 637571494  30.6745
 637604262  29.7289
 637637030  28.9788
 637571496  34.5595
 637604264  33.2077
 637637032  31.866
 637571498  34.5595
 637604266  33.2077
 637637034  31.866
 637571616  28.2031
 637604384  27.8148
 637637152  27.482
 637669920  27.2238
 637571618  28.2031
 637604386  27.8148
 637637154  27.482
 637669922  27.2238
 637571620  30.6745
 637604388  29.7289
 637637156  28.9788
 637571622  30.6745
 637604390  29.7289
 637637158  28.9788
 637571624  34.5595
 637604392  33.2077
 637637160  31.866
 637571626  34.5595
 637604394  33.2077
 637637162  31.866
 637571744  28.3399
 637604512  27.9535
 637637280  27.6223
 637670048  27.3655
 637571746  28.3399
 637604514  27.9535
 637637282  27.6223
 637670050  27.3655
 637571748  30.6745
 637604516  29.7289
 637637284  28.9788
 637571750  30.6745
 637604518  29.7289
 637637286  28.9788
 637571752  34.5595
 637604520  33.2077
 637637288  31.866
 637571754  34.5595
 637604522  33.2077
 637637290  31.866
 637575200  28.2031
 637607968  27.8148
 637640736  27.482
 637673504  27.2238
 637575202  28.2031
 637607970  27.8148
 637640738  27.482
 637673506  27.2238
 637575204  30.5482
 637607972  29.5985
 637640740  28.8451
 637575206  30.5482
 637607974  29.5985
 637640742  28.8451
 637575208  34.4474
 637607976  33.091
 637640744  31.7444
 637575210  34.4474
 637607978  33.091
 637640746  31.7444
 637575328  28.3399
 637608096  27.9535
 637640864  27.6223
 637673632  27.3655
 637575330  28.3399
 637608098  27.9535
 637640866  27.6223
 637673634  27.3655
 637575332  30.5482
 637608100  29.5985
 637640868  28.8451
 637575334  30.5482
 637608102  29.5985
 637640870  28.8451
 637575336  34.4474
 637608104  33.091
 637640872  31.7444
 637575338  34.4474
 637608106  33.091
 637640874  31.7444
 637575456  28.2031
 637608224  27.8148
 637640992  27.482
 637673760  27.2238
 637575458  28.2031
 637608226  27.8148
 637640994  27.482
 637673762  27.2238
 637575460  30.5482
 637608228  29.5985
 637640996  28.8451
 637575462  30.5482
 637608230  29.5985
 637640998  28.8451
 637575464  34.4474
 637608232  33.091
 637641000  31.7444
 637575466  34.4474
 637608234  33.091
 637641002  31.7444
 637575584  28.3399
 637608352  27.9535
 637641120  27.6223
 637673888  27.3655
 637575586  28.3399
 637608354  27.9535
 637641122  27.6223
 637673890  27.3655
 637575588  30.5482
 637608356  29.5985
 637641124  28.8451
 637575590  30.5482
 637608358  29.5985
 637641126  28.8451
 637575592  34.4474
 637608360  33.091
 637641128  31.7444
 637575594  34.4474
 637608362  33.091
 637641130  31.7444
 637575712  28.2031
 637608480  27.8148
 637641248  27.482
 637674016  27.2238
 637575714  28.2031
 637608482  27.8148
 637641250  27.482
 637674018  27.2238
 637575716  30.5482
 637608484  29.5985
 637641252  28.8451
 637575718  30.5482
 637608486  29.5985
 637641254  28.8451
 637575720  34.4474
 637608488  33.091
 637641256  31.7444
 637575722  34.4474
 637608490  33.091
 637641258  31.7444
 637575840  28.3399
 637608608  27.9535
 637641376  27.6223
 637674144  27.3655
 637575842  28.3399
 637608610  27.9535
 637641378  27.6223
 637674146  27.3655
 637575844  30.5482
 637608612  29.5985
 637641380  28.8451
 637575846  30.5482
 637608614  29.5985
 637641382  28.8451
 637575848  34.4474
 637608616  33.091
 637641384  31.7444
 637575850  34.4474
 637608618  33.091
 637641386  31.7444
 637579300  30.6745
 637612068  29.7289
 637644836  28.9788
 637579302  30.6745
 637612070  29.7289
 637644838  28.9788
 637579304  34.5595
 637612072  33.2077
 637644840  31.866
 637579306  34.5595
 637612074  33.2077
 637644842  31.866
 637579428  30.6745
 637612196  29.7289
 637644964  28.9788
 637579430  30.6745
 637612198  29.7289
 637644966  28.9788
 637579432  34.5595
 637612200  33.2077
 637644968  31.866
 637579434  34.5595
 637612202  33.2077
 637644970  31.866
 637579556  30.6745
 637612324  29.7289
 637645092  28.9788
 637579558  30.6745
 637612326  29.7289
 637645094  28.9788
 637579560  34.5595
 637612328  33.2077
 637645096  31.866
 637579562  34.5595
 637612330  33.2077
 637645098  31.866
 637579684  30.6745
 637612452  29.7289
 637645220  28.9788
 637579686  30.6745
 637612454  29.7289
 637645222  28.9788
 637579688  34.5595
 637612456  33.2077
 637645224  31.866
 637579690  34.5595
 637612458  33.2077
 637645226  31.866
 637579812  30.6745
 637612580  29.7289
 637645348  28.9788
 637579814  30.6745
 637612582  29.7289
 637645350  28.9788
 637579816  34.5595
 637612584  33.2077
 637645352  31.866
 637579818  34.5595
 637612586  33.2077
 637645354  31.866
 637579940  30.6745
 637612708  29.7289
 637645476  28.9788
 637579942  30.6745
 637612710  29.7289
 637645478  28.9788
 637579944  34.5595
 637612712  33.2077
 637645480  31.866
 637579946  34.5595
 637612714  33.2077
 637645482  31.866
 637583396  30.5482
 637616164  29.5985
 637648932  28.8451
 637583398  30.5482
 637616166  29.5985
 637648934  28.8451
 637583400  34.4474
 637616168  33.091
 637648936  31.7444
 637583402  34.4474
 637616170  33.091
 637648938  31.7444
 637583524  30.5482
 637616292  29.5985
 637649060  28.8451
 637583526  30.5482
 637616294  29.5985
 637649062  28.8451
 637583528  34.4474
 637616296  33.091
 637649064  31.7444
 637583530  34.4474
 637616298  33.091
 637649066  31.7444
 637583652  30.5482
 637616420  29.5985
 637649188  28.8451
 637583654  30.5482
 637616422  29.5985
 637649190  28.8451
 637583656  34.4474
 637616424  33.091
 637649192  31.7444
 637583658  34.4474
 637616426  33.091
 637649194  31.7444
 637583780  30.5482
 637616548  29.5985
 637649316  28.8451
 637583782  30.5482
 637616550  29.5985
 637649318  28.8451
 637583784  34.4474
 637616552  33.091
 637649320  31.7444
 637583786  34.4474
 637616554  33.091
 637649322  31.7444
 637583908  30.5482
 637616676  29.5985
 637649444  28.8451
 637583910  30.5482
 637616678  29.5985
 637649446  28.8451
 637583912  34.4474
 637616680  33.091
 637649448  31.7444
 637583914  34.4474
 637616682  33.091
 637649450  31.7444
 637584036  30.5482
 637616804  29.5985
 637649572  28.8451
 637584038  30.5482
 637616806  29.5985
 637649574  28.8451
 637584040  34.4474
 637616808  33.091
 637649576  31.7444
 637584042  34.4474
 637616810  33.091
 637649578  31.7444
 637587492  30.6745
 637620260  29.7289
 637653028  28.9788
 637587494  30.6745
 637620262  29.7289
 637653030  28.9788
 637587496  34.5595
 637620264  33.2077
 637653032  31.866
 637587498  34.5595
 637620266  33.2077
 637653034  31.866
 637587620  30.6745
 637620388  29.7289
 637653156  28.9788
 637587622  30.6745
 637620390  29.7289
 637653158  28.9788
 637587624  34.5595
 637620392  33.2077
 637653160  31.866
 637587626  34.5595
 637620394  33.2077
 637653162  31.866
 637587748  30.6745
 637620516  29.7289
 637653284  28.9788
 637587750  30.6745
 637620518  29.7289
 637653286  28.9788
 637587752  34.5595
 637620520  33.2077
 637653288  31.866
 637587754  34.5595
 637620522  33.2077
 637653290  31.866
 637587876  30.6745
 637620644  29.7289
 637653412  28.9788
 637587878  30.6745
 637620646  29.7289
 637653414  28.9788
 637587880  34.5595
 637620648  33.2077
 637653416  31.866
 637587882  34.5595
 637620650  33.2077
 637653418  31.866
 637588004  30.6745
 637620772  29.7289
 637653540  28.9788
 637588006  30.6745
 637620774  29.7289
 637653542  28.9788
 637588008  34.5595
 637620776  33.2077
 637653544  31.866
 637588010  34.5595
 637620778  33.2077
 637653546  31.866
 637588132  30.6745
 637620900  29.7289
 637653668  28.9788
 637588134  30.6745
 637620902  29.7289
 637653670  28.9788
 637588136  34.5595
 637620904  33.2077
 637653672  31.866
 637588138  34.5595
 637620906  33.2077
 637653674  31.866
 637569069  23.1931
 637601837  24.9728
 637634605  26.9957
 637569073  18.9498
 637634609  20.7585
 637569077  17.8041
 637634613  17.7819
 637569081  18.9498
 637634617  20.7585
 637569085  23.1931
 637601853  24.9728
 637634621  26.9957
 637569197  23.1931
 637601965  24.9728
 637634733  26.9957
 637569201  18.9498
 637634737  20.7585
 637569205  17.8041
 637634741  17.7819
 637569209  18.9498
 637634745  20.7585
 637569213  23.1931
 637601981  24.9728
 637634749  26.9957
 637569325  23.1931
 637602093  24.9728
 637634861  26.9957
 637569329  19.1936
 637634865  20.7725
 637569333  17.8041
 637634869  17.7819
 637569337  18.9498
 637634873  20.7585
 637569341  23.1931
 637602109  24.9728
 637634877  26.9957
 637569453  23.1931
 637602221  24.9728
 637634989  26.9957
 637569457  18.9498
 637634993  20.7585
 637569461  17.8041
 637634997  17.7819
 637569465  19.1936
 637635001  20.7725
 637569469  23.1931
 637602237  24.9728
 637635005  26.9957
 637569581  23.1931
 637602349  24.9728
 637635117  26.9957
 637569585  18.9498
 637635121  20.7585
 637569589  17.8041
 637635125  17.7819
 637569593  18.9498
 637635129  20.7585
 637569597  23.1931
 637602365  24.9728
 637635133  26.9957
 637569709  23.1931
 637602477  24.9728
 637635245  26.9957
 637569713  18.9498
 637635249  20.7585
 637569717  17.8041
 637635253  17.7819
 637569721  18.9498
 637635257  20.7585
 637569725  23.1931
 637602493  24.9728
 637635261  26.9957
 637569837  23.1931
 637602605  24.9728
 637635373  26.9957
 637569841  18.9498
 637635377  20.7585
 637569845  17.8041
 637635381  17.7819
 637569849  18.9498
 637635385  20.7585
 637569853  23.1931
 637602621  24.9728
 637635389  26.9957
 637569965  23.1931
 637602733  24.9728
 637635501  26.9957
 637569969  18.9498
 637635505  20.7585
 637569973  17.8041
 637635509  17.7819
 637569977  18.9498
 637635513  20.7585
 637569981  23.1931
 637602749  24.9728
 637635517  26.9957
 637570093  23.1931
 637602861  24.9728
 637635629  26.9957
 637570097  18.9498
 637635633  20.7585
 637570101  17.8041
 637635637  17.7819
 637570105  18.9498
 637635641  20.7585
 637570109  23.1931
 637602877  24.9728
 637635645  26.9957
 637570221  23.1931
 637602989  24.9728
 637635757  26.9957
 637570225  18.9498
 637635761  20.7585
 637570229  17.8041
 637635765  17.7819
 637570233  18.9498
 637635769  20.7585
 637570237  23.1931
 637603005  24.9728
 637635773  26.9957
 637570349  23.1931
 637603117  24.9728
 637635885  26.9957
 637570353  18.9498
 637635889  20.7585
 637570357  17.8041
 637635893  17.7819
 637570361  18.9498
 637635897  20.7585
 637570365  23.1931
 637603133  24.9728
 637635901  26.9957
 637570477  23.1931
 637603245  24.9728
 637636013  26.9957
 637570481  18.9498
 637636017  20.7585
 637570485  17.8041
 637636021  17.7819
 637570489  18.9498
 637636025  20.7585
 637570493  23.1931
 637603261  24.9728
 637636029  26.9957
 637567040  34.0699
 637599808  33.6986
 637567042  34.0699
 637599810  33.6986
 637567044  35.903
 637599812  35.0985
 637632580  34.4655
 637567046  35.903
 637599814  35.0985
 637632582  34.4655
 637567048  39.2741
 637599816  38.09
 637632584  36.9261
 637567050  39.2741
 637599818  38.09
 637632586  36.9261
 637567053  25.5411
 637632589  28.2129
 637567057  21.2851
 637632593  22.9102
 637567061  20.2718
 637632597  20.2523
 637567065  21.2851
 637632601  22.9102
 637567069  25.5411
 637632605  28.2129
 637567168  33.93
 637599936  33.5572
 637567170  33.93
 637599938  33.5572
 637567172  35.903
 637599940  35.0985
 637632708  34.4655
 637567174  35.903
 637599942  35.0985
 637632710  34.4655
 637567176  39.2741
 637599944  38.09
 637632712  36.9261
 637567178  39.2741
 637599946  38.09
 637632714  36.9261
 637567181  25.5411
 637632717  28.2129
 637567185  21.2851
 637632721  22.9102
 637567189  20.2718
 637632725  20.2523
 637567193  21.2851
 637632729  22.9102
 637567197  25.5411
 637632733  28.2129
 637567296  34.0699
 637600064  33.6986
 637567298  34.0699
 637600066  33.6986
 637567300  35.903
 637600068  35.0985
 637632836  34.4655
 637567302  35.903
 637600070  35.0985
 637632838  34.4655
 637567304  39.2741
 637600072  38.09
 637632840  36.9261
 637567306  39.2741
 637600074  38.09
 637632842  36.9261
 637567309  25.5411
 637632845  28.2129
 637567313  21.5025
 637632849  22.9229
 637567317  20.2718
 637632853  20.2523
 637567321  21.2851
 637632857  22.9102
 637567325  25.5411
 637632861  28.2129
 637567424  33.93
 637600192  33.5572
 637567426  33.93
 637600194  33.5572
 637567428  35.903
 637600196  35.0985
 637632964  34.4655
 637567430  35.903
 637600198  35.0985
 637632966  34.4655
 637567432  39.2741
 637600200  38.09
 637632968  36.9261
 637567434  39.2741
 637600202  38.09
 637632970  36.9261
 637567437  25.5411
 637632973  28.2129
 637567441  21.2851
 637632977  22.9102
 637567445  20.2718
 637632981  20.2523
 637567449  21.5025
 637632985  22.9229
 637567453  25.5411
 637632989  28.2129
 637567552  34.0699
 637600320  33.6986
 637567554  34.0699
 637600322  33.6986
 637567556  35.903
 637600324  35.0985
 637633092  34.4655
 637567558  35.903
 637600326  35.0985
 637633094  34.4655
 637567560  39.2741
 637600328  38.09
 637633096  36.9261
 637567562  39.2741
 637600330  38.09
 637633098  36.9261
 637567565  25.5411
 637633101  28.2129
 637567569  21.2851
 637633105  22.9102
 637567573  20.2718
 637633109  20.2523
 637567577  21.2851
 637633113  22.9102
 637567581  25.5411
 637633117  28.2129
 637567680  33.93
 637600448  33.5572
 637567682  33.93
 637600450  33.5572
 637567684  35.903
 637600452  35.0985
 637633220  34.4655
 637567686  35.903
 637600454  35.0985
 637633222  34.4655
 637567688  39.2741
 637600456  38.09
 637633224  36.9261
 637567690  39.2741
 637600458  38.09
 637633226  36.9261
 637567693  25.5411
 637633229  28.2129
 637567697  21.2851
 637633233  22.9102
 637567701  20.2718
 637633237  20.2523
 637567705  21.2851
 637633241  22.9102
 637567709  25.5411
 637633245  28.2129
 637567821  25.5411
 637633357  28.2129
 637567825  21.2851
 637633361  22.9102
 637567829  20.2718
 637633365  20.2523
 637567833  21.2851
 637633369  22.9102
 637567837  25.5411
 637633373  28.2129
 637567949  25.5411
 637633485  28.2129
 637567953  21.2851
 637633489  22.9102
 637567957  20.2718
 637633493  20.2523
 637567961  21.2851
 637633497  22.9102
 637567965  25.5411
 637633501  28.2129
 637568077  25.5411
 637633613  28.2129
 637568081  21.2851
 637633617  22.9102
 637568085  20.2718
 637633621  20.2523
 637568089  21.2851
 637633625  22.9102
 637568093  25.5411
 637633629  28.2129
 637568205  25.5411
 637633741  28.2129
 637568209  21.2851
 637633745  22.9102
 637568213  20.2718
 637633749  20.2523
 637568217  21.2851
 637633753  22.9102
 637568221  25.5411
 637633757  28.2129
 637568333  25.5411
 637633869  28.2129
 637568337  21.2851
 637633873  22.9102
 637568341  20.2718
 637633877  20.2523
 637568345  21.2851
 637633881  22.9102
 637568349  25.5411
 637633885  28.2129
 637568461  25.5411
 637633997  28.2129
 637568465  21.2851
 637634001  22.9102
 637568469  20.2718
 637634005  20.2523
 637568473  21.2851
 637634009  22.9102
 637568477  25.5411
 637634013  28.2129
 637571136  33.93
 637603904  33.5572
 637571138  33.93
 637603906  33.5572
 637571140  36.0352
 637603908  35.2337
 637636676  34.6032
 637571142  36.0352
 637603910  35.2337
 637636678  34.6032
 637571144  39.395
 637603912  38.2146
 637636680  37.0547
 637571146  39.395
 637603914  38.2146
 637636682  37.0547
 637571149  25.6609
 637636685  28.3214
 637571153  21.4287
 637636689  23.0437
 637571157  20.4225
 637636693  20.4032
 637571161  21.4287
 637636697  23.0437
 637571165  25.6609
 637636701  28.3214
 637571264  34.0699
 637604032  33.6986
 637571266  34.0699
 637604034  33.6986
 637571268  36.0352
 637604036  35.2337
 637636804  34.6032
 637571270  36.0352
 637604038  35.2337
 637636806  34.6032
 637571272  39.395
 637604040  38.2146
 637636808  37.0547
 637571274  39.395
 637604042  38.2146
 637636810  37.0547
 637571277  25.6609
 637636813  28.3214
 637571281  21.4287
 637636817  23.0437
 637571285  20.4225
 637636821  20.4032
 637571289  21.4287
 637636825  23.0437
 637571293  25.6609
 637636829  28.3214
 637571392  33.93
 637604160  33.5572
 637571394  33.93
 637604162  33.5572
 637571396  36.0352
 637604164  35.2337
 637636932  34.6032
 637571398  36.0352
 637604166  35.2337
 637636934  34.6032
 637571400  39.395
 637604168  38.2146
 637636936  37.0547
 637571402  39.395
 637604170  38.2146
 637636938  37.0547
 637571405  25.6609
 637636941  28.3214
 637571409  21.6446
 637636945  23.0563
 637571413  20.4225
 637636949  20.4032
 637571417  21.4287
 637636953  23.0437
 637571421  25.6609
 637636957  28.3214
 637571520  34.0699
 637604288  33.6986
 637571522  34.0699
 637604290  33.6986
 637571524  36.0352
 637604292  35.2337
 637637060  34.6032
 637571526  36.0352
 637604294  35.2337
 637637062  34.6032
 637571528  39.395
 637604296  38.2146
 637637064  37.0547
 637571530  39.395
 637604298  38.2146
 637637066  37.0547
 637571533  25.6609
 637637069  28.3214
 637571537  21.4287
 637637073  23.0437
 637571541  20.4225
 637637077  20.4032
 637571545  21.6446
 637637081  23.0563
 637571549  25.6609
 637637085  28.3214
 637571648  33.93
 637604416  33.5572
 637571650  33.93
 637604418  33.5572
 637571652  36.0352
 637604420  35.2337
 637637188  34.6032
 637571654  36.0352
 637604422  35.2337
 637637190  34.6032
 637571656  39.395
 637604424  38.2146
 637637192  37.0547
 637571658  39.395
 637604426  38.2146
 637637194  37.0547
 637571661  25.6609
 637637197  28.3214
 637571665  21.4287
 637637201  23.0437
 637571669  20.4225
 637637205  20.4032
 637571673  21.4287
 637637209  23.0437
 637571677  25.6609
 637637213  28.3214
 637571776  34.0699
 637604544  33.6986
 637571778  34.0699
 637604546  33.6986
 637571780  36.0352
 637604548  35.2337
 637637316  34.6032
 637571782  36.0352
 637604550  35.2337
 637637318  34.6032
 637571784  39.395
 637604552  38.2146
 637637320  37.0547
 637571786  39.395
 637604554  38.2146
 637637322  37.0547
 637571789  25.6609
 637637325  28.3214
 637571793  21.4287
 637637329  23.0437
 637571797  20.4225
 637637333  20.4032
 637571801  21.4287
 637637337  23.0437
 637571805  25.6609
 637637341  28.3214
 637571917  25.6609
 637637453  28.3214
 637571921  21.4287
 637637457  23.0437
 637571925  20.4225
 637637461  20.4032
 637571929  21.4287
 637637465  23.0437
 637571933  25.6609
 637637469  28.3214
 637572045  25.6609
 637637581  28.3214
 637572049  21.4287
 637637585  23.0437
 637572053  20.4225
 637637589  20.4032
 637572057  21.4287
 637637593  23.0437
 637572061  25.6609
 637637597  28.3214
 637572173  25.6609
 637637709  28.3214
 637572177  21.4287
 637637713  23.0437
 637572181  20.4225
 637637717  20.4032
 637572185  21.4287
 637637721  23.0437
 637572189  25.6609
 637637725  28.3214
 637572301  25.6609
 637637837  28.3214
 637572305  21.4287
 637637841  23.0437
 637572309  20.4225
 637637845  20.4032
 637572313  21.4287
 637637849  23.0437
 637572317  25.6609
 637637853  28.3214
 637572429  25.6609
 637637965  28.3214
 637572433  21.4287
 637637969  23.0437
 637572437  20.4225
 637637973  20.4032
 637572441  21.4287
 637637977  23.0437
 637572445  25.6609
 637637981  28.3214
 637572557  25.6609
 637638093  28.3214
 637572561  21.4287
 637638097  23.0437
 637572565  20.4225
 637638101  20.4032
 637572569  21.4287
 637638105  23.0437
 637572573  25.6609
 637638109  28.3214
 637575232  33.93
 637608000  33.5572
 637575234  33.93
 637608002  33.5572
 637575236  35.903
 637608004  35.0985
 637640772  34.4655
 637575238  35.903
 637608006  35.0985
 637640774  34.4655
 637575240  39.2741
 637608008  38.09
 637640776  36.9261
 637575242  39.2741
 637608010  38.09
 637640778  36.9261
 637575360  34.0699
 637608128  33.6986
 637575362  34.0699
 637608130  33.6986
 637575364  35.903
 637608132  35.0985
 637640900  34.4655
 637575366  35.903
 637608134  35.0985
 637640902  34.4655
 637575368  39.2741
 637608136  38.09
 637640904  36.9261
 637575370  39.2741
 637608138  38.09
 637640906  36.9261
 637575488  33.93
 637608256  33.5572
 637575490  33.93
 637608258  33.5572
 637575492  35.903
 637608260  35.0985
 637641028  34.4655
 637575494  35.903
 637608262  35.0985
 637641030  34.4655
 637575496  39.2741
 637608264  38.09
 637641032  36.9261
 637575498  39.2741
 637608266  38.09
 637641034  36.9261
 637575616  34.0699
 637608384  33.6986
 637575618  34.0699
 637608386  33.6986
 637575620  35.903
 637608388  35.0985
 637641156  34.4655
 637575622  35.903
 637608390  35.0985
 637641158  34.4655
 637575624  39.2741
 637608392  38.09
 637641160  36.9261
 637575626  39.2741
 637608394  38.09
 637641162  36.9261
 637575744  33.93
 637608512  33.5572
 637575746  33.93
 637608514  33.5572
 637575748  35.903
 637608516  35.0985
 637641284  34.4655
 637575750  35.903
 637608518  35.0985
 637641286  34.4655
 637575752  39.2741
 637608520  38.09
 637641288  36.9261
 637575754  39.2741
 637608522  38.09
 637641290  36.9261
 637575872  34.0699
 637608640  33.6986
 637575874  34.0699
 637608642  33.6986
 637575876  35.903
 637608644  35.0985
 637641412  34.4655
 637575878  35.903
 637608646  35.0985
 637641414  34.4655
 637575880  39.2741
 637608648  38.09
 637641416  36.9261
 637575882  39.2741
 637608650  38.09
 637641418  36.9261
 637579332  36.0352
 637612100  35.2337
 637644868  34.6032
 637579334  36.0352
 637612102  35.2337
 637644870  34.6032
 637579336  39.395
 637612104  38.2146
 637644872  37.0547
 637579338  39.395
 637612106  38.2146
 637644874  37.0547
 637579460  36.0352
 637612228  35.2337
 637644996  34.6032
 637579462  36.0352
 637612230  35.2337
 637644998  34.6032
 637579464  39.395
 637612232  38.2146
 637645000  37.0547
 637579466  39.395
 637612234  38.2146
 637645002  37.0547
 637579588  36.0352
 637612356  35.2337
 637645124  34.6032
 637579590  36.0352
 637612358  35.2337
 637645126  34.6032
 637579592  39.395
 637612360  38.2146
 637645128  37.0547
 637579594  39.395
 637612362  38.2146
 637645130  37.0547
 637579716  36.0352
 637612484  35.2337
 637645252  34.6032
 637579718  36.0352
 637612486  35.2337
 637645254  34.6032
 637579720  39.395
 637612488  38.2146
 637645256  37.0547
 637579722  39.395
 637612490  38.2146
 637645258  37.0547
 637579844  36.0352
 637612612  35.2337
 637645380  34.6032
 637579846  36.0352
 637612614  35.2337
 637645382  34.6032
 637579848  39.395
 637612616  38.2146
 637645384  37.0547
 637579850  39.395
 637612618  38.2146
 637645386  37.0547
 637579972  36.0352
 637612740  35.2337
 637645508  34.6032
 637579974  36.0352
 637612742  35.2337
 637645510  34.6032
 637579976  39.395
 637612744  38.2146
 637645512  37.0547
 637579978  39.395
 637612746  38.2146
 637645514  37.0547
 637583428  35.903
 637616196  35.0985
 637648964  34.4655
 637583430  35.903
 637616198  35.0985
 637648966  34.4655
 637583432  39.2741
 637616200  38.09
 637648968  36.9261
 637583434  39.2741
 637616202  38.09
 637648970  36.9261
 637583556  35.903
 637616324  35.0985
 637649092  34.4655
 637583558  35.903
 637616326  35.0985
 637649094  34.4655
 637583560  39.2741
 637616328  38.09
 637649096  36.9261
 637583562  39.2741
 637616330  38.09
 637649098  36.9261
 637583684  35.903
 637616452  35.0985
 637649220  34.4655
 637583686  35.903
 637616454  35.0985
 637649222  34.4655
 637583688  39.2741
 637616456  38.09
 637649224  36.9261
 637583690  39.2741
 637616458  38.09
 637649226  36.9261
 637583812  35.903
 637616580  35.0985
 637649348  34.4655
 637583814  35.903
 637616582  35.0985
 637649350  34.4655
 637583816  39.2741
 637616584  38.09
 637649352  36.9261
 637583818  39.2741
 637616586  38.09
 637649354  36.9261
 637583940  35.903
 637616708  35.0985
 637649476  34.4655
 637583942  35.903
 637616710  35.0985
 637649478  34.4655
 637583944  39.2741
 637616712  38.09
 637649480  36.9261
 637583946  39.2741
 637616714  38.09
 637649482  36.9261
 637584068  35.903
 637616836  35.0985
 637649604  34.4655
 637584070  35.903
 637616838  35.0985
 637649606  34.4655
 637584072  39.2741
 637616840  38.09
 637649608  36.9261
 637584074  39.2741
 637616842  38.09
 637649610  36.9261
 637587524  36.0352
 637620292  35.2337
 637653060  34.6032
 637587526  36.0352
 637620294  35.2337
 637653062  34.6032
 637587528  39.395
 637620296  38.2146
 637653064  37.0547
 637587530  39.395
 637620298  38.2146
 637653066  37.0547
 637587652  36.0352
 637620420  35.2337
 637653188  34.6032
 637587654  36.0352
 637620422  35.2337
 637653190  34.6032
 637587656  39.395
 637620424  38.2146
 637653192  37.0547
 637587658  39.395
 637620426  38.2146
 637653194  37.0547
 637587780  36.0352
 637620548  35.2337
 637653316  34.6032
 637587782  36.0352
 637620550  35.2337
 637653318  34.6032
 637587784  39.395
 637620552  38.2146
 637653320  37.0547
 637587786  39.395
 637620554  38.2146
 637653322  37.0547
 637587908  36.0352
 637620676  35.2337
 637653444  34.6032
 637587910  36.0352
 637620678  35.2337
 637653446  34.6032
 637587912  39.395
 637620680  38.2146
 637653448  37.0547
 637587914  39.395
 637620682  38.2146
 637653450  37.0547
 637588036  36.0352
 637620804  35.2337
 637653572  34.6032
 637588038  36.0352
 637620806  35.2337
 637653574  34.6032
 637588040  39.395
 637620808  38.2146
 637653576  37.0547
 637588042  39.395
 637620810  38.2146
 637653578  37.0547
 637588164  36.0352
 637620932  35.2337
 637653700  34.6032
 637588166  36.0352
 637620934  35.2337
 637653702  34.6032
 637588168  39.395
 637620936  38.2146
 637653704  37.0547
 637588170  39.395
 637620938  38.2146
 637653706  37.0547
 637567072  36.959
 637599840  36.7098
 637567074  36.959
 637599842  36.7098
 637567076  38.6439
 637599844  37.8976
 637632612  37.3121
 637567078  38.6439
 637599846  37.8976
 637632614  37.3121
 637567080  41.7945
 637599848  40.6838
 637632616  39.5962
 637567082  41.7945
 637599850  40.6838
 637632618  39.5962
 637567085  28.9533
 637632621  31.3355
 637567089  25.2785
 637632625  26.6613
 637567093  24.4314
 637632629  24.4152
 637567097  25.2785
 637632633  26.6613
 637567101  28.9533
 637632637  31.3355
 637567200  36.8181
 637599968  36.5679
 637567202  36.8181
 637599970  36.5679
 637567204  38.6439
 637599972  37.8976
 637632740  37.3121
 637567206  38.6439
 637599974  37.8976
 637632742  37.3121
 637567208  41.7945
 637599976  40.6838
 637632744  39.5962
 637567210  41.7945
 637599978  40.6838
 637632746  39.5962
 637567213  28.9533
 637632749  31.3355
 637567217  25.2785
 637632753  26.6613
 637567221  24.4314
 637632757  24.4152
 637567225  25.2785
 637632761  26.6613
 637567229  28.9533
 637632765  31.3355
 637567328  36.959
 637600096  36.7098
 637567330  36.959
 637600098  36.7098
 637567332  38.6439
 637600100  37.8976
 637632868  37.3121
 637567334  38.6439
 637600102  37.8976
 637632870  37.3121
 637567336  41.7945
 637600104  40.6838
 637632872  39.5962
 637567338  41.7945
 637600106  40.6838
 637632874  39.5962
 637567341  28.9533
 637632877  31.3355
 637567345  25.4618
 637632881  26.6722
 637567349  24.4314
 637632885  24.4152
 637567353  25.2785
 637632889  26.6613
 637567357  28.9533
 637632893  31.3355
 637567456  36.8181
 637600224  36.5679
 637567458  36.8181
 637600226  36.5679
 637567460  38.6439
 637600228  37.8976
 637632996  37.3121
 637567462  38.6439
 637600230  37.8976
 637632998  37.3121
 637567464  41.7945
 637600232  40.6838
 637633000  39.5962
 637567466  41.7945
 637600234  40.6838
 637633002  39.5962
 637567469  29.3123
 637633005  31.6676
 637567473  25.689
 637633009  27.0508
 637567477  24.8559
 637633013  24.84
 637567481  25.8694
 637633017  27.0615
 637567485  29.3123
 637633021  31.6676
 637567584  36.959
 637600352  36.7098
 637567586  36.959
 637600354  36.7098
 637567588  38.6439
 637600356  37.8976
 637633124  37.3121
 637567590  38.6439
 637600358  37.8976
 637633126  37.3121
 637567592  41.7945
 637600360  40.6838
 637633128  39.5962
 637567594  41.7945
 637600362  40.6838
 637633130  39.5962
 637567597  28.2407
 637633133  30.6783
 637567601  24.4591
 637633137  25.8857
 637567605  23.5826
 637633141  23.5658
 637567609  24.4591
 637633145  25.8857
 637567613  28.2407
 637633149  30.6783
 637567712  36.8181
 637600480  36.5679
 637567714  36.8181
 637600482  36.5679
 637567716  38.6439
 637600484  37.8976
 637633252  37.3121
 637567718  38.6439
 637600486  37.8976
 637633254  37.3121
 637567720  41.7945
 637600488  40.6838
 637633256  39.5962
 637567722  41.7945
 637600490  40.6838
 637633258  39.5962
 637567725  28.2407
 637633261  30.6783
 637567729  24.4591
 637633265  25.8857
 637567733  23.5826
 637633269  23.5658
 637567737  24.4591
 637633273  25.8857
 637567741  28.2407
 637633277  30.6783
 637567853  28.2407
 637633389  30.6783
 637567857  24.4591
 637633393  25.8857
 637567861  23.5826
 637633397  23.5658
 637567865  24.4591
 637633401  25.8857
 637567869  28.2407
 637633405  30.6783
 637567981  28.2407
 637633517  30.6783
 637567985  24.4591
 637633521  25.8857
 637567989  23.5826
 637633525  23.5658
 637567993  24.4591
 637633529  25.8857
 637567997  28.2407
 637633533  30.6783
 637568109  28.308
 637633645  30.7403
 637568113  24.5368
 637633649  25.9591
 637568117  23.6631
 637633653  23.6464
 637568121  24.5368
 637633657  25.9591
 637568125  28.308
 637633661  30.7403
 637568237  28.5941
 637633773  31.0039
 637568241  24.8663
 637633777  26.2707
 637568245  24.0046
 637633781  23.9881
 637568249  24.8663
 637633785  26.2707
 637568253  28.5941
 637633789  31.0039
 637568365  28.308
 637633901  30.7403
 637568369  24.5368
 637633905  25.9591
 637568373  23.6631
 637633909  23.6464
 637568377  24.5368
 637633913  25.9591
 637568381  28.308
 637633917  30.7403
 637568493  28.7808
 637634029  31.1762
 637568497  25.0808
 637634033  26.4739
 637568501  24.2268
 637634037  24.2105
 637568505  25.0808
 637634041  26.4739
 637568509  28.7808
 637634045  31.1762
 637571168  36.8181
 637603936  36.5679
 637571170  36.8181
 637603938  36.5679
 637571172  38.7782
 637603940  38.0346
 637636708  37.4512
 637571174  38.7782
 637603942  38.0346
 637636710  37.4512
 637571176  41.9187
 637603944  40.8114
 637636712  39.7273
 637571178  41.9187
 637603946  40.8114
 637636714  39.7273
 637571181  28.2407
 637636717  30.6783
 637571185  24.4591
 637636721  25.8857
 637571189  23.5826
 637636725  23.5658
 637571193  24.4591
 637636729  25.8857
 637571197  28.2407
 637636733  30.6783
 637571296  36.959
 637604064  36.7098
 637571298  36.959
 637604066  36.7098
 637571300  38.7782
 637604068  38.0346
 637636836  37.4512
 637571302  38.7782
 637604070  38.0346
 637636838  37.4512
 637571304  41.9187
 637604072  40.8114
 637636840  39.7273
 637571306  41.9187
 637604074  40.8114
 637636842  39.7273
 637571309  28.2407
 637636845  30.6783
 637571313  24.4591
 637636849  25.8857
 637571317  23.5826
 637636853  23.5658
 637571321  24.4591
 637636857  25.8857
 637571325  28.2407
 637636861  30.6783
 637571424  36.8181
 637604192  36.5679
 637571426  36.8181
 637604194  36.5679
 637571428  38.7782
 637604196  38.0346
 637636964  37.4512
 637571430  38.7782
 637604198  38.0346
 637636966  37.4512
 637571432  41.9187
 637604200  40.8114
 637636968  39.7273
 637571434  41.9187
 637604202  40.8114
 637636970  39.7273
 637571437  28.2407
 637636973  30.6783
 637571441  24.6485
 637636977  25.8969
 637571445  23.5826
 637636981  23.5658
 637571449  24.4591
 637636985  25.8857
 637571453  28.2407
 637636989  30.6783
 637571552  36.959
 637604320  36.7098
 637571554  36.959
 637604322  36.7098
 637571556  38.7782
 637604324  38.0346
 637637092  37.4512
 637571558  38.7782
 637604326  38.0346
 637637094  37.4512
 637571560  41.9187
 637604328  40.8114
 637637096  39.7273
 637571562  41.9187
 637604330  40.8114
 637637098  39.7273
 637571565  28.3836
 637637101  30.8099
 637571569  24.624
 637637105  26.0415
 637571573  23.7535
 637637109  23.7369
 637571577  24.8121
 637637113  26.0527
 637571581  28.3836
 637637117  30.8099
 637571680  36.8181
 637604448  36.5679
 637571682  36.8181
 637604450  36.5679
 637571684  38.7782
 637604452  38.0346
 637637220  37.4512
 637571686  38.7782
 637604454  38.0346
 637637222  37.4512
 637571688  41.9187
 637604456  40.8114
 637637224  39.7273
 637571690  41.9187
 637604458  40.8114
 637637226  39.7273
 637571693  28.9533
 637637229  31.3355
 637571697  25.2785
 637637233  26.6613
 637571701  24.4314
 637637237  24.4152
 637571705  25.2785
 637637241  26.6613
 637571709  28.9533
 637637245  31.3355
 637571808  36.959
 637604576  36.7098
 637571810  36.959
 637604578  36.7098
 637571812  38.7782
 637604580  38.0346
 637637348  37.4512
 637571814  38.7782
 637604582  38.0346
 637637350  37.4512
 637571816  41.9187
 637604584  40.8114
 637637352  39.7273
 637571818  41.9187
 637604586  40.8114
 637637354  39.7273
 637571821  28.9533
 637637357  31.3355
 637571825  25.2785
 637637361  26.6613
 637571829  24.4314
 637637365  24.4152
 637571833  25.2785
 637637369  26.6613
 637571837  28.9533
 637637373  31.3355
 637571949  28.9533
 637637485  31.3355
 637571953  25.2785
 637637489  26.6613
 637571957  24.4314
 637637493  24.4152
 637571961  25.2785
 637637497  26.6613
 637571965  28.9533
 637637501  31.3355
 637572077  28.7808
 637637613  31.1762
 637572081  25.0808
 637637617  26.4739
 637572085  24.2268
 637637621  24.2105
 637572089  25.0808
 637637625  26.4739
 637572093  28.7808
 637637629  31.1762
 637572333  28.5941
 637637869  31.0039
 637572337  24.8663
 637637873  26.2707
 637572341  24.0046
 637637877  23.9881
 637572345  24.8663
 637637881  26.2707
 637572349  28.5941
 637637885  31.0039
 637572589  28.2407
 637638125  30.6783
 637572593  24.4591
 637638129  25.8857
 637572597  23.5826
 637638133  23.5658
 637572601  24.4591
 637638137  25.8857
 637572605  28.2407
 637638141  30.6783
 637575264  36.8181
 637608032  36.5679
 637575266  36.8181
 637608034  36.5679
 637575268  38.6439
 637608036  37.8976
 637640804  37.3121
 637575270  38.6439
 637608038  37.8976
 637640806  37.3121
 637575272  41.7945
 637608040  40.6838
 637640808  39.5962
 637575274  41.7945
 637608042  40.6838
 637640810  39.5962
 637575392  36.959
 637608160  36.7098
 637575394  36.959
 637608162  36.7098
 637575396  38.6439
 637608164  37.8976
 637640932  37.3121
 637575398  38.6439
 637608166  37.8976
 637640934  37.3121
 637575400  41.7945
 637608168  40.6838
 637640936  39.5962
 637575402  41.7945
 637608170  40.6838
 637640938  39.5962
 637575520  36.8181
 637608288  36.5679
 637575522  36.8181
 637608290  36.5679
 637575524  38.6439
 637608292  37.8976
 637641060  37.3121
 637575526  38.6439
 637608294  37.8976
 637641062  37.3121
 637575528  41.7945
 637608296  40.6838
 637641064  39.5962
 637575530  41.7945
 637608298  40.6838
 637641066  39.5962
 637575648  36.959
 637608416  36.7098
 637575650  36.959
 637608418  36.7098
 637575652  38.6439
 637608420  37.8976
 637641188  37.3121
 637575654  38.6439
 637608422  37.8976
 637641190  37.3121
 637575656  41.7945
 637608424  40.6838
 637641192  39.5962
 637575658  41.7945
 637608426  40.6838
 637641194  39.5962
 637575661  28.3836
 637641197  30.8099
 637575665  24.624
 637641201  26.0415
 637575669  23.7535
 637641205  23.7369
 637575673  24.8121
 637641209  26.0527
 637575677  28.3836
 637641213  30.8099
 637575776  36.8181
 637608544  36.5679
 637575778  36.8181
 637608546  36.5679
 637575780  38.6439
 637608548  37.8976
 637641316  37.3121
 637575782  38.6439
 637608550  37.8976
 637641318  37.3121
 637575784  41.7945
 637608552  40.6838
 637641320  39.5962
 637575786  41.7945
 637608554  40.6838
 637641322  39.5962
 637575904  36.959
 637608672  36.7098
 637575906  36.959
 637608674  36.7098
 637575908  38.6439
 637608676  37.8976
 637641444  37.3121
 637575910  38.6439
 637608678  37.8976
 637641446  37.3121
 637575912  41.7945
 637608680  40.6838
 637641448  39.5962
 637575914  41.7945
 637608682  40.6838
 637641450  39.5962
 637579364  38.7782
 637612132  38.0346
 637644900  37.4512
 637579366  38.7782
 637612134  38.0346
 637644902  37.4512
 637579368  41.9187
 637612136  40.8114
 637644904  39.7273
 637579370  41.9187
 637612138  40.8114
 637644906  39.7273
 637579492  38.7782
 637612260  38.0346
 637645028  37.4512
 637579494  38.7782
 637612262  38.0346
 637645030  37.4512
 637579496  41.9187
 637612264  40.8114
 637645032  39.7273
 637579498  41.9187
 637612266  40.8114
 637645034  39.7273
 637579620  38.7782
 637612388  38.0346
 637645156  37.4512
 637579622  38.7782
 637612390  38.0346
 637645158  37.4512
 637579624  41.9187
 637612392  40.8114
 637645160  39.7273
 637579626  41.9187
 637612394  40.8114
 637645162  39.7273
 637579748  38.7782
 637612516  38.0346
 637645284  37.4512
 637579750  38.7782
 637612518  38.0346
 637645286  37.4512
 637579752  41.9187
 637612520  40.8114
 637645288  39.7273
 637579754  41.9187
 637612522  40.8114
 637645290  39.7273
 637579757  29.3123
 637645293  31.6676
 637579761  25.689
 637645297  27.0508
 637579765  24.8559
 637645301  24.84
 637579769  25.8694
 637645305  27.0615
 637579773  29.3123
 637645309  31.6676
 637579876  38.7782
 637612644  38.0346
 637645412  37.4512
 637579878  38.7782
 637612646  38.0346
 637645414  37.4512
 637579880  41.9187
 637612648  40.8114
 637645416  39.7273
 637579882  41.9187
 637612650  40.8114
 637645418  39.7273
 637580004  38.7782
 637612772  38.0346
 637645540  37.4512
 637580006  38.7782
 637612774  38.0346
 637645542  37.4512
 637580008  41.9187
 637612776  40.8114
 637645544  39.7273
 637580010  41.9187
 637612778  40.8114
 637645546  39.7273
 637583460  38.6439
 637616228  37.8976
 637648996  37.3121
 637583462  38.6439
 637616230  37.8976
 637648998  37.3121
 637583464  41.7945
 637616232  40.6838
 637649000  39.5962
 637583466  41.7945
 637616234  40.6838
 637649002  39.5962
 637583588  38.6439
 637616356  37.8976
 637649124  37.3121
 637583590  38.6439
 637616358  37.8976
 637649126  37.3121
 637583592  41.7945
 637616360  40.6838
 637649128  39.5962
 637583594  41.7945
 637616362  40.6838
 637649130  39.5962
 637583716  38.6439
 637616484  37.8976
 637649252  37.3121
 637583718  38.6439
 637616486  37.8976
 637649254  37.3121
 637583720  41.7945
 637616488  40.6838
 637649256  39.5962
 637583722  41.7945
 637616490  40.6838
 637649258  39.5962
 637583844  38.6439
 637616612  37.8976
 637649380  37.3121
 637583846  38.6439
 637616614  37.8976
 637649382  37.3121
 637583848  41.7945
 637616616  40.6838
 637649384  39.5962
 637583850  41.7945
 637616618  40.6838
 637649386  39.5962
 637583972  38.6439
 637616740  37.8976
 637649508  37.3121
 637583974  38.6439
 637616742  37.8976
 637649510  37.3121
 637583976  41.7945
 637616744  40.6838
 637649512  39.5962
 637583978  41.7945
 637616746  40.6838
 637649514  39.5962
 637584100  38.6439
 637616868  37.8976
 637649636  37.3121
 637584102  38.6439
 637616870  37.8976
 637649638  37.3121
 637584104  41.7945
 637616872  40.6838
 637649640  39.5962
 637584106  41.7945
 637616874  40.6838
 637649642  39.5962
 637587556  38.7782
 637620324  38.0346
 637653092  37.4512
 637587558  38.7782
 637620326  38.0346
 637653094  37.4512
 637587560  41.9187
 637620328  40.8114
 637653096  39.7273
 637587562  41.9187
 637620330  40.8114
 637653098  39.7273
 637587684  38.7782
 637620452  38.0346
 637653220  37.4512
 637587686  38.7782
 637620454  38.0346
 637653222  37.4512
 637587688  41.9187
 637620456  40.8114
 637653224  39.7273
 637587690  41.9187
 637620458  40.8114
 637653226  39.7273
 637587812  38.7782
 637620580  38.0346
 637653348  37.4512
 637587814  38.7782
 637620582  38.0346
 637653350  37.4512
 637587816  41.9187
 637620584  40.8114
 637653352  39.7273
 637587818  41.9187
 637620586  40.8114
 637653354  39.7273
 637587940  38.7782
 637620708  38.0346
 637653476  37.4512
 637587942  38.7782
 637620710  38.0346
 637653478  37.4512
 637587944  41.9187
 637620712  40.8114
 637653480  39.7273
 637587946  41.9187
 637620714  40.8114
 637653482  39.7273
 637588068  38.7782
 637620836  38.0346
 637653604  37.4512
 637588070  38.7782
 637620838  38.0346
 637653606  37.4512
 637588072  41.9187
 637620840  40.8114
 637653608  39.7273
 637588074  41.9187
 637620842  40.8114
 637653610  39.7273
 637588196  38.7782
 637620964  38.0346
 637653732  37.4512
 637588198  38.7782
 637620966  38.0346
 637653734  37.4512
 637588200  41.9187
 637620968  40.8114
 637653736  39.7273
 637588202  41.9187
 637620970  40.8114
 637653738  39.7273

