637566980 -0.72904
637599748 0.751866
637632516 -3.08868
637566982 2.89678
637599750 3.78131
637632518 -3.31001
637566984 -15.8326
637599752 5.06673
637632520 0.477014
637566986 -5.98424
637599754 2.01664
637632522 -5.37623
637566989 5.22446
637632525 2.10916
637566993 -4.99516
637632529 -1.0636
637566997 5.94255
637632533 -3.5434
637567001 -7.88919
637632537 4.53428
637567005 0.483349
637632541 0.953273
637567108 2.04407
637599876 -1.50133
637632644 6.86335
637567110 -1.49482
637599878 -5.22636
637632646 9.36564
637567112 3.80643
637599880 4.73382
637632648 11.3872
637567114 5.03791
637599882 4.28121
637632650 5.27042
637567117 4.08935
637632653 -0.598757
637567121 4.85885
637632657 -5.99767
637567125 8.22207
637632661 -4.11636
637567129 -3.59051
637632665 0.510182
637567133 2.96879
637632669 3.91209
637567236 5.13482
637600004 6.27191
637632772 1.68296
637567238 2.65263
637600006 1.20065
637632774 -7.74463
637567240 1.32103
637600008 -6.36303
637632776 1.73196
637567242 -5.74862
637600010 3.54251
637632778 -2.37959
637567245 -1.10433
637632781 1.77243
637567249 0.277401
637632785 3.13192
637567253 3.1739
637632789 -0.162673
637567257 0.474856
637632793 -6.61568
637567261 9.89509
637632797 -4.01276
637567364 -10.075
637600132 -3.88336
637632900 -6.02672
637567366 -4.94478
637600134 9.7624
637632902 4.127
637567368 9.39407
637600136 -4.82866
637632904 -8.27168
637567370 0.0875797
637600138 -3.50607
637632906 -1.75826
637567373 -0.752504
637632909 -0.315173
637567377 -7.18394
637632913 0.246236
637567381 6.35358
637632917 -1.90547
637567385 0.127157
637632921 1.62335
637567389 1.645
637632925 8.28623
637567492 0.888103
637600260 -3.18296
637633028 -7.74467
637567494 4.60932
637600262 2.20155
637633030 0.270889
637567496 -7.35084
637600264 -12.5755
637633032 6.3988
637567498 1.66043
637600266 -0.439591
637633034 3.37895
637567501 3.69627
637633037 1.11327
637567505 -4.98262
637633041 -0.0748442
637567509 -3.1435
637633045 2.90777
637567513 0.574352
637633049 1.30413
637567517 -5.01319
637633053 -1.4189
637567620 -4.7586
637600388 3.93486
637633156 -4.29063
637567622 1.53539
637600390 1.42506
637633158 -1.01274
637567624 -2.07096
637600392 1.72401
637633160 -4.41233
637567626 -4.17218
637600394 -2.06992
637633162 -6.02457
637567629 9.04005
637633165 2.01198
637567633 -5.10246
637633169 -3.54648
637567637 -1.64826
637633173 6.04635
637567641 -14.1566
637633177 7.28019
637567645 2.35225
637633181 8.40755
637567757 -0.162262
637633293 5.89336
637567761 7.26657
637633297 -0.183835
637567765 -10.1971
637633301 -4.65111
637567769 2.61031
637633305 -5.91618
637567773 -9.63492
637633309 -10.9307
637567885 4.36425
637633421 2.53054
637567889 5.59482
637633425 9.0323
637567893 6.26689
637633429 0.569368
637567897 2.34297
637633433 -3.2902
637567901 3.27669
637633437 2.42819
637568013 -2.96477
637633549 3.00492
637568017 3.80757
637633553 -9.8236
637568021 -5.52715
637633557 -1.72392
637568025 7.13483
637633561 -3.74342
637568029 2.21271
637633565 -0.157651
637568141 -0.519458
637633677 8.24951
637568145 -6.3418
637633681 3.90107
637568149 3.26799
637633685 -4.74868
637568153 1.5872
637633689 -1.23906
637568157 -0.116056
637633693 -2.11704
637568269 2.24782
637633805 -2.16358
637568273 -1.2751
637633809 -0.00902959
637568277 -0.335068
637633813 -0.253205
637568281 -0.446458
637633817 4.89864
637568285 -1.96374
637633821 -2.14506
637568397 -2.83293
637633933 -2.42395
637568401 9.0715
637633937 -2.68388
637568405 6.49865
637633941 1.89858
637568409 -3.97368
637633945 -12.3506
637568413 -6.2196
637633949 -1.89172
637571076 -1.1403
637603844 1.10725
637636612 1.79909
637571078 -2.95447
637603846 2.73138
637636614 7.51953
637571080 2.21849
637603848 1.1269
637636616 -0.794894
637571082 1.34806
637603850 -7.83788
637636618 -14.6231
637571204 -4.31522
637603972 -3.97552
637636740 8.32983
637571206 2.24756
637603974 -7.33292
637636742 1.77927
637571208 -6.94482
637603976 -3.76161
637636744 2.29647
637571210 -1.35038
637603978 -3.09041
637636746 -6.0239
637571332 -1.47936
637604100 3.86798
637636868 -3.45065
637571334 2.52322
637604102 -9.82199
637636870 -3.24489
637571336 1.7548
637604104 3.91071
637636872 -3.6422
637571338 -3.05672
637604106 -1.25212
637636874 -2.44514
637571460 7.56308
637604228 -1.99347
637636996 -1.40534
637571462 -2.26608
637604230 -3.0403
637636998 -6.27645
637571464 -7.93763
637604232 -3.35107
637637000 6.38266
637571466 -3.4678
637604234 1.02615
637637002 8.01518
637571588 -1.58823
637604356 0.42667
637637124 0.475554
637571590 -2.37306
637604358 -2.27987
637637126 -0.393371
637571592 5.43566
637604360 -7.35797
637637128 6.64206
637571594 -7.3253
637604362 -4.32862
637637130 1.73354
637571716 2.26637
637604484 -3.7601
637637252 3.42311
637571718 3.91246
637604486 1.23032
637637254 9.33363
637571720 -2.756
637604488 2.43358
637637256 -6.61973
637571722 -7.38155
637604490 -0.956365
637637258 3.71786
637575172 -6.44996
637607940 -1.20885
637640708 -5.05424
637575174 -4.92963
637607942 9.59817
637640710 1.31057
637575176 -1.96524
637607944 0.213422
637640712 -6.44962
637575178 -0.261123
637607946 5.31333
637640714 6.00186
637575300 -0.27433
637608068 -6.71869
637640836 1.46295
637575302 -4.88039
637608070 -0.904205
637640838 -6.42695
637575304 -3.53801
637608072 -2.0487
637640840 3.53903
637575306 -1.77283
637608074 -2.65845
637640842 -7.43632
637575428 -5.28034
637608196 -1.72725
637640964 -10.7984
637575430 -5.94576
637608198 -1.35529
637640966 -7.14031
637575432 1.37921
637608200 3.29785
637640968 -4.96603
637575434 0.549718
637608202 -4.36056
637640970 -0.383644
637575556 8.44028
637608324 3.89826
637641092 -2.09576
637575558 0.311075
637608326 -4.7998
637641094 4.23887
637575560 -8.33249
637608328 -0.665461
637641096 3.74078
637575562 0.720088
637608330 -3.20972
637641098 1.43231
637575684 -6.28414
637608452 -6.77141
637641220 2.96281
637575686 -3.61501
637608454 5.17801
637641222 1.2803
637575688 5.1884
637608456 -4.0897
637641224 4.69159
637575690 -4.06526
637608458 0.902667
637641226 0.979644
637575812 -7.59543
637608580 1.62717
637641348 7.28276
637575814 -8.48488
637608582 0.863181
637641350 5.78599
637575816 -5.80811
637608584 8.10835
637641352 2.63874
637575818 -3.61333
637608586 7.73547
637641354 0.232484
637579268 0.569195
637612036 -4.90085
637644804 3.65987
637579270 5.09842
637612038 -1.93183
637644806 0.14191
637579272 5.26351
637612040 -5.10495
637644808 -8.13555
637579274 5.27278
637612042 3.61299
637644810 -4.11142
637579396 7.17666
637612164 1.44256
637644932 8.03853
637579398 0.298864
637612166 0.98907
637644934 2.06653
637579400 -0.293733
637612168 1.06669
637644936 5.94621
637579402 -1.26871
637612170 -0.147406
637644938 4.23018
637579524 -2.65906
637612292 -9.30993
637645060 0.665584
637579526 -1.85425
637612294 -1.01349
637645062 5.55966
637579528 -4.07636
637612296 -1.79928
637645064 0.31843
637579530 -5.79589
637612298 -4.25568
637645066 -10.2703
637579652 2.99474
637612420 -9.01838
637645188 4.07151
637579654 -4.5159
637612422 4.61227
637645190 -8.29405
637579656 -8.11729
637612424 -1.88953
637645192 -3.65522
637579658 -3.3923
637612426 -9.26397
637645194 4.6759
637579780 0.091992
637612548 0.9064
637645316 -6.88438
637579782 -2.75032
637612550 0.770629
637645318 -9.32864
637579784 -4.94746
637612552 -3.59396
637645320 1.77031
637579786 4.58101
637612554 -2.17755
637645322 6.64259
637579908 5.15406
637612676 -5.51375
637645444 0.331484
637579910 2.17587
637612678 -5.48093
637645446 0.22376
637579912 -6.54346
637612680 -1.33904
637645448 1.51448
637579914 2.47997
637612682 -1.21564
637645450 2.84633
637583364 3.68446
637616132 -7.30981
637648900 0.402138
637583366 -4.42081
637616134 -2.84272
637648902 8.69199
637583368 4.14291
637616136 1.38079
637648904 7.70392
637583370 4.8566
637616138 -1.78812
637648906 -1.15877
637583492 -5.37246
637616260 -0.771772
637649028 -4.94066
637583494 -10.3845
637616262 -8.13605
637649030 3.24537
637583496 -2.24693
637616264 -6.82091
637649032 2.91274
637583498 -5.06041
637616266 7.67864
637649034 -0.85826
637583620 -2.90283
637616388 -2.9151
637649156 1.59051
637583622 8.25519
637616390 2.87458
637649158 10.3058
637583624 6.82977
637616392 0.85649
637649160 -0.743223
637583626 -4.49738
637616394 2.45605
637649162 -3.19992
637583748 8.71302
637616516 1.93661
637649284 -3.79376
637583750 1.02592
637616518 -2.6989
637649286 2.54811
637583752 3.12185
637616520 -2.83249
637649288 0.192204
637583754 3.77457
637616522 -1.64707
637649290 1.75674
637583876 -10.9175
637616644 4.36412
637649412 2.0103
637583878 -2.76017
637616646 4.76139
637649414 8.07058
637583880 -3.94541
637616648 -1.98936
637649416 1.23948
637583882 1.66803
637616650 11.1426
637649418 4.08484
637584004 2.28888
637616772 -4.64293
637649540 0.929976
637584006 -6.77718
637616774 -4.45051
637649542 -2.45356
637584008 3.10382
637616776 1.15958
637649544 0.0943293
637584010 5.46527
637616778 1.96134
637649546 1.79322
637587460 1.99159
637620228 -4.00072
637652996 -6.55014
637587462 0.995674
637620230 4.51038
637652998 1.58901
637587464 -2.78352
637620232 -5.45285
637653000 0.682835
637587466 2.09425
637620234 1.48181
637653002 -3.51212
637587588 -0.807239
637620356 9.07348
637653124 1.54956
637587590 -4.6694
637620358 2.54321
637653126 0.760356
637587592 -3.35021
637620360 2.62115
637653128 -2.04636
637587594 -10.7557
637620362 -9.4455
637653130 -2.26602
637587716 -3.83944
637620484 -0.793747
637653252 -3.30084
637587718 -4.82858
637620486 -4.46214
637653254 -4.93196
637587720 2.00106
637620488 -1.05603
637653256 -8.87629
637587722 -1.99606
637620490 -1.96073
637653258 -6.2873
637587844 2.39366
637620612 -4.97207
637653380 -2.72868
637587846 -5.38771
637620614 -5.0886
637653382 4.10134
637587848 6.51855
637620616 -5.33381
637653384 5.53799
637587850 2.80364
637620618 -0.25999
637653386 0.852222
637587972 -12.3621
637620740 -7.49168
637653508 6.7002
637587974 0.286073
637620742 -2.5936
637653510 1.56307
637587976 2.10092
637620744 -0.748628
637653512 9.7275
637587978 -6.79391
637620746 4.5636
637653514 7.86127
637588100 -0.758834
637620868 -3.73163
637653636 4.64765
637588102 -2.09962
637620870 -9.04904
637653638 7.07204
637588104 4.56703
637620872 2.15351
637653640 3.33651
637588106 6.47548
637620874 8.27473
637653642 6.189
637569037 -1.57153
637634573 -1.83134
637569041 0.831521
637634577 4.15181
637569045 13.702
637634581 -0.301515
637569049 0.241494
637634585 10.2057
637569053 -5.43617
637634589 -6.69702
637569165 -9.55981
637634701 3.06557
637569169 9.24179
637634705 -2.39182
637569173 -5.31995
637634709 -2.05278
637569177 3.0307
637634713 -2.57866
637569181 1.65442
637634717 3.12634
637569293 -2.63839
637634829 4.47379
637569297 6.11131
637634833 2.25463
637569301 -2.94649
637634837 -4.53569
637569305 -0.0682986
637634841 -1.51577
637569309 -5.80034
637634845 -5.62626
637569421 7.38824
637634957 -7.50631
637569425 -7.77705
637634961 3.03765
637569429 -4.56815
637634965 -2.51997
637569433 2.91934
637634969 8.02036
637569437 -3.22
637634973 0.38978
637569549 -7.22834
637635085 -7.57552
637569553 2.13354
637635089 -5.26223
637569557 -4.2117
637635093 11.1823
637569561 -4.06653
637635097 1.11226
637569565 -1.74865
637635101 2.93136
637569677 -3.76132
637635213 -5.27081
637569681 1.55468
637635217 6.68147
637569685 5.06069
637635221 -1.24707
637569689 6.37695
637635225 -2.6502
637569693 -1.69297
637635229 1.2675
637569805 0.502167
637635341 4.86834
637569809 -0.963374
637635345 -4.83347
637569813 -1.06667
637635349 -2.76503
637569817 -6.25458
637635353 2.19597
637569821 0.953126
637635357 -0.849912
637569933 7.79513
637635469 10.487
637569937 5.0852
637635473 -6.16034
637569941 -0.493908
637635477 -6.42624
637569945 1.84716
637635481 -5.8964
637569949 2.30026
637635485 -1.55193
637570061 8.49287
637635597 -1.9161
637570065 -5.95951
637635601 7.0659
637570069 6.4085
637635605 -6.06335
637570073 0.376674
637635609 8.83555
637570077 0.273953
637635613 1.68376
637570189 0.345232
637635725 1.98328
637570193 -2.98537
637635729 10.2158
637570197 0.588608
637635733 -3.24994
637570201 6.69421
637635737 1.93913
637570205 0.878819
637635741 -0.779859
637570317 4.9545
637635853 2.25881
637570321 4.73984
637635857 -3.72419
637570325 1.28113
637635861 -1.22506
637570329 0.0936576
637635865 -0.290126
637570333 -3.97661
637635869 0.279475
637570445 -1.34562
637635981 -1.66484
637570449 -6.43603
637635985 4.0118
637570453 -4.77653
637635989 3.30826
637570457 -5.60731
637635993 5.40773
637570461 -2.51399
637635997 6.66912
637567012 2.33538
637599780 -2.70952
637632548 0.455631
637567014 7.0828
637599782 -3.02076
637632550 1.92743
637567016 4.68388
637599784 -2.1078
637632552 5.90017
637567018 2.32834
637599786 -3.49221
637632554 -6.88039
637567021 -0.614561
637632557 -0.746732
637567025 0.298691
637599793 -1.4852
637632561 -3.42678
637567029 0.440625
637599797 -1.09466
637632565 2.03135
637567033 2.49984
637599801 1.56013
637632569 -7.20328
637567037 0.510469
637632573 -3.76993
637567140 4.41614
637599908 8.88538
637632676 -3.18429
637567142 -2.14418
637599910 7.85328
637632678 -5.57658
637567144 3.0187
637599912 -0.982856
637632680 3.95164
637567146 -1.34083
637599914 3.43199
637632682 2.06594
637567149 1.66775
637632685 -3.25166
637567153 -1.01008
637599921 8.86752
637632689 -0.827204
637567157 4.33228
637599925 -4.85108
637632693 -1.78989
637567161 2.89537
637599929 2.85054
637632697 -7.26228
637567165 -1.37277
637632701 3.73347
637567268 -6.56866
637600036 -4.45883
637632804 7.49802
637567270 11.6598
637600038 -3.57676
637632806 -4.0685
637567272 4.53767
637600040 -8.24026
637632808 2.87222
637567274 -3.41958
637600042 -5.2321
637632810 -3.55889
637567277 4.27473
637632813 7.1462
637567281 1.14862
637600049 2.33498
637632817 -5.03336
637567285 7.31453
637600053 -2.19594
637632821 2.52338
637567289 0.0456153
637600057 -0.232067
637632825 -3.08931
637567293 3.77107
637632829 -2.88731
637567396 2.0294
637600164 3.31856
637632932 -1.10712
637567398 6.37456
637600166 1.9386
637632934 -0.929543
637567400 -2.99152
637600168 -0.964668
637632936 0.433565
637567402 -4.71409
637600170 -1.70965
637632938 -5.17072
637567405 -5.48591
637632941 8.18639
637567409 9.42343
637600177 -3.04211
637632945 -6.55637
637567413 -3.27123
637600181 0.9306
637632949 -2.84732
637567417 -10.8997
637600185 -0.890399
637632953 1.19409
637567421 -4.91666
637632957 -8.28665
637567524 -1.30487
637600292 6.67585
637633060 -7.26028
637567526 -0.0852436
637600294 -2.28225
637633062 -0.0801521
637567528 6.96175
637600296 6.97307
637633064 0.0527773
637567530 -0.0203842
637600298 7.86924
637633066 3.36398
637567533 -6.31007
637633069 -2.60291
637567537 8.70861
637600305 0.90852
637633073 -0.107652
637567541 -1.0026
637600309 -8.45838
637633077 8.48741
637567545 3.96231
637600313 7.12051
637633081 -4.85381
637567549 0.665877
637633085 1.00766
637567652 -9.79832
637600420 7.71758
637633188 1.15212
637567654 7.96024
637600422 -1.34514
637633190 4.03572
637567656 -5.64968
637600424 -6.6683
637633192 -5.75147
637567658 8.4066
637600426 -4.03329
637633194 -5.883
637567661 1.71588
637633197 -6.44006
637567665 -7.7556
637600433 -2.38175
637633201 -1.44141
637567669 7.9353
637600437 -7.00968
637633205 5.65584
637567673 3.86558
637600441 -2.67835
637633209 12.321
637567677 -1.28828
637633213 -7.69603
637567789 0.686299
637633325 -2.1279
637567793 -0.611814
637600561 -2.5071
637633329 1.69271
637567797 4.03141
637600565 -6.9918
637633333 -3.56027
637567801 4.70862
637600569 5.57471
637633337 1.82678
637567805 0.594386
637633341 -0.586301
637567917 1.97133
637633453 -7.85683
637567921 -4.51266
637600689 -1.23578
637633457 -2.55333
637567925 0.423935
637600693 2.74303
637633461 -8.73555
637567929 1.37934
637600697 4.30318
637633465 -7.60878
637567933 5.14301
637633469 3.74227
637568045 2.10853
637633581 4.69931
637568049 2.56564
637600817 -3.34417
637633585 -1.86322
637568053 -1.11185
637600821 -4.77354
637633589 -3.36742
637568057 0.881318
637600825 3.37214
637633593 -0.308908
637568061 0.168469
637633597 -4.97774
637568173 -0.0616854
637633709 0.288759
637568177 7.78264
637600945 4.02771
637633713 -2.42984
637568181 -2.29889
637600949 1.47762
637633717 5.67428
637568185 4.71013
637600953 1.79992
637633721 3.23272
637568189 11.1457
637633725 3.39038
637568301 0.545357
637633837 2.54345
637568305 -5.28904
637601073 -2.40655
637633841 -1.5991
637568309 1.49301
637601077 7.68553
637633845 4.07408
637568313 8.80702
637601081 -0.417202
637633849 0.876801
637568317 -2.1393
637633853 2.2172
637568429 7.09388
637633965 1.83088
637568433 -2.56334
637601201 -2.48436
637633969 -2.88419
637568437 -1.15131
637601205 -8.24445
637633973 -2.66267
637568441 11.031
637601209 0.599002
637633977 5.63704
637568445 -5.75026
637633981 -1.01686
637571108 4.60216
637603876 -1.54236
637636644 -7.07549
637571110 11.3863
637603878 -1.00368
637636646 3.13418
637571112 1.70531
637603880 -3.48411
637636648 -10.9763
637571114 -4.88584
637603882 1.31095
637636650 1.03839
637571236 -7.34251
637604004 1.04063
637636772 5.50718
637571238 -0.384294
637604006 -4.1985
637636774 0.559841
637571240 -4.10244
637604008 -9.67315
637636776 6.82011
637571242 0.717127
637604010 -3.08254
637636778 -3.50468
637571364 3.44105
637604132 -2.55442
637636900 -3.1449
637571366 -1.95988
637604134 -2.00286
637636902 1.33149
637571368 -7.86373
637604136 -4.21165
637636904 4.5263
637571370 -7.40792
637604138 0.291192
637636906 4.27444
637571492 -1.22459
637604260 -1.13903
637637028 -3.25555
637571494 -13.799
637604262 11.5459
637637030 -1.61686
637571496 -9.14592
637604264 8.93036
637637032 -8.35876
637571498 8.82822
637604266 -1.47677
637637034 -1.96093
637571620 8.87097
637604388 3.81447
637637156 -4.86349
637571622 2.54583
637604390 -7.32977
637637158 10.8448
637571624 -5.11753
637604392 7.48884
637637160 -3.81471
637571626 3.8487
637604394 -5.92008
637637162 1.2999
637571748 1.66192
637604516 2.69328
637637284 -5.65222
637571750 -7.16165
637604518 -5.16987
637637286 3.71428
637571752 1.95606
637604520 -2.04049
637637288 -6.05611
637571754 -8.76281
637604522 -10.0584
637637290 -1.09793
637575204 -8.5683
637607972 -5.50123
637640740 4.39173
637575206 6.08867
637607974 -2.32605
637640742 11.7045
637575208 -6.3307
637607976 -6.56249
637640744 -0.252687
637575210 -7.92054
637607978 -13.174
637640746 2.45185
637575332 0.968429
637608100 2.89967
637640868 -1.35045
637575334 10.5882
637608102 12.9835
637640870 11.3177
637575336 -3.47235
637608104 -7.81819
637640872 -3.23375
637575338 -2.98918
637608106 0.327677
637640874 0.641421
637575460 3.53035
637608228 -5.98451
637640996 -3.59582
637575462 -4.22415
637608230 1.48223
637640998 4.04833
637575464 -5.70967
637608232 -6.41227
637641000 -2.79811
637575466 -5.06039
637608234 -6.45226
637641002 5.66429
637575588 7.39873
637608356 -9.48528
637641124 2.58917
637575590 0.697128
637608358 4.81648
637641126 12.4305
637575592 4.12916
637608360 -3.28901
637641128 0.0489296
637575594 2.28544
637608362 -1.60923
637641130 -1.6947
637575716 10.5612
637608484 -6.19307
637641252 7.6646
637575718 6.96336
637608486 -0.339545
637641254 -7.1097
637575720 0.668703
637608488 7.0359
637641256 1.80533
637575722 8.69506
637608490 3.61864
637641258 -4.88032
637575844 -6.72657
637608612 2.47843
637641380 -2.85769
637575846 -3.90371
637608614 -3.81098
637641382 -10.2723
637575848 0.156691
637608616 -3.99973
637641384 -1.1491
637575850 1.57759
637608618 0.756205
637641386 -4.17896
637579300 -2.80537
637612068 -1.67153
637644836 1.85561
637579302 -2.89171
637612070 0.542132
637644838 -1.27957
637579304 -0.466054
637612072 8.56679
637644840 -7.96428
637579306 4.86402
637612074 -0.886333
637644842 6.43296
637579428 -5.99348
637612196 4.5051
637644964 5.11442
637579430 -4.20745
637612198 0.408123
637644966 0.0559012
637579432 3.15059
637612200 -2.2671
637644968 -5.12677
637579434 1.30296
637612202 4.54154
637644970 5.30637
637579556 3.25165
637612324 9.79856
637645092 -1.04283
637579558 6.87616
637612326 4.24072
637645094 5.23793
637579560 2.03301
637612328 -2.30133
637645096 2.39203
637579562 -1.40478
637612330 -2.4644
637645098 -4.2768
637579684 0.980307
637612452 7.34482
637645220 -4.85535
637579686 3.03932
637612454 1.20341
637645222 1.90057
637579688 -2.2028
637612456 -8.06662
637645224 5.47436
637579690 5.78676
637612458 2.67032
637645226 -0.945718
637579812 3.96264
637612580 2.11722
637645348 -2.80906
637579814 2.96018
637612582 5.79542
637645350 1.60475
637579816 -6.47349
637612584 -3.04466
637645352 -1.44508
637579818 0.964668
637612586 0.450814
637645354 -6.31342
637579940 8.33604
637612708 -1.85353
637645476 3.9536
637579942 -10.4026
637612710 4.25103
637645478 -1.15328
637579944 -0.0943851
637612712 -8.7271
637645480 -3.90774
637579946 2.12065
637612714 0.141028
637645482 6.78383
637583396 1.52652
637616164 1.19106
637648932 5.56882
637583398 -2.77993
637616166 1.80934
637648934 -0.663303
637583400 -4.47526
637616168 -2.3577
637648936 -11.6829
637583402 -2.33804
637616170 14.1954
637648938 2.36829
637583524 -2.45279
637616292 -5.09666
637649060 -0.986868
637583526 7.9059
637616294 0.559884
637649062 13.2209
637583528 5.92863
637616296 -8.79869
637649064 -6.45477
637583530 -1.38271
637616298 9.48599
637649066 3.4759
637583652 -7.57913
637616420 1.88433
637649188 -0.707863
637583654 6.0568
637616422 -7.13774
637649190 4.35959
637583656 3.2639
637616424 6.74143
637649192 -1.78647
637583658 8.64103
637616426 -6.57324
637649194 1.45052
637583780 -0.676162
637616548 -9.5847
637649316 -5.66264
637583782 2.9906
637616550 -2.89533
637649318 8.184
637583784 -7.29092
637616552 0.147652
637649320 -5.09519
637583786 -0.960216
637616554 0.634596
637649322 -5.66231
637583908 -4.7856
637616676 -10.6688
637649444 0.156892
637583910 2.38872
637616678 1.84547
637649446 -0.0140825
637583912 -1.69423
637616680 1.27503
637649448 2.61656
637583914 -0.242856
637616682 2.60818
637649450 -0.443807
637584036 3.93828
637616804 -0.752937
637649572 -2.00212
637584038 -8.13199
637616806 8.74264
637649574 4.34578
637584040 -1.93505
637616808 0.889981
637649576 -1.65541
637584042 4.67007
637616810 -1.30859
637649578 -9.13563
637587492 -11.2144
637620260 -1.32009
637653028 2.40317
637587494 -3.86793
637620262 -3.74089
637653030 1.54286
637587496 -5.53916
637620264 -2.1514
637653032 2.48217
637587498 13.9522
637620266 -5.90068
637653034 -9.16635
637587620 -10.6094
637620388 4.49182
637653156 8.99979
637587622 -1.81874
637620390 1.16346
637653158 5.01868
637587624 -0.631862
637620392 1.63032
637653160 3.12984
637587626 -4.39718
637620394 0.349471
637653162 0.84958
637587748 7.87059
637620516 1.50594
637653284 -4.15886
637587750 -10.1836
637620518 -0.456376
637653286 3.22258
637587752 2.28798
637620520 1.39343
637653288 -1.03645
637587754 -5.59717
637620522 1.22609
637653290 3.59088
637587876 -3.26383
637620644 8.32621
637653412 6.24111
637587878 -3.18491
637620646 2.58506
637653414 -0.401715
637587880 -1.63698
637620648 2.28776
637653416 -6.33198
637587882 0.0405078
637620650 0.369827
637653418 -1.46564
637588004 -9.47259
637620772 0.14425
637653540 -1.511
637588006 -9.67776
637620774 7.25378
637653542 -5.58523
637588008 -4.03251
637620776 -5.57362
637653544 0.463327
637588010 -5.39317
637620778 -2.5265
637653546 4.01668
637588132 -5.97361
637620900 1.23171
637653668 3.36438
637588134 0.537181
637620902 0.964903
637653670 -4.98007
637588136 4.51176
637620904 -0.913884
637653672 2.52379
637588138 5.6047
637620906 1.87515
637653674 -1.25453
637569069 -0.334605
637601837 5.26942
637634605 -3.22857
637569073 3.06427
637634609 0.718413
637569077 -3.23459
637634613 2.21987
637569081 0.641264
637634617 -4.69852
637569085 4.35302
637601853 8.81557
637634621 6.81712
637569197 9.91443
637601965 -7.07731
637634733 1.54438
637569201 1.31836
637634737 8.19973
637569205 -7.79137
637634741 -1.35077
637569209 -4.02969
637634745 -3.37817
637569213 -0.688175
637601981 6.01103
637634749 -5.1327
637569325 5.76495
637602093 -2.58298
637634861 -0.954601
637569329 -6.20465
637634865 -1.62004
637569333 0.220914
637634869 1.09584
637569337 -0.171083
637634873 -11.868
637569341 -7.74019
637602109 -4.04211
637634877 9.16358
637569453 -4.05952
637602221 -3.08142
637634989 4.47042
637569457 -3.97501
637634993 -3.90048
637569461 -1.33426
637634997 -12.1214
637569465 0.00193117
637635001 2.58552
637569469 -2.1856
637602237 -8.15382
637635005 -5.8265
637569581 -5.84063
637602349 3.93941
637635117 -3.07886
637569585 10.3256
637635121 4.46739
637569589 -3.76789
637635125 0.711461
637569593 0.622904
637635129 -1.80934
637569597 -1.58782
637602365 1.01993
637635133 8.96677
637569709 6.35764
637602477 5.26845
637635245 6.50084
637569713 -0.176896
637635249 -15.1898
637569717 0.715523
637635253 -3.37616
637569721 -2.04358
637635257 0.429998
637569725 4.39867
637602493 -13.1096
637635261 1.04065
637569837 7.33884
637602605 4.70952
637635373 1.63268
637569841 -0.850562
637635377 1.65513
637569845 2.21504
637635381 4.73032
637569849 -0.450683
637635385 1.815
637569853 -7.42269
637602621 -2.72744
637635389 5.60186
637569965 -5.67738
637602733 2.73785
637635501 -2.58301
637569969 1.04193
637635505 -3.64559
637569973 3.17284
637635509 -3.94774
637569977 -5.54174
637635513 3.80987
637569981 -0.0754381
637602749 -0.0891905
637635517 5.33238
637570093 -0.541538
637602861 -8.76002
637635629 1.12492
637570097 -1.25526
637635633 6.40555
637570101 0.965496
637635637 3.17864
637570105 0.921254
637635641 -5.32462
637570109 -6.46331
637602877 -2.16915
637635645 4.96954
637570221 6.53089
637602989 -0.369975
637635757 -2.21308
637570225 8.72256
637635761 5.68385
637570229 4.33112
637635765 1.52121
637570233 -1.46883
637635769 -7.85922
637570237 6.40298
637603005 1.47515
637635773 4.28756
637570349 7.16775
637603117 5.91871
637635885 -5.70709
637570353 1.48999
637635889 2.65692
637570357 1.72006
637635893 -0.958317
637570361 4.5967
637635897 -0.357754
637570365 -0.8528
637603133 -0.405009
637635901 1.99264
637570477 4.6856
637603245 -4.13252
637636013 5.39198
637570481 0.881652
637636017 -13.3007
637570485 -2.87087
637636021 4.55826
637570489 -3.71585
637636025 6.86673
637570493 8.3791
637603261 -3.13062
637636029 -1.99536
637567044 -3.65344
637599812 -7.33757
637632580 -1.12642
637567046 10.1891
637599814 5.80059
637632582 -1.67153
637567048 -0.140897
637599816 -8.70837
637632584 -7.92858
637567050 -1.03408
637599818 9.49991
637632586 2.92481
637567053 0.241918
637632589 9.11914
637567057 -1.46141
637632593 -3.94179
637567061 3.80215
637632597 -6.79085
637567065 -9.92934
637632601 -2.9709
637567069 4.15569
637632605 -0.516702
637567172 0.233741
637599940 3.3376
637632708 -2.42346
637567174 -6.59372
637599942 6.26961
637632710 -8.14747
637567176 -2.89472
637599944 -1.96197
637632712 9.52313
637567178 8.32698
637599946 2.91193
637632714 -6.87953
637567181 8.53551
637632717 -2.93963
637567185 0.449388
637632721 0.336348
637567189 0.313853
637632725 4.59619
637567193 -1.3606
637632729 -0.298889
637567197 9.58063
637632733 -1.65653
637567300 -6.1366
637600068 1.2308
637632836 0.274308
637567302 2.01828
637600070 0.279244
637632838 3.28043
637567304 -0.542927
637600072 -6.42771
637632840 -1.76903
637567306 3.3764
637600074 2.59425
637632842 2.03991
637567309 -3.60602
637632845 -5.84466
637567313 -1.85525
637632849 -4.16512
637567317 -2.81803
637632853 3.54943
637567321 3.58406
637632857 7.07797
637567325 1.33685
637632861 0.885943
637567428 -6.03857
637600196 2.50581
637632964 -0.579256
637567430 -3.4491
637600198 -6.49953
637632966 3.31782
637567432 5.10653
637600200 -0.309546
637632968 4.76142
637567434 -1.72938
637600202 -7.40157
637632970 5.12844
637567437 6.30026
637632973 8.54633
637567441 -3.30581
637632977 -1.58812
637567445 0.250335
637632981 -0.650971
637567449 7.8158
637632985 0.262062
637567453 -6.35166
637632989 1.74377
637567556 -2.39003
637600324 9.94222
637633092 -1.95713
637567558 3.76759
637600326 -6.08833
637633094 0.794505
637567560 -1.91402
637600328 8.25981
637633096 -7.57956
637567562 2.46702
637600330 5.80298
637633098 1.25712
637567565 8.24078
637633101 -3.83018
637567569 -1.64532
637633105 2.54312
637567573 -2.69622
637633109 -6.56103
637567577 -7.9577
637633113 -4.7871
637567581 4.40864
637633117 1.07747
637567684 3.86332
637600452 -2.14963
637633220 5.63524
637567686 -11.5301
637600454 1.77718
637633222 3.93966
637567688 3.27437
637600456 -1.95564
637633224 -6.09633
637567690 -0.243105
637600458 -2.54488
637633226 7.50926
637567693 5.86427
637633229 2.28444
637567697 -4.33346
637633233 -1.97431
637567701 -14.8631
637633237 -9.37883
637567705 -2.76809
637633241 4.75215
637567709 -0.725939
637633245 4.13556
637567821 -1.49735
637633357 -8.01165
637567825 0.508974
637633361 8.57272
637567829 13.3906
637633365 -4.59839
637567833 -4.34956
637633369 0.0117435
637567837 0.920405
637633373 -5.70597
637567949 -1.15422
637633485 2.16741
637567953 3.7243
637633489 0.26311
637567957 0.417906
637633493 6.27143
637567961 7.45111
637633497 -5.59547
637567965 -6.81926
637633501 -0.763007
637568077 2.74408
637633613 -7.32897
637568081 4.35994
637633617 0.42394
637568085 4.37688
637633621 1.714
637568089 2.10688
637633625 -4.44484
637568093 -2.88323
637633629 2.25417
637568205 -4.57264
637633741 -6.01181
637568209 -2.69107
637633745 -0.836561
637568213 4.05131
637633749 -0.941728
637568217 4.47102
637633753 -0.349062
637568221 -7.70626
637633757 3.71018
637568333 -1.71052
637633869 3.15377
637568337 0.482476
637633873 -3.3756
637568341 4.37613
637633877 2.2276
637568345 3.4022
637633881 -0.844246
637568349 -1.60013
637633885 1.14702
637568461 -3.02134
637633997 -3.65104
637568465 2.01925
637634001 -11.373
637568469 5.43529
637634005 2.27852
637568473 4.03664
637634009 1.51032
637568477 -6.3742
637634013 7.72898
637571140 10.0242
637603908 10.0701
637636676 2.50856
637571142 -0.430698
637603910 -5.64728
637636678 3.76941
637571144 -8.13058
637603912 9.36846
637636680 -1.09774
637571146 -1.84467
637603914 6.06832
637636682 0.905171
637571149 -2.55214
637636685 4.30423
637571153 9.48246
637636689 -9.20159
637571157 -7.05352
637636693 -2.18725
637571161 1.55004
637636697 -5.37331
637571165 7.24384
637636701 3.07759
637571268 -3.98295
637604036 -5.79772
637636804 1.68521
637571270 -2.13561
637604038 -2.81538
637636806 -3.53953
637571272 1.62421
637604040 -5.29433
637636808 5.53728
637571274 -5.66586
637604042 -1.50964
637636810 2.51082
637571277 -8.11505
637636813 4.93053
637571281 -3.66307
637636817 -0.881182
637571285 -8.8144
637636821 1.37847
637571289 -1.11187
637636825 -0.350418
637571293 -7.48621
637636829 2.22257
637571396 1.53138
637604164 2.36555
637636932 -0.993555
637571398 5.83359
637604166 -0.372235
637636934 6.85438
637571400 -0.674285
637604168 4.36586
637636936 0.583692
637571402 9.21447
637604170 9.92338
637636938 -4.30052
637571405 -1.21285
637636941 1.20846
637571409 2.29587
637636945 2.56651
637571413 4.07997
637636949 -8.55062
637571417 9.34345
637636953 11.2026
637571421 0.348044
637636957 4.62895
637571524 -1.43798
637604292 -1.55384
637637060 -5.53818
637571526 9.51736
637604294 1.72971
637637062 4.57617
637571528 4.96708
637604296 -6.61516
637637064 1.0699
637571530 0.835489
637604298 1.16233
637637066 4.91671
637571533 -9.49605
637637069 1.53008
637571537 4.11571
637637073 2.26905
637571541 7.936
637637077 -5.16771
637571545 -8.34944
637637081 -11.1855
637571549 -3.69666
637637085 1.02306
637571652 -4.90662
637604420 7.89275
637637188 2.0013
637571654 -9.56239
637604422 7.02838
637637190 -2.58917
637571656 3.82263
637604424 -3.92563
637637192 -3.95524
637571658 8.6786
637604426 -3.79797
637637194 -2.02503
637571661 8.92478
637637197 0.203117
637571665 0.243665
637637201 0.475691
637571669 -3.41906
637637205 3.4913
637571673 -10.1476
637637209 4.655
637571677 0.62266
637637213 1.67325
637571780 10.597
637604548 -3.64958
637637316 2.42245
637571782 4.73196
637604550 1.39232
637637318 -3.80974
637571784 -4.11655
637604552 0.584416
637637320 -7.69057
637571786 0.748432
637604554 2.34633
637637322 0.70793
637571789 2.53347
637637325 -1.7736
637571793 1.43636
637637329 5.34733
637571797 -5.02128
637637333 -3.11751
637571801 -1.66765
637637337 -9.82879
637571805 -6.67657
637637341 -3.38498
637571917 3.00145
637637453 20.7293
637571921 4.69385
637637457 1.84767
637571925 13.4877
637637461 6.40698
637571929 -2.0225
637637465 1.83756
637571933 -1.2024
637637469 -5.48425
637572045 -1.71525
637637581 -7.33628
637572049 4.39596
637637585 -6.60202
637572053 -3.36901
637637589 2.35362
637572057 2.18151
637637593 2.3141
637572061 1.66569
637637597 -0.320481
637572173 6.48112
637637709 8.59016
637572177 4.28539
637637713 0.74084
637572181 -5.59201
637637717 -6.83373
637572185 -1.87371
637637721 1.69245
637572189 0.718316
637637725 6.2718
637572301 5.10307
637637837 1.97756
637572305 -3.13232
637637841 4.50095
637572309 -8.6491
637637845 6.33296
637572313 0.079555
637637849 -2.30116
637572317 2.32008
637637853 -6.8674
637572429 1.20468
637637965 -6.10226
637572433 5.44373
637637969 -3.34334
637572437 0.676272
637637973 -2.39798
637572441 -3.51073
637637977 -4.58723
637572445 1.35092
637637981 -6.19677
637572557 -0.000957864
637638093 -1.09207
637572561 3.81708
637638097 -5.1262
637572565 6.21877
637638101 -2.43549
637572569 -2.14915
637638105 3.27379
637572573 -1.01618
637638109 -2.6152
637575236 9.30033
637608004 1.98144
637640772 2.08247
637575238 10.8166
637608006 -5.41139
637640774 2.93842
637575240 0.894685
637608008 10.7104
637640776 -4.4174
637575242 6.71699
637608010 -1.1973
637640778 -1.06805
637575364 -2.33114
637608132 -2.33394
637640900 1.15804
637575366 -1.9082
637608134 6.04711
637640902 -2.70242
637575368 -2.57915
637608136 1.25163
637640904 -4.76008
637575370 -12.7367
637608138 5.57571
637640906 5.93457
637575492 -9.59974
637608260 -7.5463
637641028 4.48958
637575494 2.16998
637608262 3.93692
637641030 6.98546
637575496 10.1259
637608264 -1.6705
637641032 5.79047
637575498 -5.76753
637608266 -1.93471
637641034 2.84637
637575620 6.25944
637608388 1.36177
637641156 -3.77235
637575622 -0.647053
637608390 -7.01232
637641158 -9.23965
637575624 2.13123
637608392 7.73566
637641160 5.42736
637575626 12.6319
637608394 1.97224
637641162 3.46266
637575748 0.644304
637608516 -0.808257
637641284 -3.74166
637575750 1.50516
637608518 2.24547
637641286 -7.06546
637575752 3.60601
637608520 -4.92875
637641288 -8.05868
637575754 5.53902
637608522 2.39501
637641290 -6.85553
637575876 11.5017
637608644 2.94259
637641412 -2.67346
637575878 4.82736
637608646 3.813
637641414 0.365547
637575880 -1.15918
637608648 5.47785
637641416 0.102236
637575882 -7.04592
637608650 1.95745
637641418 -6.24736
637579332 -6.10673
637612100 -4.1178
637644868 -7.59128
637579334 -3.37014
637612102 0.869702
637644870 3.12352
637579336 -3.64085
637612104 1.24799
637644872 5.8862
637579338 -2.08712
637612106 5.19491
637644874 8.79347
637579460 -11.4856
637612228 -15.2014
637644996 1.79735
637579462 3.54179
637612230 -2.17958
637644998 4.22963
637579464 5.75152
637612232 10.7466
637645000 -0.35267
637579466 11.4036
637612234 4.17103
637645002 8.41617
637579588 1.50955
637612356 2.93656
637645124 -4.35917
637579590 8.49862
637612358 -4.05266
637645126 5.9814
637579592 -4.49698
637612360 2.86414
637645128 3.26634
637579594 2.57727
637612362 0.00463949
637645130 6.31421
637579716 -3.91921
637612484 -13.8007
637645252 -1.11639
637579718 2.38588
637612486 6.4624
637645254 0.486948
637579720 -2.86464
637612488 -0.61448
637645256 -13.0688
637579722 -3.11367
637612490 -3.68493
637645258 8.58012
637579844 -2.95501
637612612 0.686992
637645380 -3.95248
637579846 -6.98774
637612614 0.892783
637645382 0.682961
637579848 0.0643746
637612616 1.63529
637645384 -8.32433
637579850 -0.599224
637612618 -2.07491
637645386 -3.90806
637579972 -8.01397
637612740 -0.969466
637645508 -10.1288
637579974 -4.67004
637612742 -5.15772
637645510 -2.76443
637579976 -1.63759
637612744 5.07735
637645512 -1.0469
637579978 4.04123
637612746 -0.244353
637645514 -2.0897
637583428 5.54458
637616196 4.31426
637648964 -3.60155
637583430 -1.646
637616198 -0.434186
637648966 5.20736
637583432 -1.75961
637616200 -3.84236
637648968 -1.05827
637583434 3.91145
637616202 5.14123
637648970 4.20684
637583556 6.92772
637616324 4.30879
637649092 -3.17986
637583558 -0.429923
637616326 -4.99616
637649094 1.33122
637583560 -7.54014
637616328 0.264791
637649096 -0.922284
637583562 -5.70322
637616330 2.62646
637649098 1.88825
637583684 -1.75733
637616452 8.90956
637649220 0.829855
637583686 0.527115
637616454 -3.05976
637649222 -5.50799
637583688 2.74404
637616456 1.44288
637649224 3.11086
637583690 -0.304257
637616458 -8.5219
637649226 -3.03241
637583812 5.07456
637616580 -7.29442
637649348 -1.46281
637583814 0.389235
637616582 3.13195
637649350 4.04029
637583816 1.82765
637616584 3.82549
637649352 0.587805
637583818 8.764
637616586 -10.6932
637649354 -0.953706
637583940 -1.35308
637616708 6.56576
637649476 -2.49945
637583942 -1.57913
637616710 -0.21023
637649478 3.27554
637583944 4.88144
637616712 -0.987335
637649480 6.15972
637583946 -7.55705
637616714 -1.99888
637649482 -4.92732
637584068 -7.57356
637616836 -2.75728
637649604 2.91933
637584070 4.05968
637616838 -1.49399
637649606 -0.246077
637584072 -5.17161
637616840 4.17822
637649608 7.852
637584074 -5.66538
637616842 -7.70493
637649610 2.24531
637587524 -3.59005
637620292 4.02859
637653060 10.0714
637587526 -2.06213
637620294 -2.24339
637653062 -0.665295
637587528 0.28999
637620296 -4.75283
637653064 -0.909009
637587530 2.12295
637620298 3.44751
637653066 5.98836
637587652 9.55539
637620420 -1.77806
637653188 4.7648
637587654 -1.70207
637620422 6.83898
637653190 11.8456
637587656 3.66503
637620424 -1.91794
637653192 7.62051
637587658 -5.26933
637620426 -8.65457
637653194 2.1622
637587780 -0.840674
637620548 0.821366
637653316 -8.40466
637587782 -0.526663
637620550 -3.91073
637653318 -0.018502
637587784 0.0164132
637620552 2.21214
637653320 0.359258
637587786 -6.4385
637620554 -7.13898
637653322 -4.94038
637587908 5.21454
637620676 0.913966
637653444 6.34305
637587910 5.38846
637620678 0.815184
637653446 -2.51199
637587912 -1.86618
637620680 6.97189
637653448 -6.43733
637587914 -5.2978
637620682 2.90272
637653450 -6.4198
637588036 0.423418
637620804 -7.58131
637653572 0.263227
637588038 -0.534521
637620806 3.30415
637653574 -3.35252
637588040 3.82434
637620808 -9.74249
637653576 7.1391
637588042 4.84851
637620810 -4.12611
637653578 -1.34359
637588164 1.53017
637620932 -3.59977
637653700 3.20339
637588166 -0.170724
637620934 8.23196
637653702 2.76098
637588168 -0.385801
637620936 4.05366
637653704 -2.23038
637588170 4.6548
637620938 7.76471
637653706 8.5133
637567085 10.6305
637632621 -4.98369
637567089 2.94327
637632625 -7.29174
637567093 -5.46998
637632629 2.07326
637567097 -1.21138
637632633 -8.87797
637567101 -3.4076
637632637 -3.81867
637567213 -5.1798
637632749 -6.50116
637567217 -7.91486
637632753 -8.40659
637567221 1.79913
637632757 -0.451575
637567225 -0.822156
637632761 4.02774
637567229 6.89583
637632765 5.04863
637567341 -1.56338
637632877 -3.91825
637567345 2.07024
637632881 -1.20809
637567349 3.50979
637632885 -1.17582
637567353 3.86695
637632889 -1.32041
637567357 -3.86624
637632893 -0.876045
637567469 -5.33667
637633005 8.04834
637567473 4.45532
637633009 2.55527
637567477 -6.46838
637633013 2.09916
637567481 -4.32288
637633017 -8.09805
637567485 2.7943
637633021 -7.89046
637567597 9.16658
637633133 15.7892
637567601 1.69562
637633137 -3.86832
637567605 12.8038
637633141 -6.0424
637567609 5.19204
637633145 2.26688
637567613 8.47216
637633149 -1.69323
637567725 4.64043
637633261 5.3026
637567729 -1.98868
637633265 -2.03566
637567733 9.12254
637633269 1.88422
637567737 -1.98121
637633273 2.1893
637567741 -5.94335
637633277 3.17705
637567853 -0.7854
637633389 -9.6011
637567857 -10.2349
637633393 -9.46503
637567861 -4.14705
637633397 -2.33561
637567865 -1.01292
637633401 2.9079
637567869 7.49742
637633405 5.80214
637567981 1.57972
637633517 2.83287
637567985 -6.52804
637633521 -7.35044
637567989 -4.93823
637633525 4.16326
637567993 -4.46695
637633529 -1.08164
637567997 -1.22041
637633533 -2.55531
637568109 1.59263
637633645 1.02898
637568113 4.39065
637633649 3.67988
637568117 4.99899
637633653 -2.89819
637568121 0.169571
637633657 4.86242
637568125 -2.63137
637633661 -2.36367
637568237 6.56202
637633773 1.8368
637568241 1.5115
637633777 -4.19918
637568245 4.36595
637633781 0.0907669
637568249 -8.8989
637633785 10.167
637568253 -0.188733
637633789 3.30107
637568365 2.5078
637633901 4.73154
637568369 7.25485
637633905 -3.66199
637568373 0.512358
637633909 0.751462
637568377 -5.92989
637633913 3.52438
637568381 -0.735905
637633917 6.7896
637568493 -2.36601
637634029 -10.7027
637568497 1.09099
637634033 1.26884
637568501 1.06884
637634037 4.86373
637568505 -5.04899
637634041 -3.99253
637568509 0.602224
637634045 -0.751487
637571181 4.5498
637636717 3.95343
637571185 -2.5942
637636721 7.26842
637571189 1.73521
637636725 -7.54132
637571193 -2.12334
637636729 -2.31477
637571197 -4.73717
637636733 9.51769
637571309 1.16642
637636845 4.55855
637571313 5.95248
637636849 8.26575
637571317 10.7574
637636853 -2.12216
637571321 -2.65908
637636857 0.975016
637571325 2.38588
637636861 1.43941
637571437 -4.95178
637636973 6.82276
637571441 2.95164
637636977 -4.51178
637571445 0.410655
637636981 -11.2264
637571449 -6.29873
637636985 2.32021
637571453 0.80648
637636989 0.310845
637571565 8.15215
637637101 2.68992
637571569 1.742
637637105 0.239482
637571573 -1.07458
637637109 -2.73704
637571577 -6.76668
637637113 -1.9515
637571581 -10.1257
637637117 -0.232636
637571693 4.56808
637637229 -5.74855
637571697 -5.42832
637637233 -3.32408
637571701 0.133222
637637237 0.556516
637571705 3.61994
637637241 -2.21772
637571709 2.87179
637637245 7.88679
637571821 -4.41419
637637357 -1.7656
637571825 -9.41335
637637361 8.88661
637571829 10.7542
637637365 1.54431
637571833 -2.15671
637637369 4.67544
637571837 -8.55336
637637373 5.12136
637571949 2.29673
637637485 0.610712
637571953 0.199288
637637489 -2.11349
637571957 -11.5247
637637493 1.94224
637571961 8.15345
637637497 8.61419
637571965 -3.51076
637637501 -0.866949
637572077 -7.98049
637637613 4.29595
637572081 -2.81752
637637617 7.04421
637572085 -3.76241
637637621 1.9817
637572089 -1.53242
637637625 5.22497
637572093 -7.70815
637637629 -2.06332
637572333 -0.0424923
637637869 -0.348633
637572337 7.78216
637637873 0.204725
637572341 -4.28521
637637877 1.04962
637572345 -3.74994
637637881 -2.24608
637572349 2.57462
637637885 -6.04722
637572589 4.34996
637638125 -6.39039
637572593 -5.28514
637638129 -5.22007
637572597 2.10592
637638133 11.5675
637572601 3.79726
637638137 3.53118
637572605 1.03556
637638141 -6.62176
637575661 -14.0646
637641197 2.09773
637575665 5.87192
637641201 -4.04066
637575669 3.91873
637641205 0.684936
637575673 -5.73203
637641209 -2.28167
637575677 7.30374
637641213 -0.426423
637579757 -1.58674
637645293 -1.23372
637579761 4.35726
637645297 0.330351
637579765 5.23147
637645301 -1.58871
637579769 -2.69629
637645305 -2.60523
637579773 -2.02564
637645309 -5.55283
574914560 1.4816
575176704 1.15087
575438848 1.19551
575700992 0.965557
575963136 0.223023
576225280 -1.02309
576487424 1.58335
576749568 0.0435336
577011712 -0.585078
577273856 0.37937
577536000 0.501323
577798144 1.59442
579108864 0.04829
579371008 2.24735
579633152 1.21881
579895296 2.29907
580157440 0.585826
580419584 -0.371138
580681728 -0.784067
580943872 -0.780065
581206016 0.900997
581468160 1.63037
581730304 1.91388
581992448 -0.680433
583303168 0.478206
583565312 -0.729319
583827456 0.506768
584089600 0.835964
584351744 0.533669
584613888 1.52413
584876032 0.783291
585138176 1.37809
585400320 1.63119
585662464 2.97563
585924608 2.33858
586186752 -0.583533
587497472 0.734584
587759616 -0.183901
588021760 1.32067
588283904 0.38393
590643200 0.025526
588546048 0.628978
588808192 0.655558
589070336 -0.358367
589332480 0.405967
589594624 1.245
589856768 0.000832399
590905344 1.2446
590118912 -0.837512
590381056 -1.01581
574947328 0.77815
575209472 3.02376
575471616 -0.382007
575733760 0.113068
575995904 1.07598
576258048 0.0902802
576520192 1.0383
576782336 1.47143
577044480 1.62586
577306624 0.858101
577568768 -0.277764
577830912 -0.936056
579141632 -1.44164
579403776 0.515206
579665920 0.796663
579928064 0.712763
580190208 0.902406
580452352 -1.11337
580714496 1.67182
580976640 -1.75267
581238784 0.404312
581500928 -0.458022
581763072 0.8757
582025216 0.627996
583335936 0.174612
583598080 0.155462
583860224 0.347457
584122368 0.727693
584384512 -1.21808
584646656 0.881855
584908800 -1.57624
585170944 1.23444
585433088 1.18804
585695232 -0.900637
585957376 -0.850452
586219520 0.85038
587530240 0.402755
587792384 1.15312
588054528 -0.593254
588316672 -1.30475
590675968 -0.599093
588578816 -1.81122
588840960 0.804804
589103104 1.30828
589365248 1.83105
589627392 1.0785
589889536 1.83589
590938112 1.15603
590151680 1.73046
590413824 -1.26972
574980096 0.352297
576028672 0.116715
577077248 1.36887
575242240 0.482301
576290816 0.504571
577339392 2.04972
575504384 0.925508
576552960 0.828655
577601536 -0.935985
575766528 -0.186126
576815104 1.15827
577863680 0.7047
579174400 0.444614
580222976 1.0881
581271552 1.06957
579436544 0.960754
580485120 0.857428
581533696 1.2123
579698688 0.388513
580747264 0.137898
581795840 -0.583071
579960832 1.11219
581009408 1.31436
582057984 0.509476
583368704 1.1675
584417280 0.490363
585465856 -1.05861
583630848 -0.768873
584679424 0.181837
585728000 -0.0141009
583892992 2.16157
584941568 1.49475
585990144 2.4093
584155136 -0.891009
585203712 -1.04179
586252288 -0.568035
587563008 -0.341604
587825152 1.83629
588087296 1.81688
588349440 0.825708
590708736 1.43302
588611584 0.0464914
588873728 0.175284
589135872 0.407462
589398016 0.325634
589660160 1.1291
589922304 0.606164
590970880 0.838954
590184448 0.58415
590446592 -1.15643
575012864 0.357422
575275008 0.987336
575537152 0.776167
575799296 2.16154
576061440 0.601252
576323584 -0.0025591
576585728 -0.0711347
576847872 0.250211
577110016 -0.282646
577372160 0.391809
577634304 0.743716
577896448 0.274828
579207168 -1.1328
579469312 2.31447
579731456 2.02462
579993600 1.30062
580255744 0.456765
580517888 0.124148
580780032 0.803798
581042176 -0.287346
581304320 0.949558
581566464 0.67316
581828608 1.10189
582090752 1.28785
583401472 2.20478
583663616 -0.22223
583925760 -1.20568
584187904 0.0149705
584450048 0.793184
584712192 -0.147296
584974336 0.757433
585236480 1.53418
585498624 -0.102433
585760768 1.63918
586022912 0.388957
586285056 0.109066
587595776 1.57753
587857920 1.49463
588120064 1.81493
588382208 -0.833509
590741504 -0.656034
588644352 -0.570791
588906496 0.396371
589168640 0.175378
589430784 0.128522
589692928 0.514887
589955072 0.247087
591003648 2.001
590217216 1.54964
590479360 1.90081
575045632 -1.03644
575307776 -1.21489
575569920 -0.020565
575832064 1.83937
576094208 -0.0764598
576356352 0.788257
576618496 0.731987
576880640 -1.03018
577142784 2.75401
577404928 0.560813
577667072 1.23473
577929216 0.694355
579239936 -0.851857
579502080 1.01199
579764224 0.800888
580026368 0.0867209
580288512 2.10413
580550656 1.605
580812800 1.65063
581074944 2.96054
581337088 1.52459
581599232 -0.386601
581861376 0.279763
582123520 1.16737
583434240 -0.233972
583696384 1.79449
583958528 1.66452
584220672 -0.813391
584482816 0.773123
584744960 0.115383
585007104 1.12577
585269248 1.3905
585531392 0.0127318
585793536 0.727783
586055680 0.543869
586317824 0.643478
587628544 -0.89577
587890688 0.0989628
588152832 2.05043
588414976 0.203489
590774272 1.32207
588677120 1.45415
588939264 0.57996
589201408 0.382282
589463552 2.67474
589725696 0.244932
589987840 -0.438003
591036416 -1.41455
590249984 1.40473
590512128 2.35476
604017672 1.55259
604017744 4.41434
604017752 1.93279
604017760 1.55821
604017768 3.1165
604017776 2.55792
604017784 0.680428
604017792 2.79299
604017800 0.64554
604017808 3.18193
604017816 4.13025
604017680 1.67737
604017824 4.14239
604017832 2.2979
604017840 2.15507
604017848 1.02768
604017856 1.72511
604017864 0.71384
604017872 1.98499
604017880 3.94256
604017888 2.14134
604017896 1.94862
604017688 1.02894
604017904 2.38044
604017912 1.9018
604017920 3.33885
604017928 4.15043
604017936 2.59769
604017944 1.64873
604017952 3.3453
604017696 4.61682
604017704 2.8253
604017712 3.55912
604017720 2.4758
604017728 1.49002
604017736 2.72299
604018184 4.43154
604018256 2.1396
604018264 1.75271
604018272 2.45571
604018280 1.46096
604018288 1.85916
604018296 0.429667
604018304 2.53527
604018312 2.60939
604018320 2.16214
604018328 2.50575
604018192 2.91208
604018336 2.01087
604018344 2.53829
604018352 2.43601
604018360 3.50405
604018368 3.79587
604018376 1.8548
604018384 2.79562
604018392 3.20193
604018400 2.31278
604018408 2.6465
604018200 3.78825
604018416 4.11686
604018424 1.97553
604018432 0.538769
604018440 4.58903
604018448 2.4132
604018456 1.99437
604018464 2.22579
604018208 2.38566
604018216 1.47588
604018224 0.505544
604018232 2.54042
604018240 1.9076
604018248 1.76157
604018696 2.5446
604018768 1.71539
604018776 0.992546
604018784 3.23785
604018792 2.51926
604018800 1.7961
604018808 2.88717
604018816 1.65125
604018824 1.3996
604018832 3.01295
604018840 3.52379
604018704 2.5457
604018848 2.21789
604018856 2.88136
604018864 0.716905
604018872 1.83012
604018880 0.980368
604018888 3.59364
604018896 1.99184
604018904 4.13054
604018912 3.41253
604018920 3.15713
604018712 2.8398
604018928 1.8088
604018936 3.0397
604018944 2.63389
604018952 2.00921
604018960 0.88441
604018968 1.82356
604018976 4.22291
604018720 2.36746
604018728 2.69002
604018736 1.28326
604018744 4.05671
604018752 2.08254
604018760 1.4724
604021256 3.38337
604021328 2.25177
604021336 0.479889
604021344 4.46225
604021352 2.5752
604021360 3.64354
604021368 2.05851
604021376 2.26406
604021384 2.48935
604021392 0.846236
604021264 2.59514
604021272 1.63596
604021280 2.73865
604021288 2.29097
604021296 2.0481
604021304 1.97701
604021312 1.66158
604021320 4.18503
604021768 1.86093
604021840 2.48017
604021848 0.630095
604021856 1.36865
604021864 0.877344
604021872 2.80388
604021880 1.36526
604021888 1.87488
604021896 3.14974
604021904 1.62532
604021912 0.511952
604021776 2.10114
604021920 2.08636
604021928 3.97056
604021936 4.42001
604021944 2.60365
604021952 3.03986
604021960 4.37508
604021968 2.91226
604021976 1.04215
604021984 3.59412
604021992 2.83555
604021784 1.81771
604022000 0.241794
604022008 -0.682016
604022016 2.5001
604022024 2.46569
604022032 1.07884
604022040 1.20147
604022048 1.14024
604021792 1.38235
604021800 1.93592
604021808 1.24039
604021816 1.99746
604021824 0.824587
604021832 1.70309
604025352 2.67761
604025424 1.69096
604025432 0.354091
604025440 3.74146
604025448 2.28775
604025456 2.43066
604025464 1.65509
604025472 2.74859
604025480 2.79539
604025488 2.44443
604025360 1.86419
604025368 2.67385
604025376 2.56461
604025384 2.90299
604025392 3.98767
604025400 2.29008
604025408 2.19707
604025416 1.8338
604025864 3.54191
604025936 1.11573
604025944 1.30754
604025952 0.634763
604025960 1.3058
604025968 4.3694
604025976 4.75587
604025984 0.823417
604025992 2.35521
604026000 2.54804
604026008 3.14186
604025872 2.95414
604026016 0.476298
604026024 2.44145
604026032 2.44878
604026040 1.31971
604026048 1.99653
604026056 2.22133
604026064 0.412224
604026072 2.12993
604026080 1.85301
604026088 1.13907
604025880 1.70067
604026096 2.87865
604026104 1.94034
604026112 3.18545
604026120 2.67214
604026128 1.87586
604026136 2.58763
604026144 1.36402
604025888 2.41699
604025896 2.24784
604025904 1.39881
604025912 3.21081
604025920 4.09955
604025928 2.55475
604029448 1.14854
604029520 2.05961
604029528 2.11095
604029536 3.32941
604029544 2.01407
604029552 3.14971
604029560 3.30424
604029568 2.70818
604029576 1.1931
604029584 2.46563
604029456 4.25291
604029464 0.588643
604029472 2.57577
604029480 3.52009
604029488 2.65626
604029496 4.48166
604029504 4.21645
604029512 1.29222
604029960 3.26463
604030032 2.29978
604030040 3.83195
604030048 2.6195
604030056 3.4741
604030064 1.35196
604030072 1.97654
604030080 2.30716
604030088 4.02774
604030096 3.24886
604030104 1.64115
604029968 1.37078
604030112 1.56748
604030120 3.09675
604030128 3.61719
604030136 2.68121
604030144 4.22842
604030152 1.72178
604030160 2.56361
604030168 4.25976
604030176 0.922411
604030184 1.37342
604029976 1.20006
604030192 1.82204
604030200 1.96089
604030208 2.97825
604030216 1.84574
604030224 3.33971
604030232 3.91455
604030240 1.80197
604029984 1.77732
604029992 2.68387
604030000 1.43896
604030008 0.590523
604030016 3.15329
604030024 2.06223
604050440 1.77854
604050512 1.81196
604050520 2.43735
604050528 2.34613
604050536 1.91888
604050544 1.6314
604050552 -0.09012
604050560 -0.569445
604050568 1.14178
604050576 2.32897
604050584 2.1494
604050448 2.25335
604050592 2.9518
604050600 1.63476
604050608 3.24563
604050616 3.0436
604050624 2.19357
604050632 1.90989
604050640 2.49308
604050648 2.97977
604050656 3.22413
604050664 3.77249
604050456 2.06896
604050672 0.536637
604050680 2.3531
604050688 1.62644
604050696 2.48378
604050704 1.75731
604050712 3.1318
604050720 4.28085
604050464 1.82843
604050472 1.34301
604050480 1.29198
604050488 2.1524
604050496 2.51966
604050504 3.82349
604050952 2.13727
604051024 2.45569
604051032 3.39008
604051040 1.10914
604051048 1.90291
604051056 3.71474
604051064 1.23615
604051072 3.24734
604051080 3.15173
604051088 3.04892
604051096 3.75315
604050960 5.46297
604051104 1.96184
604051112 1.0999
604051120 2.21553
604051128 3.17752
604051136 3.85967
604051144 0.570779
604051152 2.63558
604051160 2.13718
604051168 2.17491
604051176 1.69955
604050968 2.51432
604051184 0.934878
604051192 2.45028
604051200 2.56857
604051208 2.64108
604051216 1.55604
604051224 2.71766
604051232 3.24476
604050976 2.32059
604050984 1.21757
604050992 2.11634
604051000 2.7272
604051008 2.22132
604051016 0.923446
604051464 4.10345
604051536 2.91343
604051544 2.32148
604051552 2.07458
604051560 2.60435
604051568 4.19221
604051576 3.8109
604051584 3.29898
604051592 3.41096
604051600 1.58226
604051608 2.97562
604051472 2.18041
604051616 2.3157
604051624 3.36334
604051632 2.09736
604051640 2.03118
604051648 3.1033
604051656 3.70557
604051664 1.64116
604051672 1.68481
604051680 1.08655
604051688 2.42974
604051480 1.45707
604051696 4.40897
604051704 3.24494
604051712 2.95879
604051720 1.35576
604051728 2.5251
604051736 2.97639
604051744 0.685691
604051488 2.57585
604051496 3.34106
604051504 4.33363
604051512 2.54704
604051520 4.19062
604051528 2.26319
604054024 0.827515
604054096 1.76304
604054104 2.94733
604054112 2.49879
604054120 2.37119
604054128 1.22621
604054136 2.46175
604054144 2.38522
604054152 2.8182
604054160 0.770496
604054032 1.6556
604054040 2.61173
604054048 1.00627
604054056 1.74014
604054064 2.99668
604054072 2.75159
604054080 3.00399
604054088 1.53138
604054536 2.76046
604054608 2.64539
604054616 2.96397
604054624 1.68617
604054632 3.54186
604054640 2.97525
604054648 3.67945
604054656 3.19217
604054664 2.45864
604054672 2.45797
604054680 2.38232
604054544 2.79776
604054688 2.10778
604054696 1.21832
604054704 3.46042
604054712 3.64181
604054720 1.97601
604054728 2.87933
604054736 1.72722
604054744 0.46691
604054752 2.28025
604054760 5.49371
604054552 2.42273
604054768 4.14478
604054776 1.91433
604054784 3.37261
604054792 1.90299
604054800 0.833405
604054808 1.78267
604054816 2.28209
604054560 2.25767
604054568 1.98761
604054576 2.57353
604054584 2.71307
604054592 3.72923
604054600 2.95455
604058120 2.65223
604058192 0.555761
604058200 1.95522
604058208 0.516024
604058216 -0.145868
604058224 4.01197
604058232 1.33103
604058240 1.39696
604058248 1.76018
604058256 2.08263
604058128 2.56633
604058136 2.6099
604058144 3.34117
604058152 1.85606
604058160 1.59694
604058168 3.32004
604058176 1.23301
604058184 3.90189
604058632 3.00247
604058704 1.7349
604058712 3.20592
604058720 3.98986
604058728 1.19036
604058736 3.39278
604058744 1.46878
604058752 -0.00393421
604058760 1.31965
604058768 3.2371
604058776 2.28871
604058640 2.46089
604058784 2.08505
604058792 2.39657
604058800 3.05317
604058808 1.83619
604058816 2.3348
604058824 1.75781
604058832 1.67144
604058840 3.67116
604058848 1.8047
604058856 1.94308
604058648 3.18522
604058864 2.86966
604058872 3.96248
604058880 1.45241
604058888 4.76648
604058896 2.21639
604058904 2.88115
604058912 0.632078
604058656 2.2048
604058664 2.03014
604058672 2.654
604058680 1.19852
604058688 2.59821
604058696 1.61578
604062216 3.43987
604062288 1.62933
604062296 3.91364
604062304 1.40196
604062312 2.40485
604062320 3.43573
604062328 2.11308
604062336 3.81388
604062344 1.46341
604062352 1.7554
604062224 1.32159
604062232 1.78612
604062240 1.13668
604062248 2.18276
604062256 1.6271
604062264 2.31982
604062272 4.20088
604062280 2.47026
604062728 0.732653
604062800 2.86122
604062808 2.07839
604062816 2.76152
604062824 2.24604
604062832 2.06382
604062840 3.67834
604062848 0.640519
604062856 3.24762
604062864 1.00324
604062872 1.62168
604062736 3.85504
604062880 2.93482
604062888 1.99362
604062896 3.54868
604062904 0.351049
604062912 0.501146
604062920 3.11214
604062928 2.30813
604062936 2.68453
604062944 2.22735
604062952 5.13231
604062744 2.12739
604062960 5.14618
604062968 2.04973
604062976 0.0771425
604062984 1.45535
604062992 4.6677
604063000 0.27169
604063008 1.56821
604062752 1.47326
604062760 1.83933
604062768 2.84993
604062776 2.23832
604062784 2.54982
604062792 1.85964
