637566980 -0.54825
637599748 0.949943
637632516 -2.93543
637566982 3.11989
637599750 4.01475
637632518 -3.15935
637566984 -15.8282
637599752 5.31518
637632520 0.671882
637566986 -5.8648
637599754 2.22948
637632522 -5.24969
637566989 5.47475
637632525 2.32308
637566993 -4.86417
637632529 -0.886712
637566997 6.20121
637632533 -3.39547
637567001 -7.79198
637632537 4.77651
637567005 0.678291
637632541 1.1537
637567108 2.25723
637599876 -1.32955
637632644 7.13276
637567110 -1.32297
637599878 -5.09807
637632646 9.66427
637567112 4.04016
637599880 4.97838
637632648 11.7094
637567114 5.28602
637599882 4.52049
637632650 5.52124
637567117 4.32638
637632653 -0.416447
637567121 5.10487
637632657 -5.87838
637567125 8.50734
637632661 -3.97512
637567129 -3.44312
637632665 0.705437
637567133 3.19274
637632669 4.14705
637567236 5.38406
637600004 6.53442
637632772 1.8919
637567238 2.87289
637600006 1.40396
637632774 -7.64573
637567240 1.52575
637600008 -6.24801
637632776 1.94148
637567242 -5.62642
637600010 3.77316
637632778 -2.21807
637567245 -0.927925
637632781 1.98242
637567249 0.469939
637632785 3.35778
637567253 3.40025
637632789 0.0247274
637567257 0.669699
637632793 -6.50361
637567261 10.1999
637632797 -3.8703
637567364 -10.0033
637600132 -3.73939
637632900 -5.90777
637567366 -4.8132
637600134 10.0657
637632902 4.36448
637567368 9.69303
637600136 -4.69573
637632904 -8.17894
637567370 0.277902
637600138 -3.3577
637632906 -1.58948
637567373 -0.571988
637632909 -0.129552
637567377 -7.0785
637632913 0.43841
637567381 6.61704
637632917 -1.73842
637567385 0.317941
637632921 1.8316
637567389 1.85351
637632925 8.57226
637567492 1.08777
637600260 -3.03081
637633028 -7.64577
637567494 4.85243
637600262 2.41655
637633030 0.463351
637567496 -7.24735
637600264 -12.533
637633032 6.66279
637567498 1.86912
637600266 -0.255423
637633034 3.60769
637567501 3.92872
637633037 1.31557
637567505 -4.85149
637633041 0.113582
637567509 -2.9909
637633045 3.13101
637567513 0.770356
637633049 1.50866
637567517 -4.88241
637633053 -1.24616
637567620 -4.62485
637600388 4.17009
637633156 -4.15142
637567622 1.74261
637600390 1.631
637633158 -0.835259
637567624 -1.90584
637600392 1.93343
637633160 -4.27454
637567626 -4.03159
637600394 -1.90478
637633162 -5.9056
637567629 9.33487
637633165 2.22477
637567633 -4.97273
637633169 -3.39858
637567637 -1.4782
637633173 6.30623
637567641 -14.1326
637633177 7.55448
637567645 2.56901
637633181 8.69499
637567757 0.0251438
637633293 6.15146
637567761 7.54069
637633297 0.00331819
637567765 -10.1268
637633301 -4.5161
637567769 2.83008
637633305 -5.79594
637567773 -9.55809
637633309 -10.869
637567885 4.60449
637633421 2.74938
637567889 5.84943
637633425 9.32703
637567893 6.52935
637633429 0.765314
637567897 2.55962
637633433 -3.1393
637567901 3.50424
637633437 2.64584
637568013 -2.81008
637633549 3.2293
637568017 4.04131
637633553 -9.74897
637568021 -5.40237
637633557 -1.55474
637568025 7.40741
637633561 -3.59782
637568029 2.42784
637633565 0.0298086
637568141 -0.336222
637633677 8.53511
637568145 -6.22653
637633681 4.13591
637568149 3.49544
637633685 -4.61481
637568153 1.79503
637633689 -1.06422
637568157 0.0718886
637633693 -1.95245
637568269 2.46336
637633805 -1.99954
637568273 -1.10068
637633809 0.180165
637568277 -0.14968
637633813 -0.0668611
637568281 -0.26237
637633817 5.14512
637568285 -1.79736
637633821 -1.9808
637568397 -2.6767
637633933 -2.26294
637568401 9.36669
637633937 -2.52591
637568405 6.76381
637633941 2.11004
637568409 -3.83077
637633945 -12.3055
637568413 -6.1029
637633949 -1.7245
637571076 -0.964312
637603844 1.30948
637636612 2.00939
637571078 -2.79966
637603846 2.95257
637636614 7.79661
637571080 2.43369
637603848 1.32935
637636616 -0.614873
637571082 1.5531
637603850 -7.74007
637636618 -14.6045
637571204 -4.1763
637603972 -3.83262
637636740 8.61637
637571206 2.4631
637603974 -7.22921
637636742 1.98934
637571208 -6.83659
637603976 -3.61622
637636744 2.51258
637571210 -1.17684
637603978 -2.93719
637636746 -5.90492
637571332 -1.30733
637604100 4.10243
637636868 -3.30163
637571334 2.74197
637604102 -9.74734
637636870 -3.09347
637571336 1.96458
637604104 4.14566
637636872 -3.49542
637571338 -2.9031
637604106 -1.07744
637636874 -2.28438
637571460 7.84067
637604228 -1.82744
637636996 -1.23245
637571462 -2.10323
637604230 -2.88649
637636998 -6.16042
637571464 -7.84099
637604232 -3.20089
637637000 6.64647
637571466 -3.31898
637604234 1.22743
637637002 8.29804
637571588 -1.41747
637604356 0.62095
637637124 0.670404
637571590 -2.21146
637604358 -2.11718
637637126 -0.208664
637571592 5.68841
637604360 -7.25456
637637128 6.9089
637571594 -7.22151
637604362 -4.18985
637637130 1.94308
637571716 2.48212
637604484 -3.6147
637637252 3.65236
637571718 4.14743
637604486 1.43399
637637254 9.63188
637571720 -2.59887
637604488 2.65129
637637256 -6.50771
637571722 -7.27841
637604490 -0.778229
637637258 3.95056
637575172 -6.33595
637607940 -1.03366
637640708 -4.92394
637575174 -4.79788
637607942 9.89951
637640710 1.51517
637575176 -1.79888
637607944 0.405213
637640712 -6.33561
637575178 -0.0748711
637607946 5.56466
637640714 6.26123
637575300 -0.0882322
637608068 -6.60782
637640836 1.66932
637575302 -4.74806
637608070 -0.72546
637640838 -6.31267
637575304 -3.39001
637608072 -1.88332
637640840 3.76965
637575306 -1.60423
637608074 -2.50018
637640842 -7.33383
637575428 -5.15268
637608196 -1.55812
637640964 -10.7352
637575430 -5.82587
637608198 -1.18181
637640966 -7.03436
637575432 1.58461
637608200 3.52565
637640968 -4.8347
637575434 0.745435
637608202 -4.22216
637640970 -0.198822
637575556 8.72811
637608324 4.13306
637641092 -1.93093
637575558 0.504006
637608326 -4.66653
637641094 4.47765
637575560 -8.24046
637608328 -0.483929
637641096 3.97375
637575562 0.917794
637608330 -3.05788
637641098 1.63833
637575684 -6.1682
637608452 -6.66116
637641220 3.18669
637575686 -3.4679
637608454 5.42775
637641222 1.48455
637575688 5.43826
637608456 -3.94814
637641224 4.93566
637575690 -3.92341
637608458 1.1025
637641226 1.18038
637575812 -7.4948
637608580 1.83546
637641348 7.55707
637575814 -8.39462
637608582 1.06256
637641350 6.04283
637575816 -5.68661
637608584 8.3923
637641352 2.85884
637575818 -3.4662
637608586 8.01506
637641354 0.424497
637579268 0.765138
637612036 -4.76876
637644804 3.89189
637579270 5.34724
637612038 -1.76508
637644806 0.332866
637579272 5.51425
637612040 -4.97524
637644808 -8.04122
637579274 5.52362
637612042 3.84446
637644810 -3.97011
637579396 7.44973
637612164 1.6487
637644932 8.32166
637579398 0.491653
637612166 1.18992
637644934 2.27996
637579400 -0.107862
637612168 1.26844
637644936 6.20492
637579402 -1.09422
637612170 0.0401733
637644938 4.46886
637579524 -2.5008
637612292 -9.22931
637645060 0.862653
637579526 -1.6866
637612294 -0.836017
637645062 5.81386
637579528 -3.93464
637612296 -1.63098
637645064 0.511446
637579530 -5.67424
637612298 -4.11606
637645066 -10.2008
637579652 3.21899
637612420 -8.93435
637645188 4.30834
637579654 -4.37931
637612422 4.85541
637645190 -8.20157
637579656 -8.02274
637612424 -1.72229
637645192 -3.50858
637579658 -3.2426
637612426 -9.18281
637645194 4.91979
637579780 0.282365
637612548 1.10628
637645316 -6.77544
637579782 -2.59312
637612550 0.968924
637645318 -9.24824
637579784 -4.81591
637612552 -3.44662
637645320 1.98027
637579786 4.82379
637612554 -2.01366
637645322 6.90943
637579908 5.40352
637612676 -5.38882
637645444 0.524653
637579910 2.39057
637612678 -5.35561
637645446 0.415672
637579912 -6.43054
637612680 -1.16537
637645448 1.72145
637579914 2.69822
637612682 -1.04053
637645450 3.06885
637583364 3.91677
637616132 -7.20584
637648900 0.596132
637583366 -4.28312
637616134 -2.68661
637648902 8.98275
637583368 4.38057
637616136 1.58621
637648904 7.98315
637583370 5.10259
637616138 -1.61969
637648906 -0.982994
637583492 -5.24587
637616260 -0.591482
637649028 -4.80903
637583494 -10.3164
637616262 -8.04172
637649030 3.47256
637583496 -2.08386
637616264 -6.71123
637649032 3.13604
637583498 -4.93018
637616266 7.95757
637649034 -0.678979
637583620 -2.74742
637616388 -2.75983
637649156 1.79837
637583622 8.54086
637616390 3.09743
637649158 10.6154
637583624 7.0988
637616392 1.05579
637649160 -0.5626
637583626 -4.36058
637616394 2.67402
637649162 -3.04797
637583748 9.00403
637616516 2.14851
637649284 -3.64874
637583750 1.22719
637616518 -2.54111
637649286 2.76716
637583752 3.34759
637616520 -2.67625
637649288 0.383747
637583754 4.00793
637616522 -1.477
637649290 1.96655
637583876 -10.8557
637616644 4.60437
637649412 2.22306
637583878 -2.60309
637616646 5.00627
637649414 8.35409
637583880 -3.80216
637616648 -1.82328
637649416 1.44324
637583882 1.8768
637616650 11.4619
637649418 4.32182
637584004 2.5049
637616772 -4.50782
637649540 1.13013
637584006 -6.66699
637616774 -4.31316
637649542 -2.2929
637584008 3.32935
637616776 1.36242
637649544 0.28473
637584010 5.71837
637616778 2.17353
637649546 2.00345
637587460 2.20414
637620228 -3.85812
637652996 -6.4373
637587462 1.1966
637620230 4.75233
637652998 1.79686
637587464 -2.62672
637620232 -5.3272
637653000 0.880106
637587466 2.30799
637620234 1.68841
637653002 -3.36382
637587588 -0.627363
637620356 9.3687
637653124 1.75695
637587590 -4.53461
637620358 2.7622
637653126 0.958532
637587592 -3.20002
637620360 2.84104
637653128 -1.88095
637587594 -10.6919
637620362 -9.36646
637653130 -2.10317
637587716 -3.69495
637620484 -0.613713
637653252 -3.15007
637587718 -4.69565
637620486 -4.32493
637653254 -4.80023
637587720 2.21372
637620488 -0.87906
637653256 -8.7906
637587722 -1.83006
637620490 -1.79431
637653258 -6.1714
637587844 2.6109
637620612 -4.84081
637653380 -2.57124
637587846 -5.2613
637620614 -4.9587
637653382 4.33851
637587848 6.78394
637620616 -5.20678
637653384 5.79193
637587850 3.02566
637620618 -0.0737251
637653386 1.05147
637587972 -12.3171
637620740 -7.38983
637653508 6.96771
637587974 0.478712
637620742 -2.43457
637653510 1.77061
637587976 2.31474
637620744 -0.568067
637653512 10.0303
637587978 -6.68392
637620746 4.80617
637653514 8.14234
637588100 -0.578392
637620868 -3.58589
637653636 4.8912
637588102 -1.93483
637620870 -8.96537
637653638 7.34389
637588104 4.80965
637620872 2.36795
637653640 3.56476
637588106 6.74037
637620874 8.56063
637653642 6.45055
637569037 -1.40058
637634573 -1.66342
637569041 1.03053
637634577 4.38958
637569045 14.0513
637634581 -0.115735
637569049 0.433612
637634585 10.5141
637569053 -5.31033
637634589 -6.58589
637569165 -9.4821
637634701 3.29065
637569169 9.53897
637634705 -2.23044
637569173 -5.19275
637634709 -1.88744
637569177 3.25538
637634713 -2.41946
637569181 1.86303
637634717 3.35213
637569293 -2.47989
637634829 4.71531
637569297 6.37194
637634833 2.47024
637569301 -2.79159
637634837 -4.39933
637569305 0.120204
637634841 -1.34416
637569309 -5.67875
637634845 -5.50263
637569421 7.66378
637634957 -7.40463
637569425 -7.67853
637634961 3.2624
637569429 -4.43217
637634965 -2.36009
637569433 3.14271
637634969 8.30328
637569437 -3.06829
637634973 0.58363
637569549 -7.12342
637635085 -7.47465
637569553 2.34774
637635089 -5.13436
637569557 -4.07156
637635093 11.5021
637569561 -3.9247
637635097 1.31454
637569565 -1.57977
637635101 3.15488
637569677 -3.61592
637635213 -5.14304
637569681 1.76213
637635217 6.94876
637569685 5.30907
637635221 -1.07233
637569689 6.64069
637635225 -2.49184
637569693 -1.52343
637635229 1.4716
637569805 0.697328
637635341 5.11447
637569809 -0.78532
637635345 -4.70059
637569813 -0.889819
637635349 -2.608
637569817 -6.13829
637635353 2.4109
637569821 1.15355
637635357 -0.670533
637569933 8.07542
637635469 10.7987
637569937 5.33386
637635473 -6.04296
637569941 -0.310374
637635477 -6.31196
637569945 2.05802
637635481 -5.77593
637569949 2.51641
637635485 -1.38074
637570061 8.78131
637635597 -1.74917
637570065 -5.83978
637635601 7.33768
637570069 6.67261
637635605 -5.94483
637570073 0.570371
637635609 9.12798
637570077 0.466451
637635613 1.89271
637570189 0.538561
637635725 2.19573
637570193 -2.83092
637635729 10.5243
637570197 0.784778
637635733 -3.09858
637570201 6.96165
637635737 2.15107
637570205 1.07838
637635741 -0.599663
637570317 5.20164
637635853 2.47448
637570321 4.98447
637635857 -3.57837
637570325 1.48539
637635861 -1.05006
637570329 0.284051
637635865 -0.104213
637570333 -3.83373
637635869 0.472037
637570445 -1.17203
637635981 -1.49497
637570449 -6.32186
637635985 4.24793
637570453 -4.64299
637635989 3.53618
637570457 -5.48346
637635993 5.66016
637570461 -2.35404
637635997 6.93627
637567012 2.55194
637599780 -2.55185
637632548 0.650249
637567014 7.35478
637599782 -2.86672
637632550 2.13922
637567016 4.92785
637599784 -1.9431
637632552 6.15835
637567018 2.54482
637599786 -3.34368
637632554 -6.77141
637567021 -0.432436
637632557 -0.566149
637567025 0.491478
637599793 -1.31324
637632561 -3.27748
637567029 0.635068
637599797 -0.918134
637632565 2.24436
637567033 2.71832
637599801 1.76764
637632569 -7.09806
637567037 0.705728
637632573 -3.62464
637567140 4.65699
637599908 9.1784
637632676 -3.03216
637567142 -1.97991
637599910 8.13425
637632678 -5.45238
637567144 3.24324
637599912 -0.80503
637632680 4.18706
637567146 -1.16718
637599914 3.66135
637632682 2.27936
637567149 1.87652
637632685 -3.10032
637567153 -0.832569
637599921 9.16033
637632689 -0.647561
637567157 4.57215
637599925 -4.71841
637632693 -1.62149
637567161 3.11847
637599929 3.07312
637632697 -7.15776
637567165 -1.19949
637632701 3.96635
637567268 -6.45604
637600036 -4.32158
637632804 7.77485
637567270 11.9852
637600038 -3.42922
637632806 -3.92669
637567272 4.77994
637600040 -8.14715
637632808 3.09504
637567274 -3.2702
637600042 -5.10388
637632810 -3.41113
637567277 4.51393
637632813 7.41892
637567281 1.35133
637600049 2.55154
637632817 -4.90282
637567285 7.58922
637600053 -2.03227
637632821 2.74213
637567289 0.235447
637600057 -0.0454762
637632825 -2.93607
637567293 4.00439
637632829 -2.73172
637567396 2.24239
637600164 3.5466
637632932 -0.93074
637567398 6.63827
637600166 2.15053
637632934 -0.751094
637567400 -2.83714
637600168 -0.786629
637632936 0.627926
637567402 -4.57982
637600170 -1.54031
637632938 -5.04178
637567405 -5.36065
637632941 8.47125
637567409 9.72273
637600177 -2.88832
637632945 -6.44361
637567413 -3.12012
637600181 1.13076
637632949 -2.69126
637567417 -10.8377
637600185 -0.711493
637632953 1.39733
637567421 -4.78476
637632957 -8.19408
637567524 -1.1308
637600292 6.94307
637633060 -7.15574
637567526 0.103061
637600294 -2.11959
637633062 0.108212
637567528 7.23231
637600296 7.24377
637633064 0.242693
637567530 0.168677
637600298 8.1504
637633066 3.59255
637567533 -6.19443
637633069 -2.44399
637567537 8.99957
637600305 1.10842
637633073 0.0803913
637567541 -0.825005
637600309 -8.36781
637633077 8.77578
637567545 4.19786
637600313 7.39292
637633081 -4.72117
637567549 0.862949
637633085 1.20873
637567652 -9.7234
637600420 7.99697
637633188 1.35487
637567654 8.24246
637600422 -1.17154
637633190 4.27213
637567656 -5.52633
637600424 -6.55684
637633192 -5.6293
637567658 8.69403
637600426 -3.89107
637633194 -5.76237
637567661 1.92521
637633197 -6.32594
637567665 -7.65684
637600433 -2.22025
637633201 -1.26894
637567669 8.21723
637600437 -6.9022
637633205 5.91116
637567673 4.1
637600441 -2.52032
637633209 12.6542
637567677 -1.11402
637633213 -7.59657
637567789 0.88361
637633325 -1.96344
637567793 -0.429656
637600561 -2.34706
637633329 1.90177
637567797 4.26777
637600565 -6.88411
637633333 -3.41253
637567801 4.95288
637600569 5.82909
637633337 2.0374
637567805 0.790624
637633341 -0.403845
637567917 2.18364
637633453 -7.75924
637567921 -4.37603
637600689 -1.06091
637633457 -2.39383
637567925 0.618183
637600693 2.96435
637633461 -8.64822
637567929 1.58474
637600697 4.54272
637633465 -7.50829
637567933 5.39234
637633469 3.97525
637568045 2.32245
637633581 4.94347
637568049 2.78488
637600817 -3.19391
637633585 -1.69567
637568053 -0.935527
637600821 -4.63996
637633589 -3.21743
637568057 1.08091
637600825 3.6008
637633593 -0.123215
637568061 0.359735
637633597 -4.84655
637568173 0.126894
637633709 0.48143
637568177 8.06279
637600945 4.26403
637633713 -2.2689
637568181 -2.13643
637600949 1.68417
637633717 5.92982
637568185 4.95441
637600953 2.01023
637633721 3.45976
637568189 11.4651
637633725 3.61925
637568301 0.741023
637633837 2.76244
637568305 -5.16148
637601073 -2.24535
637633841 -1.42847
637568309 1.69973
637601077 7.96455
637633845 4.31094
637568313 9.09913
637601081 -0.232772
637633849 1.07634
637568317 -1.97497
637633853 2.43239
637568429 7.36599
637633965 2.04155
637568433 -2.40397
637601201 -2.32407
637633969 -2.72856
637568437 -0.975447
637601205 -8.15139
637633973 -2.50445
637568441 11.349
637601209 0.795294
637633977 5.89215
637568445 -5.62808
637633981 -0.839428
637571108 4.84519
637603876 -1.37107
637636644 -6.96878
637571110 11.7085
637603878 -0.826095
637636646 3.36007
637571112 1.91452
637603880 -3.33548
637636648 -10.9151
637571114 -4.75357
637603882 1.51555
637636650 1.23981
637571236 -7.23892
637604004 1.24208
637636772 5.76077
637571238 -0.199481
637604006 -4.05821
637636774 0.755676
637571240 -3.96103
637604008 -9.59677
637636776 7.08903
637571242 0.914797
637604010 -2.92922
637636778 -3.35629
637571364 3.67051
637604132 -2.39494
637636900 -2.99231
637571366 -1.79346
637604134 -1.83694
637636902 1.53633
637571368 -7.76622
637604136 -4.07152
637636904 4.76844
637571370 -7.30509
637604138 0.483891
637636906 4.51364
637571492 -1.04959
637604260 -0.963029
637637028 -3.10425
637571494 -13.7708
637604262 11.87
637637030 -1.44643
637571496 -9.06338
637604264 9.2239
637637032 -8.26703
637571498 9.12057
637604266 -1.30471
637637034 -1.79452
637571620 9.16382
637604388 4.0483
637637156 -4.73096
637571622 2.76485
637604390 -7.22604
637637158 11.1607
637571624 -4.98797
637604392 7.76556
637637160 -3.66994
637571626 4.08293
637604394 -5.79989
637637162 1.50438
637571748 1.87062
637604516 2.91401
637637284 -5.5289
637571750 -7.05595
637604518 -5.04092
637637286 3.94694
637571752 2.1682
637604520 -1.87501
637637288 -5.9375
637571754 -8.6758
637604522 -9.98652
637637290 -0.921451
637575204 -8.47902
637607972 -5.37614
637640740 4.63229
637575206 6.34904
637607974 -2.1639
637640742 12.0304
637575208 -6.21529
637607976 -6.4498
637640744 -0.0663373
637575210 -7.8237
637607978 -13.1385
637640746 2.66977
637575332 1.16903
637608100 3.12282
637640868 -1.17691
637575334 10.901
637608102 13.3244
637640870 11.6391
637575336 -3.32358
637608104 -7.72015
637640872 -3.0822
637575338 -2.83478
637608106 0.520802
637640874 0.838208
637575460 3.76086
637608228 -5.86507
637640996 -3.44849
637575462 -4.08416
637608230 1.68883
637640998 4.28489
637575464 -5.58702
637608232 -6.29782
637641000 -2.64148
637575466 -4.93016
637608234 -6.33828
637641002 5.91971
637575588 7.67439
637608356 -9.40671
637641124 2.8087
637575590 0.894566
637608358 5.062
637641126 12.7649
637575592 4.36666
637608360 -3.1381
637641128 0.2388
637575594 2.50141
637608362 -1.43872
637641130 -1.52518
637575716 10.8738
637608484 -6.07607
637641252 7.94337
637575718 7.23394
637608486 -0.154209
637641254 -7.0034
637575720 0.865809
637608488 7.30733
637641256 2.01571
637575722 8.98586
637608490 3.85018
637641258 -4.74799
637575844 -6.61579
637608612 2.69666
637641380 -2.70175
637575846 -3.75998
637608614 -3.66616
637641382 -10.2029
637575848 0.34782
637608616 -3.85712
637641384 -0.973215
637575850 1.7853
637608618 0.954332
637641386 -4.03845
637579300 -2.64881
637612068 -1.50174
637644836 2.06657
637579302 -2.73617
637612070 0.73776
637644838 -1.10521
637579304 -0.282195
637612072 8.85609
637644840 -7.86795
637579306 5.1101
637612074 -0.707379
637644842 6.69735
637579428 -5.87414
637612196 4.74699
637644964 5.36343
637579430 -4.06726
637612198 0.602187
637644966 0.245853
637579432 3.37666
637612200 -2.10426
637644968 -4.99732
637579434 1.50747
637612202 4.78385
637644970 5.55762
637579556 3.4789
637612324 10.1022
637645092 -0.865703
637579558 7.14573
637612326 4.47953
637645094 5.48837
637579560 2.24604
637612328 -2.1389
637645096 2.60925
637579562 -1.23188
637612330 -2.30387
637645098 -4.13743
637579684 1.18105
637612452 7.61986
637645220 -4.72273
637579686 3.2641
637612454 1.40675
637645222 2.11205
637579688 -2.03921
637612456 -7.97148
637645224 5.72756
637579690 6.04361
637612458 2.89079
637645226 -0.767458
637579812 4.1982
637612580 2.33123
637645348 -2.65255
637579814 3.18403
637612582 6.05237
637645350 1.81278
637579816 -6.35976
637612584 -2.8909
637645352 -1.27265
637579818 1.16523
637612586 0.645376
637645354 -6.19782
637579940 8.62265
637612708 -1.68587
637645476 4.18905
637579942 -10.3347
637612710 4.48996
637645478 -0.977447
637579944 0.0938128
637612712 -8.63967
637645480 -3.76405
637579946 2.33471
637612714 0.331974
637645482 7.05232
637583396 1.73364
637616164 1.39427
637648932 5.82313
637583398 -2.62308
637616166 2.01976
637648934 -0.481746
637583400 -4.3382
637616168 -2.19592
637648936 -11.6299
637583402 -2.17603
637616170 14.5504
637648938 2.58523
637583524 -2.29212
637616292 -4.96686
637649060 -0.809088
637583526 8.18749
637616294 0.755719
637649062 13.5646
637583528 6.18713
637616296 -8.7121
637649064 -6.34082
637583530 -1.20955
637616298 9.78602
637649066 3.70577
637583652 -7.47831
637616420 2.09562
637649188 -0.526827
637583654 6.31681
637616422 -7.03176
637649190 4.59977
637583656 3.4913
637616424 7.00943
637649192 -1.61803
637583658 8.93119
637616426 -6.46067
637649194 1.65675
637583780 -0.494756
637616548 -9.50728
637649316 -5.53945
637583782 3.21481
637616550 -2.73983
637649318 8.46883
637583784 -7.18672
637616552 0.338675
637649320 -4.96537
637583786 -0.782125
637616554 0.831303
637649322 -5.53911
637583908 -4.65217
637616676 -10.6041
637649444 0.348023
637583910 2.6059
637616678 2.05631
637649446 0.175053
637583912 -1.52471
637616680 1.47921
637649448 2.83641
637583914 -0.0563914
637616682 2.82793
637649450 -0.259688
637584036 4.17356
637616804 -0.572427
637649572 -1.8362
637584038 -8.03762
637616806 9.03399
637649574 4.58581
637584040 -1.76833
637616808 1.08967
637649576 -1.48544
637584042 4.91388
637616810 -1.13457
637649578 -9.05298
637587492 -11.156
637620260 -1.1462
637653028 2.62052
637587494 -3.72378
637620262 -3.59525
637653030 1.75017
637587496 -5.41452
637620264 -1.98721
637653032 2.70044
637587498 14.3044
637620266 -5.78026
637653034 -9.08405
637587620 -10.5439
637620388 4.73355
637653156 9.29414
637587622 -1.65067
637620390 1.36635
637653158 5.26656
637587624 -0.449938
637620392 1.83865
637653160 3.35567
637587626 -4.25921
637620394 0.54285
637653162 1.0488
637587748 8.15176
637620516 1.71282
637653284 -4.01811
637587750 -10.1132
637620518 -0.272404
637653286 3.4495
637587752 2.50399
637620520 1.59899
637653288 -0.859246
637587754 -5.47321
637620522 1.4297
637653290 3.8221
637587876 -3.11263
637620644 8.6127
637653412 6.50327
637587878 -3.03278
637620646 2.80454
637653414 -0.217104
637587880 -1.46679
637620648 2.50377
637653416 -6.21659
637587882 0.23028
637620650 0.563443
637653418 -1.29345
637588004 -9.39387
637620772 0.335233
637653540 -1.33934
637588006 -9.60143
637620774 7.52775
637653542 -5.46113
637588008 -3.89029
637620776 -5.44938
637653544 0.658035
637588010 -5.26683
637620778 -2.36669
637653546 4.25287
637588132 -5.85404
637620900 1.43539
637653668 3.59295
637588134 0.732752
637620902 1.16547
637653670 -4.8489
637588136 4.75373
637620904 -0.735252
637653672 2.74255
637588138 5.85943
637620906 2.08634
637653674 -1.07988
637569069 -0.149211
637601837 5.52023
637634605 -3.07696
637569073 3.28933
637634609 0.916099
637569077 -3.08305
637634613 2.43509
637569081 0.838049
637634617 -4.56406
637569085 4.59313
637601853 9.10778
637634621 7.08599
637569197 10.2195
637601965 -6.97062
637634733 1.75171
637569201 1.52304
637634737 8.48474
637569205 -7.69302
637634741 -1.17723
637569209 -3.88743
637634745 -3.2283
637569213 -0.506909
637601981 6.2705
637634749 -5.00332
637569325 6.02154
637602093 -2.42383
637634861 -0.776444
637569329 -6.08778
637634865 -1.44965
637569333 0.412793
637634869 1.29793
637569337 0.0162198
637634873 -11.8172
637569341 -7.64125
637602109 -3.9
637634877 9.45985
637569453 -3.9176
637602221 -2.92809
637634989 4.71191
637569457 -3.83212
637634993 -3.75671
637569461 -1.16054
637634997 -12.0736
637569465 0.191253
637635001 2.805
637569469 -2.02181
637602237 -8.0597
637635005 -5.70522
637569581 -5.71951
637602349 4.1747
637635117 -2.9255
637569585 10.6355
637635121 4.70883
637569589 -3.62257
637635125 0.909066
637569593 0.819475
637635129 -1.64116
637569597 -1.41705
637602365 1.22114
637635133 9.26074
637569709 6.62115
637602477 5.51925
637635245 6.76602
637569713 0.0103386
637635249 -15.1778
637569717 0.913175
637635253 -3.22627
637569721 -1.87813
637635257 0.624317
637569725 4.63932
637602493 -13.0733
637635261 1.24209
637569837 7.6138
637602605 4.9538
637635373 1.84104
637569841 -0.671191
637635377 1.86375
637569845 2.43019
637635381 4.97484
637569849 -0.266644
637635385 2.02549
637569853 -7.32004
637602621 -2.56998
637635389 5.85655
637569965 -5.55435
637602733 2.95911
637635501 -2.42386
637569969 1.24339
637635505 -3.49884
637569973 3.39917
637635509 -3.80452
637569977 -5.41713
637635513 4.04364
637569981 0.112981
637602749 0.099068
637635517 5.58393
637570093 -0.35856
637602861 -8.67298
637635629 1.32735
637570097 -1.08062
637635633 6.66962
637570101 1.16607
637635637 3.40504
637570105 1.12131
637635641 -5.19747
637570109 -6.34946
637602877 -2.00517
637635645 5.21684
637570221 6.79642
637602989 -0.184994
637635757 -2.04961
637570225 9.01368
637635761 5.9395
637570229 4.57097
637635765 1.72827
637570233 -1.29668
637635769 -7.76166
637570237 6.66702
637603005 1.68167
637635773 4.52691
637570349 7.44072
637603117 6.1771
637635885 -5.58441
637570353 1.69668
637635889 2.87723
637570357 1.92944
637635893 -0.780204
637570361 4.83966
637635897 -0.172631
637570365 -0.673455
637603133 -0.220438
637635901 2.2052
637570477 4.9296
637603245 -3.99146
637636013 5.64423
637570481 1.08124
637636017 -13.2667
637570485 -2.71508
637636021 4.80077
637570489 -3.56992
637636025 7.13619
637570493 8.66622
637603261 -2.97787
637636029 -1.82936
637567044 -3.50679
637599812 -7.23392
637632580 -0.950269
637567046 10.4973
637599814 6.0576
637632582 -1.50175
637567048 0.0467581
637599816 -8.62072
637632584 -7.83183
637567050 -0.856855
637599818 9.80011
637632586 3.14825
637567053 0.434042
637632589 9.41489
637567057 -1.28917
637632593 -3.7985
637567061 4.03584
637632597 -6.68082
637567065 -9.85595
637632601 -2.81629
637567069 4.3935
637632605 -0.333433
637567172 0.425769
637599940 3.56586
637632708 -2.26245
637567174 -6.48139
637599942 6.53209
637632710 -8.05328
637567176 -2.73921
637599944 -1.79558
637632712 9.82359
637567178 8.61348
637599946 3.13522
637632714 -6.77053
637567181 8.82444
637632717 -2.78464
637567185 0.643933
637632721 0.529574
637567189 0.506817
637632725 4.83914
637567193 -1.18718
637632729 -0.113078
637567197 9.88177
637632733 -1.48657
637567300 -6.01894
637600068 1.43446
637632836 0.466809
637567302 2.23113
637600070 0.471803
637632838 3.50802
637567304 -0.359965
637600072 -6.31344
637632840 -1.60038
637567306 3.60512
637600074 2.81383
637632842 2.25302
637567309 -3.45881
637632845 -5.72358
637567313 -1.6876
637632849 -4.02444
637567317 -2.66162
637632853 3.78016
637567321 3.8152
637632857 7.34989
637567325 1.54176
637632861 1.08558
637567428 -5.91976
637600196 2.72436
637632964 -0.396718
637567430 -3.30007
637600198 -6.3861
637632966 3.54585
637567432 5.35544
637600200 -0.12386
637632968 5.0063
637567434 -1.56026
637600202 -7.29867
637632970 5.3776
637567437 6.5631
637632973 8.83539
637567441 -3.1551
637632977 -1.41736
637567445 0.442557
637632981 -0.469271
637567449 8.09634
637632985 0.45442
637567453 -6.2365
637632989 1.95342
637567556 -2.22863
637600324 10.2476
637633092 -1.79068
637567558 4.00087
637600326 -5.9701
637633094 0.993078
637567560 -1.74706
637600328 8.54552
637633096 -7.47874
637567562 2.68511
637600330 6.06002
637633098 1.4611
637567565 8.52627
637633101 -3.68559
637567569 -1.47523
637633105 2.76211
637567573 -2.5384
637633109 -6.44832
637567577 -7.86129
637633113 -4.65368
637567581 4.6494
637633117 1.27935
637567684 4.09771
637600452 -1.98543
637633220 5.89032
637567686 -11.4754
637600454 1.98723
637633222 4.17494
637567688 3.50189
637600456 -1.78917
637633224 -5.9782
637567690 -0.056643
637600458 -2.38528
637633226 7.78622
637567693 6.12202
637633229 2.50041
637567697 -4.19474
637633233 -1.80806
637567701 -14.8473
637633237 -9.29901
637567705 -2.61111
637633241 4.99692
637567709 -0.545113
637633245 4.37314
637567821 -1.32553
637633357 -7.91587
637567825 0.704215
637633361 8.86209
637567829 13.7362
637633365 -4.46277
637567833 -4.21103
637633369 0.20118
637567837 1.12045
637633373 -5.58328
637567949 -0.978394
637633485 2.38201
637567953 3.95708
637633489 0.455481
637567957 0.612084
637633493 6.53394
637567961 7.72739
637633497 -5.47149
637567965 -6.70956
637633501 -0.582614
637568077 2.96541
637633613 -7.22523
637568081 4.60013
637633617 0.618189
637568085 4.61727
637633621 1.9233
637568089 2.32077
637633625 -4.30743
637568093 -2.72759
637633629 2.46979
637568205 -4.43672
637633741 -5.89269
637568209 -2.53318
637633745 -0.657026
637568213 4.2879
637633749 -0.763421
637568217 4.71251
637633753 -0.163837
637568221 -7.60692
637633757 3.94279
637568333 -1.54119
637633869 3.37988
637568337 0.677407
637633873 -3.22571
637568341 4.61652
637633877 2.44291
637568345 3.63121
637633881 -0.664801
637568349 -1.42951
637633885 1.34971
637568461 -2.86731
637633997 -3.50436
637568465 2.23212
637634001 -11.3165
637568469 5.68803
637634005 2.49442
637568473 4.27306
637634009 1.71725
637568477 -6.25931
637634013 8.0085
637571140 10.3305
637603908 10.377
637636676 2.72715
637571142 -0.246426
637603910 -5.5239
637636678 4.00271
637571144 -8.03618
637603912 9.66712
637636680 -0.92125
637571146 -1.6769
637603914 6.32846
637636682 1.10504
637571149 -2.39264
637636685 4.54378
637571153 9.78245
637636689 -9.1197
637571157 -6.94656
637636693 -2.02348
637571161 1.75744
637636697 -5.24673
637571165 7.5177
637636701 3.30281
637571268 -3.84015
637604036 -5.6761
637636804 1.89419
637571270 -1.97124
637604038 -2.65894
637636806 -3.39155
637571272 1.83247
637604040 -5.16683
637636808 5.79122
637571274 -5.5427
637604042 -1.33796
637636810 2.72943
637571277 -8.02047
637636813 5.17738
637571281 -3.51653
637636817 -0.702168
637571285 -8.72799
637636821 1.58386
637571289 -0.935545
637636825 -0.165209
637571293 -7.38429
637636829 2.43781
637571396 1.73856
637604164 2.58247
637636932 -0.815853
637571398 6.09098
637604166 -0.18728
637636934 7.12369
637571400 -0.492857
637604168 4.60612
637636936 0.779806
637571402 9.51133
637604170 10.2285
637636938 -4.16142
637571405 -1.03771
637636941 1.41187
637571409 2.51197
637636945 2.78577
637571413 4.3169
637636949 -8.46113
637571417 9.64182
637636953 11.5226
637571421 0.541407
637636957 4.87229
637571524 -1.26547
637604292 -1.38268
637637060 -5.41353
637571526 9.81776
637604294 1.9392
637637062 4.81889
637571528 5.21436
637604296 -6.50308
637637064 1.27169
637571530 1.03454
637604298 1.3652
637637066 5.1634
637571533 -9.4176
637637069 1.73724
637571537 4.35305
637637073 2.48484
637571541 8.21794
637637077 -5.03874
637571545 -8.2576
637637081 -11.1268
637571549 -3.55051
637637085 1.2243
637571652 -4.7746
637604420 8.17418
637637188 2.21396
637571654 -9.48472
637604422 7.29972
637637190 -2.43009
637571656 4.05655
637604424 -3.78216
637637192 -3.81211
637571658 8.96921
637604426 -3.65301
637637194 -1.85937
637571661 9.21826
637637197 0.394787
637571665 0.435809
637637201 0.670543
637571669 -3.26967
637637205 3.72135
637571673 -10.0767
637637209 4.89864
637571677 0.819228
637637213 1.88208
637571780 10.91
637604548 -3.50288
637637316 2.64003
637571782 4.9765
637604550 1.59788
637637318 -3.66491
637571784 -3.9753
637604552 0.780538
637637320 -7.59104
637571786 0.946468
637604554 2.56301
637637322 0.905493
637571789 2.75234
637637325 -1.605
637571793 1.64242
637637329 5.59905
637571797 -4.89059
637637333 -2.9646
637571801 -1.49782
637637337 -9.75422
637571805 -6.56521
637637341 -3.2352
637571917 3.22578
637637453 21.1606
637571921 4.93794
637637457 2.05854
637571925 13.8344
637637461 6.67107
637571929 -1.85681
637637465 2.04831
637571933 -1.02714
637637469 -5.35897
637572045 -1.54597
637637581 -7.23261
637572049 4.63658
637637585 -6.48979
637572053 -3.21904
637637589 2.57039
637572057 2.39627
637637593 2.53041
637572061 1.87443
637637597 -0.134923
637572173 6.74608
637637709 8.87974
637572177 4.52471
637637713 0.938788
637572181 -5.46798
637637717 -6.7242
637572185 -1.70628
637637721 1.90151
637572189 0.916001
637637725 6.53431
637572301 5.35194
637637837 2.18995
637572305 -2.97959
637637841 4.74279
637572309 -8.56076
637637845 6.59618
637572313 0.269783
637637849 -2.13872
637572317 2.53646
637637853 -6.75826
637572429 1.40805
637637965 -5.98419
637572433 5.69658
637637969 -3.19307
637572437 0.873466
637637973 -2.23667
637572441 -3.36241
637637977 -4.45148
637572445 1.55599
637637981 -6.07981
637572557 0.188331
637638093 -0.915522
637572561 4.05094
637638097 -4.99674
637572565 6.48066
637638101 -2.27462
637572569 -1.98494
637638105 3.5013
637572573 -0.838747
637638109 -2.45643
637575236 9.5982
637608004 2.19387
637640772 2.29608
637575238 11.1321
637608006 -5.28526
637640774 3.16202
637575240 1.09443
637608008 11.0247
637640776 -4.27966
637575242 6.9847
637608010 -1.02197
637640778 -0.891213
637575364 -2.16905
637608132 -2.17188
637640900 1.36086
637575366 -1.74117
637608134 6.30699
637640902 -2.54467
637575368 -2.41996
637608136 1.45554
637640904 -4.62635
637575370 -12.6961
637608138 5.83009
637640906 6.19315
637575492 -9.5225
637608260 -7.44509
637641028 4.73128
637575494 2.38461
637608262 4.17217
637641030 7.2563
637575496 10.4334
637608264 -1.5007
637641032 6.04736
637575498 -5.64556
637608266 -1.76799
637641034 3.06889
637575620 6.52181
637608388 1.56696
637641156 -3.62709
637575622 -0.465307
637608390 -6.90488
637641158 -9.15821
637575624 2.34541
637608392 8.01526
637641160 5.68002
637575626 12.9686
637608394 2.18456
637641162 3.69238
637575748 0.841124
637608516 -0.628392
637641284 -3.59603
637575750 1.71203
637608518 2.46098
637641286 -6.95864
637575752 3.83741
637608520 -4.79698
637641288 -7.96345
637575754 5.79298
637608522 2.61227
637641290 -6.74625
637575876 11.8253
637608644 3.16624
637641412 -2.51537
637575878 5.07301
637608646 4.04681
637641414 0.559114
637575880 -0.983411
637608648 5.7311
637641416 0.292729
637575882 -6.93887
637608650 2.1696
637641418 -6.13099
637579332 -5.98872
637612100 -3.97657
637644868 -7.4906
637579334 -3.22018
637612102 1.06915
637644870 3.34928
637579336 -3.49405
637612104 1.45186
637644872 6.14421
637579338 -1.92218
637612106 5.44485
637644874 9.08542
637579460 -11.4303
637612228 -15.1895
637644996 2.00763
637579462 3.77243
637612230 -2.01572
637644998 4.4683
637579464 6.00796
637612232 11.0613
637645000 -0.167487
637579466 11.726
637612234 4.40902
637645002 8.70371
637579588 1.71647
637612356 3.16014
637645124 -4.22075
637579590 8.78713
637612358 -3.91066
637645126 6.24052
637579592 -4.36018
637612360 3.08687
637645128 3.49377
637579594 2.79666
637612362 0.193993
637645130 6.57722
637579716 -3.77566
637612484 -13.7725
637645252 -0.940127
637579718 2.60303
637612486 6.72714
637645254 0.681932
637579720 -2.70878
637612488 -0.432353
637645256 -13.0321
637579722 -2.96072
637612490 -3.53864
637645258 8.86958
637579844 -2.8002
637612612 0.884311
637645380 -3.80932
637579846 -6.88001
637612614 1.0925
637645382 0.880233
637579848 0.254426
637612616 1.84367
637645384 -8.2322
637579850 -0.41692
637612618 -1.90983
637645386 -3.76438
637579972 -7.91822
637612740 -0.791483
637645508 -10.0577
637579974 -4.53526
637612742 -5.02862
637645510 -2.6074
637579976 -1.46741
637612744 5.32592
637645512 -0.869825
637579978 4.2777
637612746 -0.0579055
637645514 -1.92479
637583428 5.79861
637616196 4.55392
637648964 -3.45429
637583430 -1.47592
637616198 -0.249955
637648966 5.45745
637583432 -1.59085
637616200 -3.69791
637648968 -0.881328
637583434 4.14641
637616202 5.39055
637648970 4.44524
637583556 7.19789
637616324 4.54838
637649092 -3.02768
637583558 -0.245642
637616326 -4.86518
637649094 1.53605
637583560 -7.43886
637616328 0.457181
637649096 -0.74375
637583562 -5.58049
637616330 2.84642
637649098 2.09959
637583684 -1.58854
637616452 9.20286
637649220 1.02884
637583686 0.722568
637616454 -2.90618
637649222 -5.38299
637583688 2.96537
637616456 1.64902
637649224 3.33647
637583690 -0.118509
637616458 -8.43208
637649226 -2.87851
637583812 5.3231
637616580 -7.19027
637649348 -1.29059
637583814 0.583078
637616582 3.35781
637649350 4.27675
637583816 2.03829
637616584 4.05944
637649352 0.783966
637583818 9.05561
637616586 -10.6287
637649354 -0.775539
637583940 -1.17958
637616708 6.8317
637649476 -2.33933
637583942 -1.40826
637616710 -0.0233849
637649478 3.50307
637583944 5.12772
637616712 -0.809561
637649480 6.42092
637583946 -7.45597
637616714 -1.83291
637649482 -4.79554
637584068 -7.47267
637616836 -2.60016
637649604 3.14271
637584070 4.29636
637616838 -1.32213
637649606 -0.0596502
637584072 -5.04268
637616840 4.41629
637649608 8.13296
637584074 -5.54222
637616842 -7.60557
637649610 2.46082
637587524 -3.44266
637620292 4.26491
637653060 10.3782
637587526 -1.8969
637620294 -2.08028
637653062 -0.483761
637587528 0.482675
637620296 -4.61901
637653064 -0.730321
637587530 2.33703
637620298 3.67705
637653066 6.24756
637587652 9.85623
637620420 -1.60951
637653188 5.00972
637587654 -1.53264
637620422 7.10811
637653190 12.1731
637587656 3.89712
637620424 -1.75103
637653192 7.89877
637587658 -5.14154
637620426 -8.5663
637653194 2.37674
637587780 -0.661188
637620548 1.02025
637653316 -8.31347
637587782 -0.343512
637620550 -3.76709
637653318 0.170582
637587784 0.205904
637620552 2.42727
637653320 0.552751
637587786 -6.32436
637620554 -7.03301
637653322 -4.80875
637587908 5.46471
637620676 1.11393
637653444 6.6064
637587910 5.64066
637620678 1.014
637653446 -2.35201
637587912 -1.69866
637620680 7.24257
637653448 -6.32317
637587914 -5.17034
637620682 3.1259
637653450 -6.30544
637588036 0.61766
637620804 -7.48051
637653572 0.455599
637588038 -0.351461
637620806 3.53202
637653574 -3.20235
637588040 4.05828
637620808 -9.66692
637653576 7.41173
637588042 5.09441
637620810 -3.98497
637653578 -1.16998
637588164 1.73733
637620932 -3.45249
637653700 3.43009
637588166 0.0165831
637620934 8.51736
637653702 2.98251
637588168 -0.201005
637620936 4.29028
637653704 -2.06712
637588170 4.89844
637620938 8.04464
637653706 8.80197
637567085 10.9439
637632621 -4.85257
637567089 3.16693
637632625 -7.18755
637567093 -5.34454
637632629 2.28676
637567097 -1.03622
637632633 -8.79231
637567101 -3.25807
637632637 -3.67395
637567213 -5.05096
637632749 -6.38775
637567217 -7.81795
637632753 -8.31542
637567221 2.00943
637632757 -0.267547
637567225 -0.642453
637632761 4.26405
637567229 7.16563
637632765 5.29686
637567341 -1.39233
637632877 -3.77469
637567345 2.28371
637632881 -1.03289
637567349 3.74006
637632885 -1.00025
637567353 4.10139
637632889 -1.14653
637567357 -3.72207
637632893 -0.696971
637567469 -5.20967
637633005 8.33159
637567473 4.69662
637633009 2.7744
637567477 -6.35459
637633013 2.31296
637567481 -4.18405
637633017 -8.00328
637567485 3.01621
637633021 -7.79327
637567597 9.46288
637633133 16.1628
637567601 1.90471
637633137 -3.72418
637567605 13.1425
637633141 -5.92364
637567609 5.44195
637633145 2.48264
637567613 8.76035
637633149 -1.52369
637567725 4.8839
637633261 5.5538
637567729 -1.82259
637633265 -1.87012
637567733 9.41833
637633269 2.09551
637567737 -1.81504
637633273 2.40416
637567741 -5.82343
637633277 3.40344
637567853 -0.605268
637633389 -9.52387
637567857 -10.165
637633393 -9.38622
637567861 -4.00616
637633397 -2.17357
637567865 -0.835445
637633401 3.13114
637567869 7.77424
637633405 6.05917
637567981 1.78746
637633517 3.05524
637567985 -6.41495
637633521 -7.24695
637567989 -4.80658
637633525 4.40116
637567993 -4.3298
637633529 -0.904969
637567997 -1.04535
637633533 -2.39584
637568109 1.80052
637633645 1.23029
637568113 4.6312
637633649 3.91214
637568117 5.24665
637633653 -2.74272
637568121 0.36085
637633657 5.10848
637568125 -2.47278
637633661 -2.20196
637568237 6.82792
637633773 2.04754
637568241 1.71844
637633777 -4.0589
637568245 4.60622
637633781 0.281126
637568249 -8.81348
637633785 10.475
637568253 -0.00163626
637633789 3.5289
637568365 2.72638
637633901 4.97607
637568369 7.52884
637633905 -3.51544
637568373 0.707639
637633909 0.949534
637568377 -5.80981
637633913 3.75482
637568381 -0.555195
637633917 7.05815
637568493 -2.20433
637634029 -10.6383
637568497 1.29303
637634033 1.47295
637568501 1.27062
637634037 5.1098
637568505 -4.91862
637634041 -3.84983
637568509 0.798554
637634045 -0.57096
637571181 4.79221
637636717 4.18888
637571185 -2.43518
637636721 7.54256
637571189 1.94476
637636725 -7.44005
637571193 -1.95883
637636729 -2.15249
637571197 -4.60316
637636733 9.81809
637571309 1.36933
637636845 4.80106
637571313 6.21126
637636849 8.55153
637571317 11.0722
637636853 -1.95764
637571321 -2.50082
637636857 1.1757
637571325 2.60303
637636861 1.64552
637571437 -4.82029
637636973 7.0917
637571441 3.1754
637636977 -4.37514
637571445 0.604749
637636981 -11.1681
637571449 -6.18296
637636985 2.5366
637571453 1.00519
637636989 0.503773
637571565 8.43662
637637101 2.91062
637571569 1.95163
637637105 0.431577
637571573 -0.897824
637637109 -2.57969
637571577 -6.65637
637637113 -1.78498
637571581 -10.0546
637637117 -0.0460516
637571693 4.8107
637637229 -5.62636
637571697 -5.30239
637637233 -3.17359
637571701 0.324077
637637237 0.752312
637571705 3.8515
637637241 -2.05431
637571709 3.09462
637637245 8.16815
637571821 -4.27642
637637357 -1.59691
637571825 -9.33393
637637361 9.17965
637571829 11.069
637637365 1.75163
637571833 -1.99258
637637369 4.91932
637571837 -8.4639
637637373 5.37045
637571949 2.51284
637637485 0.80714
637571953 0.390914
637637489 -1.94886
637571957 -11.4699
637637493 2.15421
637571961 8.43792
637637497 8.90405
637571965 -3.36245
637637501 -0.687769
637572077 -7.88435
637637613 4.53539
637572081 -2.66111
637637617 7.31574
637572085 -3.61703
637637621 2.19413
637572089 -1.361
637637625 5.47526
637572093 -7.60882
637637629 -1.89811
637572333 0.146311
637637869 -0.163403
637572337 8.0623
637637873 0.396415
637572341 -4.14593
637637877 1.25117
637572345 -3.60442
637637881 -2.08299
637572349 2.79398
637637885 -5.92851
637572589 4.59003
637638125 -6.27569
637572593 -5.15753
637638129 -5.0917
637572597 2.3198
637638133 11.8918
637572601 4.03088
637638137 3.76169
637572605 1.23695
637638141 -6.50976
637575661 -14.0394
637641197 2.31152
637575665 6.12977
637641201 -3.89852
637575669 4.15378
637641205 0.882231
637575673 -5.60964
637641209 -2.119
637575677 7.5783
637641213 -0.242101
637579757 -1.41596
637645293 -1.05882
637579761 4.59742
637645297 0.523507
637579765 5.48184
637645301 -1.41796
637579769 -2.53847
637645305 -2.44634
637579773 -1.85998
637645309 -5.42834
574914560 1.4816
575176704 1.15087
575438848 1.19551
575700992 0.965557
575963136 0.223023
576225280 -1.02309
576487424 1.58335
576749568 0.0435336
577011712 -0.585078
577273856 0.37937
577536000 0.501323
577798144 1.59442
579108864 0.04829
579371008 2.24735
579633152 1.21881
579895296 2.29907
580157440 0.585826
580419584 -0.371138
580681728 -0.784067
580943872 -0.780065
581206016 0.900997
581468160 1.63037
581730304 1.91388
581992448 -0.680433
583303168 0.478206
583565312 -0.729319
583827456 0.506768
584089600 0.835964
584351744 0.533669
584613888 1.52413
584876032 0.783291
585138176 1.37809
585400320 1.63119
585662464 2.97563
585924608 2.33858
586186752 -0.583533
587497472 0.734584
587759616 -0.183901
588021760 1.32067
588283904 0.38393
590643200 0.025526
588546048 0.628978
588808192 0.655558
589070336 -0.358367
589332480 0.405967
589594624 1.245
589856768 0.000832399
590905344 1.2446
590118912 -0.837512
590381056 -1.01581
574947328 0.77815
575209472 3.02376
575471616 -0.382007
575733760 0.113068
575995904 1.07598
576258048 0.0902802
576520192 1.0383
576782336 1.47143
577044480 1.62586
577306624 0.858101
577568768 -0.277764
577830912 -0.936056
579141632 -1.44164
579403776 0.515206
579665920 0.796663
579928064 0.712763
580190208 0.902406
580452352 -1.11337
580714496 1.67182
580976640 -1.75267
581238784 0.404312
581500928 -0.458022
581763072 0.8757
582025216 0.627996
583335936 0.174612
583598080 0.155462
583860224 0.347457
584122368 0.727693
584384512 -1.21808
584646656 0.881855
584908800 -1.57624
585170944 1.23444
585433088 1.18804
585695232 -0.900637
585957376 -0.850452
586219520 0.85038
587530240 0.402755
587792384 1.15312
588054528 -0.593254
588316672 -1.30475
590675968 -0.599093
588578816 -1.81122
588840960 0.804804
589103104 1.30828
589365248 1.83105
589627392 1.0785
589889536 1.83589
590938112 1.15603
590151680 1.73046
590413824 -1.26972
574980096 0.352297
576028672 0.116715
577077248 1.36887
575242240 0.482301
576290816 0.504571
577339392 2.04972
575504384 0.925508
576552960 0.828655
577601536 -0.935985
575766528 -0.186126
576815104 1.15827
577863680 0.7047
579174400 0.444614
580222976 1.0881
581271552 1.06957
579436544 0.960754
580485120 0.857428
581533696 1.2123
579698688 0.388513
580747264 0.137898
581795840 -0.583071
579960832 1.11219
581009408 1.31436
582057984 0.509476
583368704 1.1675
584417280 0.490363
585465856 -1.05861
583630848 -0.768873
584679424 0.181837
585728000 -0.0141009
583892992 2.16157
584941568 1.49475
585990144 2.4093
584155136 -0.891009
585203712 -1.04179
586252288 -0.568035
587563008 -0.341604
587825152 1.83629
588087296 1.81688
588349440 0.825708
590708736 1.43302
588611584 0.0464914
588873728 0.175284
589135872 0.407462
589398016 0.325634
589660160 1.1291
589922304 0.606164
590970880 0.838954
590184448 0.58415
590446592 -1.15643
575012864 0.357422
575275008 0.987336
575537152 0.776167
575799296 2.16154
576061440 0.601252
576323584 -0.0025591
576585728 -0.0711347
576847872 0.250211
577110016 -0.282646
577372160 0.391809
577634304 0.743716
577896448 0.274828
579207168 -1.1328
579469312 2.31447
579731456 2.02462
579993600 1.30062
580255744 0.456765
580517888 0.124148
580780032 0.803798
581042176 -0.287346
581304320 0.949558
581566464 0.67316
581828608 1.10189
582090752 1.28785
583401472 2.20478
583663616 -0.22223
583925760 -1.20568
584187904 0.0149705
584450048 0.793184
584712192 -0.147296
584974336 0.757433
585236480 1.53418
585498624 -0.102433
585760768 1.63918
586022912 0.388957
586285056 0.109066
587595776 1.57753
587857920 1.49463
588120064 1.81493
588382208 -0.833509
590741504 -0.656034
588644352 -0.570791
588906496 0.396371
589168640 0.175378
589430784 0.128522
589692928 0.514887
589955072 0.247087
591003648 2.001
590217216 1.54964
590479360 1.90081
575045632 -1.03644
575307776 -1.21489
575569920 -0.020565
575832064 1.83937
576094208 -0.0764598
576356352 0.788257
576618496 0.731987
576880640 -1.03018
577142784 2.75401
577404928 0.560813
577667072 1.23473
577929216 0.694355
579239936 -0.851857
579502080 1.01199
579764224 0.800888
580026368 0.0867209
580288512 2.10413
580550656 1.605
580812800 1.65063
581074944 2.96054
581337088 1.52459
581599232 -0.386601
581861376 0.279763
582123520 1.16737
583434240 -0.233972
583696384 1.79449
583958528 1.66452
584220672 -0.813391
584482816 0.773123
584744960 0.115383
585007104 1.12577
585269248 1.3905
585531392 0.0127318
585793536 0.727783
586055680 0.543869
586317824 0.643478
587628544 -0.89577
587890688 0.0989628
588152832 2.05043
588414976 0.203489
590774272 1.32207
588677120 1.45415
588939264 0.57996
589201408 0.382282
589463552 2.67474
589725696 0.244932
589987840 -0.438003
591036416 -1.41455
590249984 1.40473
590512128 2.35476
604017672 -0.747412
604017744 2.11434
604017752 -0.367206
604017760 -0.741788
604017768 0.816503
604017776 0.257917
604017784 -1.61957
604017792 0.492985
604017800 -1.65446
604017808 0.881928
604017816 1.83025
604017680 -0.622634
604017824 1.84239
604017832 -0.00210472
604017840 -0.144927
604017848 -1.27232
604017856 -0.574888
604017864 -1.58616
604017872 -0.315006
604017880 1.64256
604017888 -0.15866
604017896 -0.35138
604017688 -1.27106
604017904 0.0804429
604017912 -0.398203
604017920 1.03885
604017928 1.85043
604017936 0.297691
604017944 -0.651275
604017952 1.0453
604017696 2.31682
604017704 0.525299
604017712 1.25912
604017720 0.1758
604017728 -0.809983
604017736 0.422992
604018184 2.13154
604018256 -0.160399
604018264 -0.547289
604018272 0.155706
604018280 -0.839041
604018288 -0.440843
604018296 -1.87033
604018304 0.235274
604018312 0.30939
604018320 -0.137865
604018328 0.205751
604018192 0.612084
604018336 -0.289135
604018344 0.238289
604018352 0.13601
604018360 1.20405
604018368 1.49587
604018376 -0.445203
604018384 0.49562
604018392 0.901932
604018400 0.0127786
604018408 0.3465
604018200 1.48825
604018416 1.81686
604018424 -0.324473
604018432 -1.76123
604018440 2.28903
604018448 0.113197
604018456 -0.305627
604018464 -0.0742065
604018208 0.0856636
604018216 -0.824123
604018224 -1.79446
604018232 0.240421
604018240 -0.392399
604018248 -0.538427
604018696 0.244599
604018768 -0.58461
604018776 -1.30745
604018784 0.937849
604018792 0.219265
604018800 -0.503902
604018808 0.587169
604018816 -0.648749
604018824 -0.900399
604018832 0.712949
604018840 1.22379
604018704 0.245697
604018848 -0.0821123
604018856 0.581357
604018864 -1.58309
604018872 -0.469881
604018880 -1.31963
604018888 1.29364
604018896 -0.308163
604018904 1.83054
604018912 1.11253
604018920 0.857127
604018712 0.539802
604018928 -0.491196
604018936 0.739698
604018944 0.333891
604018952 -0.290787
604018960 -1.41559
604018968 -0.476439
604018976 1.92291
604018720 0.067465
604018728 0.390015
604018736 -1.01674
604018744 1.75671
604018752 -0.217459
604018760 -0.827597
604021256 1.08337
604021328 -0.048234
604021336 -1.82011
604021344 2.16225
604021352 0.275204
604021360 1.34354
604021368 -0.24149
604021376 -0.035944
604021384 0.189351
604021392 -1.45376
604021264 0.295136
604021272 -0.664037
604021280 0.43865
604021288 -0.00902675
604021296 -0.251902
604021304 -0.322987
604021312 -0.638415
604021320 1.88503
604021768 -0.439065
604021840 0.180166
604021848 -1.66991
604021856 -0.931346
604021864 -1.42266
604021872 0.503882
604021880 -0.934735
604021888 -0.425118
604021896 0.849743
604021904 -0.674678
604021912 -1.78805
604021776 -0.198858
604021920 -0.213637
604021928 1.67056
604021936 2.12001
604021944 0.303654
604021952 0.739858
604021960 2.07508
604021968 0.612264
604021976 -1.25785
604021984 1.29412
604021992 0.535546
604021784 -0.482285
604022000 -2.05821
604022008 -2.98202
604022016 0.200096
604022024 0.165692
604022032 -1.22116
604022040 -1.09853
604022048 -1.15976
604021792 -0.917646
604021800 -0.364079
604021808 -1.05961
604021816 -0.302541
604021824 -1.47541
604021832 -0.596911
604025352 0.377606
604025424 -0.609038
604025432 -1.94591
604025440 1.44146
604025448 -0.0122539
604025456 0.130664
604025464 -0.644908
604025472 0.448587
604025480 0.495391
604025488 0.144433
604025360 -0.435815
604025368 0.373845
604025376 0.264609
604025384 0.602992
604025392 1.68767
604025400 -0.00991631
604025408 -0.102934
604025416 -0.466201
604025864 1.24191
604025936 -1.18427
604025944 -0.99246
604025952 -1.66524
604025960 -0.994203
604025968 2.0694
604025976 2.45587
604025984 -1.47658
604025992 0.0552066
604026000 0.248039
604026008 0.841863
604025872 0.654142
604026016 -1.8237
604026024 0.141449
604026032 0.148777
604026040 -0.980293
604026048 -0.303472
604026056 -0.0786655
604026064 -1.88778
604026072 -0.170068
604026080 -0.446993
604026088 -1.16093
604025880 -0.599332
604026096 0.57865
604026104 -0.359656
604026112 0.88545
604026120 0.372144
604026128 -0.424142
604026136 0.287629
604026144 -0.935984
604025888 0.11699
604025896 -0.0521623
604025904 -0.901195
604025912 0.910813
604025920 1.79955
604025928 0.254747
604029448 -1.15146
604029520 -0.24039
604029528 -0.189052
604029536 1.02941
604029544 -0.285932
604029552 0.849706
604029560 1.00424
604029568 0.408177
604029576 -1.1069
604029584 0.165629
604029456 1.95291
604029464 -1.71136
604029472 0.27577
604029480 1.22009
604029488 0.356263
604029496 2.18166
604029504 1.91645
604029512 -1.00778
604029960 0.964629
604030032 -0.000220725
604030040 1.53195
604030048 0.319498
604030056 1.1741
604030064 -0.948035
604030072 -0.32346
604030080 0.00715619
604030088 1.72774
604030096 0.948863
604030104 -0.658851
604029968 -0.929223
604030112 -0.73252
604030120 0.796749
604030128 1.31719
604030136 0.381213
604030144 1.92842
604030152 -0.578217
604030160 0.263609
604030168 1.95976
604030176 -1.37759
604030184 -0.926582
604029976 -1.09994
604030192 -0.477964
604030200 -0.339108
604030208 0.678254
604030216 -0.454256
604030224 1.03971
604030232 1.61455
604030240 -0.498027
604029984 -0.522683
604029992 0.383873
604030000 -0.861039
604030008 -1.70948
604030016 0.853293
604030024 -0.237771
604050440 -0.521464
604050512 -0.488043
604050520 0.137355
604050528 0.0461277
604050536 -0.38112
604050544 -0.668602
604050552 -2.39012
604050560 -2.86945
604050568 -1.15822
604050576 0.0289681
604050584 -0.150598
604050448 -0.0466519
604050592 0.651795
604050600 -0.665237
604050608 0.945631
604050616 0.743595
604050624 -0.106427
604050632 -0.390106
604050640 0.193084
604050648 0.679766
604050656 0.924132
604050664 1.47249
604050456 -0.231041
604050672 -1.76336
604050680 0.0530994
604050688 -0.673563
604050696 0.183783
604050704 -0.542686
604050712 0.831796
604050720 1.98085
604050464 -0.471567
604050472 -0.956991
604050480 -1.00802
604050488 -0.147604
604050496 0.219663
604050504 1.52349
604050952 -0.162731
604051024 0.155692
604051032 1.09008
604051040 -1.19086
604051048 -0.397087
604051056 1.41474
604051064 -1.06385
604051072 0.947344
604051080 0.851732
604051088 0.748917
604051096 1.45315
604050960 3.16297
604051104 -0.338165
604051112 -1.2001
604051120 -0.0844665
604051128 0.877521
604051136 1.55967
604051144 -1.72922
604051152 0.335576
604051160 -0.162815
604051168 -0.125093
604051176 -0.60045
604050968 0.214323
604051184 -1.36512
604051192 0.150283
604051200 0.268566
604051208 0.341079
604051216 -0.743962
604051224 0.417663
604051232 0.944757
604050976 0.0205936
604050984 -1.08243
604050992 -0.183656
604051000 0.427201
604051008 -0.0786786
604051016 -1.37655
604051464 1.80345
604051536 0.613426
604051544 0.021484
604051552 -0.225418
604051560 0.304345
604051568 1.89221
604051576 1.5109
604051584 0.998976
604051592 1.11096
604051600 -0.717739
604051608 0.675623
604051472 -0.119593
604051616 0.0156988
604051624 1.06334
604051632 -0.202636
604051640 -0.268824
604051648 0.803301
604051656 1.40557
604051664 -0.658838
604051672 -0.615191
604051680 -1.21345
604051688 0.129743
604051480 -0.842927
604051696 2.10897
604051704 0.944944
604051712 0.658792
604051720 -0.944244
604051728 0.225104
604051736 0.676393
604051744 -1.61431
604051488 0.275854
604051496 1.04106
604051504 2.03363
604051512 0.247035
604051520 1.89062
604051528 -0.0368116
604054024 -1.47248
604054096 -0.536961
604054104 0.647325
604054112 0.198795
604054120 0.0711933
604054128 -1.07379
604054136 0.161752
604054144 0.0852185
604054152 0.518203
604054160 -1.5295
604054032 -0.644401
604054040 0.311726
604054048 -1.29373
604054056 -0.559863
604054064 0.696683
604054072 0.451588
604054080 0.703991
604054088 -0.768621
604054536 0.460462
604054608 0.34539
604054616 0.663968
604054624 -0.613825
604054632 1.24186
604054640 0.675246
604054648 1.37945
604054656 0.892173
604054664 0.158644
604054672 0.157965
604054680 0.0823201
604054544 0.497764
604054688 -0.192224
604054696 -1.08168
604054704 1.16042
604054712 1.34181
604054720 -0.32399
604054728 0.579327
604054736 -0.57278
604054744 -1.83309
604054752 -0.0197497
604054760 3.19371
604054552 0.122734
604054768 1.84478
604054776 -0.385666
604054784 1.07261
604054792 -0.397012
604054800 -1.4666
604054808 -0.517326
604054816 -0.0179102
604054560 -0.0423333
604054568 -0.312391
604054576 0.27353
604054584 0.41307
604054592 1.42923
604054600 0.654553
604058120 0.352229
604058192 -1.74424
604058200 -0.344782
604058208 -1.78398
604058216 -2.44587
604058224 1.71197
604058232 -0.968967
604058240 -0.903038
604058248 -0.539815
604058256 -0.21737
604058128 0.266333
604058136 0.309896
604058144 1.04117
604058152 -0.44394
604058160 -0.703057
604058168 1.02004
604058176 -1.06699
604058184 1.60189
604058632 0.702471
604058704 -0.565101
604058712 0.905924
604058720 1.68986
604058728 -1.10964
604058736 1.09278
604058744 -0.831218
604058752 -2.30393
604058760 -0.980352
604058768 0.937099
604058776 -0.0112871
604058640 0.160891
604058784 -0.21495
604058792 0.0965705
604058800 0.753165
604058808 -0.463806
604058816 0.0348022
604058824 -0.542185
604058832 -0.628563
604058840 1.37116
604058848 -0.495301
604058856 -0.356918
604058648 0.885219
604058864 0.569657
604058872 1.66248
604058880 -0.847595
604058888 2.46648
604058896 -0.0836056
604058904 0.581149
604058912 -1.66792
604058656 -0.0952022
604058664 -0.26986
604058672 0.353998
604058680 -1.10148
604058688 0.298206
604058696 -0.684225
604062216 1.13987
604062288 -0.670674
604062296 1.61364
604062304 -0.898036
604062312 0.104853
604062320 1.13573
604062328 -0.186924
604062336 1.51388
604062344 -0.836594
604062352 -0.544603
604062224 -0.978412
604062232 -0.513883
604062240 -1.16332
604062248 -0.117236
604062256 -0.672903
604062264 0.0198159
604062272 1.90088
604062280 0.170261
604062728 -1.56735
604062800 0.561224
604062808 -0.221612
604062816 0.461516
604062824 -0.0539649
604062832 -0.236176
604062840 1.37834
604062848 -1.65948
604062856 0.947621
604062864 -1.29676
604062872 -0.678323
604062736 1.55504
604062880 0.634817
604062888 -0.30638
604062896 1.24868
604062904 -1.94895
604062912 -1.79885
604062920 0.812137
604062928 0.00813503
604062936 0.384534
604062944 -0.0726509
604062952 2.83231
604062744 -0.172606
604062960 2.84618
604062968 -0.250267
604062976 -2.22286
604062984 -0.844648
604062992 2.3677
604063000 -2.02831
604063008 -0.731793
604062752 -0.826737
604062760 -0.460668
604062768 0.549934
604062776 -0.0616808
604062784 0.249816
604062792 -0.440363
