307245144 2 960
307245140 2 960
307245192 2 960
307245188 2 960
307249240 2 960
307249236 2 960
307253272 2 960
307253268 2 960
307253552 2 960
307253548 2 960
307253560 2 960
307253556 2 960
307257796 32 960
307257800 32 960
307273756 32 960
307273760 32 960
307274196 32 960
307274200 32 960
307277852 32 960
307277856 32 960
307278168 2 960
307278164 2 960
307278228 32 960
307278232 32 960
307278232 2 960
307278228 2 960
307282236 32 960
307282240 32 960
307282400 2 960
307282396 2 960
307286424 2 960
307286420 2 960
307290144 2 960
307290140 2 960
307298728 2 960
307298724 2 960
308310312 2 960
308310308 2 960
308322724 32 960
308322728 32 960
308347064 2 960
308347060 2 960
308355268 32 960
308355272 32 960
308359416 2 960
308359412 2 960
308379680 2 960
308379676 2 960
309334348 32 960
309334352 32 960
309346328 2 960
309346324 2 960
309354712 2 960
309354708 2 960
309363076 32 960
309363080 32 960
309371196 32 960
309371200 32 960
309391716 32 960
309391720 32 960
309391744 2 960
309391740 2 960
309395688 2 960
309395684 2 960
309412032 2 960
309412028 2 960
309420264 2 960
309420260 2 960
309424424 2 960
309424420 2 960
309436808 2 960
309436804 2 960
309444784 2 960
309444780 2 960
309465404 32 960
309465408 32 960
310382620 2 1016
310382624 2 1016
310382628 2 1016
310382632 2 1016
310382636 2 1016
310382640 2 1016
310382644 2 1016
310382648 2 1016
310382652 2 1016
310382656 2 1016
310382660 2 1016
310382664 2 1016
310382668 2 1016
310382672 2 1016
310382676 2 1016
310382680 2 1016
310382684 2 1016
310382688 2 1016
310394944 2 1016
310394940 2 1016
310394980 2 1016
310394984 2 1016
310403088 2 1016
310403084 2 1016
310407208 2 1016
310407204 2 1016
310444156 2 1016
310444160 2 1016
310460476 2 1016
310460480 2 1016
310472840 2 1016
310472836 2 1016
310485164 2 1016
310485168 2 1016
310501400 2 1016
310501396 2 1016
310505512 2 1016
310505508 2 1016
310509572 2 1016
310509576 2 1016
310509580 2 1016
310509584 2 1016
310509588 2 1016
310509592 2 1016
310509596 2 1016
310509600 2 1016
310509604 2 1016
310509608 2 1016
310509612 2 1016
310509616 2 1016
310509620 2 1016
310509624 2 1016
310509628 2 1016
310509632 2 1016
310509636 2 1016
310509640 2 1016
310509644 2 1016
310509648 2 1016
310509652 2 1016
310509656 2 1016
310509660 2 1016
310509664 2 1016
310513668 2 1016
310513672 2 1016
310513676 2 1016
310513680 2 1016
310513684 2 1016
310513688 2 1016
310513692 2 1016
310513696 2 1016
310513700 2 1016
310513704 2 1016
310513708 2 1016
310513712 2 1016
310513716 2 1016
310513720 2 1016
310513724 2 1016
310513728 2 1016
310513732 2 1016
310513736 2 1016
310513740 2 1016
310513744 2 1016
310513748 2 1016
310513752 2 1016
310513756 2 1016
310513760 2 1016
310517764 2 1016
310517768 2 1016
310517772 2 1016
310517776 2 1016
310517780 2 1016
310517784 2 1016
310517788 2 1016
310517792 2 1016
310517796 2 1016
310517800 2 1016
310517804 2 1016
310517808 2 1016
310517812 2 1016
310517816 2 1016
310517820 2 1016
310517824 2 1016
310517828 2 1016
310517832 2 1016
310517836 2 1016
310517840 2 1016
310517844 2 1016
310517848 2 1016
310517852 2 1016
310517856 2 1016
310521860 2 1016
310521864 2 1016
310521868 2 1016
310521872 2 1016
310521876 2 1016
310521880 2 1016
310521884 2 1016
310521888 2 1016
310521892 2 1016
310521896 2 1016
310521900 2 1016
310521904 2 1016
310521908 2 1016
310521912 2 1016
310521916 2 1016
310521920 2 1016
310521924 2 1016
310521928 2 1016
310521932 2 1016
310521936 2 1016
310521940 2 1016
310521944 2 1016
310521948 2 1016
310521952 2 1016
310525956 2 1016
310525960 2 1016
310525964 2 1016
310525968 2 1016
310525972 2 1016
310525976 2 1016
310525980 2 1016
310525984 2 1016
310525988 2 1016
310525992 2 1016
310525996 2 1016
310526000 2 1016
310526004 2 1016
310526008 2 1016
310526012 2 1016
310526016 2 1016
310526020 2 1016
310526024 2 1016
310526028 2 1016
310526032 2 1016
310526036 2 1016
310526040 2 1016
310526044 2 1016
310526048 2 1016
310530052 2 1016
310530056 2 1016
310530060 2 1016
310530064 2 1016
310530068 2 1016
310530072 2 1016
310530076 2 1016
310530080 2 1016
310530084 2 1016
310530088 2 1016
310530092 2 1016
310530096 2 1016
310530100 2 1016
310530104 2 1016
310530108 2 1016
310530112 2 1016
310530116 2 1016
310530120 2 1016
310530124 2 1016
310530128 2 1016
310530132 2 1016
310530136 2 1016
310530140 2 1016
310530144 2 1016
310534148 2 1016
310534152 2 1016
310534156 2 1016
310534160 2 1016
310534164 2 1016
310534168 2 1016
310534172 2 1016
310534176 2 1016
310534180 2 1016
310534184 2 1016
310534188 2 1016
310534192 2 1016
310534196 2 1016
310534200 2 1016
310534204 2 1016
310534208 2 1016
310534212 2 1016
310534216 2 1016
310534220 2 1016
310534224 2 1016
310534228 2 1016
310534232 2 1016
310534236 2 1016
310534240 2 1016
310538244 2 1016
310538248 2 1016
310538252 2 1016
310538256 2 1016
310538260 2 1016
310538264 2 1016
310538268 2 1016
310538272 2 1016
310538276 2 1016
310538280 2 1016
310538284 2 1016
310538288 2 1016
310538292 2 1016
310538296 2 1016
310538300 2 1016
310538304 2 1016
310538308 2 1016
310538312 2 1016
310538316 2 1016
310538320 2 1016
310538324 2 1016
310538328 2 1016
310538332 2 1016
310538336 2 1016
310542340 2 1016
310542344 2 1016
310542348 2 1016
310542352 2 1016
310542356 2 1016
310542360 2 1016
310542364 2 1016
310542368 2 1016
310542372 2 1016
310542376 2 1016
310542380 2 1016
310542384 2 1016
310542388 2 1016
310542392 2 1016
310542396 2 1016
310542400 2 1016
310542404 2 1016
310542408 2 1016
310542412 2 1016
310542416 2 1016
310542420 2 1016
310542424 2 1016
310542428 2 1016
310542432 2 1016
310546436 2 1016
310546440 2 1016
310546444 2 1016
310546448 2 1016
310546452 2 1016
310546456 2 1016
310546460 2 1016
310546464 2 1016
310546468 2 1016
310546472 2 1016
310546476 2 1016
310546480 2 1016
310546484 2 1016
310546488 2 1016
310546492 2 1016
310546496 2 1016
310546500 2 1016
310546504 2 1016
310546508 2 1016
310546512 2 1016
310546516 2 1016
310546520 2 1016
310546524 2 1016
310546528 2 1016
310550532 2 1016
310550536 2 1016
310550540 2 1016
310550544 2 1016
310550548 2 1016
310550552 2 1016
310550556 2 1016
310550560 2 1016
310550564 2 1016
310550568 2 1016
310550572 2 1016
310550576 2 1016
310550580 2 1016
310550584 2 1016
310550588 2 1016
310550592 2 1016
310550596 2 1016
310550600 2 1016
310550604 2 1016
310550608 2 1016
310550612 2 1016
310550616 2 1016
310550620 2 1016
310550624 2 1016
310554628 2 1016
310554632 2 1016
310554636 2 1016
310554640 2 1016
310554644 2 1016
310554648 2 1016
310554652 2 1016
310554656 2 1016
310554660 2 1016
310554664 2 1016
310554668 2 1016
310554672 2 1016
310554676 2 1016
310554680 2 1016
310554684 2 1016
310554688 2 1016
310554692 2 1016
310554696 2 1016
310554700 2 1016
310554704 2 1016
310554708 2 1016
310554712 2 1016
310554716 2 1016
310554720 2 1016
310558724 2 1016
310558728 2 1016
310558732 2 1016
310558736 2 1016
310558740 2 1016
310558744 2 1016
310558748 2 1016
310558752 2 1016
310558756 2 1016
310558760 2 1016
310558764 2 1016
310558768 2 1016
310558772 2 1016
310558776 2 1016
310558780 2 1016
310558784 2 1016
310558788 2 1016
310558792 2 1016
310558796 2 1016
310558800 2 1016
310558804 2 1016
310558808 2 1016
310558812 2 1016
310558816 2 1016
310562820 2 1016
310562824 2 1016
310562828 2 1016
310562832 2 1016
310562836 2 1016
310562840 2 1016
310562844 2 1016
310562848 2 1016
310562852 2 1016
310562856 2 1016
310562860 2 1016
310562864 2 1016
310562868 2 1016
310562872 2 1016
310562876 2 1016
310562880 2 1016
310562884 2 1016
310562888 2 1016
310562892 2 1016
310562896 2 1016
310562900 2 1016
310562904 2 1016
310562908 2 1016
310562912 2 1016
310566916 2 1016
310566920 2 1016
310566924 2 1016
310566928 2 1016
310566932 2 1016
310566936 2 1016
310566940 2 1016
310566944 2 1016
310566948 2 1016
310566952 2 1016
310566956 2 1016
310566960 2 1016
310566964 2 1016
310566968 2 1016
310566972 2 1016
310566976 2 1016
310566980 2 1016
310566984 2 1016
310566988 2 1016
310566992 2 1016
310566996 2 1016
310567000 2 1016
310567004 2 1016
310567008 2 1016
310571012 2 1016
310571016 2 1016
310571020 2 1016
310571024 2 1016
310571028 2 1016
310571032 2 1016
310571036 2 1016
310571040 2 1016
310571044 2 1016
310571048 2 1016
310571052 2 1016
310571056 2 1016
310571060 2 1016
310571064 2 1016
310571068 2 1016
310571072 2 1016
310571076 2 1016
310571080 2 1016
310571084 2 1016
310571088 2 1016
310571092 2 1016
310571096 2 1016
310571100 2 1016
310571104 2 1016
310575108 2 1016
310575112 2 1016
310575116 2 1016
310575120 2 1016
310575124 2 1016
310575128 2 1016
310575132 2 1016
310575136 2 1016
310575140 2 1016
310575144 2 1016
310575148 2 1016
310575152 2 1016
310575156 2 1016
310575160 2 1016
310575164 2 1016
310575168 2 1016
310575172 2 1016
310575176 2 1016
310575180 2 1016
310575184 2 1016
310575188 2 1016
310575192 2 1016
310575196 2 1016
310575200 2 1016
310579204 2 1016
310579208 2 1016
310579212 2 1016
310579216 2 1016
310579220 2 1016
310579224 2 1016
310579228 2 1016
310579232 2 1016
310579236 2 1016
310579240 2 1016
310579244 2 1016
310579248 2 1016
310579252 2 1016
310579256 2 1016
310579260 2 1016
310579264 2 1016
310579268 2 1016
310579272 2 1016
310579276 2 1016
310579280 2 1016
310579284 2 1016
310579288 2 1016
310579292 2 1016
310579296 2 1016
310583300 2 1016
310583304 2 1016
310583308 2 1016
310583312 2 1016
310583316 2 1016
310583320 2 1016
310583324 2 1016
310583328 2 1016
310583332 2 1016
310583336 2 1016
310583340 2 1016
310583344 2 1016
310583348 2 1016
310583352 2 1016
310583356 2 1016
310583360 2 1016
310583364 2 1016
310583368 2 1016
310583372 2 1016
310583376 2 1016
310583380 2 1016
310583384 2 1016
310583388 2 1016
310583392 2 1016
310587396 2 1016
310587400 2 1016
310587404 2 1016
310587408 2 1016
310587412 2 1016
310587416 2 1016
310587420 2 1016
310587424 2 1016
310587428 2 1016
310587432 2 1016
310587436 2 1016
310587440 2 1016
310587444 2 1016
310587448 2 1016
310587452 2 1016
310587456 2 1016
310587460 2 1016
310587464 2 1016
310587468 2 1016
310587472 2 1016
310587476 2 1016
310587480 2 1016
310587484 2 1016
310587488 2 1016
310591492 2 1016
310591496 2 1016
310591500 2 1016
310591504 2 1016
310591508 2 1016
310591512 2 1016
310591516 2 1016
310591520 2 1016
310591524 2 1016
310591528 2 1016
310591532 2 1016
310591536 2 1016
310591540 2 1016
310591544 2 1016
310591548 2 1016
310591552 2 1016
310591556 2 1016
310591560 2 1016
310591564 2 1016
310591568 2 1016
310591572 2 1016
310591576 2 1016
310591580 2 1016
310591584 2 1016
310595588 2 1016
310595592 2 1016
310595596 2 1016
310595600 2 1016
310595604 2 1016
310595608 2 1016
310595612 2 1016
310595616 2 1016
310595620 2 1016
310595624 2 1016
310595628 2 1016
310595632 2 1016
310595636 2 1016
310595640 2 1016
310595644 2 1016
310595648 2 1016
310595652 2 1016
310595656 2 1016
310595660 2 1016
310595664 2 1016
310595668 2 1016
310595672 2 1016
310595676 2 1016
310595680 2 1016
310599684 2 1016
310599688 2 1016
310599692 2 1016
310599696 2 1016
310599700 2 1016
310599704 2 1016
310599708 2 1016
310599712 2 1016
310599716 2 1016
310599720 2 1016
310599724 2 1016
310599728 2 1016
310599732 2 1016
310599736 2 1016
310599740 2 1016
310599744 2 1016
310599748 2 1016
310599752 2 1016
310599756 2 1016
310599760 2 1016
310599764 2 1016
310599768 2 1016
310599772 2 1016
310599776 2 1016
310603780 2 1016
310603784 2 1016
310603788 2 1016
310603792 2 1016
310603796 2 1016
310603800 2 1016
310603804 2 1016
310603808 2 1016
310603812 2 1016
310603816 2 1016
310603820 2 1016
310603824 2 1016
310603828 2 1016
310603832 2 1016
310603836 2 1016
310603840 2 1016
310603844 2 1016
310603848 2 1016
310603852 2 1016
310603856 2 1016
310603860 2 1016
310603864 2 1016
310603868 2 1016
310603872 2 1016
310607876 2 1016
310607880 2 1016
310607884 2 1016
310607888 2 1016
310607892 2 1016
310607896 2 1016
310607900 2 1016
310607904 2 1016
310607908 2 1016
310607912 2 1016
310607916 2 1016
310607920 2 1016
310607924 2 1016
310607928 2 1016
310607932 2 1016
310607936 2 1016
310607940 2 1016
310607944 2 1016
310607948 2 1016
310607952 2 1016
310607956 2 1016
310607960 2 1016
310607964 2 1016
310607968 2 1016
310611972 2 1016
310611976 2 1016
310611980 2 1016
310611984 2 1016
310611988 2 1016
310611992 2 1016
310611996 2 1016
310612000 2 1016
310612004 2 1016
310612008 2 1016
310612012 2 1016
310612016 2 1016
310612020 2 1016
310612024 2 1016
310612028 2 1016
310612032 2 1016
310612036 2 1016
310612040 2 1016
310612044 2 1016
310612048 2 1016
310612052 2 1016
310612056 2 1016
310612060 2 1016
310612064 2 1016
310616068 2 1016
310616072 2 1016
310616076 2 1016
310616080 2 1016
310616084 2 1016
310616088 2 1016
310616092 2 1016
310616096 2 1016
310616100 2 1016
310616104 2 1016
310616108 2 1016
310616112 2 1016
310616116 2 1016
310616120 2 1016
310616124 2 1016
310616128 2 1016
310616132 2 1016
310616136 2 1016
310616140 2 1016
310616144 2 1016
310616148 2 1016
310616152 2 1016
310616156 2 1016
310616160 2 1016
310620164 2 1016
310620168 2 1016
310620172 2 1016
310620176 2 1016
310620180 2 1016
310620184 2 1016
310620188 2 1016
310620192 2 1016
310620196 2 1016
310620200 2 1016
310620204 2 1016
310620208 2 1016
310620212 2 1016
310620216 2 1016
310620220 2 1016
310620224 2 1016
310620228 2 1016
310620232 2 1016
310620236 2 1016
310620240 2 1016
310620244 2 1016
310620248 2 1016
310620252 2 1016
310620256 2 1016
310624260 2 1016
310624264 2 1016
310624268 2 1016
310624272 2 1016
310624276 2 1016
310624280 2 1016
310624284 2 1016
310624288 2 1016
310624292 2 1016
310624296 2 1016
310624300 2 1016
310624304 2 1016
310624308 2 1016
310624312 2 1016
310624316 2 1016
310624320 2 1016
310624324 2 1016
310624328 2 1016
310624332 2 1016
310624336 2 1016
310624340 2 1016
310624344 2 1016
310624348 2 1016
310624352 2 1016
310628356 2 1016
310628360 2 1016
310628364 2 1016
310628368 2 1016
310628372 2 1016
310628376 2 1016
310628380 2 1016
310628384 2 1016
310628388 2 1016
310628392 2 1016
310628396 2 1016
310628400 2 1016
310628404 2 1016
310628408 2 1016
310628412 2 1016
310628416 2 1016
310628420 2 1016
310628424 2 1016
310628428 2 1016
310628432 2 1016
310628436 2 1016
310628440 2 1016
310628444 2 1016
310628448 2 1016
310632452 2 1016
310632456 2 1016
310632460 2 1016
310632464 2 1016
310632468 2 1016
310632472 2 1016
310632476 2 1016
310632480 2 1016
310632484 2 1016
310632488 2 1016
310632492 2 1016
310632496 2 1016
310632500 2 1016
310632504 2 1016
310632508 2 1016
310632512 2 1016
310632516 2 1016
310632520 2 1016
310632524 2 1016
310632528 2 1016
310632532 2 1016
310632536 2 1016
310632540 2 1016
310632544 2 1016
311443580 2 1016
311443584 2 1016
311459912 2 1016
311459908 2 1016
311484608 2 1016
311484604 2 1016
311500988 2 1016
311500992 2 1016
311509120 2 1016
311509116 2 1016
311509148 2 1016
311509152 2 1016
311537768 2 1016
311537764 2 1016
311550092 2 1016
311550096 2 1016
311566500 2 1016
311566504 2 1016
311619596 2 1016
311619600 2 1016
311619652 2 1016
311619656 2 1016
311623692 2 1016
311623696 2 1016
311636128 2 1016
311636124 2 1016
311644336 2 1016
311644332 2 1016
311656468 2 1016
311656472 2 1016
311656476 2 1016
311656480 2 1016
311656512 2 1016
311656508 2 1016
311660648 2 1016
311660644 2 1016
311676932 2 1016
311676936 2 1016
311681040 2 1016
311681036 2 1016
311697580 2 1016
311697584 2 1016
311705644 2 1016
311705648 2 1016
311726204 2 1016
311726208 2 1016
311726244 2 1016
311726248 2 1016
311738540 2 1016
311738544 2 1016
355210380 32 960
355210384 32 960
355214412 32 960
355214416 32 960
355226680 2 960
355226676 2 960
355230908 32 960
355230912 32 960
355247280 2 1016
355247276 2 1016
355255564 2 1016
355255568 2 1016
355255612 2 1016
355255616 2 1016
355263572 2 1016
355263576 2 1016
355263996 2 1016
355264000 2 1016
355267880 2 1016
355267876 2 1016
355268052 2 1016
355268056 2 1016
355497024 2 960
355497020 2 960
355497108 32 960
355497112 32 960
355497156 32 960
355497160 32 960
355501092 32 960
355501096 32 960
355509500 2 1016
355509504 2 1016
355521748 2 1016
355521752 2 1016
355521760 2 1016
355521756 2 1016
355746876 32 960
355746880 32 960
355750988 32 960
355750992 32 960
355751044 32 960
355751048 32 960
355755028 32 960
355755032 32 960
355996700 32 960
355996704 32 960
356004868 32 960
356004872 32 960
356013132 32 960
356013136 32 960
356017204 32 960
356017208 32 960
356021532 32 960
356021536 32 960
356025360 2 960
356025356 2 960
356029680 2 960
356029676 2 960
356033588 2 1016
356033592 2 1016
356033716 2 1016
356033720 2 1016
356038056 2 1016
356038052 2 1016
356271164 32 960
356271168 32 960
356271204 32 960
356271208 32 960
356275320 2 960
356275316 2 960
356279368 2 960
356279364 2 960
356283400 2 960
356283396 2 960
356283608 2 960
356283604 2 960
356296012 2 1016
356296016 2 1016
356300008 2 1016
356300004 2 1016
356300020 2 1016
356300024 2 1016
356303928 2 1016
356303924 2 1016
356308064 2 1016
356308060 2 1016
356308184 2 1016
356308180 2 1016
356308420 2 1016
356308424 2 1016
356316748 2 1016
356316752 2 1016
346838216 2 960
346838212 2 960
346846452 32 960
346846456 32 960
346858596 2 1016
346858600 2 1016
346862704 2 1016
346862700 2 1016
346871204 2 1016
346871208 2 1016
346871264 2 1016
346871260 2 1016
346875328 2 1016
346875324 2 1016
346879132 2 1016
346879136 2 1016
347108580 32 960
347108584 32 960
347137040 2 1016
347137036 2 1016
347137576 2 1016
347137572 2 1016
347370600 2 960
347370596 2 960
347391260 2 1016
347391264 2 1016
347391320 2 1016
347391316 2 1016
347403532 2 1016
347403536 2 1016
347403568 2 1016
347403564 2 1016
347616336 2 960
347616332 2 960
347620500 32 960
347620504 32 960
347624516 32 960
347624520 32 960
347624668 32 960
347624672 32 960
347641056 2 960
347641052 2 960
347649188 2 1016
347649192 2 1016
347649344 2 1016
347649340 2 1016
347653436 2 1016
347653440 2 1016
347657624 2 1016
347657620 2 1016
347665456 2 1016
347665452 2 1016
347874452 32 960
347874456 32 960
347907100 2 1016
347907104 2 1016
347923972 2 1016
347923976 2 1016
347927608 2 1016
347927604 2 1016
347927820 2 1016
347927824 2 1016
347928184 2 1016
347928180 2 1016
