307237000 2 960
307236996 2 960
307237040 2 960
307237036 2 960
307237184 2 960
307237180 2 960
307241032 2 960
307241028 2 960
307241092 32 960
307241096 32 960
307241132 32 960
307241136 32 960
307241204 32 960
307241208 32 960
307241216 2 960
307241212 2 960
307245108 32 960
307245112 32 960
307245112 2 960
307245108 2 960
307245160 2 960
307245156 2 960
307245320 2 960
307245316 2 960
307245352 2 960
307245348 2 960
307245384 2 960
307245380 2 960
307249244 32 960
307249248 32 960
307249268 32 960
307249272 32 960
307249276 32 960
307249280 32 960
307249316 32 960
307249320 32 960
307249384 2 960
307249380 2 960
307249580 32 960
307249584 32 960
307253328 2 960
307253324 2 960
307253356 32 960
307253360 32 960
307253428 32 960
307253432 32 960
307253576 2 960
307253572 2 960
307257372 32 960
307257376 32 960
307257436 32 960
307257440 32 960
307257624 2 960
307257620 2 960
307257728 2 960
307257724 2 960
307257760 2 960
307257756 2 960
307261456 2 960
307261452 2 960
307261492 32 960
307261496 32 960
307261604 32 960
307261608 32 960
307261648 2 960
307261644 2 960
307261732 32 960
307261736 32 960
307265792 2 960
307265788 2 960
307269904 2 960
307269900 2 960
307269976 2 960
307269972 2 960
307273752 2 960
307273748 2 960
307273888 2 960
307273884 2 960
307273920 2 960
307273916 2 960
307273924 32 960
307273928 32 960
307273936 2 960
307273932 2 960
307273956 32 960
307273960 32 960
307274144 2 960
307274140 2 960
307277868 32 960
307277872 32 960
307277896 2 960
307277892 2 960
307278000 2 960
307277996 2 960
307278044 32 960
307278048 32 960
307278232 2 960
307278228 2 960
307282088 2 960
307282084 2 960
307282352 2 960
307282348 2 960
307282356 32 960
307282360 32 960
307282360 2 960
307282356 2 960
307286080 2 960
307286076 2 960
307286164 32 960
307286168 32 960
307286172 32 960
307286176 32 960
307286300 32 960
307286304 32 960
307286308 32 960
307286312 32 960
307286440 2 960
307286436 2 960
307290124 32 960
307290128 32 960
307290276 32 960
307290280 32 960
307290320 2 960
307290316 2 960
307290372 32 960
307290376 32 960
307290384 2 960
307290380 2 960
307290444 32 960
307290448 32 960
307290476 32 960
307290480 32 960
307294264 2 960
307294260 2 960
307294268 32 960
307294272 32 960
307294324 32 960
307294328 32 960
307294348 32 960
307294352 32 960
307294464 2 960
307294460 2 960
307294512 2 960
307294508 2 960
307298364 32 960
307298368 32 960
307298420 32 960
307298424 32 960
307298544 2 960
307298540 2 960
307298632 2 960
307298628 2 960
307298652 32 960
307298656 32 960
307302452 32 960
307302456 32 960
307302652 32 960
307302656 32 960
307302796 32 960
307302800 32 960
307306548 32 960
307306552 32 960
307306616 2 960
307306612 2 960
307306628 32 960
307306632 32 960
307306648 2 960
307306644 2 960
307306716 32 960
307306720 32 960
307306724 32 960
307306728 32 960
307310652 32 960
307310656 32 960
307310700 32 960
307310704 32 960
307311020 32 960
307311024 32 960
307314872 2 960
307314868 2 960
307315072 2 960
307315068 2 960
307318884 32 960
307318888 32 960
307318908 32 960
307318912 32 960
307318924 32 960
307318928 32 960
307319016 2 960
307319012 2 960
307319040 2 960
307319036 2 960
307322908 32 960
307322912 32 960
307323136 2 960
307323132 2 960
307323168 2 960
307323164 2 960
307323232 2 960
307323228 2 960
307323264 2 960
307323260 2 960
307327028 32 960
307327032 32 960
307327104 2 960
307327100 2 960
307327172 32 960
307327176 32 960
307327340 32 960
307327344 32 960
307331168 2 960
307331164 2 960
307331320 2 960
307331316 2 960
307331372 32 960
307331376 32 960
308285760 2 960
308285756 2 960
308289644 32 960
308289648 32 960
308289892 32 960
308289896 32 960
308293912 2 960
308293908 2 960
308293940 32 960
308293944 32 960
308294048 2 960
308294044 2 960
308294056 2 960
308294052 2 960
308297880 2 960
308297876 2 960
308297924 32 960
308297928 32 960
308297932 32 960
308297936 32 960
308297944 2 960
308297940 2 960
308297948 32 960
308297952 32 960
308298012 32 960
308298016 32 960
308298024 2 960
308298020 2 960
308301868 32 960
308301872 32 960
308301884 32 960
308301888 32 960
308301944 2 960
308301940 2 960
308302016 2 960
308302012 2 960
308302144 2 960
308302140 2 960
308302196 32 960
308302200 32 960
308305948 32 960
308305952 32 960
308306020 32 960
308306024 32 960
308306088 2 960
308306084 2 960
308306136 2 960
308306132 2 960
308306152 2 960
308306148 2 960
308306188 32 960
308306192 32 960
308306208 2 960
308306204 2 960
308310044 32 960
308310048 32 960
308310256 2 960
308310252 2 960
308310408 2 960
308310404 2 960
308314208 2 960
308314204 2 960
308314296 2 960
308314292 2 960
308314384 2 960
308314380 2 960
308314480 2 960
308314476 2 960
308318248 2 960
308318244 2 960
308318336 2 960
308318332 2 960
308318452 32 960
308318456 32 960
308322356 32 960
308322360 32 960
308322456 2 960
308322452 2 960
308322640 2 960
308322636 2 960
308326500 32 960
308326504 32 960
308326504 2 960
308326500 2 960
308326544 2 960
308326540 2 960
308326552 2 960
308326548 2 960
308326620 32 960
308326624 32 960
308326788 32 960
308326792 32 960
308326808 2 960
308326804 2 960
308330520 2 960
308330516 2 960
308330528 2 960
308330524 2 960
308330680 2 960
308330676 2 960
308330864 2 960
308330860 2 960
308334648 2 960
308334644 2 960
308334768 2 960
308334764 2 960
308334776 2 960
308334772 2 960
308334800 2 960
308334796 2 960
308334848 2 960
308334844 2 960
308334852 32 960
308334856 32 960
308334944 2 960
308334940 2 960
308334968 2 960
308334964 2 960
308335008 2 960
308335004 2 960
308335024 2 960
308335020 2 960
308338760 2 960
308338756 2 960
308338800 2 960
308338796 2 960
308339048 2 960
308339044 2 960
308339112 2 960
308339108 2 960
308342816 2 960
308342812 2 960
308342972 32 960
308342976 32 960
308342980 32 960
308342984 32 960
308342984 2 960
308342980 2 960
308343056 2 960
308343052 2 960
308343080 2 960
308343076 2 960
308343192 2 960
308343188 2 960
308343204 32 960
308343208 32 960
308346928 2 960
308346924 2 960
308347064 2 960
308347060 2 960
308347164 32 960
308347168 32 960
308347184 2 960
308347180 2 960
308347256 2 960
308347252 2 960
308347268 32 960
308347272 32 960
308347300 32 960
308347304 32 960
308351076 32 960
308351080 32 960
308351088 2 960
308351084 2 960
308351144 2 960
308351140 2 960
308351284 32 960
308351288 32 960
308351372 32 960
308351376 32 960
308355188 32 960
308355192 32 960
308355220 32 960
308355224 32 960
308355264 2 960
308355260 2 960
308355368 2 960
308355364 2 960
308359212 32 960
308359216 32 960
308359364 32 960
308359368 32 960
308359412 32 960
308359416 32 960
308359528 2 960
308359524 2 960
308363368 2 960
308363364 2 960
308363384 2 960
308363380 2 960
308363660 32 960
308363664 32 960
308367368 2 960
308367364 2 960
308367428 32 960
308367432 32 960
308367432 2 960
308367428 2 960
308367564 32 960
308367568 32 960
308367624 2 960
308367620 2 960
308367632 2 960
308367628 2 960
308367640 2 960
308367636 2 960
308367736 2 960
308367732 2 960
308367740 32 960
308367744 32 960
308367748 32 960
308367752 32 960
308371504 2 960
308371500 2 960
308371564 32 960
308371568 32 960
308371572 32 960
308371576 32 960
308371580 32 960
308371584 32 960
308371672 2 960
308371668 2 960
308371780 32 960
308371784 32 960
308371856 2 960
308371852 2 960
308371864 2 960
308371860 2 960
308375556 32 960
308375560 32 960
308375568 2 960
308375564 2 960
308375688 2 960
308375684 2 960
308375704 2 960
308375700 2 960
308375744 2 960
308375740 2 960
308375892 32 960
308375896 32 960
308379804 32 960
308379808 32 960
308379912 2 960
308379908 2 960
308379984 2 960
308379980 2 960
308380020 32 960
308380024 32 960
308383916 32 960
308383920 32 960
308383952 2 960
308383948 2 960
308384148 32 960
308384152 32 960
308387960 2 960
308387956 2 960
308388096 2 960
308388092 2 960
308388136 2 960
308388132 2 960
308388188 32 960
308388192 32 960
308391984 2 960
308391980 2 960
308392204 32 960
308392208 32 960
308392288 2 960
308392284 2 960
308392348 32 960
308392352 32 960
308396108 32 960
308396112 32 960
308396128 2 960
308396124 2 960
308396164 32 960
308396168 32 960
308396336 2 960
308396332 2 960
308396464 2 960
308396460 2 960
308400160 2 960
308400156 2 960
308400296 2 960
308400292 2 960
308400364 32 960
308400368 32 960
308400416 2 960
308400412 2 960
308400556 32 960
308400560 32 960
308404320 2 960
308404316 2 960
308404328 2 960
308404324 2 960
308404368 2 960
308404364 2 960
308404400 2 960
308404396 2 960
308404440 2 960
308404436 2 960
308404452 32 960
308404456 32 960
308404468 32 960
308404472 32 960
308404504 2 960
308404500 2 960
308408324 32 960
308408328 32 960
308408440 2 960
308408436 2 960
308408528 2 960
308408524 2 960
308408604 32 960
308408608 32 960
308408696 2 960
308408692 2 960
308412608 2 960
308412604 2 960
308412632 2 960
308412628 2 960
308412644 32 960
308412648 32 960
308412816 2 960
308412812 2 960
308412848 2 960
308412844 2 960
308416516 32 960
308416520 32 960
308416648 2 960
308416644 2 960
308416652 32 960
308416656 32 960
308416692 32 960
308416696 32 960
308416700 32 960
308416704 32 960
308416768 2 960
308416764 2 960
308416784 2 960
308416780 2 960
308420668 32 960
308420672 32 960
308420672 2 960
308420668 2 960
308420716 32 960
308420720 32 960
308420720 2 960
308420716 2 960
308420724 32 960
308420728 32 960
308420732 32 960
308420736 32 960
308420736 2 960
308420732 2 960
308420748 32 960
308420752 32 960
308420784 2 960
308420780 2 960
308420796 32 960
308420800 32 960
308420804 32 960
308420808 32 960
308420912 2 960
308420908 2 960
308421012 32 960
308421016 32 960
309334040 2 1016
309334036 2 1016
309334076 2 1016
309334080 2 1016
309334184 2 1016
309334180 2 1016
309338136 2 1016
309338132 2 1016
309338144 2 1016
309338140 2 1016
309338292 2 1016
309338296 2 1016
309342380 2 1016
309342384 2 1016
309346308 2 1016
309346312 2 1016
309346412 2 1016
309346416 2 1016
309346468 2 1016
309346472 2 1016
309350516 2 1016
309350520 2 1016
309350532 2 1016
309350536 2 1016
309350560 2 1016
309350556 2 1016
309354612 2 1016
309354616 2 1016
309358604 2 1016
309358608 2 1016
309358616 2 1016
309358612 2 1016
309358684 2 1016
309358688 2 1016
309358708 2 1016
309358712 2 1016
309358784 2 1016
309358780 2 1016
309362696 2 1016
309362692 2 1016
309366860 2 1016
309366864 2 1016
309366920 2 1016
309366916 2 1016
309370952 2 1016
309370948 2 1016
309375100 2 1016
309375104 2 1016
309375120 2 1016
309375116 2 1016
309383196 2 1016
309383200 2 1016
309383344 2 1016
309383340 2 1016
309387360 2 1016
309387356 2 1016
309387364 2 1016
309387368 2 1016
309387424 2 1016
309387420 2 1016
309387440 2 1016
309387436 2 1016
309391368 2 1016
309391364 2 1016
309391500 2 1016
309391504 2 1016
309395484 2 1016
309395488 2 1016
309395496 2 1016
309395492 2 1016
309395500 2 1016
309395504 2 1016
309395548 2 1016
309395552 2 1016
309399672 2 1016
309399668 2 1016
309403676 2 1016
309403680 2 1016
309403696 2 1016
309403692 2 1016
309403700 2 1016
309403704 2 1016
309403732 2 1016
309403736 2 1016
309403776 2 1016
309403772 2 1016
309403796 2 1016
309403800 2 1016
309407772 2 1016
309407776 2 1016
309407776 2 1016
309407772 2 1016
309407788 2 1016
309407792 2 1016
309407852 2 1016
309407856 2 1016
309411952 2 1016
309411948 2 1016
309412012 2 1016
309412016 2 1016
309412016 2 1016
309412012 2 1016
309415968 2 1016
309415964 2 1016
309416012 2 1016
309416016 2 1016
309416020 2 1016
309416024 2 1016
309416068 2 1016
309416072 2 1016
309420068 2 1016
309420072 2 1016
309420100 2 1016
309420104 2 1016
309420176 2 1016
309420172 2 1016
309424224 2 1016
309424220 2 1016
309424316 2 1016
309424320 2 1016
309428268 2 1016
309428272 2 1016
309428360 2 1016
309428356 2 1016
309432324 2 1016
309432328 2 1016
309436484 2 1016
309436488 2 1016
309436528 2 1016
309436524 2 1016
309436548 2 1016
309436552 2 1016
309436580 2 1016
309436584 2 1016
309440516 2 1016
309440520 2 1016
309440672 2 1016
309440668 2 1016
309448784 2 1016
309448780 2 1016
309448812 2 1016
309448816 2 1016
309448824 2 1016
309448820 2 1016
309452864 2 1016
309452860 2 1016
309456916 2 1016
309456920 2 1016
309456932 2 1016
309456936 2 1016
309456960 2 1016
309456956 2 1016
309461100 2 1016
309461104 2 1016
309461132 2 1016
309461136 2 1016
309461140 2 1016
309461144 2 1016
309461144 2 1016
309461140 2 1016
309461184 2 1016
309461180 2 1016
309465104 2 1016
309465100 2 1016
309465164 2 1016
309465168 2 1016
309465168 2 1016
309465164 2 1016
309469224 2 1016
309469220 2 1016
309473360 2 1016
309473356 2 1016
309485600 2 1016
309485596 2 1016
309485656 2 1016
309485652 2 1016
309485724 2 1016
309485728 2 1016
309489736 2 1016
309489732 2 1016
309489828 2 1016
309489832 2 1016
309493880 2 1016
309493876 2 1016
309497972 2 1016
309497976 2 1016
309498020 2 1016
309498024 2 1016
309502072 2 1016
309502068 2 1016
309506076 2 1016
309506080 2 1016
309510288 2 1016
309510284 2 1016
309514272 2 1016
309514268 2 1016
309514304 2 1016
309514300 2 1016
309514316 2 1016
309514320 2 1016
309518348 2 1016
309518352 2 1016
309518416 2 1016
309518412 2 1016
309518428 2 1016
309518432 2 1016
309522444 2 1016
309522448 2 1016
309522456 2 1016
309522452 2 1016
309522480 2 1016
309522476 2 1016
309522504 2 1016
309522500 2 1016
309522604 2 1016
309522608 2 1016
309522612 2 1016
309522616 2 1016
309526560 2 1016
309526556 2 1016
309526624 2 1016
309526620 2 1016
309526688 2 1016
309526684 2 1016
309526704 2 1016
309526700 2 1016
310382756 2 1016
310382760 2 1016
310386708 2 1016
310386712 2 1016
310386732 2 1016
310386736 2 1016
310386820 2 1016
310386824 2 1016
310390868 2 1016
310390872 2 1016
310394928 2 1016
310394924 2 1016
310394944 2 1016
310394940 2 1016
310394960 2 1016
310394956 2 1016
310395012 2 1016
310395016 2 1016
310399032 2 1016
310399028 2 1016
310399068 2 1016
310399072 2 1016
310399084 2 1016
310399088 2 1016
310399096 2 1016
310399092 2 1016
310407228 2 1016
310407232 2 1016
310407276 2 1016
310407280 2 1016
310407348 2 1016
310407352 2 1016
310411280 2 1016
310411276 2 1016
310411404 2 1016
310411408 2 1016
310411420 2 1016
310411424 2 1016
310415424 2 1016
310415420 2 1016
310415472 2 1016
310415468 2 1016
310415496 2 1016
310415492 2 1016
310419568 2 1016
310419564 2 1016
310423556 2 1016
310423560 2 1016
310423692 2 1016
310423696 2 1016
310423700 2 1016
310423704 2 1016
310423712 2 1016
310423708 2 1016
310427692 2 1016
310427696 2 1016
310427696 2 1016
310427692 2 1016
310427800 2 1016
310427796 2 1016
310431808 2 1016
310431804 2 1016
310431836 2 1016
310431840 2 1016
310431844 2 1016
310431848 2 1016
310431872 2 1016
310431868 2 1016
310431916 2 1016
310431920 2 1016
310436004 2 1016
310436008 2 1016
310436032 2 1016
310436028 2 1016
310440004 2 1016
310440008 2 1016
310440096 2 1016
310440092 2 1016
310444048 2 1016
310444044 2 1016
310444072 2 1016
310444068 2 1016
310444084 2 1016
310444088 2 1016
310444164 2 1016
310444168 2 1016
310444180 2 1016
310444184 2 1016
310444200 2 1016
310444196 2 1016
310448204 2 1016
310448208 2 1016
310448232 2 1016
310448228 2 1016
310448264 2 1016
310448260 2 1016
310452300 2 1016
310452304 2 1016
310452356 2 1016
310452360 2 1016
310452380 2 1016
310452384 2 1016
310456392 2 1016
310456388 2 1016
310460540 2 1016
310460544 2 1016
310464520 2 1016
310464516 2 1016
310464616 2 1016
310464612 2 1016
310468668 2 1016
310468672 2 1016
310472708 2 1016
310472712 2 1016
310472876 2 1016
310472880 2 1016
310476804 2 1016
310476808 2 1016
310476840 2 1016
310476836 2 1016
310476864 2 1016
310476860 2 1016
310480912 2 1016
310480908 2 1016
310481016 2 1016
310481012 2 1016
310481044 2 1016
310481048 2 1016
310485076 2 1016
310485080 2 1016
310489176 2 1016
310489172 2 1016
310489204 2 1016
310489208 2 1016
310489232 2 1016
310489228 2 1016
310489248 2 1016
310489244 2 1016
310493332 2 1016
310493336 2 1016
310497308 2 1016
310497312 2 1016
310497352 2 1016
310497348 2 1016
310497376 2 1016
310497372 2 1016
310497416 2 1016
310497412 2 1016
310497424 2 1016
310497420 2 1016
310501408 2 1016
310501404 2 1016
310501528 2 1016
310501524 2 1016
310505504 2 1016
310505500 2 1016
310505588 2 1016
310505592 2 1016
310509632 2 1016
310509628 2 1016
310509688 2 1016
310509684 2 1016
310509752 2 1016
310509748 2 1016
310513784 2 1016
310513780 2 1016
310513796 2 1016
310513800 2 1016
310513800 2 1016
310513796 2 1016
310513840 2 1016
310513836 2 1016
310517896 2 1016
310517892 2 1016
310517952 2 1016
310517948 2 1016
310521904 2 1016
310521900 2 1016
310522036 2 1016
310522040 2 1016
310525992 2 1016
310525988 2 1016
310530064 2 1016
310530060 2 1016
310530088 2 1016
310530084 2 1016
310530096 2 1016
310530092 2 1016
310530124 2 1016
310530128 2 1016
310530228 2 1016
310530232 2 1016
310534148 2 1016
310534152 2 1016
310538416 2 1016
310538412 2 1016
310538432 2 1016
310538428 2 1016
310542364 2 1016
310542368 2 1016
310542400 2 1016
310542396 2 1016
310546528 2 1016
310546524 2 1016
310546536 2 1016
310546532 2 1016
310546544 2 1016
310546540 2 1016
310546572 2 1016
310546576 2 1016
310550592 2 1016
310550588 2 1016
310550656 2 1016
310550652 2 1016
310550712 2 1016
310550708 2 1016
310554788 2 1016
310554792 2 1016
310558868 2 1016
310558872 2 1016
310562860 2 1016
310562864 2 1016
310562872 2 1016
310562868 2 1016
310562892 2 1016
310562896 2 1016
310562960 2 1016
310562956 2 1016
310567064 2 1016
310567060 2 1016
310567084 2 1016
310567088 2 1016
310571028 2 1016
310571032 2 1016
310571064 2 1016
310571060 2 1016
310575244 2 1016
310575248 2 1016
310575268 2 1016
310575272 2 1016
310575272 2 1016
310575268 2 1016
310579308 2 1016
310579312 2 1016
310583332 2 1016
310583336 2 1016
310583352 2 1016
310583348 2 1016
310587404 2 1016
310587408 2 1016
310587424 2 1016
310587420 2 1016
310587484 2 1016
310587488 2 1016
310591556 2 1016
310591560 2 1016
310591628 2 1016
310591632 2 1016
310595640 2 1016
310595636 2 1016
310595660 2 1016
310595664 2 1016
310595688 2 1016
310595684 2 1016
310595732 2 1016
310595736 2 1016
310595740 2 1016
310595744 2 1016
310595744 2 1016
310595740 2 1016
310599740 2 1016
310599744 2 1016
310599856 2 1016
310599852 2 1016
310603800 2 1016
310603796 2 1016
310603872 2 1016
310603868 2 1016
310603884 2 1016
310603888 2 1016
310607888 2 1016
310607884 2 1016
310607964 2 1016
310607968 2 1016
310608028 2 1016
310608032 2 1016
310608056 2 1016
310608052 2 1016
310612004 2 1016
310612008 2 1016
310612140 2 1016
310612144 2 1016
310616100 2 1016
310616104 2 1016
310616116 2 1016
310616120 2 1016
310616204 2 1016
310616208 2 1016
310616228 2 1016
310616232 2 1016
310620220 2 1016
310620224 2 1016
310624284 2 1016
310624288 2 1016
310624332 2 1016
310624336 2 1016
310624340 2 1016
310624344 2 1016
310624348 2 1016
310624352 2 1016
310624368 2 1016
310624364 2 1016
310628404 2 1016
310628408 2 1016
310632620 2 1016
310632624 2 1016
311431228 2 1016
311431232 2 1016
311431320 2 1016
311431316 2 1016
311431328 2 1016
311431324 2 1016
311435268 2 1016
311435272 2 1016
311435304 2 1016
311435300 2 1016
311435328 2 1016
311435324 2 1016
311435332 2 1016
311435336 2 1016
311435404 2 1016
311435408 2 1016
311435448 2 1016
311435444 2 1016
311439484 2 1016
311439488 2 1016
311439508 2 1016
311439512 2 1016
311443500 2 1016
311443504 2 1016
311443512 2 1016
311443508 2 1016
311443528 2 1016
311443524 2 1016
311443620 2 1016
311443624 2 1016
311443628 2 1016
311443632 2 1016
311443632 2 1016
311443628 2 1016
311451816 2 1016
311451812 2 1016
311455768 2 1016
311455764 2 1016
311455824 2 1016
311455820 2 1016
311455852 2 1016
311455856 2 1016
311455876 2 1016
311455880 2 1016
311459888 2 1016
311459884 2 1016
311459904 2 1016
311459900 2 1016
311459948 2 1016
311459952 2 1016
311459960 2 1016
311459956 2 1016
311459988 2 1016
311459992 2 1016
311460024 2 1016
311460020 2 1016
311463960 2 1016
311463956 2 1016
311464040 2 1016
311464036 2 1016
311464052 2 1016
311464056 2 1016
311468084 2 1016
311468088 2 1016
311468184 2 1016
311468180 2 1016
311468204 2 1016
311468208 2 1016
311472144 2 1016
311472140 2 1016
311472184 2 1016
311472180 2 1016
311472252 2 1016
311472256 2 1016
311476332 2 1016
311476336 2 1016
311492648 2 1016
311492644 2 1016
311492788 2 1016
311492792 2 1016
311496708 2 1016
311496712 2 1016
311496752 2 1016
311496748 2 1016
311496768 2 1016
311496764 2 1016
311496812 2 1016
311496816 2 1016
311496852 2 1016
311496856 2 1016
311500824 2 1016
311500820 2 1016
311500856 2 1016
311500852 2 1016
311500904 2 1016
311500900 2 1016
311508996 2 1016
311509000 2 1016
311509028 2 1016
311509032 2 1016
311509036 2 1016
311509040 2 1016
311509068 2 1016
311509072 2 1016
311513260 2 1016
311513264 2 1016
311517188 2 1016
311517192 2 1016
311517196 2 1016
311517200 2 1016
311525396 2 1016
311525400 2 1016
311525400 2 1016
311525396 2 1016
311525432 2 1016
311525428 2 1016
311525472 2 1016
311525468 2 1016
311525492 2 1016
311525496 2 1016
311525496 2 1016
311525492 2 1016
311525540 2 1016
311525544 2 1016
311529544 2 1016
311529540 2 1016
311529604 2 1016
311529608 2 1016
311529644 2 1016
311529648 2 1016
311533700 2 1016
311533704 2 1016
311533728 2 1016
311533724 2 1016
311533740 2 1016
311533744 2 1016
311537804 2 1016
311537808 2 1016
311541816 2 1016
311541812 2 1016
311545888 2 1016
311545884 2 1016
311545928 2 1016
311545924 2 1016
311546000 2 1016
311545996 2 1016
311546012 2 1016
311546016 2 1016
311546044 2 1016
311546048 2 1016
311546048 2 1016
311546044 2 1016
311550044 2 1016
311550048 2 1016
311554060 2 1016
311554064 2 1016
311554072 2 1016
311554068 2 1016
311554076 2 1016
311554080 2 1016
311554080 2 1016
311554076 2 1016
311554176 2 1016
311554172 2 1016
311554180 2 1016
311554184 2 1016
311554200 2 1016
311554196 2 1016
311558168 2 1016
311558164 2 1016
311562252 2 1016
311562256 2 1016
311562268 2 1016
311562272 2 1016
311562304 2 1016
311562300 2 1016
311562308 2 1016
311562312 2 1016
311562352 2 1016
311562348 2 1016
311562428 2 1016
311562432 2 1016
311566380 2 1016
311566384 2 1016
311566432 2 1016
311566428 2 1016
311570568 2 1016
311570564 2 1016
311570580 2 1016
311570584 2 1016
311574560 2 1016
311574556 2 1016
311574704 2 1016
311574700 2 1016
311578688 2 1016
311578684 2 1016
311578704 2 1016
311578700 2 1016
311578780 2 1016
311578784 2 1016
311582768 2 1016
311582764 2 1016
311586860 2 1016
311586864 2 1016
311586864 2 1016
311586860 2 1016
311586988 2 1016
311586992 2 1016
311587008 2 1016
311587004 2 1016
311590960 2 1016
311590956 2 1016
311591008 2 1016
311591004 2 1016
311591064 2 1016
311591060 2 1016
311591068 2 1016
311591072 2 1016
311599160 2 1016
311599156 2 1016
311599184 2 1016
311599180 2 1016
311599188 2 1016
311599192 2 1016
311599280 2 1016
311599276 2 1016
311603212 2 1016
311603216 2 1016
311603304 2 1016
311603300 2 1016
311603356 2 1016
311603360 2 1016
311607364 2 1016
311607368 2 1016
311607448 2 1016
311607444 2 1016
311611532 2 1016
311611536 2 1016
311611568 2 1016
311611564 2 1016
311611576 2 1016
311611572 2 1016
311615524 2 1016
311615528 2 1016
311615620 2 1016
311615624 2 1016
311615680 2 1016
311615676 2 1016
311619640 2 1016
311619636 2 1016
311619644 2 1016
311619648 2 1016
311619680 2 1016
311619676 2 1016
311623860 2 1016
311623864 2 1016
311627828 2 1016
311627832 2 1016
311627908 2 1016
311627912 2 1016
311631956 2 1016
311631960 2 1016
311631988 2 1016
311631992 2 1016
311636000 2 1016
311635996 2 1016
311636048 2 1016
311636044 2 1016
311636060 2 1016
311636064 2 1016
311636128 2 1016
311636124 2 1016
311640148 2 1016
311640152 2 1016
311640216 2 1016
311640212 2 1016
311648320 2 1016
311648316 2 1016
311648448 2 1016
311648444 2 1016
311652472 2 1016
311652468 2 1016
311652512 2 1016
311652508 2 1016
311656512 2 1016
311656508 2 1016
311660580 2 1016
311660584 2 1016
311664664 2 1016
311664660 2 1016
311664700 2 1016
311664704 2 1016
311664720 2 1016
311664716 2 1016
311664764 2 1016
311664768 2 1016
311664780 2 1016
311664784 2 1016
311668920 2 1016
311668916 2 1016
311672876 2 1016
311672880 2 1016
311672904 2 1016
311672900 2 1016
311672976 2 1016
311672972 2 1016
311673020 2 1016
311673024 2 1016
311676932 2 1016
311676936 2 1016
311677024 2 1016
311677020 2 1016
311677100 2 1016
311677104 2 1016
311681076 2 1016
311681080 2 1016
311681104 2 1016
311681100 2 1016
311681144 2 1016
311681140 2 1016
311685140 2 1016
311685144 2 1016
311685176 2 1016
311685172 2 1016
311685180 2 1016
311685184 2 1016
311685296 2 1016
311685292 2 1016
311685308 2 1016
311685312 2 1016
311689256 2 1016
311689252 2 1016
311693436 2 1016
311693440 2 1016
311697452 2 1016
311697456 2 1016
311697456 2 1016
311697452 2 1016
311697476 2 1016
311697480 2 1016
311697500 2 1016
311697504 2 1016
311697576 2 1016
311697572 2 1016
311701672 2 1016
311701668 2 1016
311705640 2 1016
311705636 2 1016
311709760 2 1016
311709756 2 1016
311709796 2 1016
311709800 2 1016
311709864 2 1016
311709860 2 1016
311713796 2 1016
311713800 2 1016
311713924 2 1016
311713928 2 1016
311717932 2 1016
311717936 2 1016
311717980 2 1016
311717984 2 1016
311718048 2 1016
311718044 2 1016
311722000 2 1016
311721996 2 1016
311722024 2 1016
311722020 2 1016
311722168 2 1016
311722164 2 1016
311726172 2 1016
311726176 2 1016
311726192 2 1016
311726188 2 1016
311726216 2 1016
311726212 2 1016
311730212 2 1016
311730216 2 1016
311730268 2 1016
311730272 2 1016
311730328 2 1016
311730324 2 1016
311734336 2 1016
311734332 2 1016
311734352 2 1016
311734348 2 1016
311734400 2 1016
311734396 2 1016
311734424 2 1016
311734420 2 1016
311738420 2 1016
311738424 2 1016
311738540 2 1016
311738544 2 1016
355210352 2 960
355210348 2 960
355214352 2 960
355214348 2 960
355214372 32 960
355214376 32 960
355214404 32 960
355214408 32 960
355218436 32 960
355218440 32 960
355218580 32 960
355218584 32 960
355222608 2 960
355222604 2 960
355222708 32 960
355222712 32 960
355226708 32 960
355226712 32 960
355226752 2 960
355226748 2 960
355226768 2 960
355226764 2 960
355226772 32 960
355226776 32 960
355226824 2 960
355226820 2 960
355226860 32 960
355226864 32 960
355230780 32 960
355230784 32 960
355230796 32 960
355230800 32 960
355230892 32 960
355230896 32 960
355230904 2 960
355230900 2 960
355230952 2 960
355230948 2 960
355230972 32 960
355230976 32 960
355230988 32 960
355230992 32 960
355231000 2 960
355230996 2 960
355234872 2 960
355234868 2 960
355234904 2 960
355234900 2 960
355234972 32 960
355234976 32 960
355235024 2 960
355235020 2 960
355238924 32 960
355238928 32 960
355238972 32 960
355238976 32 960
355239000 2 960
355238996 2 960
355243060 32 960
355243064 32 960
355243064 2 960
355243060 2 960
355243096 2 960
355243092 2 960
355247152 2 1016
355247148 2 1016
355247292 2 1016
355247296 2 1016
355247336 2 1016
355247332 2 1016
355247380 2 1016
355247384 2 1016
355247428 2 1016
355247432 2 1016
355251220 2 1016
355251224 2 1016
355251224 2 1016
355251220 2 1016
355251228 2 1016
355251232 2 1016
355251292 2 1016
355251296 2 1016
355251336 2 1016
355251332 2 1016
355251384 2 1016
355251380 2 1016
355251476 2 1016
355251480 2 1016
355255388 2 1016
355255392 2 1016
355255408 2 1016
355255404 2 1016
355255444 2 1016
355255448 2 1016
355255492 2 1016
355255496 2 1016
355255568 2 1016
355255564 2 1016
355255620 2 1016
355255624 2 1016
355255676 2 1016
355255680 2 1016
355255708 2 1016
355255712 2 1016
355255740 2 1016
355255744 2 1016
355255756 2 1016
355255760 2 1016
355259428 2 1016
355259432 2 1016
355259436 2 1016
355259440 2 1016
355259448 2 1016
355259444 2 1016
355259484 2 1016
355259488 2 1016
355259588 2 1016
355259592 2 1016
355259604 2 1016
355259608 2 1016
355259676 2 1016
355259680 2 1016
355259720 2 1016
355259716 2 1016
355259808 2 1016
355259804 2 1016
355259836 2 1016
355259840 2 1016
355259936 2 1016
355259932 2 1016
355263560 2 1016
355263556 2 1016
355263584 2 1016
355263580 2 1016
355263684 2 1016
355263688 2 1016
355263688 2 1016
355263684 2 1016
355263744 2 1016
355263740 2 1016
355263924 2 1016
355263928 2 1016
355267704 2 1016
355267700 2 1016
355267712 2 1016
355267708 2 1016
355267744 2 1016
355267740 2 1016
355267800 2 1016
355267796 2 1016
355267816 2 1016
355267812 2 1016
355267828 2 1016
355267832 2 1016
355267864 2 1016
355267860 2 1016
355267920 2 1016
355267916 2 1016
355267976 2 1016
355267972 2 1016
355268028 2 1016
355268032 2 1016
355268196 2 1016
355268200 2 1016
355472388 32 960
355472392 32 960
355472540 32 960
355472544 32 960
355472544 2 960
355472540 2 960
355476488 2 960
355476484 2 960
355476520 2 960
355476516 2 960
355476532 32 960
355476536 32 960
355476556 32 960
355476560 32 960
355476640 2 960
355476636 2 960
355480740 32 960
355480744 32 960
355480792 2 960
355480788 2 960
355484692 32 960
355484696 32 960
355484700 32 960
355484704 32 960
355484708 32 960
355484712 32 960
355484724 32 960
355484728 32 960
355484800 2 960
355484796 2 960
355488800 2 960
355488796 2 960
355488804 32 960
355488808 32 960
355488872 2 960
355488868 2 960
355488880 2 960
355488876 2 960
355492892 32 960
355492896 32 960
355492952 2 960
355492948 2 960
355493112 2 960
355493108 2 960
355493148 32 960
355493152 32 960
355497104 2 960
355497100 2 960
355497172 32 960
355497176 32 960
355497212 32 960
355497216 32 960
355501156 32 960
355501160 32 960
355501248 2 960
355501244 2 960
355501284 32 960
355501288 32 960
355501332 32 960
355501336 32 960
355505200 2 960
355505196 2 960
355505236 32 960
355505240 32 960
355505256 2 960
355505252 2 960
355505296 2 960
355505292 2 960
355505368 2 960
355505364 2 960
355505440 2 960
355505436 2 960
355509292 2 1016
355509296 2 1016
355509336 2 1016
355509332 2 1016
355509372 2 1016
355509376 2 1016
355509412 2 1016
355509416 2 1016
355509420 2 1016
355509424 2 1016
355509428 2 1016
355509432 2 1016
355509564 2 1016
355509568 2 1016
355513428 2 1016
355513432 2 1016
355513480 2 1016
355513476 2 1016
355513496 2 1016
355513492 2 1016
355513668 2 1016
355513672 2 1016
355513712 2 1016
355513708 2 1016
355513728 2 1016
355513724 2 1016
355513788 2 1016
355513792 2 1016
355517580 2 1016
355517584 2 1016
355517672 2 1016
355517668 2 1016
355517704 2 1016
355517700 2 1016
355517756 2 1016
355517760 2 1016
355517896 2 1016
355517892 2 1016
355517912 2 1016
355517908 2 1016
355521756 2 1016
355521760 2 1016
355521780 2 1016
355521784 2 1016
355521800 2 1016
355521796 2 1016
355521892 2 1016
355521896 2 1016
355521908 2 1016
355521912 2 1016
355525728 2 1016
355525724 2 1016
355525756 2 1016
355525760 2 1016
355525812 2 1016
355525816 2 1016
355525820 2 1016
355525824 2 1016
355525908 2 1016
355525912 2 1016
355525984 2 1016
355525980 2 1016
355526040 2 1016
355526036 2 1016
355526100 2 1016
355526104 2 1016
355526152 2 1016
355526148 2 1016
355526164 2 1016
355526168 2 1016
355526168 2 1016
355526164 2 1016
355529748 2 1016
355529752 2 1016
355529784 2 1016
355529780 2 1016
355529832 2 1016
355529828 2 1016
355530004 2 1016
355530008 2 1016
355530072 2 1016
355530068 2 1016
355530096 2 1016
355530092 2 1016
355530164 2 1016
355530168 2 1016
355530184 2 1016
355530180 2 1016
355530188 2 1016
355530192 2 1016
355530308 2 1016
355530312 2 1016
355734568 2 960
355734564 2 960
355738696 2 960
355738692 2 960
355738768 2 960
355738764 2 960
355742792 2 960
355742788 2 960
355746880 2 960
355746876 2 960
355746908 32 960
355746912 32 960
355751104 2 960
355751100 2 960
355751140 32 960
355751144 32 960
355755020 32 960
355755024 32 960
355755120 2 960
355755116 2 960
355755184 2 960
355755180 2 960
355755252 32 960
355755256 32 960
355759160 2 960
355759156 2 960
355759196 32 960
355759200 32 960
355759200 2 960
355759196 2 960
355759348 32 960
355759352 32 960
355763268 32 960
355763272 32 960
355763280 2 960
355763276 2 960
355763428 32 960
355763432 32 960
355763500 32 960
355763504 32 960
355767332 32 960
355767336 32 960
355767376 2 960
355767372 2 960
355767524 32 960
355767528 32 960
355767600 2 960
355767596 2 960
355771728 2 1016
355771724 2 1016
355775520 2 1016
355775516 2 1016
355775532 2 1016
355775536 2 1016
355775592 2 1016
355775588 2 1016
355775648 2 1016
355775644 2 1016
355775652 2 1016
355775656 2 1016
355775768 2 1016
355775764 2 1016
355775832 2 1016
355775828 2 1016
355775848 2 1016
355775844 2 1016
355779588 2 1016
355779592 2 1016
355779752 2 1016
355779748 2 1016
355779756 2 1016
355779760 2 1016
355779996 2 1016
355780000 2 1016
355783736 2 1016
355783732 2 1016
355783880 2 1016
355783876 2 1016
355783976 2 1016
355783972 2 1016
355784056 2 1016
355784052 2 1016
355784104 2 1016
355784100 2 1016
355784144 2 1016
355784140 2 1016
355784176 2 1016
355784172 2 1016
355784200 2 1016
355784196 2 1016
355787852 2 1016
355787856 2 1016
355787992 2 1016
355787988 2 1016
355788044 2 1016
355788048 2 1016
355788048 2 1016
355788044 2 1016
355788192 2 1016
355788188 2 1016
355788340 2 1016
355788344 2 1016
355788368 2 1016
355788364 2 1016
355791888 2 1016
355791884 2 1016
355792120 2 1016
355792116 2 1016
355792228 2 1016
355792232 2 1016
355792280 2 1016
355792276 2 1016
355792436 2 1016
355792440 2 1016
355996780 32 960
355996784 32 960
355996808 2 960
355996804 2 960
355996812 32 960
355996816 32 960
355996832 2 960
355996828 2 960
356000808 2 960
356000804 2 960
356000828 32 960
356000832 32 960
356000840 2 960
356000836 2 960
356000844 32 960
356000848 32 960
356000852 32 960
356000856 32 960
356005000 2 960
356004996 2 960
356005008 2 960
356005004 2 960
356005016 2 960
356005012 2 960
356009028 32 960
356009032 32 960
356009056 2 960
356009052 2 960
356009136 2 960
356009132 2 960
356009172 32 960
356009176 32 960
356013136 2 960
356013132 2 960
356013188 32 960
356013192 32 960
356013192 2 960
356013188 2 960
356017196 32 960
356017200 32 960
356017208 2 960
356017204 2 960
356021256 2 960
356021252 2 960
356021372 32 960
356021376 32 960
356021444 32 960
356021448 32 960
356021492 32 960
356021496 32 960
356025364 32 960
356025368 32 960
356025376 2 960
356025372 2 960
356025468 32 960
356025472 32 960
356025480 2 960
356025476 2 960
356025592 2 960
356025588 2 960
356025604 32 960
356025608 32 960
356029548 32 960
356029552 32 960
356029572 32 960
356029576 32 960
356029748 32 960
356029752 32 960
356033560 2 1016
356033556 2 1016
356033572 2 1016
356033576 2 1016
356033632 2 1016
356033628 2 1016
356033660 2 1016
356033664 2 1016
356033724 2 1016
356033728 2 1016
356033740 2 1016
356033744 2 1016
356033804 2 1016
356033808 2 1016
356033924 2 1016
356033928 2 1016
356037644 2 1016
356037648 2 1016
356037928 2 1016
356037924 2 1016
356038080 2 1016
356038076 2 1016
356041756 2 1016
356041760 2 1016
356041888 2 1016
356041884 2 1016
356042008 2 1016
356042004 2 1016
356042024 2 1016
356042020 2 1016
356042140 2 1016
356042144 2 1016
356045844 2 1016
356045848 2 1016
356045948 2 1016
356045952 2 1016
356046112 2 1016
356046108 2 1016
356046192 2 1016
356046188 2 1016
356046248 2 1016
356046244 2 1016
356046332 2 1016
356046336 2 1016
356046336 2 1016
356046332 2 1016
356050092 2 1016
356050096 2 1016
356050176 2 1016
356050172 2 1016
356050232 2 1016
356050228 2 1016
356050280 2 1016
356050276 2 1016
356050288 2 1016
356050284 2 1016
356050496 2 1016
356050492 2 1016
356054020 2 1016
356054024 2 1016
356054056 2 1016
356054052 2 1016
356054072 2 1016
356054068 2 1016
356054084 2 1016
356054088 2 1016
356054104 2 1016
356054100 2 1016
356054164 2 1016
356054168 2 1016
356054224 2 1016
356054220 2 1016
356054232 2 1016
356054228 2 1016
356054264 2 1016
356054260 2 1016
356054288 2 1016
356054284 2 1016
356054352 2 1016
356054348 2 1016
356054508 2 1016
356054512 2 1016
356054576 2 1016
356054572 2 1016
356258872 2 960
356258868 2 960
356258916 32 960
356258920 32 960
356263004 32 960
356263008 32 960
356267120 2 960
356267116 2 960
356267132 32 960
356267136 32 960
356271188 32 960
356271192 32 960
356275204 32 960
356275208 32 960
356279316 32 960
356279320 32 960
356279372 32 960
356279376 32 960
356279464 2 960
356279460 2 960
356283456 2 960
356283452 2 960
356283664 2 960
356283660 2 960
356287708 32 960
356287712 32 960
356287740 32 960
356287744 32 960
356287772 32 960
356287776 32 960
356291736 2 960
356291732 2 960
356291796 32 960
356291800 32 960
356291892 32 960
356291896 32 960
356295884 2 1016
356295888 2 1016
356295920 2 1016
356295916 2 1016
356295944 2 1016
356295940 2 1016
356295952 2 1016
356295948 2 1016
356295984 2 1016
356295980 2 1016
356299808 2 1016
356299804 2 1016
356299852 2 1016
356299856 2 1016
356299856 2 1016
356299852 2 1016
356300044 2 1016
356300048 2 1016
356300064 2 1016
356300060 2 1016
356300108 2 1016
356300112 2 1016
356300136 2 1016
356300132 2 1016
356300200 2 1016
356300196 2 1016
356303916 2 1016
356303920 2 1016
356303976 2 1016
356303972 2 1016
356304000 2 1016
356303996 2 1016
356304088 2 1016
356304084 2 1016
356304100 2 1016
356304104 2 1016
356304144 2 1016
356304140 2 1016
356304148 2 1016
356304152 2 1016
356304184 2 1016
356304180 2 1016
356304244 2 1016
356304248 2 1016
356304252 2 1016
356304256 2 1016
356308052 2 1016
356308056 2 1016
356308260 2 1016
356308264 2 1016
356308280 2 1016
356308276 2 1016
356308296 2 1016
356308292 2 1016
356308320 2 1016
356308316 2 1016
356308424 2 1016
356308420 2 1016
356312216 2 1016
356312212 2 1016
356312252 2 1016
356312256 2 1016
356312260 2 1016
356312264 2 1016
356312296 2 1016
356312292 2 1016
356312312 2 1016
356312308 2 1016
356312328 2 1016
356312324 2 1016
356312340 2 1016
356312344 2 1016
356312528 2 1016
356312524 2 1016
356312544 2 1016
356312540 2 1016
356312608 2 1016
356312604 2 1016
356316292 2 1016
356316296 2 1016
356316368 2 1016
356316364 2 1016
356316400 2 1016
356316396 2 1016
356316444 2 1016
356316448 2 1016
356316464 2 1016
356316460 2 1016
356316512 2 1016
356316508 2 1016
356316524 2 1016
356316528 2 1016
356316692 2 1016
356316696 2 1016
356316704 2 1016
356316700 2 1016
356316752 2 1016
356316748 2 1016
346821656 2 960
346821652 2 960
346821712 2 960
346821708 2 960
346821736 2 960
346821732 2 960
346825732 32 960
346825736 32 960
346825764 32 960
346825768 32 960
346825784 2 960
346825780 2 960
346825796 32 960
346825800 32 960
346829852 32 960
346829856 32 960
346829884 32 960
346829888 32 960
346829920 2 960
346829916 2 960
346830000 2 960
346829996 2 960
346830044 32 960
346830048 32 960
346833964 32 960
346833968 32 960
346834012 32 960
346834016 32 960
346834044 32 960
346834048 32 960
346834056 2 960
346834052 2 960
346838084 32 960
346838088 32 960
346838108 32 960
346838112 32 960
346838124 32 960
346838128 32 960
346838152 2 960
346838148 2 960
346842116 32 960
346842120 32 960
346842152 2 960
346842148 2 960
346842328 2 960
346842324 2 960
346842336 2 960
346842332 2 960
346842356 32 960
346842360 32 960
346842364 32 960
346842368 32 960
346846216 2 960
346846212 2 960
346846296 2 960
346846292 2 960
346846308 32 960
346846312 32 960
346846352 2 960
346846348 2 960
346846364 32 960
346846368 32 960
346846368 2 960
346846364 2 960
346846448 2 960
346846444 2 960
346846496 2 960
346846492 2 960
346850348 32 960
346850352 32 960
346850432 2 960
346850428 2 960
346850468 32 960
346850472 32 960
346850536 2 960
346850532 2 960
346850540 32 960
346850544 32 960
346854484 32 960
346854488 32 960
346854520 2 960
346854516 2 960
346854596 32 960
346854600 32 960
346858568 2 1016
346858564 2 1016
346858572 2 1016
346858576 2 1016
346858612 2 1016
346858616 2 1016
346858752 2 1016
346858748 2 1016
346858768 2 1016
346858764 2 1016
346858788 2 1016
346858792 2 1016
346858856 2 1016
346858852 2 1016
346858876 2 1016
346858880 2 1016
346858888 2 1016
346858884 2 1016
346862700 2 1016
346862704 2 1016
346862780 2 1016
346862784 2 1016
346862908 2 1016
346862912 2 1016
346866700 2 1016
346866704 2 1016
346866752 2 1016
346866748 2 1016
346866892 2 1016
346866896 2 1016
346867012 2 1016
346867016 2 1016
346867036 2 1016
346867040 2 1016
346867064 2 1016
346867060 2 1016
346867156 2 1016
346867160 2 1016
346870820 2 1016
346870824 2 1016
346870960 2 1016
346870956 2 1016
346871024 2 1016
346871020 2 1016
346871144 2 1016
346871140 2 1016
346874888 2 1016
346874884 2 1016
346874924 2 1016
346874928 2 1016
346874956 2 1016
346874960 2 1016
346874992 2 1016
346874988 2 1016
346875076 2 1016
346875080 2 1016
346875080 2 1016
346875076 2 1016
346875104 2 1016
346875100 2 1016
346875112 2 1016
346875108 2 1016
346875116 2 1016
346875120 2 1016
346875120 2 1016
346875116 2 1016
346875168 2 1016
346875164 2 1016
346875304 2 1016
346875300 2 1016
346875372 2 1016
346875376 2 1016
346875400 2 1016
346875396 2 1016
346879008 2 1016
346879004 2 1016
346879128 2 1016
346879124 2 1016
346879140 2 1016
346879144 2 1016
346879196 2 1016
346879200 2 1016
346879248 2 1016
346879244 2 1016
346879308 2 1016
346879312 2 1016
346879320 2 1016
346879316 2 1016
346879580 2 1016
346879584 2 1016
347083856 2 960
347083852 2 960
347083912 2 960
347083908 2 960
347087884 32 960
347087888 32 960
347087956 32 960
347087960 32 960
347092064 2 960
347092060 2 960
347092112 2 960
347092108 2 960
347092116 32 960
347092120 32 960
347092152 2 960
347092148 2 960
347096112 2 960
347096108 2 960
347096116 32 960
347096120 32 960
347096168 2 960
347096164 2 960
347096204 32 960
347096208 32 960
347096220 32 960
347096224 32 960
347096276 32 960
347096280 32 960
347100208 2 960
347100204 2 960
347100256 2 960
347100252 2 960
347100296 2 960
347100292 2 960
347100376 2 960
347100372 2 960
347104268 32 960
347104272 32 960
347104424 2 960
347104420 2 960
347104428 32 960
347104432 32 960
347104480 2 960
347104476 2 960
347104520 2 960
347104516 2 960
347112528 2 960
347112524 2 960
347112684 32 960
347112688 32 960
347116552 2 960
347116548 2 960
347116604 32 960
347116608 32 960
347116704 2 960
347116700 2 960
347116864 2 960
347116860 2 960
347120668 2 1016
347120672 2 1016
347120716 2 1016
347120720 2 1016
347120800 2 1016
347120796 2 1016
347120848 2 1016
347120844 2 1016
347120868 2 1016
347120872 2 1016
347120932 2 1016
347120936 2 1016
347121056 2 1016
347121052 2 1016
347124884 2 1016
347124888 2 1016
347124900 2 1016
347124904 2 1016
347125020 2 1016
347125024 2 1016
347125036 2 1016
347125040 2 1016
347125144 2 1016
347125140 2 1016
347128836 2 1016
347128840 2 1016
347128920 2 1016
347128916 2 1016
347128940 2 1016
347128944 2 1016
347128984 2 1016
347128980 2 1016
347129196 2 1016
347129200 2 1016
347129204 2 1016
347129208 2 1016
347129236 2 1016
347129240 2 1016
347133084 2 1016
347133088 2 1016
347133152 2 1016
347133148 2 1016
347133268 2 1016
347133272 2 1016
347133444 2 1016
347133448 2 1016
347137032 2 1016
347137028 2 1016
347137040 2 1016
347137036 2 1016
347137472 2 1016
347137468 2 1016
347137508 2 1016
347137512 2 1016
347137596 2 1016
347137600 2 1016
347141216 2 1016
347141212 2 1016
347141392 2 1016
347141388 2 1016
347141404 2 1016
347141408 2 1016
347141408 2 1016
347141404 2 1016
347141448 2 1016
347141444 2 1016
347141480 2 1016
347141476 2 1016
347141612 2 1016
347141616 2 1016
347141632 2 1016
347141628 2 1016
347345972 32 960
347345976 32 960
347346008 2 960
347346004 2 960
347350024 2 960
347350020 2 960
347350052 32 960
347350056 32 960
347350060 32 960
347350064 32 960
347350116 32 960
347350120 32 960
347350168 2 960
347350164 2 960
347354128 2 960
347354124 2 960
347354144 2 960
347354140 2 960
347354200 2 960
347354196 2 960
347354312 2 960
347354308 2 960
347354324 32 960
347354328 32 960
347358348 32 960
347358352 32 960
347358404 32 960
347358408 32 960
347358424 2 960
347358420 2 960
347362392 2 960
347362388 2 960
347366444 32 960
347366448 32 960
347366472 2 960
347366468 2 960
347366616 2 960
347366612 2 960
347370584 2 960
347370580 2 960
347370596 32 960
347370600 32 960
347370708 32 960
347370712 32 960
347374636 32 960
347374640 32 960
347374764 32 960
347374768 32 960
347374828 32 960
347374832 32 960
347374840 2 960
347374836 2 960
347374892 32 960
347374896 32 960
347378720 2 960
347378716 2 960
347378864 2 960
347378860 2 960
347382792 2 1016
347382788 2 1016
347382964 2 1016
347382968 2 1016
347383076 2 1016
347383080 2 1016
347383080 2 1016
347383076 2 1016
347383088 2 1016
347383084 2 1016
347383116 2 1016
347383120 2 1016
347383144 2 1016
347383140 2 1016
347383152 2 1016
347383148 2 1016
347383176 2 1016
347383172 2 1016
347386888 2 1016
347386884 2 1016
347386988 2 1016
347386992 2 1016
347387076 2 1016
347387080 2 1016
347387172 2 1016
347387176 2 1016
347387228 2 1016
347387232 2 1016
347387268 2 1016
347387272 2 1016
347391140 2 1016
347391144 2 1016
347391180 2 1016
347391184 2 1016
347391228 2 1016
347391232 2 1016
347391488 2 1016
347391484 2 1016
347395256 2 1016
347395252 2 1016
347395304 2 1016
347395300 2 1016
347395316 2 1016
347395320 2 1016
347395404 2 1016
347395408 2 1016
347395412 2 1016
347395416 2 1016
347395452 2 1016
347395456 2 1016
347395560 2 1016
347395556 2 1016
347399260 2 1016
347399264 2 1016
347399272 2 1016
347399268 2 1016
347399324 2 1016
347399328 2 1016
347399584 2 1016
347399580 2 1016
347399628 2 1016
347399632 2 1016
347399688 2 1016
347399684 2 1016
347399748 2 1016
347399752 2 1016
347403436 2 1016
347403440 2 1016
347403480 2 1016
347403476 2 1016
347403512 2 1016
347403508 2 1016
347403528 2 1016
347403524 2 1016
347403544 2 1016
347403540 2 1016
347403564 2 1016
347403568 2 1016
347403608 2 1016
347403604 2 1016
347403704 2 1016
347403700 2 1016
347403712 2 1016
347403708 2 1016
347403740 2 1016
347403744 2 1016
347403784 2 1016
347403780 2 1016
347403844 2 1016
347403848 2 1016
347403856 2 1016
347403852 2 1016
347403892 2 1016
347403896 2 1016
347608076 32 960
347608080 32 960
347608116 32 960
347608120 32 960
347608148 32 960
347608152 32 960
347612184 2 960
347612180 2 960
347616332 32 960
347616336 32 960
347616412 32 960
347616416 32 960
347616452 32 960
347616456 32 960
347620380 32 960
347620384 32 960
347620536 2 960
347620532 2 960
347620544 2 960
347620540 2 960
347620548 32 960
347620552 32 960
347628636 32 960
347628640 32 960
347628660 32 960
347628664 32 960
347628792 2 960
347628788 2 960
347632676 32 960
347632680 32 960
347632748 32 960
347632752 32 960
347632844 32 960
347632848 32 960
347636828 32 960
347636832 32 960
347636976 2 960
347636972 2 960
347640956 32 960
347640960 32 960
347641016 2 960
347641012 2 960
347641096 2 960
347641092 2 960
347641112 2 960
347641108 2 960
347645004 2 1016
347645008 2 1016
347645140 2 1016
347645144 2 1016
347645168 2 1016
347645164 2 1016
347645216 2 1016
347645212 2 1016
347645224 2 1016
347645220 2 1016
347645268 2 1016
347645272 2 1016
347645312 2 1016
347645308 2 1016
347645328 2 1016
347645324 2 1016
347649048 2 1016
347649044 2 1016
347649104 2 1016
347649100 2 1016
347649108 2 1016
347649112 2 1016
347649172 2 1016
347649176 2 1016
347649344 2 1016
347649340 2 1016
347649384 2 1016
347649380 2 1016
347653168 2 1016
347653164 2 1016
347653320 2 1016
347653316 2 1016
347653364 2 1016
347653368 2 1016
347653436 2 1016
347653440 2 1016
347653476 2 1016
347653480 2 1016
347657240 2 1016
347657236 2 1016
347657348 2 1016
347657352 2 1016
347657468 2 1016
347657472 2 1016
347657524 2 1016
347657528 2 1016
347657576 2 1016
347657572 2 1016
347657748 2 1016
347657752 2 1016
347661340 2 1016
347661344 2 1016
347661644 2 1016
347661648 2 1016
347661684 2 1016
347661688 2 1016
347661836 2 1016
347661840 2 1016
347661852 2 1016
347661856 2 1016
347665520 2 1016
347665516 2 1016
347665580 2 1016
347665584 2 1016
347665596 2 1016
347665600 2 1016
347665664 2 1016
347665660 2 1016
347665952 2 1016
347665948 2 1016
347665996 2 1016
347666000 2 1016
347666048 2 1016
347666044 2 1016
347870232 2 960
347870228 2 960
347870256 2 960
347870252 2 960
347870324 32 960
347870328 32 960
347874388 32 960
347874392 32 960
347874448 2 960
347874444 2 960
347878548 32 960
347878552 32 960
347878556 32 960
347878560 32 960
347882700 32 960
347882704 32 960
347886604 32 960
347886608 32 960
347886608 2 960
347886604 2 960
347886712 2 960
347886708 2 960
347886716 32 960
347886720 32 960
347886728 2 960
347886724 2 960
347886792 2 960
347886788 2 960
347886800 2 960
347886796 2 960
347890828 32 960
347890832 32 960
347890868 32 960
347890872 32 960
347894888 2 960
347894884 2 960
347894916 32 960
347894920 32 960
347894984 2 960
347894980 2 960
347899040 2 960
347899036 2 960
347899084 32 960
347899088 32 960
347899196 32 960
347899200 32 960
347902984 2 960
347902980 2 960
347902992 2 960
347902988 2 960
347903064 2 960
347903060 2 960
347903112 2 960
347903108 2 960
347903120 2 960
347903116 2 960
347903128 2 960
347903124 2 960
347907108 2 1016
347907112 2 1016
347907112 2 1016
347907108 2 1016
347907184 2 1016
347907180 2 1016
347907344 2 1016
347907340 2 1016
347907376 2 1016
347907372 2 1016
347907380 2 1016
347907384 2 1016
347911228 2 1016
347911232 2 1016
347911232 2 1016
347911228 2 1016
347911404 2 1016
347911408 2 1016
347911408 2 1016
347911404 2 1016
347911448 2 1016
347911444 2 1016
347911496 2 1016
347911492 2 1016
347911580 2 1016
347911584 2 1016
347915304 2 1016
347915300 2 1016
347915396 2 1016
347915400 2 1016
347915456 2 1016
347915452 2 1016
347915488 2 1016
347915484 2 1016
347915604 2 1016
347915608 2 1016
347915636 2 1016
347915640 2 1016
347915704 2 1016
347915700 2 1016
347919392 2 1016
347919388 2 1016
347919412 2 1016
347919416 2 1016
347919420 2 1016
347919424 2 1016
347919452 2 1016
347919456 2 1016
347919512 2 1016
347919508 2 1016
347919524 2 1016
347919528 2 1016
347919536 2 1016
347919532 2 1016
347919704 2 1016
347919700 2 1016
347919852 2 1016
347919856 2 1016
347919856 2 1016
347919852 2 1016
347919868 2 1016
347919872 2 1016
347919876 2 1016
347919880 2 1016
347923480 2 1016
347923476 2 1016
347923580 2 1016
347923584 2 1016
347923612 2 1016
347923616 2 1016
347923744 2 1016
347923740 2 1016
347923812 2 1016
347923816 2 1016
347924052 2 1016
347924056 2 1016
347927564 2 1016
347927568 2 1016
347927640 2 1016
347927636 2 1016
347927656 2 1016
347927652 2 1016
347927776 2 1016
347927772 2 1016
347927800 2 1016
347927796 2 1016
347927816 2 1016
347927812 2 1016
347927832 2 1016
347927828 2 1016
347927916 2 1016
347927920 2 1016
347927960 2 1016
347927956 2 1016
