1292 1892 2492 1306 1906 2508 1391 1988 2590 1298 1898 2498 691 707 790 697 3093 3695 4297 3107 3706 4307 3190 3790 4389 3099 3701 4303 1281 2482 
3680 1303 1902 2501 3101 3700 4300 88 703 2548 3743 4946 1934 2534 3133 3732 4332 4930 1350 1333 2547 3743 4940 1935 2533 3133 3732 4331 4931 1351 
1336 1304 1907 2508 1314 1915 2515 1398 1998 2598 1311 1913 2514 705 715 797 711 3110 3710 4313 3117 3716 4316 3199 3797 4399 3116 3716 4319 1288 
2486 3687 1308 1907 2507 3109 3708 4309 88 708 2550 3751 4951 1939 2539 3139 3739 4340 4940 1354 1338 2548 3749 4949 1939 2539 3138 3738 4338 4938 
1348 1339 1313 1916 2515 1316 1917 2517 1399 1999 2600 1320 1922 2521 714 718 800 720 3117 3716 4318 3117 3716 4317 3200 3799 4399 3123 3723 4324 
1291 2493 3696 1309 1911 2511 3112 3711 4314 88 710 2555 3757 4961 1942 2543 3143 3744 4345 4947 1352 1341 2554 3758 4963 1941 2542 3143 3743 4345 
4947 1351 1339 1308 1909 2507 1308 1908 2507 1391 1991 2591 1314 1915 2513 709 709 791 715 3107 3704 4304 3111 3707 4308 3191 3790 4390 3113 3710 
4310 1290 2495 3698 1306 1906 2507 3107 3707 4308 88 705 2555 3756 4959 1938 2539 3139 3740 4340 4941 1353 1338 2557 3762 4964 1939 2540 3141 3743 
4343 4942 1354 1338 1292 1892 2489 1296 1897 2498 1382 1980 2581 1298 1898 2495 694 699 780 700 3089 3687 4285 3099 3697 4298 3181 3781 4381 3095 
3693 4292 1290 2490 3691 1299 1900 2500 3100 3699 4298 88 698 2549 3750 4950 1930 2531 3130 3730 4330 4930 1350 1331 2556 3757 4956 1934 2534 3134 
3734 4334 4934 1354 1333 1279 1880 2481 1295 1896 2496 1377 1978 2579 1285 1887 2487 683 696 778 689 3080 3682 4280 3095 3696 4295 3179 3779 4378 
3086 3688 4286 1285 2483 3676 1295 1894 2494 3094 3694 4292 88 695 2545 3743 4938 1927 2524 3125 3724 4323 4922 1348 1327 2548 3744 4940 1930 2529 
3128 3725 4326 4924 1353 1331 1935 2533 3136 1932 2531 3132 1847 2448 3048 1928 2527 3130 1333 1332 1249 1327 3735 4337 4936 3730 4332 4931 3648 4247 
4848 3729 4331 4930 2551 3751 4956 1934 2535 3135 3733 4334 4934 1351 1335 1288 2489 3692 1304 1904 2504 3104 3704 4304 89 703 1288 2489 3688 1305 
1906 2505 3105 3704 4305 92 705 1933 2532 3133 1927 2526 3126 1843 2442 3043 1927 2526 3127 1330 1325 1243 1324 3733 4335 4935 3726 4324 4925 3643 
4243 4842 3727 4329 4929 2545 3746 4944 1929 2529 3129 3728 4328 4929 1350 1328 1285 2485 3681 1299 1899 2497 3098 3697 4297 86 699 1281 2481 3680 
1299 1897 2498 3097 3697 4298 83 699 1943 2543 3143 1933 2532 3133 1850 2450 3049 1937 2537 3137 1342 1333 1250 1336 3743 4342 4943 3732 4331 4932 
3650 4249 4850 3737 4336 4936 2550 3750 4947 1936 2536 3135 3735 4335 4935 1351 1336 1286 2488 3687 1304 1905 2503 3104 3704 4304 88 704 1289 2489 
3689 1305 1906 2505 3106 3706 4306 88 705 1945 2544 3143 1935 2536 3135 1852 2452 3052 1939 2538 3137 1345 1334 1252 1339 3742 4342 4941 3735 4335 
4935 3651 4252 4851 3736 4336 4935 2551 3754 4952 1937 2537 3138 3737 4337 4937 1350 1337 1290 2488 3690 1306 1906 2507 3106 3707 4307 89 706 1293 
2494 3694 1311 1909 2509 3111 3710 4310 91 708 1940 2538 3139 1935 2536 3136 1852 2452 3051 1934 2532 3133 1340 1334 1251 1334 3736 4338 4936 3734 
4336 4933 3652 4252 4852 3730 4332 4930 2555 3755 4956 1937 2537 3137 3738 4338 4938 1352 1337 1290 2490 3689 1306 1907 2506 3106 3705 4304 90 706 
1294 2495 3695 1310 1911 2509 3111 3710 4308 94 709 1932 2530 3132 1931 2529 3130 1847 2446 3046 1926 2524 3126 1331 1328 1247 1325 3729 4332 4931 
3729 4330 4930 3646 4245 4847 3723 4326 4925 2551 3751 4949 1933 2532 3132 3734 4333 4933 1351 1332 1285 2487 3687 1300 1900 2500 3100 3701 4301 84 
699 1291 2490 3690 1305 1903 2504 3104 3704 4303 90 703 