9       8.221   -2.87   0.554   16.013    -1.660    0.057
10      8.238   -3.02   0.616   16.010    -1.772    0.107
11      8.180   -3.02   0.607   16.012    -1.894    0.161
12      8.245   -3.29   0.730   16.007    -1.999    0.206
13      8.003   -3.02   0.605   16.019    -2.313    0.340
14      8.154   -3.42   0.767   16.054    -2.593    0.446
15      8.120   -3.54   0.795   16.072    -2.803    0.518
16      8.227   -3.90   0.912   16.136    -3.068    0.609
17      8.237   -4.04   0.941   16.189    -3.278    0.664
18      8.349   -4.40   1.072   16.222    -3.443    0.704
19      8.362   -4.51   1.085   16.287    -3.653    0.759
20      8.366   -4.63   1.104   16.324    -3.791    0.791
21      8.548   -5.01   1.218   16.348    -3.880    0.792
22      8.562   -5.09   1.233   16.372    -3.981    0.815
23      8.627   -5.25   1.277   16.323    -3.966    0.814
24      8.547   -5.19   1.277   16.082    -3.731    0.791
