#input normalization
1.68616 1.15492
1.69316 1.14956
1.49913 1.89563
1.49442 1.90666
1.46726 0.3065
1.50742 0.318454
1.51455 0.305354
1.46928 0.31183
#output normalization
1 0
#neurons weights
0.0645575
-0.372183
0.270108
-0.253988
0.312358
0.0517498
0.370683
-0.368609
-0.539159
1.51054
-0.0379268
0.463642
-1.54839
-1.25221
-0.0674997
-2.0379
2.45266
0.575118
-0.834104
-0.69539
-0.879929
0.56029
0.386744
0.868956
#synapses weights
-0.0699207
1.41084
0.0620302
0.0458559
0.535032
0.522631
1.0977
0.623202
1.58823
2.37636
-0.234837
0.0246192
-1.50138
0.0862727
0.0195872
-1.47387
0.795657
0.276677
-0.0981622
0.192442
0.222694
1.06613
0.514147
0.145554
0.627626
0.437069
0.264892
0.190372
-1.01744
-0.611537
-0.0684924
-0.441747
-0.936029
0.281874
-0.559508
0.333256
0.898024
0.700511
-1.07369
-0.0370767
0.464066
-0.470511
0.165462
0.0436253
-0.565435
0.386292
0.468514
-1.09823
-0.830445
-0.856368
-0.324607
-0.479792
-0.310053
-0.211249
-0.663044
-0.891015
0.380276
0.496164
-0.396836
-0.67967
0.668008
-0.598866
-0.646267
0.397705
1.48193
0.140198
-0.126392
-0.202857
0.457037
-0.0149029
-0.200188
-0.131662
1.24678
0.100963
0.252164
0.470284
1.31056
1.2156
0.579176
0.94709
-0.207301
0.395181
0.0484047
-1.1885
-0.0594185
-1.59126
-0.136816
-0.647761
0.974329
0.237124
-0.306592
1.53717
-0.417984
-2.71232
-1.17791
-1.59499
-0.572163
-1.13002
1.7962
0.39981
-0.0395236
0.94403
-0.448583
-2.71095
-1.14823
-1.33223
-0.671872
-1.26958
2.30656
-0.383468
0.146573
1.58013
-0.619888
0.990389
-0.785703
-1.15902
-0.218559
-0.805096
1.00191
-0.73646
1.10806
-0.320801
0.0299629
0.160331
0.333674
0.6104
-0.690923
0.800533
-0.335794
-0.00422044
1.76016
3.82695
3.97341
1.94878
-1.83486
