#input normalization
1.30956 4.13794
1.68616 1.15492
1.69316 1.14956
1.49913 1.89563
1.46726 0.3065
1.50742 0.318454
1.51455 0.305354
1.46928 0.31183
#output normalization
1 0
#neurons weights
0.349804
0.333833
-0.0285096
-0.239895
-0.309429
0.493165
0.474214
-0.498105
-2.63524
1.91074
-0.128303
-0.0143879
1.50607
1.02996
0.911485
1.01528
-1.78246
-0.164083
-1.84156
-2.55771
-3.54477
-1.55382
1.9974
-1.41785
#synapses weights
0.542666
-0.41876
0.255798
-0.242769
0.13839
0.565941
-0.018932
0.323705
0.656695
1.32388
-2.49611
-0.0410726
0.551725
-1.76628
-0.287117
1.74831
3.05652
-0.10501
0.267233
0.26929
-0.780574
-1.55704
-0.300177
-1.07422
0.496764
0.597019
0.673857
0.185765
0.220123
1.37324
0.598104
1.28393
1.69539
-0.403427
0.565482
-0.928146
-0.0268804
0.0993066
-0.292285
-0.42177
-0.0855238
-1.21593
-0.375884
-0.598447
-0.0568257
1.57924
0.147867
1.38729
0.485434
-0.835655
0.0218874
0.848471
-0.520038
1.05246
-0.149156
-0.583154
-0.916327
0.702795
0.919346
-0.0825796
-0.252398
1.93309
0.402714
-0.705064
0.279067
2.10666
-1.93947
0.275969
-0.106968
-0.688045
-0.668713
1.05971
-1.40774
0.313147
-0.734327
0.152364
0.201345
-0.450168
-0.0113884
2.59905
0.516919
0.119394
-1.4767
-0.0500033
0.298463
2.45755
0.654612
0.57596
-1.65405
2.42557
0.502582
2.8062
-5.0152
-0.479722
0.762427
0.465059
1.25011
0.848167
-3.38675
0.890426
2.11989
-0.554945
-0.633086
0.574811
0.354028
-0.156698
2.36578
0.196586
1.56175
-0.0753345
1.1924
0.35832
-1.20353
-1.16455
1.49197
0.73065
0.00900645
0.682976
0.888089
2.13105
-0.612113
-0.686453
-2.45879
-0.257105
-0.999997
1.33032
-0.300316
-0.902281
0.0236984
-0.749823
2.1077
3.37063
4.32082
2.21584
-5.43053
