#input normalization
1.30956 4.13794
1.68616 1.15492
1.69316 1.14956
1.49913 1.89563
1.49442 1.90666
1.46726 0.3065
1.50742 0.318454
1.46928 0.31183
#output normalization
1 0
#neurons weights
-0.384578
-0.360546
0.428223
0.297095
0.189146
0.375811
-0.0444054
-0.171583
-0.482263
0.47095
-0.263786
-2.45341
-0.186997
1.98839
-1.00701
-0.560147
-0.721986
-0.736728
0.481603
0.390999
-0.566348
0.577951
-0.372479
4.72312
#synapses weights
0.162147
0.461803
-1.37936
-0.202747
-0.0631962
-0.0559553
-0.328558
0.20233
2.65087
-1.28916
0.0722316
0.40294
0.403065
0.325961
-1.24393
0.0787346
1.33716
1.12612
2.05235
1.23352
0.750904
1.041
0.647542
1.34407
-0.265954
0.289035
1.06486
-1.19126
-0.03881
0.233711
-0.349635
-0.0842293
-1.35044
-0.879086
-1.33893
-1.55637
0.0523866
-0.793344
-0.73362
-0.531828
1.17694
0.323671
-0.781744
-0.713545
0.464629
0.0100201
0.0764805
-0.451934
0.893002
0.512438
0.199848
-0.0643325
0.0574431
0.00360423
-0.758948
-0.0799728
-3.16954
-1.53585
-4.1974
-3.48157
-1.96283
-2.29231
-1.23163
-2.98389
-1.35246
0.840469
-1.29467
-0.735558
0.0368447
0.407403
-0.414209
-0.606965
0.46383
1.2554
0.178097
0.49485
0.191809
-0.0236312
-0.0430808
1.10224
-3.072
1.9901
-0.337279
-1.69344
1.27032
-1.50811
4.59316
-0.19978
2.61239
4.132
-1.53604
0.946982
-0.291547
-1.67342
-0.206261
-0.889833
1.5124
-0.112377
-0.15154
-0.219815
0.953703
-0.0869858
-0.203974
0.593883
-0.368326
0.86465
-1.45982
0.0559001
-1.13586
-1.47209
-4.16288
0.670889
-1.31031
-0.339257
2.24316
-1.00384
3.56398
0.835351
3.77029
3.42921
3.06253
1.96367
-0.293902
1.84213
0.259737
2.22645
-2.77222
-0.297916
-0.219784
-0.502024
2.88626
3.92546
-0.55782
-0.59229
-8.44197
