#input normalization
1.30956 4.13794
1.68616 1.15492
1.49913 1.89563
1.49442 1.90666
1.46726 0.3065
1.50742 0.318454
1.51455 0.305354
1.46928 0.31183
#output normalization
1 0
#neurons weights
-0.389421
0.331049
0.375113
-0.398008
-0.12196
-0.0114601
0.37962
-0.0072128
-0.0926358
-0.565862
0.115237
0.890509
0.775207
0.230515
0.862616
-0.332968
0.082267
-0.304636
-0.0916165
-0.443607
-0.00521054
-0.446475
2.12019
2.9809
#synapses weights
1.18802
0.697943
1.29077
0.974011
0.531372
0.81473
2.01243
2.38963
-0.925515
0.478754
-0.187566
0.794948
0.174207
0.30047
1.05822
0.192867
2.4499
0.382343
1.60773
1.90051
1.52519
1.13771
3.64255
3.49626
1.23427
-0.0519786
0.211897
0.200567
-0.23557
-0.27122
-0.403843
-0.44644
1.95955
0.227203
1.08097
1.31399
0.807464
0.5526
1.54524
1.25477
1.00016
-0.29655
-1.64098
0.598756
-0.255078
-0.350156
0.872753
0.2515
2.0049
-0.538494
0.457742
0.681461
-0.64671
-0.655839
-0.9445
-1.16369
-0.307722
0.00796732
-0.182972
-0.619658
-0.597408
-0.0893563
-1.37406
-1.96252
-2.49165
-1.00368
-1.71502
-1.38569
-0.972498
-0.694178
-3.13402
-4.05429
0.952673
0.573276
0.0479708
0.290278
-0.130862
-0.196606
-0.94221
-1.11217
2.23731
-4.23388
0.512447
1.72921
2.99858
3.37404
-6.86377
0.238987
3.94311
-3.95507
0.029347
1.85203
-0.249941
1.14122
-0.0270421
-0.581733
-0.693613
-0.351173
-0.4098
0.0447752
1.47129
-3.90508
0.767496
1.01144
1.74916
2.63845
-6.46134
0.771541
3.16939
-5.83595
1.43372
-1.89272
0.428573
1.57341
1.82221
1.58248
-3.14869
-0.0304965
1.75882
-2.44213
0.707172
0.393115
-0.0246247
-5.06829
-0.0752881
-0.515807
1.03079
-0.35588
0.37701
1.99131
-0.700239
4.15526
2.92611
0.738438
-7.41024
