#input normalization
1.30956 4.13794
1.68616 1.15492
1.69316 1.14956
1.49913 1.89563
1.49442 1.90666
1.50742 0.318454
1.51455 0.305354
1.46928 0.31183
#output normalization
1 0
#neurons weights
-0.487254
0.0327601
-0.0610587
-0.382189
-0.150268
0.0514546
-0.45483
-0.225942
1.45945
2.06722
-0.660232
-0.124235
1.07315
-0.607245
0.389523
-2.57324
-1.05451
0.758507
-0.2328
0.0236358
0.155914
-0.295368
0.132164
-2.06837
#synapses weights
-0.0701012
-0.66992
-0.640978
1.0476
-0.211549
0.604938
-0.48798
0.379182
-1.1129
-0.682829
-0.341504
0.49885
0.812563
0.346436
0.112762
-0.00576687
0.905371
-0.081892
-1.43722
0.822035
0.0800306
-0.25427
-0.147545
-0.713625
-0.0268293
0.136042
-0.152346
-0.0287884
0.120797
-0.63162
1.03652
0.725806
0.259529
-0.096735
-1.03728
-0.130331
-0.665413
-0.0465597
0.125835
0.903114
-0.493811
0.104356
-0.57549
-0.0153415
0.0543057
-0.549977
-0.461156
0.0203922
0.234716
0.651407
-0.214669
-0.160465
0.0914841
-0.74246
0.583625
0.198533
-1.40039
0.724146
-0.179277
1.00082
-0.468151
0.551447
-0.236782
0.378075
0.35642
-1.68175
0.779485
0.371443
0.162279
0.24014
-0.283817
-0.482751
-0.762919
0.18839
-0.829236
0.463294
-0.169371
0.171274
-0.195367
0.276946
0.89148
-1.36244
1.21674
0.396925
-1.70521
-0.232645
0.674072
1.33276
-1.47118
-1.54233
1.01373
-0.704411
0.465801
-0.566637
-0.699478
-0.39378
0.895162
0.890616
-0.417674
-0.425274
0.916152
-0.55573
0.523426
-0.803919
-0.730321
-0.496462
0.818055
1.25811
-0.496195
-0.769757
-1.67636
-0.0178184
0.0371507
0.104829
1.10022
0.300674
-1.27645
-0.661545
0.600524
1.10324
0.342316
-0.856519
0.525865
0.121581
-1.23787
-0.166805
-0.190686
0.687436
-0.671269
-1.17779
4.14555
3.50214
4.58479
-3.61183
0.901646
