#input normalization
1.30956 4.13794
1.68616 1.15492
1.69316 1.14956
1.49913 1.89563
1.49442 1.90666
1.46726 0.3065
1.51455 0.305354
1.46928 0.31183
#output normalization
1 0
#neurons weights
0.13237
0.0960208
-0.137261
0.193261
-0.300869
-0.34829
0.177684
-0.13352
2.42798
-0.411164
1.80772
0.642085
1.10385
1.58604
-0.249532
0.976559
-1.43635
-0.127806
0.455212
-0.695286
-0.580753
0.49098
-0.0961925
1.63819
#synapses weights
-0.216406
-0.420975
-0.56903
0.170109
1.72569
-0.141621
0.258394
-0.0122614
1.14533
-0.415792
-0.661272
0.0745773
-0.0324746
0.0664283
-1.67815
0.343732
1.70759
-0.829353
0.728579
0.608541
-0.991141
-0.397236
-0.505365
0.0697281
-0.606239
1.85788
-0.0541781
-0.156056
-0.511695
-0.0604903
0.296835
0.151318
0.45892
-0.113319
-0.0432273
-1.20745
-0.414526
0.388562
0.581199
-0.242221
-1.53883
-0.0712372
-0.00473586
0.202715
0.403952
0.306872
0.256241
0.203546
0.749902
0.186212
0.641923
0.0616216
0.0547814
0.150325
-0.037531
0.00331658
-0.0260585
0.243857
0.556623
0.786342
-1.22138
-0.180283
-0.557386
0.194623
-0.560909
0.618483
1.56332
-0.543328
-0.183581
0.7814
-0.104609
-0.376717
-1.3224
0.05359
0.682048
-0.249621
-0.0417721
0.099426
0.417192
0.23391
0.0948073
-1.02893
-0.509918
0.867766
0.664667
0.659037
-1.63301
0.626759
-0.251753
1.72268
0.86684
-0.228328
-2.27991
2.19628
-1.12465
-2.69582
0.388994
-1.59652
1.86835
1.49056
-0.290069
-0.803451
0.00307815
-0.777897
-0.291359
0.501869
0.991883
-0.601744
-0.705386
-1.02517
1.05875
0.0280678
0.310589
0.950605
-0.141197
-0.781974
1.51498
-0.23685
0.881958
-0.707959
-1.16238
-0.98238
1.1459
-1.25397
1.4953
1.63361
-0.665746
0.569317
-0.375751
-0.472168
-2.71126
5.31703
0.943595
4.36333
-4.62187
