#input normalization
1.30956 4.13794
1.69316 1.14956
1.49913 1.89563
1.49442 1.90666
1.46726 0.3065
1.50742 0.318454
1.51455 0.305354
1.46928 0.31183
#output normalization
1 0
#neurons weights
-0.0894376
-0.296482
-0.21528
-0.224649
-0.321653
0.175463
-0.0190546
0.216841
1.16126
0.288451
0.390796
-0.706336
-1.43078
0.686351
1.51256
0.163221
0.103629
1.15988
0.596451
-0.30359
0.0520657
-0.196957
-0.692853
-5.05639
#synapses weights
0.605152
-0.0922336
0.149301
0.0738282
-0.352642
0.0919073
-0.750544
-0.880366
1.36946
2.02988
0.455045
0.449721
-2.14025
-1.43845
-0.384525
-0.370368
-1.38509
0.276106
-0.356619
-0.0844072
0.207364
0.672194
0.320889
0.134055
0.127745
-0.324372
0.227847
0.307894
-0.718459
0.513562
0.140791
0.177697
-0.825028
-0.543806
1.0514
0.223959
-1.47321
1.05252
0.195496
0.184128
0.720829
0.724649
0.995317
1.3153
-0.703115
-1.02371
0.102528
0.012124
-0.20377
0.174654
0.00425452
-0.153449
0.859321
0.878773
-0.393275
-0.673188
0.541441
0.265352
-1.66637
-0.211802
0.570811
1.19751
-0.280904
-0.12274
4.05102
-0.875368
1.21106
0.0400104
-2.51356
-1.47699
-0.787877
-0.402396
-0.0941635
0.15048
1.18917
-1.94427
-0.783299
1.74181
0.0131229
-0.212452
-1.31458
-1.47201
-2.1513
0.611078
-0.932359
-0.271423
1.84772
0.0107637
0.161287
0.544009
-1.58107
-0.50392
-0.850074
1.62414
0.379895
-0.421928
1.94032
0.40022
-0.381851
-0.213928
-0.875178
0.763808
-2.06516
2.18368
-0.676228
0.936987
1.28271
0.279625
0.277457
0.203106
-0.448124
-0.367835
-0.670159
0.927953
-0.04733
-0.508311
0.804349
0.480625
0.187565
-0.588078
-1.98538
-2.25635
0.363142
0.689364
-2.41042
-0.94643
-0.166018
1.13809
-2.84646
2.69381
2.7719
3.24816
4.16451
1.17779
3.92439
