#input normalization
1.30956 4.13794
1.68616 1.15492
1.69316 1.14956
1.49442 1.90666
1.46726 0.3065
1.50742 0.318454
1.51455 0.305354
1.46928 0.31183
#output normalization
1 0
#neurons weights
0.326972
0.41698
0.274841
-0.45904
0.382485
-0.240182
-0.178245
-0.0619688
-3.46668
-0.216712
-1.25069
0.164265
1.20615
-1.00109
-1.43638
1.30954
-0.75568
0.349564
-2.54272
-1.6243
-2.41565
1.3051
-0.872798
-0.827423
#synapses weights
1.44277
-0.602439
-0.664344
0.259659
0.521977
-0.139725
0.462369
-0.144491
-0.690881
3.00857
0.584154
-0.443833
-1.12004
0.385117
0.828344
0.0518985
2.46324
-1.27957
1.52325
0.324036
-0.772301
-0.288646
-1.59626
-0.333816
-0.775788
-0.33891
0.413686
-0.103716
2.59851
-0.0130854
-0.428691
-0.0479283
-2.37794
-1.41136
2.07387
-0.30988
1.91446
-0.220708
-0.809622
1.13641
2.03498
1.50096
-0.0779476
-1.07668
-1.85923
-1.04043
0.36375
-0.367085
-0.727066
-1.0188
0.468547
-0.405341
1.12725
-0.0173553
-1.04423
0.532221
2.09286
-0.466192
0.37012
-0.436637
0.0712444
-0.309679
-1.06154
0.0765883
0.668865
-0.60273
0.283323
0.0257678
0.519152
-0.260405
-0.0699433
0.405117
-2.56026
-0.0943651
-0.228386
-0.199914
0.472089
0.374635
2.80952
0.0236235
1.80182
0.452891
-1.64631
-1.19492
1.45913
0.370735
-2.74557
1.27757
0.113696
1.2331
3.08306
-2.61474
-1.11434
1.99314
0.197835
-0.142996
-0.816864
2.032
0.89448
1.29876
0.414836
0.191323
-3.98714
0.447498
2.68837
-1.63414
-1.59613
1.4858
-0.59188
0.696164
-0.544148
-0.835737
-1.91574
-0.57913
1.35325
0.215738
1.04704
-0.289321
-0.204792
0.0657331
2.17066
0.508575
0.374617
2.54452
1.03871
1.66025
-0.749529
0.516512
0.492925
1.1131
3.22095
3.08946
3.36558
-4.11024
2.09935
