#input normalization
1.1492 4.99102
1.40003 2.40353
1.41004 2.41121
1.40629 2.42657
1.28698 1.33856
1.28879 1.33177
1.29347 1.33367
1.29317 1.34123
#output normalization
1 0
#neurons weights
-0.434129
0.0669814
-0.380387
-0.139634
-0.0807183
-0.450651
-0.345243
0.189619
1.05719
-1.37516
0.753304
-1.4179
1.67886
0.142783
-1.49169
-0.0621605
0.517246
0.63036
0.536046
0.28105
0.253693
0.558697
-2.24623
-2.15788
#synapses weights
-1.58825
-1.10229
-0.565096
0.122835
-0.105586
3.72349
0.517663
-0.0567961
0.394706
0.342424
0.436855
-0.294598
0.492127
0.00187448
-0.377788
-0.349046
-0.197605
-0.373985
-0.0505447
-0.246537
0.140793
0.411811
-0.209583
-0.453906
1.64781
0.921551
0.941424
1.15033
0.978414
1.03646
0.992893
1.07173
-0.487263
-0.415371
-0.179726
1.23975
-0.218843
0.239369
-0.584394
0.198253
0.740868
-0.217136
0.561292
0.114271
0.381374
-0.466769
0.405474
-1.04062
-0.402604
0.220286
0.331519
-0.646217
0.198439
-0.70732
-0.584387
2.29453
-1.93044
-2.45384
-0.423168
0.126811
0.46297
2.33621
-0.0213368
1.38537
-0.53831
0.329635
-0.795528
0.387663
0.0506177
-0.619213
-0.00450464
1.74116
1.39179
-1.33156
0.412971
-0.100225
-0.155398
0.898231
-0.238382
-1.06072
0.914963
1.44698
-0.928438
0.470698
-0.69716
-0.57454
0.438625
-0.170681
1.08005
0.711833
0.647346
2.39181
-1.55821
-0.215333
-0.366795
0.215596
-0.572009
-1.12707
0.874066
1.09344
-0.283404
0.0407104
-0.714295
-0.168094
-2.60967
-1.08998
1.00207
0.792278
0.718949
2.36826
0.478507
0.13425
0.281792
0.769649
0.893873
0.401025
-0.726698
0.377856
-0.0124937
0.413426
0.910933
1.12521
-1.36901
0.494542
-0.775266
-2.12784
-2.08337
1.98218
2.82563
0.404478
2.06702
3.65618
3.54663
-1.53354
4.25567
