#input normalization
1.1492 4.99102
1.40003 2.40353
1.41004 2.41121
1.40629 2.42657
1.40466 2.42619
1.28698 1.33856
1.28879 1.33177
1.29317 1.34123
#output normalization
1 0
#neurons weights
0.0561973
-0.21693
0.431686
0.00364602
0.169068
0.00565401
0.102342
-0.43469
1.882
1.23049
0.649317
-0.288646
1.72265
0.45399
1.79327
-1.3481
2.24534
-1.10491
0.086249
0.536111
1.05668
0.63205
0.23401
-1.22764
#synapses weights
-0.92939
0.320184
0.932357
-0.374119
-0.384557
0.753054
-0.36931
0.984306
0.990952
0.323254
0.242277
0.1361
0.19794
0.200274
-0.177756
0.210928
0.663276
0.198227
-0.526768
-0.59923
0.152005
0.419226
-0.106808
0.340483
-1.26401
-0.435347
-0.0244965
-0.726778
-0.0550666
-0.274861
-0.723293
-1.18553
-1.09586
0.60971
-0.31137
-0.711958
0.487486
0.0659214
0.157566
0.172181
0.535937
-0.0465596
0.643086
1.17476
0.288662
-0.641959
0.537438
-2.73611
-0.366689
-0.183007
-0.380738
-0.00161081
-0.18148
-0.557646
0.042859
-0.349465
1.49823
-1.15228
0.381668
0.363835
-1.34539
0.563932
-0.418145
0.480876
-0.606071
-1.29562
-1.32919
2.38038
1.1447
0.428176
-0.0504862
-0.429001
-0.516443
-0.156578
-1.24439
-0.0514229
0.443304
1.62769
-0.374873
0.560535
0.767992
0.50302
-0.472644
0.806902
-1.81099
-0.458441
-1.38208
-0.310336
-0.324322
0.0540683
0.786979
1.0236
-0.8535
-0.215959
-0.854814
-0.108652
-0.943531
0.509758
0.0385086
0.296752
0.600361
2.23698
-1.06472
0.0920412
-0.834027
0.75298
-0.396142
0.892455
0.968262
-0.709875
-2.51911
1.31583
2.66054
1.22613
-0.0846529
-1.80604
1.2746
3.04159
-2.38866
2.92037
0.467129
0.933566
-0.411388
-0.254523
-1.34352
0.155716
-0.833839
0.113311
-0.465655
0.0637556
3.50251
2.51474
2.96117
-3.30225
2.72949
