#input normalization
1.1492 4.99102
1.40003 2.40353
1.41004 2.41121
1.40629 2.42657
1.40466 2.42619
1.28698 1.33856
1.28879 1.33177
1.29347 1.33367
#output normalization
1 0
#neurons weights
-0.399729
0.0166478
0.341221
0.376557
0.186979
0.00804616
-0.243021
-0.156036
-1.56243
0.277395
-2.09409
-0.665299
-0.112128
0.0424555
0.783657
-0.327327
2.23142
2.37996
-0.959941
-0.0545535
0.108088
-0.0100983
-0.534084
-1.46932
#synapses weights
1.46564
0.428584
0.582542
-0.787778
-1.76293
0.173838
-0.902033
-0.089348
1.41247
-0.042349
-0.7785
-0.210301
-1.17315
-0.195878
1.3596
1.28309
1.15124
-0.0668577
0.408767
-0.383822
-0.350844
-0.658633
0.253153
0.450355
0.533386
-0.0825323
-0.690911
0.216972
0.753513
0.0971258
0.355891
0.62749
2.40699
-1.59664
-0.865839
-1.03403
-0.0327801
-0.883803
0.919519
1.463
-0.0746568
-0.332818
-1.35063
0.183133
0.134358
-0.491049
1.64453
0.67541
0.434697
-0.360692
0.217958
0.0690149
1.07911
0.461768
-0.778333
-1.37221
-0.885185
-0.146735
1.0352
0.00272632
0.761924
0.0672013
-0.640816
-0.691704
-0.384238
0.397007
-0.39839
-0.00745285
-0.413446
-0.243978
-0.500086
-0.178044
-0.323586
0.501998
1.51388
-0.879529
-0.805979
-0.461876
0.0814574
0.690482
-0.92281
-1.65121
1.7076
0.799588
-1.21932
-0.265466
1.20421
0.585932
-1.8946
1.08486
0.764949
-1.77857
-1.44957
-1.41676
-0.458544
0.528898
-0.750037
-0.764525
0.371361
-0.399181
-0.376096
0.137658
0.298105
0.105747
-0.738776
-0.216621
0.522074
-0.133003
-0.116397
0.643543
-0.684852
0.556556
1.16285
1.13189
-1.5021
-0.509703
0.980433
0.240291
-1.16458
0.598338
-1.05336
0.897677
2.32913
0.837162
0.0385715
-1.22258
0.946005
1.22504
-1.85501
1.77983
4.10013
-3.6466
-0.333399
1.42134
3.14812
