#input normalization
1.1492 4.99102
1.40003 2.40353
1.40629 2.42657
1.40466 2.42619
1.28698 1.33856
1.28879 1.33177
1.29347 1.33367
1.29317 1.34123
#output normalization
1 0
#neurons weights
0.310518
-0.0427677
0.438828
-0.487306
-0.47286
-0.436314
-0.0723872
0.269227
0.900227
-0.566678
0.272189
-0.907915
-1.00744
0.396889
-1.18242
0.882358
1.01806
0.855648
-1.64745
0.502623
1.05585
0.709421
-0.51613
-1.55835
#synapses weights
0.972565
-0.186841
-0.675938
0.921684
-0.0250039
-0.0829526
0.641632
-1.18715
1.73331
-0.556065
0.501218
1.02699
-0.523322
0.0387328
0.270953
-3.38283
0.429829
-0.215613
-2.95853
-0.0254754
0.408803
-0.229918
2.08506
-0.0131537
0.746666
-1.13844
-0.20628
0.689589
0.0139899
-1.07008
-0.451243
1.71738
-1.69868
-0.76067
-0.269277
-0.77228
0.13292
-0.0801225
1.50998
1.75937
0.632788
0.144782
0.558561
-1.76916
-0.409269
0.00840235
-0.796708
1.4515
1.22116
-0.489883
-0.730029
-1.37951
1.18109
0.71902
-0.0593575
-0.127015
-0.531685
0.458726
-0.00391746
0.116965
-0.903644
0.129238
0.0490041
0.105892
-1.65312
0.376034
-1.08633
-0.43458
-0.339381
0.326537
3.81688
-0.15933
-0.303486
0.176229
-0.651793
-0.109911
0.204654
-0.444645
0.323009
-0.32932
0.307842
-2.10435
1.29426
-1.9263
0.498768
1.94302
-1.51854
-1.5205
1.4293
-0.0628727
-0.936375
-1.01656
-0.94244
0.648178
-0.215294
-0.0498091
-0.346044
2.10931
-0.534627
0.378392
2.48796
-1.0624
-1.35455
1.03804
-0.328661
1.41886
-0.705526
-0.536636
0.702937
-1.11388
0.970495
-1.02329
-0.535743
0.184999
-0.0849754
1.382
-0.210058
-0.341471
-0.142899
-1.38485
0.831022
0.340431
0.894314
0.644547
1.17724
-0.0303256
-1.17792
-0.662309
-0.295636
-2.16503
3.71847
-2.82565
3.13229
2.1016
4.08793
