#input normalization
1.1492 4.99102
1.40003 2.40353
1.41004 2.41121
1.40629 2.42657
1.40466 2.42619
1.28879 1.33177
1.29347 1.33367
1.29317 1.34123
#output normalization
1 0
#neurons weights
-0.100036
0.0995771
-0.0831665
-0.0670158
0.413384
0.352707
0.46145
-0.0702236
-0.739082
-0.228431
-2.50648
2.40472
-2.81377
0.360115
-1.41676
0.979543
2.28198
-2.40913
0.0880209
0.645116
0.00539517
0.810706
-0.83505
0.0469036
#synapses weights
-1.47017
0.300555
-0.153933
0.287892
0.0337064
0.235817
0.123549
-0.124928
0.274245
-1.08182
-0.82647
-1.00043
0.143352
0.345801
2.88779
-0.550332
1.06424
-2.4593
-0.716967
0.821676
0.888099
-0.430376
-0.0471971
0.214872
-0.175604
-0.391058
-0.0195448
-0.409259
-0.290356
0.0849884
-0.286946
0.0658396
1.86726
0.673606
1.28299
-3.07066
-1.19893
0.0879598
-1.15324
0.282287
-0.798174
-0.23108
-0.0903257
-0.330533
0.0800251
-0.0635542
-0.0161712
-0.270878
1.50949
0.0766836
-1.30968
0.193006
-1.36285
0.951778
0.71593
-0.586066
1.28256
0.534974
-0.443663
0.850094
-0.180367
-2.35516
-0.806304
0.573719
1.13865
0.327888
0.0724785
0.382394
-0.00753103
-0.190601
-0.234588
-0.00238543
0.859022
0.239251
-0.627504
0.230238
-0.417699
0.0416927
0.320059
-0.367003
0.182052
-0.139437
-0.598619
-1.35137
-0.272138
-1.22362
0.34401
-0.533939
0.477494
1.42208
0.0972746
1.17598
-0.752091
-0.744279
-0.120409
-0.209274
1.09003
0.333017
2.06864
1.36074
0.383234
0.722152
0.993275
-0.812513
0.429425
-1.53475
-0.122715
-0.938325
1.7371
2.06163
0.454973
-1.40592
-1.58567
-0.880453
-0.359768
-0.733199
0.688791
0.6616
0.878811
1.86126
-1.51421
1.22434
1.51179
1.54355
1.36086
0.500821
1.77085
-1.79602
1.15052
-1.15544
1.74873
2.23277
3.82441
1.89862
-5.32595
