#input normalization
1.1492 4.99102
1.41004 2.41121
1.40629 2.42657
1.40466 2.42619
1.28698 1.33856
1.28879 1.33177
1.29347 1.33367
1.29317 1.34123
#output normalization
1 0
#neurons weights
0.351169
0.229239
-0.360041
0.210442
-0.470483
0.0237827
-0.25972
0.303392
0.653896
0.707726
-0.441893
-0.634536
0.53862
-1.38965
-2.69757
0.552602
-0.289258
0.0539445
0.422267
-0.298858
0.87923
-1.51041
-3.09485
3.93219
#synapses weights
0.719572
-0.0692008
-1.18787
0.707363
1.16964
-1.01254
0.129117
-0.166791
-0.529282
0.732823
-0.361648
-0.610316
0.188769
0.542069
-0.600285
-0.0701344
1.54523
-0.498099
-0.726753
-0.842911
-0.469895
-0.377609
0.813695
0.636629
1.65108
-0.190199
0.982778
0.711544
-3.26145
0.162657
-0.089699
-0.851981
0.772435
0.152775
0.723079
-0.917971
-1.09432
0.928471
-0.358788
-0.0812723
0.374882
-1.11654
0.847504
0.602074
-0.28634
-0.371769
-0.900869
1.50983
0.370821
1.07235
-0.367159
-0.68921
1.15195
1.46823
0.0745679
-0.00508042
-1.81515
0.478004
-0.609589
-1.08779
-0.318204
3.54867
0.79003
0.0066591
-0.603721
-0.0150205
0.0899062
-2.32862
0.392175
2.26292
-0.117487
0.0187756
0.0326351
0.0883082
-2.62164
-0.626323
1.77677
0.771757
0.0133546
-0.108335
-1.46721
1.19058
-0.719918
-0.0205937
-1.98777
-0.0982577
-1.46517
0.113774
0.045319
0.421127
-0.974081
-0.351462
-0.342592
0.225037
-0.192674
-0.82117
-0.175556
0.0352347
0.155098
0.465587
-1.93436
1.73157
1.47908
1.01792
-2.70061
-0.351462
0.330296
-0.941561
-0.0761283
-0.32878
0.700144
-0.962227
-2.48208
-1.33986
-1.63243
0.559641
-0.537616
1.76524
2.37791
1.21161
0.775653
-2.31679
-0.314825
0.281125
1.0574
0.183422
0.923959
-0.495954
1.13259
1.30696
-3.12656
-1.07836
-4.12287
2.16816
4.26021
