#input normalization
1.1492 4.99102
1.40003 2.40353
1.41004 2.41121
1.40629 2.42657
1.40466 2.42619
1.28698 1.33856
1.29347 1.33367
1.29317 1.34123
#output normalization
1 0
#neurons weights
-0.258515
0.144237
0.058844
-0.153764
0.35101
-0.44518
0.395851
-0.0976609
0.825175
2.54534
2.28817
-0.815879
-1.58742
1.38619
0.892159
0.996943
-0.282028
1.65324
0.239174
0.843606
-0.0990648
-0.896219
-0.436962
-1.43615
#synapses weights
1.00654
-0.782609
0.0940371
0.262207
-0.589799
0.336342
-0.00159879
0.510516
-0.839079
0.113118
0.283235
-0.0827286
-0.673746
-0.160767
1.17374
-0.451086
-1.78628
3.14715
1.2482
-1.06716
-0.920541
0.611627
0.0321043
-0.424328
-0.934525
0.227701
-0.145405
-0.202652
0.0565631
-0.414642
-0.018005
-0.513357
0.336392
0.326511
0.0746277
0.0145317
0.181203
-0.0232318
0.401596
0.301376
-0.24831
-0.709084
-0.498667
0.417819
0.255772
0.652771
-0.791629
0.908048
0.924764
0.683953
-0.0863026
-0.619365
0.15908
-0.532884
0.658398
-1.49995
-0.174238
-0.073891
-0.455685
0.505203
1.64713
-1.3679
0.281
-0.179998
1.21172
-0.153712
-0.677341
-0.723119
-0.0591842
0.923111
-1.03907
0.706416
-0.228062
-0.864466
0.0626024
0.287105
0.0330635
-0.305153
0.21622
-0.19366
-0.127884
-1.04592
-0.199728
-0.00266199
0.74619
0.115496
0.582991
0.619113
-0.627176
-0.768379
0.266785
-1.03515
-0.364548
-1.10946
0.631055
0.719271
1.00781
-0.160315
-0.25212
-0.704644
-1.80907
-0.751556
1.10668
-1.35127
0.815284
1.85946
0.0871906
1.30664
1.14415
-0.52077
-1.95843
-0.838962
1.49395
0.022963
0.038856
-0.257157
1.54999
2.12141
-2.59816
-1.38224
0.189974
0.481018
-0.0162486
0.941632
-1.21962
-0.509644
-0.308659
0.61483
0.715472
0.422625
1.95961
2.21297
3.56681
3.34891
-3.23415
