#input normalization
1.1492 4.99102
1.40003 2.40353
1.41004 2.41121
1.40466 2.42619
1.28698 1.33856
1.28879 1.33177
1.29347 1.33367
1.29317 1.34123
#output normalization
1 0
#neurons weights
-0.48591
-0.103505
0.354908
0.432118
0.251325
-0.101147
-0.333994
-0.389726
0.132124
-1.56833
2.47862
-0.411867
-0.466911
1.76238
0.269915
-1.28328
0.991379
-0.40117
-2.43098
-0.49089
-1.40155
0.856813
-2.19246
1.19185
#synapses weights
-1.62498
-1.12984
-1.65077
1.10939
-0.662375
0.722792
2.60651
0.205855
0.867588
0.986362
0.215262
-0.367279
-1.55761
-0.685611
0.331329
0.810081
1.3436
0.733122
-0.413899
0.705015
-0.95841
-0.2698
0.00991537
-0.176317
0.605556
-0.0700405
0.643331
0.0630598
0.649561
0.157865
-0.780671
-0.252903
-0.913091
-0.177423
2.24212
0.458241
0.57807
-0.0153282
-1.62724
-0.128059
0.307401
-0.0846233
-0.796274
1.84915
-0.293791
-0.535142
0.282696
-0.43494
0.641573
-2.2047
0.411344
-0.259468
1.80947
0.0964665
-0.646553
-0.194568
-0.865571
0.308825
0.0972404
0.747192
0.259783
0.262404
1.1773
0.0180551
-1.36178
0.469672
-0.517745
0.132974
-0.203739
-0.44837
2.97524
-0.316517
1.82517
0.414161
0.251126
-0.507721
-2.57603
0.286574
-0.149589
0.0424992
-0.728981
-0.217835
2.14288
0.843815
-1.88617
-1.95356
0.139252
1.47315
0.554027
0.17062
0.448036
-0.254115
-0.00580066
-1.69415
0.854384
0.979013
-0.992856
-0.753223
-2.07683
0.716962
0.475778
0.272449
1.24325
1.14387
-1.03597
-0.808608
-0.67539
1.19305
0.303352
1.16241
-0.398235
-1.07879
-1.88175
-1.7548
-0.585679
0.328479
-1.09065
1.3457
1.02988
1.23338
1.19672
0.632228
-0.546108
-0.471203
-1.06115
-0.790267
2.03872
0.339001
2.30874
-2.70062
3.61326
-2.48462
3.14274
-4.10291
3.40931
