1 1 4
1 2 2
1 3 4
1 4 2
1 5 3
1 6 2
1 7 3
1 8 2
1 9 2
1 10 2
1 11 1
1 12 2
1 13 1
1 14 2
1 15 1
2 1 5
2 2 2
2 3 5
2 4 2
2 5 4
2 6 2
2 7 3
2 8 2
2 9 2
2 10 1
2 11 2
2 12 2
2 13 2
3 1 6
3 2 2
3 3 6
3 4 2
3 5 4
3 6 2
3 7 5
3 8 2
3 9 2
3 10 2
3 11 2
3 12 1
3 13 1
3 14 2
3 15 1
4 1 6
4 2 2
4 3 6
4 4 2
4 5 5
4 6 2
4 7 4
4 8 2
4 9 2
4 10 3
4 11 2
4 12 2
5 1 6
5 2 2
5 3 6
5 4 2
5 5 5
5 6 2
5 7 4
5 8 2
5 9 2
5 10 2
5 11 1
5 12 2
5 13 2
5 14 1
5 15 1
6 1 6
6 2 2
6 3 6
6 4 2
6 5 5
6 6 2
6 7 4
6 8 2
6 9 2
6 10 3
6 11 2
6 12 1
6 13 1
7 1 6
7 2 2
7 3 6
7 4 2
7 5 5
7 6 2
7 7 4
7 8 1
7 9 1
7 10 1
7 11 3
7 12 2
7 13 1
7 14 2
7 15 1
7 16 1
8 1 5
8 2 2
8 3 5
8 4 2
8 5 5
8 6 2
8 7 3
8 8 2
8 9 3
8 10 2
8 11 2
8 12 1
8 13 1
9 1 6
9 2 2
9 3 6
9 4 2
9 5 5
9 6 2
9 7 1
9 8 1
9 9 4
9 10 1
9 11 1
9 12 2
9 13 1
9 14 2
9 15 1
9 16 1
10 1 5
10 2 1
10 3 5
10 4 2
10 5 4
10 6 2
10 7 3
10 8 1
10 9 3
10 10 2
10 11 1
10 12 2
10 13 1
11 1 3
11 2 2
11 3 4
11 4 2
11 5 4
11 6 2
11 7 3
11 8 1
11 9 1
11 10 1
11 11 2
11 12 2
11 13 2
11 14 1
11 15 1
12 1 3
12 2 1
12 3 3
12 4 2
12 5 3
12 6 1
12 7 1
12 8 3
12 9 1
12 10 2
12 11 1
12 12 1
12 13 2
12 14 1
12 15 1
13 1 3
13 2 2
13 3 3
13 4 2
13 5 3
13 6 2
13 7 3
13 8 2
13 9 2
13 10 2
13 11 2
13 12 2
13 13 1
13 14 1
14 1 3
14 2 1
14 3 3
14 4 2
14 5 3
14 6 2
14 7 1
14 8 2
14 9 2
14 10 1
14 11 1
14 12 1
14 13 1
14 14 1
15 1 2
15 2 2
15 3 3
15 4 2
15 5 2
15 6 2
15 7 3
15 8 2
15 9 1
15 10 2
15 11 2
15 12 2
15 13 1
15 14 1
15 15 1
16 1 2
16 2 1
16 3 2
16 4 2
16 5 2
16 6 1
16 7 1
16 8 2
16 9 1
16 10 2
16 11 2
16 12 1
16 13 1
16 14 1
17 1 2
17 2 2
17 3 2
17 4 2
17 5 2
17 6 2
17 7 2
17 8 2
17 9 2
17 10 1
17 11 2
17 12 2
17 13 1
17 14 1
17 15 1
18 1 2
18 2 2
18 3 2
18 4 2
18 5 2
18 6 2
18 7 2
18 8 1
18 9 2
18 10 2
18 11 1
18 12 1
18 13 1
19 1 2
19 2 2
19 3 2
19 4 1
19 5 1
19 6 1
19 7 2
19 8 1
19 9 2
19 10 2
19 11 1
19 12 1
19 13 2
19 14 1
19 15 2
19 16 1
19 17 1
20 1 2
20 2 2
20 3 2
20 4 2
20 5 2
20 6 2
20 7 2
20 8 1
20 9 1
20 10 1
20 11 2
20 12 1
20 13 1
20 14 1
20 15 1
21 1 2
21 2 2
21 3 2
21 4 1
21 5 1
21 6 2
21 7 1
21 8 1
21 9 1
21 10 1
21 11 2
21 12 2
21 13 2
21 14 2
21 15 1
21 16 1
21 17 1
22 1 2
22 2 2
22 3 2
22 4 2
22 5 2
22 6 2
22 7 2
22 8 1
22 9 1
22 10 1
22 11 2
22 12 1
22 13 1
22 14 1
22 15 1
23 1 2
23 2 2
23 3 2
23 4 1
23 5 1
23 6 1
23 7 2
23 8 1
23 9 2
23 10 2
23 11 1
23 12 1
23 13 1
23 14 1
23 15 2
23 16 1
23 17 1
23 18 2
24 1 2
24 2 2
24 3 2
24 4 2
24 5 2
24 6 2
24 7 1
24 8 1
24 9 1
24 10 1
24 11 2
24 12 1
24 13 1
24 14 1
24 15 1
25 1 1
25 2 1
25 3 1
25 4 1
25 5 2
25 6 2
25 7 2
25 8 2
25 9 1
25 10 2
25 11 1
25 12 1
25 13 2
25 14 1
25 15 1
25 16 2
25 17 1
25 18 1
26 1 2
26 2 2
26 3 2
26 4 2
26 5 2
26 6 2
26 7 1
26 8 2
26 9 1
26 10 1
26 11 2
26 12 1
26 13 2
26 14 1
27 1 1
27 2 1
27 3 2
27 4 2
27 5 2
27 6 2
27 7 1
27 8 1
27 9 1
27 10 2
27 11 1
27 12 1
27 13 2
27 14 1
27 15 1
27 16 1
27 17 1
27 18 2
28 1 2
28 2 2
28 3 2
28 4 2
28 5 2
28 6 2
28 7 1
28 8 2
28 9 1
28 10 1
28 11 2
28 12 2
28 13 1
28 14 1
29 1 2
29 2 2
29 3 1
29 4 1
29 5 1
29 6 1
29 7 1
29 8 1
29 9 1
29 10 2
29 11 1
29 12 1
29 13 1
29 14 2
29 15 1
29 16 1
29 17 1
29 18 1
29 19 1
29 20 1
30 1 2
30 2 1
30 3 1
30 4 1
30 5 2
30 6 1
30 7 1
30 8 1
30 9 1
30 10 2
30 11 1
30 12 1
30 13 1
30 14 1
30 15 1
30 16 2
30 17 1
30 18 1
30 19 1
31 1 2
31 2 1
31 3 1
31 4 1
31 5 2
31 6 1
31 7 1
31 8 1
31 9 1
31 10 2
31 11 1
31 12 1
31 13 1
31 14 1
31 15 1
31 16 1
31 17 2
31 18 1
31 19 1
32 1 2
32 2 1
32 3 1
32 4 1
32 5 1
32 6 2
32 7 1
32 8 1
32 9 1
32 10 1
32 11 1
32 12 1
32 13 1
32 14 1
32 15 1
32 16 2
32 17 1
32 18 2
32 19 1
32 20 1
33 1 2
33 2 2
33 3 2
33 4 2
33 5 2
33 6 2
33 7 2
33 8 2
33 9 1
33 10 2
33 11 1
33 12 1
33 13 2
33 14 2
33 15 1
33 16 1
33 17 1
34 1 2
34 2 1
34 3 1
34 4 1
34 5 2
34 6 2
34 7 2
34 8 2
34 9 1
34 10 1
34 11 2
34 12 2
34 13 1
34 14 1
34 15 2
34 16 2
34 17 2
34 18 1
34 19 1
34 20 1
34 21 1
35 1 2
35 2 2
35 3 2
35 4 1
35 5 1
35 6 1
35 7 1
35 8 2
35 9 1
35 10 2
35 11 1
35 12 2
35 13 2
35 14 2
35 15 1
35 16 2
35 17 1
35 18 1
35 19 2
35 20 2
35 21 1
36 1 2
36 2 1
36 3 1
36 4 1
36 5 2
36 6 1
36 7 2
36 8 2
36 9 1
36 10 1
36 11 1
36 12 2
36 13 2
36 14 1
36 15 1
36 16 2
36 17 2
36 18 2
36 19 2
36 20 1
36 21 2
36 22 1
36 23 1
37 1 2
37 2 1
37 3 1
37 4 1
37 5 2
37 6 1
37 7 2
37 8 2
37 9 1
37 10 1
37 11 1
37 12 2
37 13 2
37 14 1
37 15 1
37 16 2
37 17 2
37 18 2
37 19 2
37 20 1
37 21 2
37 22 1
37 23 1
38 1 2
38 2 1
38 3 1
38 4 1
38 5 2
38 6 1
38 7 2
38 8 2
38 9 1
38 10 1
38 11 1
38 12 2
38 13 2
38 14 1
38 15 1
38 16 2
38 17 2
38 18 2
38 19 2
38 20 1
38 21 2
38 22 1
38 23 1
39 1 2
39 2 1
39 3 1
39 4 1
39 5 2
39 6 1
39 7 2
39 8 2
39 9 1
39 10 1
39 11 1
39 12 2
39 13 2
39 14 1
39 15 1
39 16 2
39 17 2
39 18 2
39 19 2
39 20 1
39 21 2
39 22 1
39 23 1
40 1 2
40 2 1
40 3 1
40 4 1
40 5 2
40 6 1
40 7 2
40 8 2
40 9 1
40 10 1
40 11 1
40 12 2
40 13 2
40 14 1
40 15 1
40 16 2
40 17 2
40 18 2
40 19 2
40 20 1
40 21 2
40 22 1
40 23 1
41 1 2
41 2 1
41 3 1
41 4 1
41 5 2
41 6 1
41 7 2
41 8 2
41 9 1
41 10 1
41 11 1
41 12 2
41 13 2
41 14 1
41 15 1
41 16 2
41 17 2
41 18 2
41 19 2
41 20 1
41 21 2
41 22 1
41 23 1
42 1 2
42 2 1
42 3 1
42 4 1
42 5 2
42 6 1
42 7 2
42 8 2
42 9 1
42 10 1
42 11 1
42 12 2
42 13 2
42 14 1
42 15 1
42 16 2
42 17 2
42 18 2
42 19 2
42 20 1
42 21 2
42 22 1
42 23 1
43 1 2
43 2 1
43 3 1
43 4 1
43 5 2
43 6 1
43 7 2
43 8 2
43 9 1
43 10 1
43 11 1
43 12 2
43 13 2
43 14 1
43 15 1
43 16 2
43 17 2
43 18 2
43 19 2
43 20 1
43 21 2
43 22 1
43 23 1
44 1 2
44 2 1
44 3 1
44 4 1
44 5 2
44 6 1
44 7 2
44 8 2
44 9 1
44 10 1
44 11 1
44 12 2
44 13 2
44 14 1
44 15 1
44 16 2
44 17 2
44 18 2
44 19 2
44 20 1
44 21 2
44 22 1
44 23 1
45 1 2
45 2 1
45 3 1
45 4 1
45 5 2
45 6 1
45 7 2
45 8 2
45 9 1
45 10 1
45 11 1
45 12 2
45 13 2
45 14 1
45 15 1
45 16 2
45 17 2
45 18 2
45 19 2
45 20 1
45 21 2
45 22 1
45 23 1
46 1 2
46 2 1
46 3 1
46 4 1
46 5 2
46 6 1
46 7 2
46 8 2
46 9 1
46 10 1
46 11 1
46 12 2
46 13 2
46 14 1
46 15 1
46 16 2
46 17 2
46 18 2
46 19 2
46 20 1
46 21 2
46 22 1
46 23 1
47 1 2
47 2 1
47 3 1
47 4 1
47 5 2
47 6 1
47 7 2
47 8 2
47 9 1
47 10 1
47 11 1
47 12 2
47 13 2
47 14 1
47 15 1
47 16 2
47 17 2
47 18 2
47 19 2
47 20 1
47 21 2
47 22 1
47 23 1
48 1 2
48 2 1
48 3 1
48 4 1
48 5 2
48 6 1
48 7 2
48 8 2
48 9 1
48 10 1
48 11 1
48 12 2
48 13 2
48 14 1
48 15 1
48 16 2
48 17 2
48 18 2
48 19 2
48 20 1
48 21 2
48 22 1
48 23 1
49 1 2
49 2 1
49 3 1
49 4 1
49 5 2
49 6 1
49 7 2
49 8 2
49 9 1
49 10 1
49 11 1
49 12 2
49 13 2
49 14 1
49 15 1
49 16 2
49 17 2
49 18 2
49 19 2
49 20 1
49 21 2
49 22 1
49 23 1
50 1 2
50 2 1
50 3 1
50 4 1
50 5 2
50 6 1
50 7 2
50 8 2
50 9 1
50 10 1
50 11 1
50 12 2
50 13 2
50 14 1
50 15 1
50 16 2
50 17 2
50 18 2
50 19 2
50 20 1
50 21 2
50 22 1
50 23 1
51 1 2
51 2 1
51 3 1
51 4 1
51 5 2
51 6 1
51 7 2
51 8 2
51 9 1
51 10 1
51 11 1
51 12 2
51 13 2
51 14 1
51 15 1
51 16 2
51 17 2
51 18 2
51 19 2
51 20 1
51 21 2
51 22 1
51 23 1
52 1 2
52 2 1
52 3 1
52 4 1
52 5 2
52 6 1
52 7 2
52 8 2
52 9 1
52 10 1
52 11 1
52 12 2
52 13 2
52 14 1
52 15 1
52 16 2
52 17 2
52 18 2
52 19 2
52 20 1
52 21 2
52 22 1
52 23 1
