0 0
1 0
2 1
3 1
4 2
5 2
6 3
7 3
8 4
9 4
10 5
11 5
12 6
13 6
14 7
15 7
16 8
17 8
18 9
19 10
20 11
21 12
22 12
23 13
24 13
25 14
26 14
27 15
28 15
29 16
30 16
31 17
32 18
33 19
34 20
35 11
36 21
37 21
38 22
39 22
40 23
41 23
42 24
43 24
44 25
45 25
46 26
47 17
48 18
49 27
50 19
51 20
52 28
53 29
54 30
55 30
56 31
57 31
58 32
59 32
60 33
61 33
62 34
63 34
64 26
65 35
66 36
67 27
68 37
69 38
70 28
71 29
72 39
73 40
74 41
75 41
76 42
77 42
78 43
79 43
80 44
81 44
82 45
83 46
84 35
85 36
86 47
87 37
88 38
89 48
90 49
91 39
92 40
93 50
94 51
95 51
96 52
97 52
98 53
99 53
100 54
101 55
102 45
103 46
104 56
105 57
106 47
107 58
108 59
109 48
110 49
111 60
112 61
113 50
114 62
115 62
116 63
117 63
118 64
119 64
120 65
121 54
122 55
123 66
124 67
125 56
126 57
127 68
128 58
129 59
130 69
131 70
132 60
133 61
134 71
135 72
136 73
137 73
138 74
139 74
140 75
141 76
142 65
143 77
144 78
145 66
146 67
147 79
148 80
149 68
150 81
151 82
152 69
153 70
154 83
155 84
156 71
157 72
158 85
159 85
160 86
161 86
162 87
163 75
164 76
165 88
166 77
167 78
168 89
169 90
170 79
171 80
172 91
173 81
174 82
175 92
176 93
177 83
178 84
179 94
180 95
181 96
182 97
183 97
184 98
185 98
186 87
187 99
188 100
189 88
190 101
191 102
192 89
193 90
194 103
195 104
196 91
197 105
198 92
199 93
200 106
201 107
202 94
203 95
204 96
205 108
206 109
207 110
208 99
209 100
210 111
211 101
212 102
213 112
214 113
215 103
216 104
217 105
218 114
219 115
220 106
221 107
222 116
223 117
224 118
225 108
226 109
227 110
228 119
229 120
230 111
231 121
232 122
233 112
234 113
235 123
236 124
237 114
238 115
239 125
240 126
241 116
242 117
243 118
244 127
245 128
246 119
247 120
248 129
249 130
250 121
251 122
252 131
253 132
254 123
255 133
256 134
257 135
258 125
259 126
260 136
261 137
262 127
263 128
264 138
265 139
266 140
267 129
268 130
269 141
270 142
271 131
272 132
273 143
274 144
275 145
276 134
277 135
278 146
279 147
280 136
281 137
282 148
283 149
284 138
285 139
286 140
287 150
288 151
289 141
290 142
291 152
292 153
293 143
294 144
295 154
296 145
297 155
298 156
299 146
300 147
301 157
302 158
303 148
304 149
305 159
306 160
307 160
308 161
309 161
310 150
311 151
312 162
313 163
314 152
315 153
316 164
317 165
318 166
319 154
320 167
321 155
322 156
323 168
324 169
325 157
326 158
327 170
328 171
329 159
330 172
331 172
332 173
333 173
334 174
335 162
336 163
337 175
338 176
339 164
340 165
341 166
342 177
343 167
344 178
345 179
346 168
347 169
348 180
349 181
350 170
351 171
352 182
353 182
354 183
355 183
356 174
357 184
358 185
359 175
360 176
361 186
362 187
363 188
364 177
365 189
366 178
367 179
368 190
369 191
370 180
371 181
372 192
373 192
374 193
375 193
376 194
377 194
378 184
379 185
380 195
381 196
382 186
383 187
384 188
385 197
386 189
387 198
388 199
389 190
390 191
391 200
392 200
393 201
394 201
395 202
396 202
397 203
398 203
399 204
400 195
401 196
402 205
403 206
404 207
405 197
406 208
407 198
408 199
409 209
410 210
411 210
412 211
413 211
414 212
415 212
416 213
417 213
418 204
419 214
420 215
421 205
422 206
423 207
424 216
425 208
426 217
427 218
428 209
429 219
430 219
431 220
432 220
433 221
434 221
435 222
436 222
437 214
438 215
439 223
440 224
441 225
442 216
443 226
444 217
445 218
446 227
447 227
448 228
449 228
450 229
451 229
452 230
453 230
454 231
455 231
456 223
457 224
458 225
459 226
460 232
461 232
462 233
463 233
464 234
465 234
466 235
467 235
468 236
469 236
470 237
471 237
472 238
473 239
474 240
475 240
476 241
477 241
478 242
479 242
480 243
481 243
482 244
483 244
484 245
485 245
486 246
487 246
488 247
489 247
490 248
491 248
492 10
493 9
494 133
495 124
496 239
497 238
498 249
499 250
500 251
501 252
502 253
503 254
504 255
505 256
506 257
507 258
508 259
509 260
510 261
511 262
512 263
513 264
514 265
515 266
516 267
517 249
518 254
519 268
520 269
521 255
522 260
523 270
524 271
525 261
526 266
527 272
528 267
529 273
530 274
531 268
532 269
533 275
534 276
535 270
536 271
537 277
538 278
539 272
540 279
541 273
542 274
543 280
544 281
545 275
546 276
547 282
548 283
549 277
550 278
551 284
552 250
553 251
554 252
555 253
556 256
557 257
558 258
559 259
560 262
561 263
562 264
563 265
