3 0 252
3 1 251
3 2 251
3 3 250
3 4 250
3 5 249
3 6 249
3 7 248
3 8 215
3 9 215
3 10 214
3 11 214
3 12 213
3 13 213
3 14 212
3 15 212
3 16 211
3 17 211
3 18 210
3 19 216
3 20 181
3 21 181
3 22 180
3 23 180
3 24 179
3 25 179
3 26 178
3 27 178
3 28 177
3 29 177
3 30 176
3 31 176
3 32 209
3 33 255
3 34 217
3 35 182
3 36 150
3 37 149
3 38 149
3 39 148
3 40 148
3 41 147
3 42 147
3 43 146
3 44 146
3 45 145
3 46 145
3 47 175
3 48 209
3 49 245
3 50 255
3 51 217
3 52 182
3 53 150
3 54 121
3 55 121
3 56 120
3 57 120
3 58 119
3 59 119
3 60 118
3 61 118
3 62 117
3 63 117
3 64 144
3 65 175
3 66 208
3 67 245
3 68 256
3 69 218
3 70 183
3 71 151
3 72 122
3 73 96
3 74 95
3 75 95
3 76 94
3 77 94
3 78 93
3 79 93
3 80 92
3 81 92
3 82 116
3 83 144
3 84 174
3 85 208
3 86 244
3 87 297
3 88 256
3 89 218
3 90 183
3 91 151
3 92 122
3 93 96
3 94 73
3 95 73
3 96 72
3 97 72
3 98 71
3 99 71
3 100 70
3 101 70
3 102 91
3 103 116
3 104 143
3 105 174
3 106 207
3 107 244
3 108 257
3 109 219
3 110 184
3 111 152
3 112 123
3 113 97
3 114 74
3 115 54
3 116 53
3 117 53
3 118 52
3 119 52
3 120 51
3 121 51
3 122 69
3 123 91
3 124 115
3 125 143
3 126 173
3 127 207
3 128 243
3 129 257
3 130 219
3 131 184
3 132 152
3 133 123
3 134 97
3 135 74
3 136 54
3 137 37
3 138 37
3 139 36
3 140 36
3 141 35
3 142 35
3 143 50
3 144 69
3 145 90
3 146 115
3 147 142
3 148 173
3 149 206
3 150 243
3 151 258
3 152 220
3 153 185
3 154 153
3 155 124
3 156 98
3 157 75
3 158 55
3 159 38
3 160 24
3 161 23
3 162 23
3 163 22
3 164 22
3 165 34
3 166 50
3 167 68
3 168 90
3 169 114
3 170 142
3 171 172
3 172 206
3 173 242
3 174 258
3 175 220
3 176 185
3 177 153
3 178 124
3 179 98
3 180 75
3 181 55
3 182 38
3 183 24
3 184 13
3 185 13
3 186 12
3 187 12
3 188 21
3 189 34
3 190 49
3 191 68
3 192 89
3 193 114
3 194 141
3 195 172
3 196 205
3 197 242
3 198 221
3 199 186
3 200 154
3 201 125
3 202 99
3 203 76
3 204 56
3 205 39
3 206 25
3 207 14
3 208 11
3 209 21
3 210 33
3 211 49
3 212 67
3 213 89
3 214 113
3 215 141
3 216 171
3 217 205
3 218 221
3 219 186
3 220 154
3 221 125
3 222 99
3 223 76
3 224 56
3 225 39
3 226 25
3 227 14
3 228 11
3 229 20
3 230 33
3 231 48
3 232 67
3 233 88
3 234 113
3 235 140
3 236 171
3 237 204
3 238 187
3 239 155
3 240 126
3 241 100
3 242 77
3 243 57
3 244 40
3 245 26
3 246 15
3 247 10
3 248 20
3 249 32
3 250 48
3 251 66
3 252 88
3 253 112
3 254 140
3 255 170
3 256 222
3 257 187
3 258 155
3 259 126
3 260 100
3 261 77
3 262 57
3 263 40
3 264 26
3 265 15
3 266 10
3 267 19
3 268 32
3 269 47
3 270 66
3 271 87
3 272 112
3 273 139
3 274 170
3 275 203
3 276 223
3 277 188
3 278 156
3 279 127
3 280 101
3 281 78
3 282 58
3 283 41
3 284 27
3 285 16
3 286 9
3 287 19
3 288 31
3 289 47
3 290 65
3 291 87
3 292 111
3 293 139
3 294 169
3 295 203
3 296 261
3 297 223
3 298 188
3 299 156
3 300 127
3 301 101
3 302 78
3 303 58
3 304 41
3 305 27
3 306 16
3 307 17
3 308 17
3 309 9
3 310 18
3 311 31
3 312 46
3 313 65
3 314 86
3 315 111
3 316 138
3 317 169
3 318 202
3 319 239
3 320 262
3 321 224
3 322 189
3 323 157
3 324 128
3 325 102
3 326 79
3 327 59
3 328 42
3 329 28
3 330 28
3 331 29
3 332 29
3 333 18
3 334 30
3 335 46
3 336 64
3 337 86
3 338 110
3 339 138
3 340 168
3 341 202
3 342 238
3 343 262
3 344 224
3 345 189
3 346 157
3 347 128
3 348 102
3 349 79
3 350 59
3 351 42
3 352 43
3 353 43
3 354 44
3 355 44
3 356 30
3 357 45
3 358 64
3 359 85
3 360 110
3 361 137
3 362 168
3 363 201
3 364 238
3 365 263
3 366 225
3 367 190
3 368 158
3 369 129
3 370 103
3 371 80
3 372 60
3 373 60
3 374 61
3 375 61
3 376 62
3 377 62
3 378 45
3 379 63
3 380 85
3 381 109
3 382 137
3 383 167
3 384 201
3 385 237
3 386 263
3 387 225
3 388 190
3 389 158
3 390 129
3 391 103
3 392 80
3 393 81
3 394 81
3 395 82
3 396 82
3 397 83
3 398 83
3 399 63
3 400 84
3 401 109
3 402 136
3 403 167
3 404 200
3 405 237
3 406 264
3 407 226
3 408 191
3 409 159
3 410 130
3 411 104
3 412 104
3 413 105
3 414 105
3 415 106
3 416 106
3 417 107
3 418 107
3 419 84
3 420 108
3 421 136
3 422 166
3 423 200
3 424 236
3 425 264
3 426 226
3 427 191
3 428 159
3 429 130
3 430 131
3 431 131
3 432 132
3 433 132
3 434 133
3 435 133
3 436 134
3 437 134
3 438 108
3 439 135
3 440 166
3 441 199
3 442 236
3 443 265
3 444 227
3 445 192
3 446 160
3 447 160
3 448 161
3 449 161
3 450 162
3 451 162
3 452 163
3 453 163
3 454 164
3 455 164
3 456 135
3 457 165
3 458 199
3 459 235
3 460 227
3 461 192
3 462 193
3 463 193
3 464 194
3 465 194
3 466 195
3 467 195
3 468 196
3 469 196
3 470 197
3 471 197
3 472 165
3 473 198
3 474 228
3 475 229
3 476 229
3 477 230
3 478 230
3 479 231
3 480 231
3 481 232
3 482 232
3 483 233
3 484 233
3 485 268
3 486 268
3 487 269
3 488 269
3 489 270
3 490 270
3 491 271
3 492 271
3 493 216
3 494 210
3 495 297
3 496 298
3 497 222
3 498 204
3 499 228
3 500 198
3 501 254
3 502 259
3 503 290
3 504 252
3 505 248
3 506 246
3 507 296
3 508 283
3 509 298
3 510 241
3 511 261
3 512 239
3 513 304
3 514 276
3 515 265
3 516 235
3 517 267
3 518 272
3 519 311
3 520 291
3 521 290
3 522 284
3 523 283
3 524 304
3 525 277
3 526 305
3 527 276
3 528 311
3 529 312
3 530 291
3 531 289
3 532 284
3 533 282
3 534 303
3 535 277
3 536 305
3 537 275
3 538 310
3 539 312
3 540 296
3 541 299
3 542 254
3 543 259
3 544 292
3 545 289
3 546 253
3 547 247
3 548 246
3 549 285
3 550 282
3 551 241
3 552 260
3 553 240
3 554 303
3 555 278
3 556 306
3 557 275
3 558 266
3 559 234
3 560 267
3 561 272
3 562 310
3 563 313
3 564 295
3 565 299
4 0 292
4 1 292
4 2 291
4 3 291
4 4 290
4 5 290
4 6 289
4 7 289
4 8 288
4 9 253
4 10 252
4 11 252
4 12 251
4 13 251
4 14 250
4 15 250
4 16 249
4 17 249
4 18 248
4 19 248
4 20 247
4 21 254
4 22 216
4 23 215
4 24 215
4 25 214
4 26 214
4 27 213
4 28 213
4 29 212
4 30 212
4 31 211
4 32 211
4 33 210
4 34 210
4 35 246
4 36 295
4 37 254
4 38 216
4 39 181
4 40 181
4 41 180
4 42 180
4 43 179
4 44 179
4 45 178
4 46 178
4 47 177
4 48 177
4 49 176
4 50 176
4 51 209
4 52 246
4 53 285
4 54 296
4 55 255
4 56 217
4 57 182
4 58 150
4 59 149
4 60 149
4 61 148
4 62 148
4 63 147
4 64 147
4 65 146
4 66 146
4 67 145
4 68 145
4 69 175
4 70 209
4 71 245
4 72 285
4 73 296
4 74 255
4 75 217
4 76 182
4 77 150
4 78 121
4 79 121
4 80 120
4 81 120
4 82 119
4 83 119
4 84 118
4 85 118
4 86 117
4 87 117
4 88 144
4 89 175
4 90 208
4 91 245
4 92 284
4 93 341
4 94 297
4 95 256
4 96 218
4 97 183
4 98 151
4 99 122
4 100 96
4 101 95
4 102 95
4 103 94
4 104 94
4 105 93
4 106 93
4 107 92
4 108 92
4 109 116
4 110 144
4 111 174
4 112 208
4 113 244
4 114 284
4 115 341
4 116 297
4 117 256
4 118 218
4 119 183
4 120 151
4 121 122
4 122 96
4 123 73
4 124 73
4 125 72
4 126 72
4 127 71
4 128 71
4 129 70
4 130 70
4 131 91
4 132 116
4 133 143
4 134 174
4 135 207
4 136 244
4 137 283
4 138 298
4 139 257
4 140 219
4 141 184
4 142 152
4 143 123
4 144 97
4 145 74
4 146 54
4 147 53
4 148 53
4 149 52
4 150 52
4 151 51
4 152 51
4 153 69
4 154 91
4 155 115
4 156 143
4 157 173
4 158 207
4 159 243
4 160 283
4 161 298
4 162 257
4 163 219
4 164 184
4 165 152
4 166 123
4 167 97
4 168 74
4 169 54
4 170 37
4 171 37
4 172 36
4 173 36
4 174 35
4 175 35
4 176 50
4 177 69
4 178 90
4 179 115
4 180 142
4 181 173
4 182 206
4 183 243
4 184 282
4 185 299
4 186 258
4 187 220
4 188 185
4 189 153
4 190 124
4 191 98
4 192 75
4 193 55
4 194 38
4 195 24
4 196 23
4 197 23
4 198 22
4 199 22
4 200 34
4 201 50
4 202 68
4 203 90
4 204 114
4 205 142
4 206 172
4 207 206
4 208 242
4 209 282
4 210 299
4 211 258
4 212 220
4 213 185
4 214 153
4 215 124
4 216 98
4 217 75
4 218 55
4 219 38
4 220 24
4 221 13
4 222 12
4 223 21
4 224 34
4 225 49
4 226 68
4 227 89
4 228 114
4 229 141
4 230 172
4 231 205
4 232 242
4 233 281
4 234 259
4 235 221
4 236 186
4 237 154
4 238 125
4 239 99
4 240 76
4 241 56
4 242 39
4 243 25
4 244 21
4 245 33
4 246 49
4 247 67
4 248 89
4 249 113
4 250 141
4 251 171
4 252 205
4 253 241
4 254 259
4 255 221
4 256 186
4 257 154
4 258 125
4 259 99
4 260 76
4 261 56
4 262 39
4 263 25
4 264 20
4 265 33
4 266 48
4 267 67
4 268 88
4 269 113
4 270 140
4 271 171
4 272 204
4 273 241
4 274 222
4 275 187
4 276 155
4 277 126
4 278 100
4 279 77
4 280 57
4 281 40
4 282 26
4 283 15
4 284 10
4 285 20
4 286 32
4 287 48
4 288 66
4 289 88
4 290 112
4 291 140
4 292 170
4 293 204
4 294 260
4 295 222
4 296 187
4 297 155
4 298 126
4 299 100
4 300 77
4 301 57
4 302 40
4 303 26
4 304 10
4 305 19
4 306 32
4 307 47
4 308 66
4 309 87
4 310 112
4 311 139
4 312 170
4 313 203
4 314 240
4 315 261
4 316 223
4 317 188
4 318 156
4 319 127
4 320 101
4 321 78
4 322 58
4 323 41
4 324 27
4 325 9
4 326 19
4 327 31
4 328 47
4 329 65
4 330 87
4 331 111
4 332 139
4 333 169
4 334 203
4 335 239
4 336 302
4 337 261
4 338 223
4 339 188
4 340 156
4 341 127
4 342 101
4 343 78
4 344 58
4 345 41
4 346 27
4 347 16
4 348 9
4 349 18
4 350 31
4 351 46
4 352 65
4 353 86
4 354 111
4 355 138
4 356 169
4 357 202
4 358 239
4 359 278
4 360 303
4 361 262
4 362 224
4 363 189
4 364 157
4 365 128
4 366 102
4 367 79
4 368 59
4 369 42
4 370 28
4 371 28
4 372 29
4 373 29
4 374 18
4 375 30
4 376 46
4 377 64
4 378 86
4 379 110
4 380 138
4 381 168
4 382 202
4 383 238
4 384 278
4 385 303
4 386 262
4 387 224
4 388 189
4 389 157
4 390 128
4 391 102
4 392 79
4 393 59
4 394 42
4 395 43
4 396 43
4 397 44
4 398 44
4 399 30
4 400 45
4 401 64
4 402 85
4 403 110
4 404 137
4 405 168
4 406 201
4 407 238
4 408 277
4 409 304
4 410 263
4 411 225
4 412 190
4 413 158
4 414 129
4 415 103
4 416 80
4 417 60
4 418 60
4 419 61
4 420 61
4 421 62
4 422 62
4 423 45
4 424 63
4 425 85
4 426 109
4 427 137
4 428 167
4 429 201
4 430 237
4 431 277
4 432 304
4 433 263
4 434 225
4 435 190
4 436 158
4 437 129
4 438 103
4 439 80
4 440 81
4 441 81
4 442 82
4 443 82
4 444 83
4 445 83
4 446 63
4 447 84
4 448 109
4 449 136
4 450 167
4 451 200
4 452 237
4 453 276
4 454 305
4 455 264
4 456 226
4 457 191
4 458 159
4 459 130
4 460 104
4 461 104
4 462 105
4 463 105
4 464 106
4 465 106
4 466 107
4 467 107
4 468 84
4 469 108
4 470 136
4 471 166
4 472 200
4 473 236
4 474 276
4 475 305
4 476 264
4 477 226
4 478 191
4 479 159
4 480 130
4 481 131
4 482 131
4 483 132
4 484 132
4 485 133
4 486 133
4 487 134
4 488 134
4 489 108
4 490 135
4 491 166
4 492 199
4 493 236
4 494 275
4 495 306
4 496 265
4 497 227
4 498 192
4 499 160
4 500 160
4 501 161
4 502 161
4 503 162
4 504 162
4 505 163
4 506 163
4 507 164
4 508 164
4 509 135
4 510 165
4 511 199
4 512 235
4 513 275
4 514 306
4 515 265
4 516 227
4 517 192
4 518 193
4 519 193
4 520 194
4 521 194
4 522 195
4 523 195
4 524 196
4 525 196
4 526 197
4 527 197
4 528 165
4 529 198
4 530 235
4 531 274
4 532 266
4 533 228
4 534 228
4 535 229
4 536 229
4 537 230
4 538 230
4 539 231
4 540 231
4 541 232
4 542 232
4 543 233
4 544 233
4 545 198
4 546 234
4 547 267
4 548 267
4 549 268
4 550 268
4 551 269
4 552 269
4 553 270
4 554 270
4 555 271
4 556 271
4 557 272
4 558 272
4 559 309
4 560 310
4 561 310
4 562 311
4 563 311
4 564 312
4 565 312
4 566 313
4 567 313
4 568 253
4 569 247
4 570 340
4 571 342
4 572 260
4 573 240
4 574 266
4 575 234
4 576 334
4 577 334
4 578 333
4 579 333
4 580 293
4 581 288
4 582 295
4 583 286
4 584 340
4 585 327
4 586 326
4 587 326
4 588 325
4 589 342
4 590 300
4 591 281
4 592 302
4 593 279
4 594 348
4 595 319
4 596 348
4 597 319
4 598 349
4 599 318
4 600 349
4 601 318
4 602 307
4 603 274
4 604 309
4 605 314
4 606 355
4 607 356
4 608 356
4 609 357
4 610 335
4 611 332
4 612 327
4 613 325
4 614 347
4 615 320
4 616 350
4 617 317
4 618 355
4 619 357
4 620 339
4 621 343
4 622 335
4 623 332
4 624 293
4 625 287
4 626 294
4 627 286
4 628 328
4 629 324
4 630 300
4 631 280
4 632 301
4 633 279
4 634 347
4 635 320
4 636 350
4 637 317
4 638 307
4 639 273
4 640 308
4 641 314
4 642 354
4 643 358
4 644 339
4 645 388
4 646 343
4 647 336
4 648 331
4 649 328
4 650 387
4 651 388
4 652 324
4 653 346
4 654 321
4 655 351
4 656 316
4 657 354
4 658 358
4 659 380
4 660 387
4 661 372
4 662 389
4 663 396
4 664 364
4 665 404
