3 1 336
3 2 335
3 3 335
3 4 334
3 5 334
3 6 333
3 7 333
3 8 332
3 9 332
3 10 331
3 11 293
3 12 293
3 13 292
3 14 292
3 15 291
3 16 291
3 17 290
3 18 290
3 19 289
3 20 289
3 21 288
3 22 288
3 23 287
3 24 294
3 25 253
3 26 253
3 27 252
3 28 252
3 29 251
3 30 251
3 31 250
3 32 250
3 33 249
3 34 249
3 35 248
3 36 248
3 37 247
3 38 247
3 39 286
3 40 339
3 41 295
3 42 254
3 43 216
3 44 215
3 45 215
3 46 214
3 47 214
3 48 213
3 49 213
3 50 212
3 51 212
3 52 211
3 53 211
3 54 210
3 55 210
3 56 246
3 57 286
3 58 328
3 59 339
3 60 295
3 61 254
3 62 216
3 63 181
3 64 181
3 65 180
3 66 180
3 67 179
3 68 179
3 69 178
3 70 178
3 71 177
3 72 177
3 73 176
3 74 176
3 75 209
3 76 246
3 77 285
3 78 328
3 79 340
3 80 296
3 81 255
3 82 217
3 83 182
3 84 150
3 85 149
3 86 149
3 87 148
3 88 148
3 89 147
3 90 147
3 91 146
3 92 146
3 93 145
3 94 145
3 95 175
3 96 209
3 97 245
3 98 285
3 99 327
3 100 340
3 101 296
3 102 255
3 103 217
3 104 182
3 105 150
3 106 121
3 107 121
3 108 120
3 109 120
3 110 119
3 111 119
3 112 118
3 113 118
3 114 117
3 115 117
3 116 144
3 117 175
3 118 208
3 119 245
3 120 284
3 121 327
3 123 341
3 124 297
3 125 256
3 126 218
3 127 183
3 128 151
3 129 122
3 130 96
3 131 95
3 132 95
3 133 94
3 134 94
3 135 93
3 136 93
3 137 92
3 138 92
3 139 116
3 140 144
3 141 174
3 142 208
3 143 244
3 144 284
3 145 326
3 147 341
3 148 297
3 149 256
3 150 218
3 151 183
3 152 151
3 153 122
3 154 96
3 155 73
3 156 73
3 157 72
3 158 72
3 159 71
3 160 71
3 161 70
3 162 70
3 163 91
3 164 116
3 165 143
3 166 174
3 167 207
3 168 244
3 169 283
3 170 326
3 171 342
3 172 298
3 173 257
3 174 219
3 175 184
3 176 152
3 177 123
3 178 97
3 179 74
3 180 54
3 181 53
3 182 53
3 183 52
3 184 52
3 185 51
3 186 51
3 187 69
3 188 91
3 189 115
3 190 143
3 191 173
3 192 207
3 193 243
3 194 283
3 195 325
3 196 342
3 197 298
3 198 257
3 199 219
3 200 184
3 201 152
3 202 123
3 203 97
3 204 74
3 205 54
3 206 37
3 207 37
3 208 36
3 209 36
3 210 35
3 211 35
3 212 50
3 213 69
3 214 90
3 215 115
3 216 142
3 217 173
3 218 206
3 219 243
3 220 282
3 221 325
3 222 343
3 223 299
3 224 258
3 225 220
3 226 185
3 227 153
3 228 124
3 229 98
3 230 75
3 231 55
3 232 38
3 233 24
3 234 23
3 235 23
3 236 22
3 237 22
3 238 34
3 239 50
3 240 68
3 241 90
3 242 114
3 243 142
3 244 172
3 245 206
3 246 242
3 247 282
3 248 324
3 249 343
3 250 299
3 251 258
3 252 220
3 253 185
3 254 153
3 255 124
3 256 98
3 257 75
3 258 55
3 259 38
3 260 24
3 261 13
3 262 13
3 263 12
3 264 12
3 265 21
3 266 34
3 267 49
3 268 68
3 269 89
3 270 114
3 271 141
3 272 172
3 273 205
3 274 242
3 275 281
3 276 324
3 277 300
3 278 259
3 279 221
3 280 186
3 281 154
3 282 125
3 283 99
3 284 76
3 285 56
3 286 39
3 287 25
3 288 14
3 289 11
3 290 21
3 291 33
3 292 49
3 293 67
3 294 89
3 295 113
3 296 141
3 297 171
3 298 205
3 299 241
3 300 281
3 301 300
3 302 259
3 303 221
3 304 186
3 305 154
3 306 125
3 307 99
3 308 76
3 309 56
3 310 39
3 311 25
3 312 14
3 313 11
3 314 20
3 315 33
3 316 48
3 317 67
3 318 88
3 319 113
3 320 140
3 321 171
3 322 204
3 323 241
3 324 280
3 325 260
3 326 222
3 327 187
3 328 155
3 329 126
3 330 100
3 331 77
3 332 57
3 333 40
3 334 26
3 335 15
3 336 10
3 337 20
3 338 32
3 339 48
3 340 66
3 341 88
3 342 112
3 343 140
3 344 170
3 345 204
3 346 240
3 347 301
3 348 260
3 349 222
3 350 187
3 351 155
3 352 126
3 353 100
3 354 77
3 355 57
3 356 40
3 357 26
3 358 15
3 359 10
3 360 19
3 361 32
3 362 47
3 363 66
3 364 87
3 365 112
3 366 139
3 367 170
3 368 203
3 369 240
3 370 279
3 371 302
3 372 261
3 373 223
3 374 188
3 375 156
3 376 127
3 377 101
3 378 78
3 379 58
3 380 41
3 381 27
3 382 16
3 383 9
3 384 19
3 385 31
3 386 47
3 387 65
3 388 87
3 389 111
3 390 139
3 391 169
3 392 203
3 393 239
3 394 279
3 395 346
3 396 302
3 397 261
3 398 223
3 399 188
3 400 156
3 401 127
3 402 101
3 403 78
3 404 58
3 405 41
3 406 27
3 407 16
3 408 17
3 409 17
3 410 9
3 411 18
3 412 31
3 413 46
3 414 65
3 415 86
3 416 111
3 417 138
3 418 169
3 419 202
3 420 239
3 421 278
3 422 347
3 423 303
3 424 262
3 425 224
3 426 189
3 427 157
3 428 128
3 429 102
3 430 79
3 431 59
3 432 42
3 433 28
3 434 28
3 435 29
3 436 29
3 437 18
3 438 30
3 439 46
3 440 64
3 441 86
3 442 110
3 443 138
3 444 168
3 445 202
3 446 238
3 447 278
3 448 320
3 449 347
3 450 303
3 451 262
3 452 224
3 453 189
3 454 157
3 455 128
3 456 102
3 457 79
3 458 59
3 459 42
3 460 43
3 461 43
3 462 44
3 463 44
3 464 30
3 465 45
3 466 64
3 467 85
3 468 110
3 469 137
3 470 168
3 471 201
3 472 238
3 473 277
3 474 320
3 475 348
3 476 304
3 477 263
3 478 225
3 479 190
3 480 158
3 481 129
3 482 103
3 483 80
3 484 60
3 485 60
3 486 61
3 487 61
3 488 62
3 489 62
3 490 45
3 491 63
3 492 85
3 493 109
3 494 137
3 495 167
3 496 201
3 497 237
3 498 277
3 499 319
3 500 348
3 501 304
3 502 263
3 503 225
3 504 190
3 505 158
3 506 129
3 507 103
3 508 80
3 509 81
3 510 81
3 511 82
3 512 82
3 513 83
3 514 83
3 515 63
3 516 84
3 517 109
3 518 136
3 519 167
3 520 200
3 521 237
3 522 276
3 523 319
3 525 349
3 526 305
3 527 264
3 528 226
3 529 191
3 530 159
3 531 130
3 532 104
3 533 104
3 534 105
3 535 105
3 536 106
3 537 106
3 538 107
3 539 107
3 540 84
3 541 108
3 542 136
3 543 166
3 544 200
3 545 236
3 546 276
3 547 318
3 548 349
3 549 305
3 550 264
3 551 226
3 552 191
3 553 159
3 554 130
3 555 131
3 556 131
3 557 132
3 558 132
3 559 133
3 560 133
3 561 134
3 562 134
3 563 108
3 564 135
3 565 166
3 566 199
3 567 236
3 568 275
3 569 318
3 570 350
3 571 306
3 572 265
3 573 227
3 574 192
3 575 160
3 576 160
3 577 161
3 578 161
3 579 162
3 580 162
3 581 163
3 582 163
3 583 164
3 584 164
3 585 135
3 586 165
3 587 199
3 588 235
3 589 275
3 590 317
3 591 350
3 592 306
3 593 265
3 594 227
3 595 192
3 596 193
3 597 193
3 598 194
3 599 194
3 600 195
3 601 195
3 602 196
3 603 196
3 604 197
3 605 197
3 606 165
3 607 198
3 608 235
3 609 274
3 610 317
3 611 351
3 612 307
3 613 266
3 614 228
3 615 228
3 616 229
3 617 229
3 618 230
3 619 230
3 620 231
3 621 231
3 622 232
3 623 232
3 624 233
3 625 233
3 626 198
3 627 234
3 628 274
3 629 307
3 630 266
3 631 267
3 632 267
3 633 268
3 634 268
3 635 269
3 636 269
3 637 270
3 638 270
3 639 271
3 640 271
3 641 272
3 642 272
3 643 234
3 644 273
3 645 308
3 646 309
3 647 309
3 648 310
3 649 310
3 650 311
3 651 311
3 652 312
3 653 312
3 654 313
3 655 313
3 656 314
3 657 314
3 658 354
3 659 354
3 660 355
3 661 355
3 662 356
3 663 356
3 664 357
3 665 357
3 666 358
3 667 358
4 0 430
4 1 430
4 2 429
4 3 429
4 4 428
4 5 428
4 6 382
4 7 382
4 8 381
4 9 381
4 10 380
4 11 380
4 12 379
4 13 379
4 14 378
4 15 378
4 16 377
4 17 337
4 18 336
4 19 336
4 20 335
4 21 335
4 22 334
4 23 334
4 24 333
4 25 333
4 26 332
4 27 332
4 28 331
4 29 331
4 30 330
4 31 338
4 32 294
4 33 293
4 34 293
4 35 292
4 36 292
4 37 291
4 38 291
4 39 290
4 40 290
4 41 289
4 42 289
4 43 288
4 44 288
4 45 287
4 46 287
4 47 329
4 48 385
4 49 338
4 50 294
4 51 253
4 52 253
4 53 252
4 54 252
4 55 251
4 56 251
4 57 250
4 58 250
4 59 249
4 60 249
4 61 248
4 62 248
4 63 247
4 64 247
4 65 286
4 66 329
4 67 374
4 68 386
4 69 339
4 70 295
4 71 254
4 72 216
4 73 215
4 74 215
4 75 214
4 76 214
4 77 213
4 78 213
4 79 212
4 80 212
4 81 211
4 82 211
4 83 210
4 84 210
4 85 246
4 86 286
4 87 328
4 88 374
4 89 436
4 90 386
4 91 339
4 92 295
4 93 254
4 94 216
4 95 181
4 96 181
4 97 180
4 98 180
4 99 179
4 100 179
4 101 178
4 102 178
4 103 177
4 104 177
4 105 176
4 106 176
4 107 209
4 108 246
4 109 285
4 110 328
4 111 373
4 112 422
4 113 437
4 114 387
4 115 340
4 116 296
4 117 255
4 118 217
4 119 182
4 120 150
4 121 149
4 122 149
4 123 148
4 124 148
4 125 147
4 126 147
4 127 146
4 128 146
4 129 145
4 130 145
4 131 175
4 132 209
4 133 245
4 134 285
4 135 327
4 136 373
4 137 421
4 138 437
4 139 387
4 140 340
4 141 296
4 142 255
4 143 217
4 144 182
4 145 150
4 146 121
4 147 121
4 148 120
4 149 120
4 150 119
4 151 119
4 152 118
4 153 118
4 154 117
4 155 117
4 156 144
4 157 175
4 158 208
4 159 245
4 160 284
4 161 327
4 162 372
4 163 421
4 164 438
4 165 388
4 166 341
4 167 297
4 168 256
4 169 218
4 170 183
4 171 151
4 172 122
4 173 96
4 174 95
4 175 95
4 176 94
4 177 94
4 178 93
4 179 93
4 180 92
4 181 92
4 182 116
4 183 144
4 184 174
4 185 208
4 186 244
4 187 284
4 188 326
4 189 372
4 190 420
4 191 438
4 192 388
4 193 341
4 194 297
4 195 256
4 196 218
4 197 183
4 198 151
4 199 122
4 200 96
4 201 73
4 202 73
4 203 72
4 204 72
4 205 71
4 206 71
4 207 70
4 208 70
4 209 91
4 210 116
4 211 143
4 212 174
4 213 207
4 214 244
4 215 283
4 216 326
4 217 371
4 218 420
4 219 439
4 220 389
4 221 342
4 222 298
4 223 257
4 224 219
4 225 184
4 226 152
4 227 123
4 228 97
4 229 74
4 230 54
4 231 53
4 232 53
4 233 52
4 234 52
4 235 51
4 236 51
4 237 69
4 238 91
4 239 115
4 240 143
4 241 173
4 242 207
4 243 243
4 244 283
4 245 325
4 246 371
4 247 419
4 248 389
4 249 342
4 250 298
4 251 257
4 252 219
4 253 184
4 254 152
4 255 123
4 256 97
4 257 74
4 258 54
4 259 37
4 260 37
4 261 36
4 262 36
4 263 35
4 264 35
4 265 50
4 266 69
4 267 90
4 268 115
4 269 142
4 270 173
4 271 206
4 272 243
4 273 282
4 274 325
4 275 370
4 276 390
4 277 343
4 278 299
4 279 258
4 280 220
4 281 185
4 282 153
4 283 124
4 284 98
4 285 75
4 286 55
4 287 38
4 288 24
4 289 23
4 290 23
4 291 22
4 292 22
4 293 34
4 294 50
4 295 68
4 296 90
4 297 114
4 298 142
4 299 172
4 300 206
4 301 242
4 302 282
4 303 324
4 304 370
4 305 390
4 306 343
4 307 299
4 308 258
4 309 220
4 310 185
4 311 153
4 312 124
4 313 98
4 314 75
4 315 55
4 316 38
4 317 24
4 318 13
4 319 13
4 320 12
4 321 12
4 322 21
4 323 34
4 324 49
4 325 68
4 326 89
4 327 114
4 328 141
4 329 172
4 330 205
4 331 242
4 332 281
4 333 324
4 334 369
4 335 344
4 336 300
4 337 259
4 338 221
4 339 186
4 340 154
4 341 125
4 342 99
4 343 76
4 344 56
4 345 39
4 346 25
4 347 14
4 348 11
4 349 21
4 350 33
4 351 49
4 352 67
4 353 89
4 354 113
4 355 141
4 356 171
4 357 205
4 358 241
4 359 281
4 360 323
4 361 344
4 362 300
4 363 259
4 364 221
4 365 186
4 366 154
4 367 125
4 368 99
4 369 76
4 370 56
4 371 39
4 372 25
4 373 14
4 374 11
4 375 20
4 376 33
4 377 48
4 378 67
4 379 88
4 380 113
4 381 140
4 382 171
4 383 204
4 384 241
4 385 280
4 386 323
4 387 301
4 388 260
4 389 222
4 390 187
4 391 155
4 392 126
4 393 100
4 394 77
4 395 57
4 396 40
4 397 26
4 398 15
4 399 10
4 400 20
4 401 32
4 402 48
4 403 66
4 404 88
4 405 112
4 406 140
4 407 170
4 408 204
4 409 240
4 410 280
4 411 345
4 412 301
4 413 260
4 414 222
4 415 187
4 416 155
4 417 126
4 418 100
4 419 77
4 420 57
4 421 40
4 422 26
4 423 15
4 424 10
4 425 19
4 426 32
4 427 47
4 428 66
4 429 87
4 430 112
4 431 139
4 432 170
4 433 203
4 434 240
4 435 279
4 436 322
4 437 346
4 438 302
4 439 261
4 440 223
4 441 188
4 442 156
4 443 127
4 444 101
4 445 78
4 446 58
4 447 41
4 448 27
4 449 16
4 450 9
4 451 19
4 452 31
4 453 47
4 454 65
4 455 87
4 456 111
4 457 139
4 458 169
4 459 203
4 460 239
4 461 279
4 462 321
4 463 393
4 464 346
4 465 302
4 466 261
4 467 223
4 468 188
4 469 156
4 470 127
4 471 101
4 472 78
4 473 58
4 474 41
4 475 27
4 476 16
4 477 17
4 478 17
4 479 9
4 480 18
4 481 31
4 482 46
4 483 65
4 484 86
4 485 111
4 486 138
4 487 169
4 488 202
4 489 239
4 490 278
4 491 321
4 492 366
4 493 394
4 494 347
4 495 303
4 496 262
4 497 224
4 498 189
4 499 157
4 500 128
4 501 102
4 502 79
4 503 59
4 504 42
4 505 28
4 506 28
4 507 29
4 508 29
4 509 18
4 510 30
4 511 46
4 512 64
4 513 86
4 514 110
4 515 138
4 516 168
4 517 202
4 518 238
4 519 278
4 520 320
4 521 366
4 522 394
4 523 347
4 524 303
4 525 262
4 526 224
4 527 189
4 528 157
4 529 128
4 530 102
4 531 79
4 532 59
4 533 42
4 534 43
4 535 43
4 536 44
4 537 44
4 538 30
4 539 45
4 540 64
4 541 85
4 542 110
4 543 137
4 544 168
4 545 201
4 546 238
4 547 277
4 548 320
4 549 365
4 550 445
4 551 395
4 552 348
4 553 304
4 554 263
4 555 225
4 556 190
4 557 158
4 558 129
4 559 103
4 560 80
4 561 60
4 562 60
4 563 61
4 564 61
4 565 62
4 566 62
4 567 45
4 568 63
4 569 85
4 570 109
4 571 137
4 572 167
4 573 201
4 574 237
4 575 277
4 576 319
4 577 365
4 578 445
4 579 395
4 580 348
4 581 304
4 582 263
4 583 225
4 584 190
4 585 158
4 586 129
4 587 103
4 588 80
4 589 81
4 590 81
4 591 82
4 592 82
4 593 83
4 594 83
4 595 63
4 596 84
4 597 109
4 598 136
4 599 167
4 600 200
4 601 237
4 602 276
4 603 319
4 604 364
4 606 446
4 607 396
4 608 349
4 609 305
4 610 264
4 611 226
4 612 191
4 613 159
4 614 130
4 615 104
4 616 104
4 617 105
4 618 105
4 619 106
4 620 106
4 621 107
4 622 107
4 623 84
4 624 108
4 625 136
4 626 166
4 627 200
4 628 236
4 629 276
4 630 318
4 631 364
4 632 412
4 633 446
4 634 396
4 635 349
4 636 305
4 637 264
4 638 226
4 639 191
4 640 159
4 641 130
4 642 131
4 643 131
4 644 132
4 645 132
4 646 133
4 647 133
4 648 134
4 649 134
4 650 108
4 651 135
4 652 166
4 653 199
4 654 236
4 655 275
4 656 318
4 657 363
4 658 412
4 659 447
4 660 397
4 661 350
4 662 306
4 663 265
4 664 227
4 665 192
4 666 160
4 667 160
4 668 161
4 669 161
4 670 162
4 671 162
4 672 163
4 673 163
4 674 164
4 675 164
4 676 135
4 677 165
4 678 199
4 679 235
4 680 275
4 681 317
4 682 363
4 684 447
4 685 397
4 686 350
4 687 306
4 688 265
4 689 227
4 690 192
4 691 193
4 692 193
4 693 194
4 694 194
4 695 195
4 696 195
4 697 196
4 698 196
4 699 197
4 700 197
4 701 165
4 702 198
4 703 235
4 704 274
4 705 317
4 706 362
4 707 398
4 708 351
4 709 307
4 710 266
4 711 228
4 712 228
4 713 229
4 714 229
4 715 230
4 716 230
4 717 231
4 718 231
4 719 232
4 720 232
4 721 233
4 722 233
4 723 198
4 724 234
4 725 274
4 726 316
4 727 362
4 728 398
4 729 351
4 730 307
4 731 266
4 732 267
4 733 267
4 734 268
4 735 268
4 736 269
4 737 269
4 738 270
4 739 270
4 740 271
4 741 271
4 742 272
4 743 272
4 744 234
4 745 273
4 746 316
4 747 361
4 748 352
4 749 308
4 750 308
4 751 309
4 752 309
4 753 310
4 754 310
4 755 311
4 756 311
4 757 312
4 758 312
4 759 313
4 760 313
4 761 314
4 762 314
4 763 273
4 764 315
4 765 353
4 766 353
4 767 354
4 768 354
4 769 355
4 770 355
4 771 356
4 772 356
4 773 357
4 774 357
4 775 358
4 776 358
4 777 359
4 778 359
4 779 401
4 780 402
4 781 402
4 782 403
4 783 403
4 784 404
4 785 404
4 786 405
4 787 405
4 788 406
4 789 406
4 790 453
4 791 454
4 792 454
4 793 455
4 794 455
4 795 456
