0 0 0 47
0 0 1 47
0 0 2 47
0 0 3 46
0 0 4 46
0 0 5 46
0 0 6 45
0 0 7 45
0 0 8 45
0 0 9 44
0 0 10 44
0 0 11 44
0 1 0 16
0 1 1 47
0 1 2 47
0 1 3 47
0 1 4 46
0 1 5 46
0 1 6 46
0 1 7 45
0 1 8 45
0 1 9 45
0 1 10 44
0 1 11 44
0 1 12 44
0 2 0 16
0 2 1 16
0 2 2 47
0 2 3 47
0 2 4 47
0 2 5 46
0 2 6 46
0 2 7 46
0 2 8 45
0 2 9 45
0 2 10 45
0 2 11 44
0 2 12 44
0 2 13 44
0 3 0 16
0 3 1 16
0 3 2 16
0 3 3 43
0 3 4 43
0 3 5 43
0 3 6 42
0 3 7 42
0 3 8 42
0 3 9 41
0 3 10 41
0 3 11 41
0 3 12 40
0 3 13 40
0 3 14 40
0 4 0 20
0 4 1 16
0 4 2 16
0 4 3 17
0 4 4 43
0 4 5 43
0 4 6 43
0 4 7 42
0 4 8 42
0 4 9 42
0 4 10 41
0 4 11 41
0 4 12 41
0 4 13 40
0 4 14 40
0 4 15 40
0 5 0 20
0 5 1 20
0 5 2 16
0 5 3 17
0 5 4 17
0 5 5 43
0 5 6 43
0 5 7 43
0 5 8 42
0 5 9 42
0 5 10 42
0 5 11 41
0 5 12 41
0 5 13 41
0 5 14 40
0 5 15 40
0 5 16 40
0 6 0 20
0 6 1 20
0 6 2 20
0 6 3 17
0 6 4 17
0 6 5 17
0 6 6 39
0 6 7 39
0 6 8 39
0 6 9 38
0 6 10 38
0 6 11 38
0 6 12 37
0 6 13 37
0 6 14 37
0 6 15 36
0 6 16 36
0 6 17 36
0 7 0 24
0 7 1 20
0 7 2 20
0 7 3 21
0 7 4 17
0 7 5 17
0 7 6 18
0 7 7 39
0 7 8 39
0 7 9 39
0 7 10 38
0 7 11 38
0 7 12 38
0 7 13 37
0 7 14 37
0 7 15 37
0 7 16 36
0 7 17 36
0 7 18 36
0 8 0 24
0 8 1 24
0 8 2 20
0 8 3 21
0 8 4 21
0 8 5 17
0 8 6 18
0 8 7 18
0 8 8 39
0 8 9 39
0 8 10 39
0 8 11 38
0 8 12 38
0 8 13 38
0 8 14 37
0 8 15 37
0 8 16 37
0 8 17 36
0 8 18 36
0 8 19 36
0 9 0 24
0 9 1 24
0 9 2 24
0 9 3 21
0 9 4 21
0 9 5 21
0 9 6 18
0 9 7 18
0 9 8 18
0 9 9 35
0 9 10 35
0 9 11 35
0 9 12 34
0 9 13 34
0 9 14 34
0 9 15 33
0 9 16 33
0 9 17 33
0 9 18 32
0 9 19 32
0 9 20 32
0 10 0 28
0 10 1 24
0 10 2 24
0 10 3 25
0 10 4 21
0 10 5 21
0 10 6 22
0 10 7 18
0 10 8 18
0 10 9 19
0 10 10 35
0 10 11 35
0 10 12 35
0 10 13 34
0 10 14 34
0 10 15 34
0 10 16 33
0 10 17 33
0 10 18 33
0 10 19 32
0 10 20 32
0 10 21 32
0 11 0 28
0 11 1 28
0 11 2 24
0 11 3 25
0 11 4 25
0 11 5 21
0 11 6 22
0 11 7 22
0 11 8 18
0 11 9 19
0 11 10 19
0 11 11 35
0 11 12 35
0 11 13 35
0 11 14 34
0 11 15 34
0 11 16 34
0 11 17 33
0 11 18 33
0 11 19 33
0 11 20 32
0 11 21 32
0 11 22 32
0 12 0 28
0 12 1 28
0 12 2 28
0 12 3 25
0 12 4 25
0 12 5 25
0 12 6 22
0 12 7 22
0 12 8 22
0 12 9 19
0 12 10 19
0 12 11 19
0 12 12 3
0 12 13 3
0 12 14 3
0 12 15 7
0 12 16 7
0 12 17 7
0 12 18 11
0 12 19 11
0 12 20 11
0 12 21 15
0 12 22 15
0 12 23 15
0 13 1 28
0 13 2 28
0 13 3 29
0 13 4 25
0 13 5 25
0 13 6 26
0 13 7 22
0 13 8 22
0 13 9 23
0 13 10 19
0 13 11 19
0 13 12 3
0 13 13 3
0 13 14 3
0 13 15 7
0 13 16 7
0 13 17 7
0 13 18 11
0 13 19 11
0 13 20 11
0 13 21 15
0 13 22 15
0 13 23 15
0 14 2 28
0 14 3 29
0 14 4 29
0 14 5 25
0 14 6 26
0 14 7 26
0 14 8 22
0 14 9 23
0 14 10 23
0 14 11 19
0 14 12 3
0 14 13 3
0 14 14 3
0 14 15 7
0 14 16 7
0 14 17 7
0 14 18 11
0 14 19 11
0 14 20 11
0 14 21 15
0 14 22 15
0 14 23 15
0 15 3 29
0 15 4 29
0 15 5 29
0 15 6 26
0 15 7 26
0 15 8 26
0 15 9 23
0 15 10 23
0 15 11 23
0 15 12 2
0 15 13 2
0 15 14 2
0 15 15 6
0 15 16 6
0 15 17 6
0 15 18 10
0 15 19 10
0 15 20 10
0 15 21 14
0 15 22 14
0 15 23 14
0 16 4 29
0 16 5 29
0 16 6 30
0 16 7 26
0 16 8 26
0 16 9 27
0 16 10 23
0 16 11 23
0 16 12 2
0 16 13 2
0 16 14 2
0 16 15 6
0 16 16 6
0 16 17 6
0 16 18 10
0 16 19 10
0 16 20 10
0 16 21 14
0 16 22 14
0 16 23 14
0 17 5 29
0 17 6 30
0 17 7 30
0 17 8 26
0 17 9 27
0 17 10 27
0 17 11 23
0 17 12 2
0 17 13 2
0 17 14 2
0 17 15 6
0 17 16 6
0 17 17 6
0 17 18 10
0 17 19 10
0 17 20 10
0 17 21 14
0 17 22 14
0 17 23 14
0 18 6 30
0 18 7 30
0 18 8 30
0 18 9 27
0 18 10 27
0 18 11 27
0 18 12 1
0 18 13 1
0 18 14 1
0 18 15 5
0 18 16 5
0 18 17 5
0 18 18 9
0 18 19 9
0 18 20 9
0 18 21 13
0 18 22 13
0 18 23 13
0 19 7 30
0 19 8 30
0 19 9 31
0 19 10 27
0 19 11 27
0 19 12 1
0 19 13 1
0 19 14 1
0 19 15 5
0 19 16 5
0 19 17 5
0 19 18 9
0 19 19 9
0 19 20 9
0 19 21 13
0 19 22 13
0 19 23 13
0 20 8 30
0 20 9 31
0 20 10 31
0 20 11 27
0 20 12 1
0 20 13 1
0 20 14 1
0 20 15 5
0 20 16 5
0 20 17 5
0 20 18 9
0 20 19 9
0 20 20 9
0 20 21 13
0 20 22 13
0 20 23 13
0 21 9 31
0 21 10 31
0 21 11 31
0 21 12 0
0 21 13 0
0 21 14 0
0 21 15 4
0 21 16 4
0 21 17 4
0 21 18 8
0 21 19 8
0 21 20 8
0 21 21 12
0 21 22 12
0 21 23 12
0 22 10 31
0 22 11 31
0 22 12 0
0 22 13 0
0 22 14 0
0 22 15 4
0 22 16 4
0 22 17 4
0 22 18 8
0 22 19 8
0 22 20 8
0 22 21 12
0 22 22 12
0 22 23 12
0 23 11 31
0 23 12 0
0 23 13 0
0 23 14 0
0 23 15 4
0 23 16 4
0 23 17 4
0 23 18 8
0 23 19 8
0 23 20 8
0 23 21 12
0 23 22 12
0 23 23 12
1 0 0 47
1 0 1 47
1 0 2 46
1 0 3 46
1 0 4 45
1 0 5 45
1 0 6 44
1 0 7 44
1 1 0 16
1 1 1 47
1 1 2 47
1 1 3 46
1 1 4 46
1 1 5 45
1 1 6 45
1 1 7 44
1 1 8 44
1 2 0 16
1 2 1 16
1 2 2 43
1 2 3 43
1 2 4 42
1 2 5 42
1 2 6 41
1 2 7 41
1 2 8 40
1 2 9 40
1 3 0 20
1 3 1 16
1 3 2 17
1 3 3 43
1 3 4 43
1 3 5 42
1 3 6 42
1 3 7 41
1 3 8 41
1 3 9 40
1 3 10 40
1 4 0 20
1 4 1 20
1 4 2 17
1 4 3 17
1 4 4 39
1 4 5 39
1 4 6 38
1 4 7 38
1 4 8 37
1 4 9 37
1 4 10 36
1 4 11 36
1 5 0 24
1 5 1 20
1 5 2 21
1 5 3 17
1 5 4 18
1 5 5 39
1 5 6 39
1 5 7 38
1 5 8 38
1 5 9 37
1 5 10 37
1 5 11 36
1 5 12 36
1 6 0 24
1 6 1 24
1 6 2 21
1 6 3 21
1 6 4 18
1 6 5 18
1 6 6 35
1 6 7 35
1 6 8 34
1 6 9 34
1 6 10 33
1 6 11 33
1 6 12 32
1 6 13 32
1 7 0 28
1 7 1 24
1 7 2 25
1 7 3 21
1 7 4 22
1 7 5 18
1 7 6 19
1 7 7 35
1 7 8 35
1 7 9 34
1 7 10 34
1 7 11 33
1 7 12 33
1 7 13 32
1 7 14 32
1 8 0 28
1 8 1 28
1 8 2 25
1 8 3 25
1 8 4 22
1 8 5 22
1 8 6 19
1 8 7 19
1 8 8 3
1 8 9 3
1 8 10 7
1 8 11 7
1 8 12 11
1 8 13 11
1 8 14 15
1 8 15 15
1 9 1 28
1 9 2 29
1 9 3 25
1 9 4 26
1 9 5 22
1 9 6 23
1 9 7 19
1 9 8 3
1 9 9 3
1 9 10 7
1 9 11 7
1 9 12 11
1 9 13 11
1 9 14 15
1 9 15 15
1 10 2 29
1 10 3 29
1 10 4 26
1 10 5 26
1 10 6 23
1 10 7 23
1 10 8 2
1 10 9 2
1 10 10 6
1 10 11 6
1 10 12 10
1 10 13 10
1 10 14 14
1 10 15 14
1 11 3 29
1 11 4 30
1 11 5 26
1 11 6 27
1 11 7 23
1 11 8 2
1 11 9 2
1 11 10 6
1 11 11 6
1 11 12 10
1 11 13 10
1 11 14 14
1 11 15 14
1 12 4 30
1 12 5 30
1 12 6 27
1 12 7 27
1 12 8 1
1 12 9 1
1 12 10 5
1 12 11 5
1 12 12 9
1 12 13 9
1 12 14 13
1 12 15 13
1 13 5 30
1 13 6 31
1 13 7 27
1 13 8 1
1 13 9 1
1 13 10 5
1 13 11 5
1 13 12 9
1 13 13 9
1 13 14 13
1 13 15 13
1 14 6 31
1 14 7 31
1 14 8 0
1 14 9 0
1 14 10 4
1 14 11 4
1 14 12 8
1 14 13 8
1 14 14 12
1 14 15 12
1 15 7 31
1 15 8 0
1 15 9 0
1 15 10 4
1 15 11 4
1 15 12 8
1 15 13 8
1 15 14 12
1 15 15 12
2 0 0 47
2 0 1 47
2 0 2 46
2 0 3 46
2 0 4 45
2 0 5 45
2 0 6 44
2 0 7 44
2 1 0 16
2 1 1 47
2 1 2 47
2 1 3 46
2 1 4 46
2 1 5 45
2 1 6 45
2 1 7 44
2 1 8 44
2 2 0 16
2 2 1 16
2 2 2 43
2 2 3 43
2 2 4 42
2 2 5 42
2 2 6 41
2 2 7 41
2 2 8 40
2 2 9 40
2 3 0 20
2 3 1 16
2 3 2 17
2 3 3 43
2 3 4 43
2 3 5 42
2 3 6 42
2 3 7 41
2 3 8 41
2 3 9 40
2 3 10 40
2 4 0 20
2 4 1 20
2 4 2 17
2 4 3 17
2 4 4 39
2 4 5 39
2 4 6 38
2 4 7 38
2 4 8 37
2 4 9 37
2 4 10 36
2 4 11 36
2 5 0 24
2 5 1 20
2 5 2 21
2 5 3 17
2 5 4 18
2 5 5 39
2 5 6 39
2 5 7 38
2 5 8 38
2 5 9 37
2 5 10 37
2 5 11 36
2 5 12 36
2 6 0 24
2 6 1 24
2 6 2 21
2 6 3 21
2 6 4 18
2 6 5 18
2 6 6 35
2 6 7 35
2 6 8 34
2 6 9 34
2 6 10 33
2 6 11 33
2 6 12 32
2 6 13 32
2 7 0 28
2 7 1 24
2 7 2 25
2 7 3 21
2 7 4 22
2 7 5 18
2 7 6 19
2 7 7 35
2 7 8 35
2 7 9 34
2 7 10 34
2 7 11 33
2 7 12 33
2 7 13 32
2 7 14 32
2 8 0 28
2 8 1 28
2 8 2 25
2 8 3 25
2 8 4 22
2 8 5 22
2 8 6 19
2 8 7 19
2 8 8 3
2 8 9 3
2 8 10 7
2 8 11 7
2 8 12 11
2 8 13 11
2 8 14 15
2 8 15 15
2 9 1 28
2 9 2 29
2 9 3 25
2 9 4 26
2 9 5 22
2 9 6 23
2 9 7 19
2 9 8 3
2 9 9 3
2 9 10 7
2 9 11 7
2 9 12 11
2 9 13 11
2 9 14 15
2 9 15 15
2 10 2 29
2 10 3 29
2 10 4 26
2 10 5 26
2 10 6 23
2 10 7 23
2 10 8 2
2 10 9 2
2 10 10 6
2 10 11 6
2 10 12 10
2 10 13 10
2 10 14 14
2 10 15 14
2 11 3 29
2 11 4 30
2 11 5 26
2 11 6 27
2 11 7 23
2 11 8 2
2 11 9 2
2 11 10 6
2 11 11 6
2 11 12 10
2 11 13 10
2 11 14 14
2 11 15 14
2 12 4 30
2 12 5 30
2 12 6 27
2 12 7 27
2 12 8 1
2 12 9 1
2 12 10 5
2 12 11 5
2 12 12 9
2 12 13 9
2 12 14 13
2 12 15 13
2 13 5 30
2 13 6 31
2 13 7 27
2 13 8 1
2 13 9 1
2 13 10 5
2 13 11 5
2 13 12 9
2 13 13 9
2 13 14 13
2 13 15 13
2 14 6 31
2 14 7 31
2 14 8 0
2 14 9 0
2 14 10 4
2 14 11 4
2 14 12 8
2 14 13 8
2 14 14 12
2 14 15 12
2 15 7 31
2 15 8 0
2 15 9 0
2 15 10 4
2 15 11 4
2 15 12 8
2 15 13 8
2 15 14 12
2 15 15 12
