0 0 0
0 1 0
0 2 1
0 3 1
0 4 0
0 5 2
0 6 2
0 7 1
0 8 1
0 9 1
0 10 0
0 11 0
0 12 2
0 13 2
0 14 2
0 15 3
0 16 3
0 17 4
0 18 4
0 19 5
0 20 5
0 21 6
0 22 6
0 23 7
0 24 7
0 25 7
0 26 3
0 27 3
0 28 3
0 29 4
0 30 4
0 31 5
0 32 5
0 33 6
0 34 6
0 35 7
0 36 7
0 37 8
0 38 9
0 39 9
0 40 10
0 41 10
0 42 11
0 43 11
0 44 12
0 45 12
0 46 13
0 47 13
0 48 8
0 49 9
0 50 9
0 51 9
0 52 10
0 53 10
0 54 11
0 55 11
0 56 12
0 57 12
0 58 13
0 59 13
0 60 8
0 61 14
0 62 14
0 63 15
0 64 15
0 65 16
0 66 16
0 67 17
0 68 17
0 69 18
0 70 18
0 71 8
0 72 19
0 73 14
0 74 14
0 75 15
0 76 15
0 77 16
0 78 16
0 79 17
0 80 17
0 81 18
0 82 18
0 83 18
0 84 19
0 85 20
0 86 20
0 87 21
0 88 21
0 89 22
0 90 22
0 91 23
0 92 23
0 93 24
0 94 24
0 95 19
0 96 19
0 97 20
0 98 20
0 99 21
0 100 21
0 101 22
0 102 22
0 103 23
0 104 23
0 105 24
0 106 24
0 107 19
0 108 25
0 109 25
0 110 26
0 111 26
0 112 27
0 113 27
0 114 28
0 115 28
0 116 24
0 117 24
0 118 25
0 119 25
0 120 26
0 121 26
0 122 27
0 123 27
0 124 28
0 125 28
0 126 25
0 127 29
0 128 29
0 129 29
0 130 28
0 131 29
0 132 29
1 0 0
1 1 0
1 2 1
1 3 0
1 4 0
1 5 0
1 6 1
1 7 1
1 8 1
1 9 2
1 10 2
1 11 3
1 12 3
1 13 4
1 14 4
1 15 5
1 16 5
1 17 6
1 18 7
1 19 7
1 20 2
1 21 2
1 22 3
1 23 3
1 24 4
1 25 4
1 26 5
1 27 5
1 28 6
1 29 6
1 30 8
1 31 8
1 32 7
1 33 9
1 34 9
1 35 10
1 36 10
1 37 11
1 38 11
1 39 12
1 40 12
1 41 13
1 42 13
1 43 14
1 44 14
1 45 8
1 46 8
1 47 7
1 48 7
1 49 9
1 50 9
1 51 10
1 52 10
1 53 11
1 54 11
1 55 12
1 56 12
1 57 13
1 58 13
1 59 14
1 60 14
1 61 8
1 62 15
1 63 15
1 64 16
1 65 16
1 66 17
1 67 17
1 68 18
1 69 18
1 70 19
1 71 19
1 72 20
1 73 20
1 74 21
1 75 21
1 76 22
1 77 22
1 78 15
1 79 15
1 80 16
1 81 16
1 82 17
1 83 17
1 84 18
1 85 18
1 86 19
1 87 19
1 88 20
1 89 20
1 90 21
1 91 21
1 92 22
1 93 23
1 94 23
1 95 24
1 96 24
1 97 25
1 98 25
1 99 26
1 100 26
1 101 27
1 102 27
1 103 28
1 104 28
1 105 29
1 106 29
1 107 22
1 108 22
1 109 23
1 110 23
1 111 24
1 112 24
1 113 25
1 114 25
1 115 26
1 116 26
1 117 27
1 118 27
1 119 28
1 120 28
1 121 29
1 122 29
1 123 30
1 124 31
1 125 31
1 126 32
1 127 32
1 128 33
1 129 33
1 130 34
1 131 34
1 132 35
1 133 35
1 134 36
1 135 36
1 136 37
1 137 37
1 138 30
1 139 30
1 140 31
1 141 31
1 142 32
1 143 32
1 144 33
1 145 33
1 146 34
1 147 34
1 148 35
1 149 35
1 150 36
1 151 36
1 152 37
1 153 37
1 154 30
1 155 38
1 156 38
1 157 39
1 158 39
1 159 40
1 160 40
1 161 41
1 162 41
1 163 42
1 164 42
1 165 43
1 166 43
1 167 44
1 168 44
1 169 45
1 170 45
1 171 38
1 172 38
1 173 39
1 174 39
1 175 40
1 176 40
1 177 41
1 178 41
1 179 42
1 180 42
1 181 43
1 182 43
1 183 44
1 184 44
1 185 45
1 186 46
1 187 46
1 188 47
1 189 47
1 190 48
1 191 48
1 192 49
1 193 49
1 194 50
1 195 50
1 196 51
1 197 51
1 198 52
1 199 52
1 200 45
1 201 46
1 202 46
1 203 47
1 204 47
1 205 48
1 206 48
1 207 49
1 208 49
1 209 50
1 210 50
1 211 51
1 212 52
1 213 52
1 214 46
1 215 53
1 216 53
1 217 54
1 218 54
1 219 55
1 220 55
1 221 56
1 222 56
1 223 56
1 224 51
1 225 53
1 226 53
1 227 54
1 228 54
1 229 55
1 230 55
1 231 56
1 232 56
1 233 53
1 234 57
1 235 57
1 236 57
1 237 57
1 238 57
1 239 57
