3 0 1 544 -1 504 9 10 
3 1 2 530 544 0 10 11 
3 2 3 520 530 1 11 12 
3 3 4 503 520 2 12 13 
3 4 5 521 503 3 13 14 
3 5 6 531 521 4 14 15 
3 6 7 545 531 5 15 16 
3 7 505 -1 545 6 16 17 
3 8 9 504 546 493 20 21 
3 9 10 0 504 8 21 22 
3 10 11 1 0 9 22 23 
3 11 12 2 1 10 23 24 
3 12 13 3 2 11 24 25 
3 13 14 4 3 12 25 26 
3 14 15 5 4 13 26 27 
3 15 16 6 5 14 27 28 
3 16 17 7 6 15 28 29 
3 17 18 505 7 16 29 30 
3 18 494 547 505 17 30 31 
3 19 20 493 542 501 34 35 
3 20 21 8 493 19 35 36 
3 21 22 9 8 20 36 37 
3 22 23 10 9 21 37 38 
3 23 24 11 10 22 38 39 
3 24 25 12 11 23 39 40 
3 25 26 13 12 24 40 41 
3 26 27 14 13 25 41 42 
3 27 28 15 14 26 42 43 
3 28 29 16 15 27 43 44 
3 29 30 17 16 28 44 45 
3 30 31 18 17 29 45 46 
3 31 32 494 18 30 46 47 
3 32 506 548 494 31 47 48 
3 33 34 501 564 540 50 51 
3 34 35 19 501 33 51 52 
3 35 36 20 19 34 52 53 
3 36 37 21 20 35 53 54 
3 37 38 22 21 36 54 55 
3 38 39 23 22 37 55 56 
3 39 40 24 23 38 56 57 
3 40 41 25 24 39 57 58 
3 41 42 26 25 40 58 59 
3 42 43 27 26 41 59 60 
3 43 44 28 27 42 60 61 
3 44 45 29 28 43 61 62 
3 45 46 30 29 44 62 63 
3 46 47 31 30 45 63 64 
3 47 48 32 31 46 64 65 
3 48 49 506 32 47 65 66 
3 49 549 -1 506 48 66 67 
3 50 51 33 540 507 68 69 
3 51 52 34 33 50 69 70 
3 52 53 35 34 51 70 71 
3 53 54 36 35 52 71 72 
3 54 55 37 36 53 72 73 
3 55 56 38 37 54 73 74 
3 56 57 39 38 55 74 75 
3 57 58 40 39 56 75 76 
3 58 59 41 40 57 76 77 
3 59 60 42 41 58 77 78 
3 60 61 43 42 59 78 79 
3 61 62 44 43 60 79 80 
3 62 63 45 44 61 80 81 
3 63 64 46 45 62 81 82 
3 64 65 47 46 63 82 83 
3 65 66 48 47 64 83 84 
3 66 67 49 48 65 84 85 
3 67 532 549 49 66 85 86 
3 68 69 50 507 495 88 89 
3 69 70 51 50 68 89 90 
3 70 71 52 51 69 90 91 
3 71 72 53 52 70 91 92 
3 72 73 54 53 71 92 93 
3 73 74 55 54 72 93 94 
3 74 75 56 55 73 94 95 
3 75 76 57 56 74 95 96 
3 76 77 58 57 75 96 97 
3 77 78 59 58 76 97 98 
3 78 79 60 59 77 98 99 
3 79 80 61 60 78 99 100 
3 80 81 62 61 79 100 101 
3 81 82 63 62 80 101 102 
3 82 83 64 63 81 102 103 
3 83 84 65 64 82 103 104 
3 84 85 66 65 83 104 105 
3 85 86 67 66 84 105 106 
3 86 522 532 67 85 106 107 
3 87 88 495 -1 -1 496 108 
3 88 89 68 495 87 108 109 
3 89 90 69 68 88 109 110 
3 90 91 70 69 89 110 111 
3 91 92 71 70 90 111 112 
3 92 93 72 71 91 112 113 
3 93 94 73 72 92 113 114 
3 94 95 74 73 93 114 115 
3 95 96 75 74 94 115 116 
3 96 97 76 75 95 116 117 
3 97 98 77 76 96 117 118 
3 98 99 78 77 97 118 119 
3 99 100 79 78 98 119 120 
3 100 101 80 79 99 120 121 
3 101 102 81 80 100 121 122 
3 102 103 82 81 101 122 123 
3 103 104 83 82 102 123 124 
3 104 105 84 83 103 124 125 
3 105 106 85 84 104 125 126 
3 106 107 86 85 105 126 127 
3 107 508 522 86 106 127 128 
3 108 109 88 87 496 129 130 
3 109 110 89 88 108 130 131 
3 110 111 90 89 109 131 132 
3 111 112 91 90 110 132 133 
3 112 113 92 91 111 133 134 
3 113 114 93 92 112 134 135 
3 114 115 94 93 113 135 136 
3 115 116 95 94 114 136 137 
3 116 117 96 95 115 137 138 
3 117 118 97 96 116 138 139 
3 118 119 98 97 117 139 140 
3 119 120 99 98 118 140 141 
3 120 121 100 99 119 141 142 
3 121 122 101 100 120 142 143 
3 122 123 102 101 121 143 144 
3 123 124 103 102 122 144 145 
3 124 125 104 103 123 145 146 
3 125 126 105 104 124 146 147 
3 126 127 106 105 125 147 148 
3 127 128 107 106 126 148 149 
3 128 523 508 107 127 149 150 
3 129 130 108 496 509 151 152 
3 130 131 109 108 129 152 153 
3 131 132 110 109 130 153 154 
3 132 133 111 110 131 154 155 
3 133 134 112 111 132 155 156 
3 134 135 113 112 133 156 157 
3 135 136 114 113 134 157 158 
3 136 137 115 114 135 158 159 
3 137 138 116 115 136 159 160 
3 138 139 117 116 137 160 161 
3 139 140 118 117 138 161 162 
3 140 141 119 118 139 162 163 
3 141 142 120 119 140 163 164 
3 142 143 121 120 141 164 165 
3 143 144 122 121 142 165 166 
3 144 145 123 122 143 166 167 
3 145 146 124 123 144 167 168 
3 146 147 125 124 145 168 169 
3 147 148 126 125 146 169 170 
3 148 149 127 126 147 170 171 
3 149 150 128 127 148 171 172 
3 150 533 523 128 149 172 173 
3 151 152 129 509 541 174 175 
3 152 153 130 129 151 175 176 
3 153 154 131 130 152 176 177 
3 154 155 132 131 153 177 178 
3 155 156 133 132 154 178 179 
3 156 157 134 133 155 179 180 
3 157 158 135 134 156 180 181 
3 158 159 136 135 157 181 182 
3 159 160 137 136 158 182 183 
3 160 161 138 137 159 183 184 
3 161 162 139 138 160 184 185 
3 162 163 140 139 161 185 186 
3 163 164 141 140 162 186 187 
3 164 165 142 141 163 187 188 
3 165 166 143 142 164 188 189 
3 166 167 144 143 165 189 190 
3 167 168 145 144 166 190 191 
3 168 169 146 145 167 191 192 
3 169 170 147 146 168 192 193 
3 170 171 148 147 169 193 194 
3 171 172 149 148 170 194 195 
3 172 173 150 149 171 195 196 
3 173 550 533 150 172 196 197 
3 174 175 151 541 565 502 198 
3 175 176 152 151 174 198 199 
3 176 177 153 152 175 199 200 
3 177 178 154 153 176 200 201 
3 178 179 155 154 177 201 202 
3 179 180 156 155 178 202 203 
3 180 181 157 156 179 203 204 
3 181 182 158 157 180 204 205 
3 182 183 159 158 181 205 206 
3 183 184 160 159 182 206 207 
3 184 185 161 160 183 207 -1 
3 185 186 162 161 184 -1 -1 
3 186 187 163 162 185 -1 -1 
3 187 188 164 163 186 -1 208 
3 188 189 165 164 187 208 209 
3 189 190 166 165 188 209 210 
3 190 191 167 166 189 210 211 
3 191 192 168 167 190 211 212 
3 192 193 169 168 191 212 213 
3 193 194 170 169 192 213 214 
3 194 195 171 170 193 214 215 
3 195 196 172 171 194 215 216 
3 196 197 173 172 195 216 217 
3 197 -1 550 173 196 217 510 
3 198 199 175 174 502 218 219 
3 199 200 176 175 198 219 220 
3 200 201 177 176 199 220 221 
3 201 202 178 177 200 221 222 
3 202 203 179 178 201 222 223 
3 203 204 180 179 202 223 224 
3 204 205 181 180 203 224 225 
3 205 206 182 181 204 225 226 
3 206 207 183 182 205 226 227 
3 207 -1 184 183 206 227 -1 
3 208 209 188 187 -1 -1 228 
3 209 210 189 188 208 228 229 
3 210 211 190 189 209 229 230 
3 211 212 191 190 210 230 231 
3 212 213 192 191 211 231 232 
3 213 214 193 192 212 232 233 
3 214 215 194 193 213 233 234 
3 215 216 195 194 214 234 235 
3 216 217 196 195 215 235 236 
3 217 510 197 196 216 236 237 
3 218 219 198 502 543 497 238 
3 219 220 199 198 218 238 239 
3 220 221 200 199 219 239 240 
3 221 222 201 200 220 240 241 
3 222 223 202 201 221 241 242 
3 223 224 203 202 222 242 243 
3 224 225 204 203 223 243 244 
3 225 226 205 204 224 244 245 
3 226 227 206 205 225 245 246 
3 227 -1 207 206 226 246 -1 
3 228 229 209 208 -1 -1 247 
3 229 230 210 209 228 247 248 
3 230 231 211 210 229 248 249 
3 231 232 212 211 230 249 250 
3 232 233 213 212 231 250 251 
3 233 234 214 213 232 251 252 
3 234 235 215 214 233 252 253 
3 235 236 216 215 234 253 254 
3 236 237 217 216 235 254 255 
3 237 551 510 217 236 255 498 
3 238 239 219 218 497 256 257 
3 239 240 220 219 238 257 258 
3 240 241 221 220 239 258 259 
3 241 242 222 221 240 259 260 
3 242 243 223 222 241 260 261 
3 243 244 224 223 242 261 262 
3 244 245 225 224 243 262 263 
3 245 246 226 225 244 263 264 
3 246 -1 227 226 245 264 265 
3 247 248 229 228 -1 266 267 
3 248 249 230 229 247 267 268 
3 249 250 231 230 248 268 269 
3 250 251 232 231 249 269 270 
3 251 252 233 232 250 270 271 
3 252 253 234 233 251 271 272 
3 253 254 235 234 252 272 273 
3 254 255 236 235 253 273 274 
3 255 498 237 236 254 274 275 
3 256 257 238 497 552 511 276 
3 257 258 239 238 256 276 277 
3 258 259 240 239 257 277 278 
3 259 260 241 240 258 278 279 
3 260 261 242 241 259 279 280 
3 261 262 243 242 260 280 281 
3 262 263 244 243 261 281 282 
3 263 264 245 244 262 282 283 
3 264 265 246 245 263 283 284 
3 265 -1 -1 246 264 284 285 
3 266 267 247 -1 -1 286 287 
3 267 268 248 247 266 287 288 
3 268 269 249 248 267 288 289 
3 269 270 250 249 268 289 290 
3 270 271 251 250 269 290 291 
3 271 272 252 251 270 291 292 
3 272 273 253 252 271 292 293 
3 273 274 254 253 272 293 294 
3 274 275 255 254 273 294 295 
3 275 553 498 255 274 295 512 
3 276 277 257 256 511 296 297 
3 277 278 258 257 276 297 298 
3 278 279 259 258 277 298 299 
3 279 280 260 259 278 299 300 
3 280 281 261 260 279 300 301 
3 281 282 262 261 280 301 302 
3 282 283 263 262 281 302 303 
3 283 284 264 263 282 303 304 
3 284 285 265 264 283 304 305 
3 285 -1 -1 265 284 305 306 
3 286 287 266 -1 -1 309 310 
3 287 288 267 266 286 310 311 
3 288 289 268 267 287 311 312 
3 289 290 269 268 288 312 313 
3 290 291 270 269 289 313 314 
3 291 292 271 270 290 314 315 
3 292 293 272 271 291 315 316 
3 293 294 273 272 292 316 317 
3 294 295 274 273 293 317 318 
3 295 512 275 274 294 318 319 
3 296 297 276 511 -1 554 320 
3 297 298 277 276 296 320 321 
3 298 299 278 277 297 321 322 
3 299 300 279 278 298 322 323 
3 300 301 280 279 299 323 324 
3 301 302 281 280 300 324 325 
3 302 303 282 281 301 325 326 
3 303 304 283 282 302 326 327 
3 304 305 284 283 303 327 328 
3 305 306 285 284 304 328 329 
3 306 307 -1 285 305 329 330 
3 307 308 -1 -1 306 330 331 
3 308 309 -1 -1 307 331 332 
3 309 310 286 -1 308 332 333 
3 310 311 287 286 309 333 334 
3 311 312 288 287 310 334 335 
3 312 313 289 288 311 335 336 
3 313 314 290 289 312 336 337 
3 314 315 291 290 313 337 338 
3 315 316 292 291 314 338 339 
3 316 317 293 292 315 339 340 
3 317 318 294 293 316 340 341 
3 318 319 295 294 317 341 342 
3 319 -1 512 295 318 342 555 
3 320 321 297 296 554 534 343 
3 321 322 298 297 320 343 344 
3 322 323 299 298 321 344 345 
3 323 324 300 299 322 345 346 
3 324 325 301 300 323 346 347 
3 325 326 302 301 324 347 348 
3 326 327 303 302 325 348 349 
3 327 328 304 303 326 349 350 
3 328 329 305 304 327 350 351 
3 329 330 306 305 328 351 352 
3 330 331 307 306 329 352 353 
3 331 332 308 307 330 353 354 
3 332 333 309 308 331 354 355 
3 333 334 310 309 332 355 356 
3 334 335 311 310 333 356 357 
3 335 336 312 311 334 357 358 
3 336 337 313 312 335 358 359 
3 337 338 314 313 336 359 360 
3 338 339 315 314 337 360 361 
3 339 340 316 315 338 361 362 
3 340 341 317 316 339 362 363 
3 341 342 318 317 340 363 364 
3 342 555 319 318 341 364 535 
3 343 344 321 320 534 524 365 
3 344 345 322 321 343 365 366 
3 345 346 323 322 344 366 367 
3 346 347 324 323 345 367 368 
3 347 348 325 324 346 368 369 
3 348 349 326 325 347 369 370 
3 349 350 327 326 348 370 371 
3 350 351 328 327 349 371 372 
3 351 352 329 328 350 372 373 
3 352 353 330 329 351 373 374 
3 353 354 331 330 352 374 375 
3 354 355 332 331 353 375 376 
3 355 356 333 332 354 376 377 
3 356 357 334 333 355 377 378 
3 357 358 335 334 356 378 379 
3 358 359 336 335 357 379 380 
3 359 360 337 336 358 380 381 
3 360 361 338 337 359 381 382 
3 361 362 339 338 360 382 383 
3 362 363 340 339 361 383 384 
3 363 364 341 340 362 384 385 
3 364 535 342 341 363 385 525 
3 365 366 344 343 524 513 386 
3 366 367 345 344 365 386 387 
3 367 368 346 345 366 387 388 
3 368 369 347 346 367 388 389 
3 369 370 348 347 368 389 390 
3 370 371 349 348 369 390 391 
3 371 372 350 349 370 391 392 
3 372 373 351 350 371 392 393 
3 373 374 352 351 372 393 394 
3 374 375 353 352 373 394 395 
3 375 376 354 353 374 395 396 
3 376 377 355 354 375 396 397 
3 377 378 356 355 376 397 398 
3 378 379 357 356 377 398 399 
3 379 380 358 357 378 399 400 
3 380 381 359 358 379 400 401 
3 381 382 360 359 380 401 402 
3 382 383 361 360 381 402 403 
3 383 384 362 361 382 403 404 
3 384 385 363 362 383 404 405 
3 385 525 364 363 384 405 514 
3 386 387 366 365 513 526 406 
3 387 388 367 366 386 406 407 
3 388 389 368 367 387 407 408 
3 389 390 369 368 388 408 409 
3 390 391 370 369 389 409 410 
3 391 392 371 370 390 410 411 
3 392 393 372 371 391 411 412 
3 393 394 373 372 392 412 413 
3 394 395 374 373 393 413 414 
3 395 396 375 374 394 414 415 
3 396 397 376 375 395 415 416 
3 397 398 377 376 396 416 417 
3 398 399 378 377 397 417 418 
3 399 400 379 378 398 418 419 
3 400 401 380 379 399 419 420 
3 401 402 381 380 400 420 421 
3 402 403 382 381 401 421 422 
3 403 404 383 382 402 422 423 
3 404 405 384 383 403 423 424 
3 405 514 385 384 404 424 527 
3 406 407 387 386 526 536 425 
3 407 408 388 387 406 425 426 
3 408 409 389 388 407 426 427 
3 409 410 390 389 408 427 428 
3 410 411 391 390 409 428 429 
3 411 412 392 391 410 429 430 
3 412 413 393 392 411 430 431 
3 413 414 394 393 412 431 432 
3 414 415 395 394 413 432 433 
3 415 416 396 395 414 433 434 
3 416 417 397 396 415 434 435 
3 417 418 398 397 416 435 436 
3 418 419 399 398 417 436 437 
3 419 420 400 399 418 437 438 
3 420 421 401 400 419 438 439 
3 421 422 402 401 420 439 440 
3 422 423 403 402 421 440 441 
3 423 424 404 403 422 441 442 
3 424 527 405 404 423 442 537 
3 425 426 407 406 536 556 443 
3 426 427 408 407 425 443 444 
3 427 428 409 408 426 444 445 
3 428 429 410 409 427 445 446 
3 429 430 411 410 428 446 447 
3 430 431 412 411 429 447 448 
3 431 432 413 412 430 448 449 
3 432 433 414 413 431 449 450 
3 433 434 415 414 432 450 451 
3 434 435 416 415 433 451 452 
3 435 436 417 416 434 452 453 
3 436 437 418 417 435 453 454 
3 437 438 419 418 436 454 455 
3 438 439 420 419 437 455 456 
3 439 440 421 420 438 456 457 
3 440 441 422 421 439 457 458 
3 441 442 423 422 440 458 459 
3 442 537 424 423 441 459 557 
3 443 444 426 425 556 -1 515 
3 444 445 427 426 443 515 460 
3 445 446 428 427 444 460 461 
3 446 447 429 428 445 461 462 
3 447 448 430 429 446 462 463 
3 448 449 431 430 447 463 464 
3 449 450 432 431 448 464 465 
3 450 451 433 432 449 465 466 
3 451 452 434 433 450 466 467 
3 452 453 435 434 451 467 468 
3 453 454 436 435 452 468 469 
3 454 455 437 436 453 469 470 
3 455 456 438 437 454 470 471 
3 456 457 439 438 455 471 472 
3 457 458 440 439 456 472 473 
3 458 459 441 440 457 473 516 
3 459 557 442 441 458 516 -1 
3 460 461 445 444 515 558 499 
3 461 462 446 445 460 499 474 
3 462 463 447 446 461 474 475 
3 463 464 448 447 462 475 476 
3 464 465 449 448 463 476 477 
3 465 466 450 449 464 477 478 
3 466 467 451 450 465 478 479 
3 467 468 452 451 466 479 480 
3 468 469 453 452 467 480 481 
3 469 470 454 453 468 481 482 
3 470 471 455 454 469 482 483 
3 471 472 456 455 470 483 484 
3 472 473 457 456 471 484 500 
3 473 516 458 457 472 500 559 
3 474 475 462 461 499 560 517 
3 475 476 463 462 474 517 485 
3 476 477 464 463 475 485 486 
3 477 478 465 464 476 486 487 
3 478 479 466 465 477 487 488 
3 479 480 467 466 478 488 489 
3 480 481 468 467 479 489 490 
3 481 482 469 468 480 490 491 
3 482 483 470 469 481 491 492 
3 483 484 471 470 482 492 518 
3 484 500 472 471 483 518 561 
3 485 486 476 475 517 -1 562 
3 486 487 477 476 485 562 538 
3 487 488 478 477 486 538 528 
3 488 489 479 478 487 528 519 
3 489 490 480 479 488 519 529 
3 490 491 481 480 489 529 539 
3 491 492 482 481 490 539 563 
3 492 518 483 482 491 563 -1 
3 493 8 546 -1 542 19 20 
3 494 548 -1 547 18 31 32 
3 495 68 507 -1 -1 87 88 
3 496 108 87 -1 -1 509 129 
3 497 238 218 543 -1 552 256 
3 498 -1 551 237 255 275 553 
3 499 474 461 460 558 -1 560 
3 500 559 473 472 484 561 -1 
3 501 19 542 -1 564 33 34 
3 502 198 174 565 -1 543 218 
3 503 521 -1 -1 520 3 4 
3 504 0 -1 -1 546 8 9 
3 505 547 -1 -1 7 17 18 
3 506 -1 -1 548 32 48 49 
3 507 50 540 -1 -1 495 68 
3 508 -1 -1 522 107 128 523 
3 509 129 496 -1 -1 541 151 
3 510 -1 -1 197 217 237 551 
3 511 276 256 552 -1 -1 296 
3 512 -1 553 275 295 319 -1 
3 513 386 365 524 -1 -1 526 
3 514 -1 525 385 405 527 -1 
3 515 460 444 443 -1 -1 558 
3 516 -1 459 458 473 559 -1 
3 517 485 475 474 560 -1 -1 
3 518 561 484 483 492 -1 -1 
3 519 529 489 488 528 -1 -1 
3 520 503 -1 -1 530 2 3 
3 521 531 -1 -1 503 4 5 
3 522 -1 -1 532 86 107 508 
3 523 -1 -1 508 128 150 533 
3 524 365 343 534 -1 -1 513 
3 525 -1 535 364 385 514 -1 
3 526 406 386 513 -1 -1 536 
3 527 -1 514 405 424 537 -1 
3 528 519 488 487 538 -1 -1 
3 529 539 490 489 519 -1 -1 
3 530 520 -1 -1 544 1 2 
3 531 545 -1 -1 521 5 6 
3 532 -1 -1 549 67 86 522 
3 533 -1 -1 523 150 173 550 
3 534 343 320 554 -1 -1 524 
3 535 -1 555 342 364 525 -1 
3 536 425 406 526 -1 -1 556 
3 537 -1 527 424 442 557 -1 
3 538 528 487 486 562 -1 -1 
3 539 563 491 490 529 -1 -1 
3 540 33 564 -1 -1 507 50 
3 541 151 509 -1 -1 565 174 
3 542 493 -1 -1 -1 501 19 
3 543 218 502 -1 -1 -1 497 
3 544 530 -1 -1 -1 0 1 
3 545 -1 -1 -1 531 6 7 
3 546 504 -1 -1 -1 493 8 
3 547 -1 -1 -1 505 18 494 
3 548 -1 -1 -1 494 32 506 
3 549 -1 -1 -1 49 67 532 
3 550 -1 -1 533 173 197 -1 
3 551 -1 -1 510 237 498 -1 
3 552 256 497 -1 -1 -1 511 
3 553 -1 -1 498 275 512 -1 
3 554 320 296 -1 -1 -1 534 
3 555 -1 -1 319 342 535 -1 
3 556 443 425 536 -1 -1 -1 
3 557 -1 537 442 459 -1 -1 
3 558 499 460 515 -1 -1 -1 
3 559 -1 516 473 500 -1 -1 
3 560 517 474 499 -1 -1 -1 
3 561 -1 500 484 518 -1 -1 
3 562 538 486 485 -1 -1 -1 
3 563 -1 492 491 539 -1 -1 
3 564 501 -1 -1 -1 540 33 
3 565 174 541 -1 -1 -1 502 
4 0 1 622 647 580 10 11 
4 1 2 610 622 0 11 12 
4 2 3 576 610 1 12 13 
4 3 4 577 576 2 13 14 
4 4 5 578 577 3 14 15 
4 5 6 579 578 4 15 16 
4 6 7 611 579 5 16 17 
4 7 8 623 611 6 17 18 
4 8 581 648 623 7 18 19 
4 9 10 580 624 568 22 23 
4 10 11 0 580 9 23 24 
4 11 12 1 0 10 24 25 
4 12 13 2 1 11 25 26 
4 13 14 3 2 12 26 27 
4 14 15 4 3 13 27 28 
4 15 16 5 4 14 28 29 
4 16 17 6 5 15 29 30 
4 17 18 7 6 16 30 31 
4 18 19 8 7 17 31 32 
4 19 20 581 8 18 32 33 
4 20 569 625 581 19 33 34 
4 21 22 568 626 582 37 38 
4 22 23 9 568 21 38 39 
4 23 24 10 9 22 39 40 
4 24 25 11 10 23 40 41 
4 25 26 12 11 24 41 42 
4 26 27 13 12 25 42 43 
4 27 28 14 13 26 43 44 
4 28 29 15 14 27 44 45 
4 29 30 16 15 28 45 46 
4 30 31 17 16 29 46 47 
4 31 32 18 17 30 47 48 
4 32 33 19 18 31 48 49 
4 33 34 20 19 32 49 50 
4 34 35 569 20 33 50 51 
4 35 583 627 569 34 51 52 
4 36 37 582 644 620 54 55 
4 37 38 21 582 36 55 56 
4 38 39 22 21 37 56 57 
4 39 40 23 22 38 57 58 
4 40 41 24 23 39 58 59 
4 41 42 25 24 40 59 60 
4 42 43 26 25 41 60 61 
4 43 44 27 26 42 61 62 
4 44 45 28 27 43 62 63 
4 45 46 29 28 44 63 64 
4 46 47 30 29 45 64 65 
4 47 48 31 30 46 65 66 
4 48 49 32 31 47 66 67 
4 49 50 33 32 48 67 68 
4 50 51 34 33 49 68 69 
4 51 52 35 34 50 69 70 
4 52 53 583 35 51 70 71 
4 53 628 649 583 52 71 72 
4 54 55 36 620 584 73 74 
4 55 56 37 36 54 74 75 
4 56 57 38 37 55 75 76 
4 57 58 39 38 56 76 77 
4 58 59 40 39 57 77 78 
4 59 60 41 40 58 78 79 
4 60 61 42 41 59 79 80 
4 61 62 43 42 60 80 81 
4 62 63 44 43 61 81 82 
4 63 64 45 44 62 82 83 
4 64 65 46 45 63 83 84 
4 65 66 47 46 64 84 85 
4 66 67 48 47 65 85 86 
4 67 68 49 48 66 86 87 
4 68 69 50 49 67 87 88 
4 69 70 51 50 68 88 89 
4 70 71 52 51 69 89 90 
4 71 72 53 52 70 90 91 
4 72 612 628 53 71 91 92 
4 73 74 54 584 570 94 95 
4 74 75 55 54 73 95 96 
4 75 76 56 55 74 96 97 
4 76 77 57 56 75 97 98 
4 77 78 58 57 76 98 99 
4 78 79 59 58 77 99 100 
4 79 80 60 59 78 100 101 
4 80 81 61 60 79 101 102 
4 81 82 62 61 80 102 103 
4 82 83 63 62 81 103 104 
4 83 84 64 63 82 104 105 
4 84 85 65 64 83 105 106 
4 85 86 66 65 84 106 107 
4 86 87 67 66 85 107 108 
4 87 88 68 67 86 108 109 
4 88 89 69 68 87 109 110 
4 89 90 70 69 88 110 111 
4 90 91 71 70 89 111 112 
4 91 92 72 71 90 112 113 
4 92 585 612 72 91 113 114 
4 93 94 570 650 645 115 116 
4 94 95 73 570 93 116 117 
4 95 96 74 73 94 117 118 
4 96 97 75 74 95 118 119 
4 97 98 76 75 96 119 120 
4 98 99 77 76 97 120 121 
4 99 100 78 77 98 121 122 
4 100 101 79 78 99 122 123 
4 101 102 80 79 100 123 124 
4 102 103 81 80 101 124 125 
4 103 104 82 81 102 125 126 
4 104 105 83 82 103 126 127 
4 105 106 84 83 104 127 128 
4 106 107 85 84 105 128 129 
4 107 108 86 85 106 129 130 
4 108 109 87 86 107 130 131 
4 109 110 88 87 108 131 132 
4 110 111 89 88 109 132 133 
4 111 112 90 89 110 133 134 
4 112 113 91 90 111 134 135 
4 113 114 92 91 112 135 136 
4 114 586 585 92 113 136 137 
4 115 116 93 645 651 571 138 
4 116 117 94 93 115 138 139 
4 117 118 95 94 116 139 140 
4 118 119 96 95 117 140 141 
4 119 120 97 96 118 141 142 
4 120 121 98 97 119 142 143 
4 121 122 99 98 120 143 144 
4 122 123 100 99 121 144 145 
4 123 124 101 100 122 145 146 
4 124 125 102 101 123 146 147 
4 125 126 103 102 124 147 148 
4 126 127 104 103 125 148 149 
4 127 128 105 104 126 149 150 
4 128 129 106 105 127 150 151 
4 129 130 107 106 128 151 152 
4 130 131 108 107 129 152 153 
4 131 132 109 108 130 153 154 
4 132 133 110 109 131 154 155 
4 133 134 111 110 132 155 156 
4 134 135 112 111 133 156 157 
4 135 136 113 112 134 157 158 
4 136 137 114 113 135 158 159 
4 137 587 586 114 136 159 160 
4 138 139 116 115 571 161 162 
4 139 140 117 116 138 162 163 
4 140 141 118 117 139 163 164 
4 141 142 119 118 140 164 165 
4 142 143 120 119 141 165 166 
4 143 144 121 120 142 166 167 
4 144 145 122 121 143 167 168 
4 145 146 123 122 144 168 169 
4 146 147 124 123 145 169 170 
4 147 148 125 124 146 170 171 
4 148 149 126 125 147 171 172 
4 149 150 127 126 148 172 173 
4 150 151 128 127 149 173 174 
4 151 152 129 128 150 174 175 
4 152 153 130 129 151 175 176 
4 153 154 131 130 152 176 177 
4 154 155 132 131 153 177 178 
4 155 156 133 132 154 178 179 
4 156 157 134 133 155 179 180 
4 157 158 135 134 156 180 181 
4 158 159 136 135 157 181 182 
4 159 160 137 136 158 182 183 
4 160 588 587 137 159 183 184 
4 161 162 138 571 589 185 186 
4 162 163 139 138 161 186 187 
4 163 164 140 139 162 187 188 
4 164 165 141 140 163 188 189 
4 165 166 142 141 164 189 190 
4 166 167 143 142 165 190 191 
4 167 168 144 143 166 191 192 
4 168 169 145 144 167 192 193 
4 169 170 146 145 168 193 194 
4 170 171 147 146 169 194 195 
4 171 172 148 147 170 195 196 
4 172 173 149 148 171 196 197 
4 173 174 150 149 172 197 198 
4 174 175 151 150 173 198 199 
4 175 176 152 151 174 199 200 
4 176 177 153 152 175 200 201 
4 177 178 154 153 176 201 202 
4 178 179 155 154 177 202 203 
4 179 180 156 155 178 203 204 
4 180 181 157 156 179 204 205 
4 181 182 158 157 180 205 206 
4 182 183 159 158 181 206 207 
4 183 184 160 159 182 207 208 
4 184 613 588 160 183 208 209 
4 185 186 161 589 621 210 211 
4 186 187 162 161 185 211 212 
4 187 188 163 162 186 212 213 
4 188 189 164 163 187 213 214 
4 189 190 165 164 188 214 215 
4 190 191 166 165 189 215 216 
4 191 192 167 166 190 216 217 
4 192 193 168 167 191 217 218 
4 193 194 169 168 192 218 219 
4 194 195 170 169 193 219 220 
4 195 196 171 170 194 220 221 
4 196 197 172 171 195 221 -1 
4 197 198 173 172 196 -1 -1 
4 198 199 174 173 197 -1 222 
4 199 200 175 174 198 222 223 
4 200 201 176 175 199 223 224 
4 201 202 177 176 200 224 225 
4 202 203 178 177 201 225 226 
4 203 204 179 178 202 226 227 
4 204 205 180 179 203 227 228 
4 205 206 181 180 204 228 229 
4 206 207 182 181 205 229 230 
4 207 208 183 182 206 230 231 
4 208 209 184 183 207 231 232 
4 209 629 613 184 208 232 233 
4 210 211 185 621 646 590 234 
4 211 212 186 185 210 234 235 
4 212 213 187 186 211 235 236 
4 213 214 188 187 212 236 237 
4 214 215 189 188 213 237 238 
4 215 216 190 189 214 238 239 
4 216 217 191 190 215 239 240 
4 217 218 192 191 216 240 241 
4 218 219 193 192 217 241 242 
4 219 220 194 193 218 242 243 
4 220 221 195 194 219 243 -1 
4 221 -1 196 195 220 -1 -1 
4 222 223 199 198 -1 -1 -1 
4 223 224 200 199 222 -1 244 
4 224 225 201 200 223 244 245 
4 225 226 202 201 224 245 246 
4 226 227 203 202 225 246 247 
4 227 228 204 203 226 247 248 
4 228 229 205 204 227 248 249 
4 229 230 206 205 228 249 250 
4 230 231 207 206 229 250 251 
4 231 232 208 207 230 251 252 
4 232 233 209 208 231 252 253 
4 233 652 629 209 232 253 591 
4 234 235 211 210 590 254 255 
4 235 236 212 211 234 255 256 
4 236 237 213 212 235 256 257 
4 237 238 214 213 236 257 258 
4 238 239 215 214 237 258 259 
4 239 240 216 215 238 259 260 
4 240 241 217 216 239 260 261 
4 241 242 218 217 240 261 262 
4 242 243 219 218 241 262 263 
4 243 -1 220 219 242 263 -1 
4 244 245 224 223 -1 -1 264 
4 245 246 225 224 244 264 265 
4 246 247 226 225 245 265 266 
4 247 248 227 226 246 266 267 
4 248 249 228 227 247 267 268 
4 249 250 229 228 248 268 269 
4 250 251 230 229 249 269 270 
4 251 252 231 230 250 270 271 
4 252 253 232 231 251 271 272 
4 253 591 233 232 252 272 273 
4 254 255 234 590 630 572 274 
4 255 256 235 234 254 274 275 
4 256 257 236 235 255 275 276 
4 257 258 237 236 256 276 277 
4 258 259 238 237 257 277 278 
4 259 260 239 238 258 278 279 
4 260 261 240 239 259 279 280 
4 261 262 241 240 260 280 281 
4 262 263 242 241 261 281 282 
4 263 -1 243 242 262 282 283 
4 264 265 245 244 -1 284 285 
4 265 266 246 245 264 285 286 
4 266 267 247 246 265 286 287 
4 267 268 248 247 266 287 288 
4 268 269 249 248 267 288 289 
4 269 270 250 249 268 289 290 
4 270 271 251 250 269 290 291 
4 271 272 252 251 270 291 292 
4 272 273 253 252 271 292 293 
4 273 631 591 253 272 293 573 
4 274 275 255 254 572 294 295 
4 275 276 256 255 274 295 296 
4 276 277 257 256 275 296 297 
4 277 278 258 257 276 297 298 
4 278 279 259 258 277 298 299 
4 279 280 260 259 278 299 300 
4 280 281 261 260 279 300 301 
4 281 282 262 261 280 301 302 
4 282 283 263 262 281 302 303 
4 283 -1 -1 263 282 303 -1 
4 284 285 264 -1 -1 304 305 
4 285 286 265 264 284 305 306 
4 286 287 266 265 285 306 307 
4 287 288 267 266 286 307 308 
4 288 289 268 267 287 308 309 
4 289 290 269 268 288 309 310 
4 290 291 270 269 289 310 311 
4 291 292 271 270 290 311 312 
4 292 293 272 271 291 312 313 
4 293 573 273 272 292 313 314 
4 294 295 274 572 632 592 315 
4 295 296 275 274 294 315 316 
4 296 297 276 275 295 316 317 
4 297 298 277 276 296 317 318 
4 298 299 278 277 297 318 319 
4 299 300 279 278 298 319 320 
4 300 301 280 279 299 320 321 
4 301 302 281 280 300 321 322 
4 302 303 282 281 301 322 323 
4 303 -1 283 282 302 323 324 
4 304 305 284 -1 -1 325 326 
4 305 306 285 284 304 326 327 
4 306 307 286 285 305 327 328 
4 307 308 287 286 306 328 329 
4 308 309 288 287 307 329 330 
4 309 310 289 288 308 330 331 
4 310 311 290 289 309 331 332 
4 311 312 291 290 310 332 333 
4 312 313 292 291 311 333 334 
4 313 314 293 292 312 334 335 
4 314 633 573 293 313 335 593 
4 315 316 295 294 592 336 337 
4 316 317 296 295 315 337 338 
4 317 318 297 296 316 338 339 
4 318 319 298 297 317 339 340 
4 319 320 299 298 318 340 341 
4 320 321 300 299 319 341 342 
4 321 322 301 300 320 342 343 
4 322 323 302 301 321 343 344 
4 323 324 303 302 322 344 345 
4 324 -1 -1 303 323 345 346 
4 325 326 304 -1 -1 348 349 
4 326 327 305 304 325 349 350 
4 327 328 306 305 326 350 351 
4 328 329 307 306 327 351 352 
4 329 330 308 307 328 352 353 
4 330 331 309 308 329 353 354 
4 331 332 310 309 330 354 355 
4 332 333 311 310 331 355 356 
4 333 334 312 311 332 356 357 
4 334 335 313 312 333 357 358 
4 335 593 314 313 334 358 359 
4 336 337 315 592 653 634 360 
4 337 338 316 315 336 360 361 
4 338 339 317 316 337 361 362 
4 339 340 318 317 338 362 363 
4 340 341 319 318 339 363 364 
4 341 342 320 319 340 364 365 
4 342 343 321 320 341 365 366 
4 343 344 322 321 342 366 367 
4 344 345 323 322 343 367 368 
4 345 346 324 323 344 368 369 
4 346 347 -1 324 345 369 370 
4 347 -1 -1 -1 346 370 371 
4 348 349 325 -1 -1 373 374 
4 349 350 326 325 348 374 375 
4 350 351 327 326 349 375 376 
4 351 352 328 327 350 376 377 
4 352 353 329 328 351 377 378 
4 353 354 330 329 352 378 379 
4 354 355 331 330 353 379 380 
4 355 356 332 331 354 380 381 
4 356 357 333 332 355 381 382 
4 357 358 334 333 356 382 383 
4 358 359 335 334 357 383 384 
4 359 654 593 335 358 384 635 
4 360 361 337 336 634 614 385 
4 361 362 338 337 360 385 386 
4 362 363 339 338 361 386 387 
4 363 364 340 339 362 387 388 
4 364 365 341 340 363 388 389 
4 365 366 342 341 364 389 390 
4 366 367 343 342 365 390 391 
4 367 368 344 343 366 391 392 
4 368 369 345 344 367 392 393 
4 369 370 346 345 368 393 394 
4 370 371 347 346 369 394 395 
4 371 372 -1 347 370 395 396 
4 372 373 -1 -1 371 396 397 
4 373 374 348 -1 372 397 398 
4 374 375 349 348 373 398 399 
4 375 376 350 349 374 399 400 
4 376 377 351 350 375 400 401 
4 377 378 352 351 376 401 402 
4 378 379 353 352 377 402 403 
4 379 380 354 353 378 403 404 
4 380 381 355 354 379 404 405 
4 381 382 356 355 380 405 406 
4 382 383 357 356 381 406 407 
4 383 384 358 357 382 407 408 
4 384 635 359 358 383 408 615 
4 385 386 361 360 614 594 409 
4 386 387 362 361 385 409 410 
4 387 388 363 362 386 410 411 
4 388 389 364 363 387 411 412 
4 389 390 365 364 388 412 413 
4 390 391 366 365 389 413 414 
4 391 392 367 366 390 414 415 
4 392 393 368 367 391 415 416 
4 393 394 369 368 392 416 417 
4 394 395 370 369 393 417 418 
4 395 396 371 370 394 418 419 
4 396 397 372 371 395 419 420 
4 397 398 373 372 396 420 421 
4 398 399 374 373 397 421 422 
4 399 400 375 374 398 422 423 
4 400 401 376 375 399 423 424 
4 401 402 377 376 400 424 425 
4 402 403 378 377 401 425 426 
4 403 404 379 378 402 426 427 
4 404 405 380 379 403 427 428 
4 405 406 381 380 404 428 429 
4 406 407 382 381 405 429 430 
4 407 408 383 382 406 430 431 
4 408 615 384 383 407 431 595 
4 409 410 386 385 594 596 432 
4 410 411 387 386 409 432 433 
4 411 412 388 387 410 433 434 
4 412 413 389 388 411 434 435 
4 413 414 390 389 412 435 436 
4 414 415 391 390 413 436 437 
4 415 416 392 391 414 437 438 
4 416 417 393 392 415 438 439 
4 417 418 394 393 416 439 440 
4 418 419 395 394 417 440 441 
4 419 420 396 395 418 441 442 
4 420 421 397 396 419 442 443 
4 421 422 398 397 420 443 444 
4 422 423 399 398 421 444 445 
4 423 424 400 399 422 445 446 
4 424 425 401 400 423 446 447 
4 425 426 402 401 424 447 448 
4 426 427 403 402 425 448 449 
4 427 428 404 403 426 449 450 
4 428 429 405 404 427 450 451 
4 429 430 406 405 428 451 452 
4 430 431 407 406 429 452 453 
4 431 595 408 407 430 453 597 
4 432 433 410 409 596 598 454 
4 433 434 411 410 432 454 455 
4 434 435 412 411 433 455 456 
4 435 436 413 412 434 456 457 
4 436 437 414 413 435 457 458 
4 437 438 415 414 436 458 459 
4 438 439 416 415 437 459 460 
4 439 440 417 416 438 460 461 
4 440 441 418 417 439 461 462 
4 441 442 419 418 440 462 463 
4 442 443 420 419 441 463 464 
4 443 444 421 420 442 464 465 
4 444 445 422 421 443 465 466 
4 445 446 423 422 444 466 467 
4 446 447 424 423 445 467 468 
4 447 448 425 424 446 468 469 
4 448 449 426 425 447 469 470 
4 449 450 427 426 448 470 471 
4 450 451 428 427 449 471 472 
4 451 452 429 428 450 472 473 
4 452 453 430 429 451 473 474 
4 453 597 431 430 452 474 599 
4 454 455 433 432 598 600 475 
4 455 456 434 433 454 475 476 
4 456 457 435 434 455 476 477 
4 457 458 436 435 456 477 478 
4 458 459 437 436 457 478 479 
4 459 460 438 437 458 479 480 
4 460 461 439 438 459 480 481 
4 461 462 440 439 460 481 482 
4 462 463 441 440 461 482 483 
4 463 464 442 441 462 483 484 
4 464 465 443 442 463 484 485 
4 465 466 444 443 464 485 486 
4 466 467 445 444 465 486 487 
4 467 468 446 445 466 487 488 
4 468 469 447 446 467 488 489 
4 469 470 448 447 468 489 490 
4 470 471 449 448 469 490 491 
4 471 472 450 449 470 491 492 
4 472 473 451 450 471 492 493 
4 473 474 452 451 472 493 494 
4 474 599 453 452 473 494 601 
4 475 476 455 454 600 616 495 
4 476 477 456 455 475 495 496 
4 477 478 457 456 476 496 497 
4 478 479 458 457 477 497 498 
4 479 480 459 458 478 498 499 
4 480 481 460 459 479 499 500 
4 481 482 461 460 480 500 501 
4 482 483 462 461 481 501 502 
4 483 484 463 462 482 502 503 
4 484 485 464 463 483 503 504 
4 485 486 465 464 484 504 505 
4 486 487 466 465 485 505 506 
4 487 488 467 466 486 506 507 
4 488 489 468 467 487 507 508 
4 489 490 469 468 488 508 509 
4 490 491 470 469 489 509 510 
4 491 492 471 470 490 510 511 
4 492 493 472 471 491 511 512 
4 493 494 473 472 492 512 513 
4 494 601 474 473 493 513 617 
4 495 496 476 475 616 636 514 
4 496 497 477 476 495 514 515 
4 497 498 478 477 496 515 516 
4 498 499 479 478 497 516 517 
4 499 500 480 479 498 517 518 
4 500 501 481 480 499 518 519 
4 501 502 482 481 500 519 520 
4 502 503 483 482 501 520 521 
4 503 504 484 483 502 521 522 
4 504 505 485 484 503 522 523 
4 505 506 486 485 504 523 524 
4 506 507 487 486 505 524 525 
4 507 508 488 487 506 525 526 
4 508 509 489 488 507 526 527 
4 509 510 490 489 508 527 528 
4 510 511 491 490 509 528 529 
4 511 512 492 491 510 529 530 
4 512 513 493 492 511 530 531 
4 513 617 494 493 512 531 637 
4 514 515 496 495 636 655 602 
4 515 516 497 496 514 602 532 
4 516 517 498 497 515 532 533 
4 517 518 499 498 516 533 534 
4 518 519 500 499 517 534 535 
4 519 520 501 500 518 535 536 
4 520 521 502 501 519 536 537 
4 521 522 503 502 520 537 538 
4 522 523 504 503 521 538 539 
4 523 524 505 504 522 539 540 
4 524 525 506 505 523 540 541 
4 525 526 507 506 524 541 542 
4 526 527 508 507 525 542 543 
4 527 528 509 508 526 543 544 
4 528 529 510 509 527 544 545 
4 529 530 511 510 528 545 546 
4 530 531 512 511 529 546 603 
4 531 637 513 512 530 603 656 
4 532 533 516 515 602 638 574 
4 533 534 517 516 532 574 547 
4 534 535 518 517 533 547 548 
4 535 536 519 518 534 548 549 
4 536 537 520 519 535 549 550 
4 537 538 521 520 536 550 551 
4 538 539 522 521 537 551 552 
4 539 540 523 522 538 552 553 
4 540 541 524 523 539 553 554 
4 541 542 525 524 540 554 555 
4 542 543 526 525 541 555 556 
4 543 544 527 526 542 556 557 
4 544 545 528 527 543 557 558 
4 545 546 529 528 544 558 575 
4 546 603 530 529 545 575 639 
4 547 548 534 533 574 640 604 
4 548 549 535 534 547 604 559 
4 549 550 536 535 548 559 560 
4 550 551 537 536 549 560 561 
4 551 552 538 537 550 561 562 
4 552 553 539 538 551 562 563 
4 553 554 540 539 552 563 564 
4 554 555 541 540 553 564 565 
4 555 556 542 541 554 565 566 
4 556 557 543 542 555 566 567 
4 557 558 544 543 556 567 605 
4 558 575 545 544 557 605 641 
4 559 560 549 548 604 657 642 
4 560 561 550 549 559 642 618 
4 561 562 551 550 560 618 606 
4 562 563 552 551 561 606 607 
4 563 564 553 552 562 607 608 
4 564 565 554 553 563 608 609 
4 565 566 555 554 564 609 619 
4 566 567 556 555 565 619 643 
4 567 605 557 556 566 643 658 
4 568 9 624 -1 626 21 22 
4 569 627 -1 625 20 34 35 
4 570 73 584 660 650 93 94 
4 571 138 115 651 662 589 161 
4 572 274 254 630 -1 632 294 
4 573 -1 631 273 293 314 633 
4 574 547 533 532 638 -1 640 
4 575 639 546 545 558 641 -1 
4 576 577 -1 -1 610 2 3 
4 577 578 659 -1 576 3 4 
4 578 579 -1 659 577 4 5 
4 579 611 -1 -1 578 5 6 
4 580 0 647 -1 624 9 10 
4 581 625 -1 648 8 19 20 
4 582 21 626 -1 644 36 37 
4 583 649 -1 627 35 52 53 
4 584 54 620 -1 660 570 73 
4 585 -1 -1 612 92 114 586 
4 586 661 -1 585 114 137 587 
4 587 -1 661 586 137 160 588 
4 588 -1 -1 587 160 184 613 
4 589 161 571 662 -1 621 185 
4 590 234 210 646 -1 630 254 
4 591 -1 652 233 253 273 631 
4 592 315 294 632 -1 653 336 
4 593 -1 633 314 335 359 654 
4 594 409 385 614 -1 -1 596 
4 595 -1 615 408 431 597 -1 
4 596 432 409 594 -1 663 598 
4 597 -1 595 431 453 599 664 
4 598 454 432 596 663 -1 600 
4 599 664 597 453 474 601 -1 
4 600 475 454 598 -1 -1 616 
4 601 -1 599 474 494 617 -1 
4 602 532 515 514 655 -1 638 
4 603 656 531 530 546 639 -1 
4 604 559 548 547 640 -1 657 
4 605 641 558 557 567 658 -1 
4 606 607 562 561 618 -1 -1 
4 607 608 563 562 606 -1 665 
4 608 609 564 563 607 665 -1 
4 609 619 565 564 608 -1 -1 
4 610 576 -1 -1 622 1 2 
4 611 623 -1 -1 579 6 7 
4 612 -1 -1 628 72 92 585 
4 613 -1 -1 588 184 209 629 
4 614 385 360 634 -1 -1 594 
4 615 -1 635 384 408 595 -1 
4 616 495 475 600 -1 -1 636 
4 617 -1 601 494 513 637 -1 
4 618 606 561 560 642 -1 -1 
4 619 643 566 565 609 -1 -1 
4 620 36 644 -1 -1 584 54 
4 621 185 589 -1 -1 646 210 
4 622 610 -1 -1 647 0 1 
4 623 648 -1 -1 611 7 8 
4 624 580 -1 -1 -1 568 9 
4 625 -1 -1 -1 581 20 569 
4 626 568 -1 -1 -1 582 21 
4 627 -1 -1 -1 569 35 583 
4 628 -1 -1 649 53 72 612 
4 629 -1 -1 613 209 233 652 
4 630 254 590 -1 -1 -1 572 
4 631 -1 -1 591 273 573 -1 
4 632 294 572 -1 -1 -1 592 
4 633 -1 -1 573 314 593 -1 
4 634 360 336 653 -1 -1 614 
4 635 -1 654 359 384 615 -1 
4 636 514 495 616 -1 -1 655 
4 637 -1 617 513 531 656 -1 
4 638 574 532 602 -1 -1 -1 
4 639 -1 603 546 575 -1 -1 
4 640 604 547 574 -1 -1 -1 
4 641 -1 575 558 605 -1 -1 
4 642 618 560 559 657 -1 -1 
4 643 658 567 566 619 -1 -1 
4 644 582 -1 -1 -1 620 36 
4 645 93 650 -1 -1 651 115 
4 646 210 621 -1 -1 -1 590 
4 647 622 -1 -1 -1 580 0 
4 648 -1 -1 -1 623 8 581 
4 649 -1 -1 -1 583 53 628 
4 650 570 660 -1 -1 645 93 
4 651 115 645 -1 -1 662 571 
4 652 -1 -1 629 233 591 -1 
4 653 336 592 -1 -1 -1 634 
4 654 -1 -1 593 359 635 -1 
4 655 602 514 636 -1 -1 -1 
4 656 -1 637 531 603 -1 -1 
4 657 642 559 604 -1 -1 -1 
4 658 -1 605 567 643 -1 -1 
4 659 -1 -1 -1 -1 577 578 
4 660 584 -1 -1 -1 650 570 
4 661 -1 -1 -1 586 587 -1 
4 662 571 651 -1 -1 -1 589 
4 663 598 596 -1 -1 -1 -1 
4 664 -1 -1 597 599 -1 -1 
4 665 -1 608 607 -1 -1 -1
