-13 -7 489
-13 -6 488
-12 -10 419
-12 -9 418
-12 -8 417
-12 -7 416
-12 -6 415
-12 -5 414
-12 -4 413
-12 -3 412
-12 -2 411
-11 -11 353
-11 -10 352
-11 -9 351
-11 -8 350
-11 -7 349
-11 -6 348
-11 -5 347
-11 -4 346
-11 -3 345
-11 -2 344
-11 -1 343
-11 0 342
-10 -12 423
-10 -11 354
-10 -10 291
-10 -9 290
-10 -8 289
-10 -7 288
-10 -6 287
-10 -5 286
-10 -4 285
-10 -3 284
-10 -2 283
-10 -1 282
-10 0 281
-10 1 341
-10 2 407
-9 -12 424
-9 -11 355
-9 -10 292
-9 -9 235
-9 -8 234
-9 -7 233
-9 -6 232
-9 -5 231
-9 -4 230
-9 -3 229
-9 -2 228
-9 -1 227
-9 0 226
-9 1 280
-9 2 340
-9 3 406
-8 -12 425
-8 -11 356
-8 -10 293
-8 -9 236
-8 -8 185
-8 -7 184
-8 -6 183
-8 -5 182
-8 -4 181
-8 -3 180
-8 -2 179
-8 -1 178
-8 0 177
-8 1 225
-8 2 279
-8 3 339
-8 4 405
-7 -13 501
-7 -12 426
-7 -11 357
-7 -10 294
-7 -9 237
-7 -8 186
-7 -7 141
-7 -6 140
-7 -5 139
-7 -4 138
-7 -3 137
-7 -2 136
-7 -1 135
-7 0 134
-7 1 176
-7 2 224
-7 3 278
-7 4 338
-7 5 404
-6 -13 502
-6 -12 427
-6 -11 358
-6 -10 295
-6 -9 238
-6 -8 187
-6 -7 142
-6 -6 103
-6 -5 102
-6 -4 101
-6 -3 100
-6 -2 99
-6 -1 98
-6 0 97
-6 1 133
-6 2 175
-6 3 223
-6 4 277
-6 5 337
-6 6 403
-5 -12 428
-5 -11 359
-5 -10 296
-5 -9 239
-5 -8 188
-5 -7 143
-5 -6 104
-5 -5 71
-5 -4 70
-5 -3 69
-5 -2 68
-5 -1 67
-5 0 66
-5 1 96
-5 2 132
-5 3 174
-5 4 222
-5 5 276
-5 6 336
-5 7 402
-4 -12 429
-4 -11 360
-4 -10 297
-4 -9 240
-4 -8 189
-4 -7 144
-4 -6 105
-4 -5 72
-4 -4 45
-4 -3 44
-4 -2 43
-4 -1 42
-4 0 41
-4 1 65
-4 2 95
-4 3 131
-4 4 173
-4 5 221
-4 6 275
-4 7 335
-4 8 401
-3 -12 430
-3 -11 361
-3 -10 298
-3 -9 241
-3 -8 190
-3 -7 145
-3 -6 106
-3 -5 73
-3 -4 46
-3 -3 25
-3 -2 24
-3 -1 23
-3 0 22
-3 1 40
-3 2 64
-3 3 94
-3 4 130
-3 5 172
-3 6 220
-3 7 274
-3 8 334
-3 9 400
-2 -12 431
-2 -11 362
-2 -10 299
-2 -9 242
-2 -8 191
-2 -7 146
-2 -6 107
-2 -5 74
-2 -4 47
-2 -3 26
-2 -2 11
-2 -1 10
-2 0 9
-2 1 21
-2 2 39
-2 3 63
-2 4 93
-2 5 129
-2 6 171
-2 7 219
-2 8 273
-2 9 333
-2 10 399
-1 -11 363
-1 -10 300
-1 -9 243
-1 -8 192
-1 -7 147
-1 -6 108
-1 -5 75
-1 -4 48
-1 -3 27
-1 -2 12
-1 1 8
-1 2 20
-1 3 38
-1 4 62
-1 5 92
-1 6 128
-1 7 170
-1 8 218
-1 9 272
-1 10 332
0 -11 364
0 -10 301
0 -9 244
0 -8 193
0 -7 148
0 -6 109
0 -5 76
0 -4 49
0 -3 28
0 -2 13
0 2 7
0 3 19
0 4 37
0 5 61
0 6 91
0 7 127
0 8 169
0 9 217
0 10 271
0 11 331
1 -10 365
1 -9 302
1 -8 245
1 -7 194
1 -6 149
1 -5 110
1 -4 77
1 -3 50
1 -2 29
1 -1 14
1 2 18
1 3 36
1 4 60
1 5 90
1 6 126
1 7 168
1 8 216
1 9 270
1 10 330
1 11 396
2 -10 435
2 -9 366
2 -8 303
2 -7 246
2 -6 195
2 -5 150
2 -4 111
2 -3 78
2 -2 51
2 -1 30
2 0 15
2 1 16
2 2 17
2 3 35
2 4 59
2 5 89
2 6 125
2 7 167
2 8 215
2 9 269
2 10 329
2 11 395
2 12 467
3 -9 436
3 -8 367
3 -7 304
3 -6 247
3 -5 196
3 -4 151
3 -3 112
3 -2 79
3 -1 52
3 0 31
3 1 32
3 2 33
3 3 34
3 4 58
3 5 88
3 6 124
3 7 166
3 8 214
3 9 268
3 10 328
3 11 394
3 12 466
4 -8 437
4 -7 368
4 -6 305
4 -5 248
4 -4 197
4 -3 152
4 -2 113
4 -1 80
4 0 53
4 1 54
4 2 55
4 3 56
4 4 57
4 5 87
4 6 123
4 7 165
4 8 213
4 9 267
4 10 327
4 11 393
4 12 465
5 -7 438
5 -6 369
5 -5 306
5 -4 249
5 -3 198
5 -2 153
5 -1 114
5 0 81
5 1 82
5 2 83
5 3 84
5 4 85
5 5 86
5 6 122
5 7 164
5 8 212
5 9 266
5 10 326
5 11 392
5 12 464
6 -7 514
6 -6 439
6 -5 370
6 -4 307
6 -3 250
6 -2 199
6 -1 154
6 0 115
6 1 116
6 2 117
6 3 118
6 4 119
6 5 120
6 6 121
6 7 163
6 8 211
6 9 265
6 10 325
6 11 391
6 12 463
6 13 541
7 -6 515
7 -5 440
7 -4 371
7 -3 308
7 -2 251
7 -1 200
7 0 155
7 1 156
7 2 157
7 3 158
7 4 159
7 5 160
7 6 161
7 7 162
7 8 210
7 9 264
7 10 324
7 11 390
7 12 462
7 13 540
8 -4 441
8 -3 372
8 -2 309
8 -1 252
8 0 201
8 1 202
8 2 203
8 3 204
8 4 205
8 5 206
8 6 207
8 7 208
8 8 209
8 9 263
8 10 323
8 11 389
8 12 461
9 -3 442
9 -2 373
9 -1 310
9 0 253
9 1 254
9 2 255
9 3 256
9 4 257
9 5 258
9 6 259
9 7 260
9 8 261
9 9 262
9 10 322
9 11 388
9 12 460
10 -2 443
10 -1 374
10 0 311
10 1 312
10 2 313
10 3 314
10 4 315
10 5 316
10 6 317
10 7 318
10 8 319
10 9 320
10 10 321
10 11 387
10 12 459
11 0 375
11 1 376
11 2 377
11 3 378
11 4 379
11 5 380
11 6 381
11 7 382
11 8 383
11 9 384
11 10 385
11 11 386
12 2 447
12 3 448
12 4 449
12 5 450
12 6 451
12 7 452
12 8 453
12 9 454
12 10 455
13 6 527
13 7 528
