302055684 416 160
302055688 416 160
302055692 416 160
302055696 416 160
302055700 416 160
302055704 416 160
302055708 416 160
302055712 416 160
302055940 416 160
302055944 416 160
302055948 416 160
302055952 416 160
302055956 416 160
302055960 416 160
302055964 416 160
302055968 416 160
302056196 416 160
302056200 416 160
302056204 416 160
302056208 416 160
302056212 416 160
302056216 416 160
302056220 416 160
302056224 416 160
302056452 416 160
302056456 416 160
302056460 416 160
302056464 416 160
302056468 416 160
302056472 416 160
302056476 416 160
302056480 416 160
302056708 416 80
302056712 416 80
302056716 416 80
302056720 416 80
302056724 416 80
302056728 416 80
302056732 416 80
302056736 416 80
302056964 416 80
302056968 416 80
302056972 416 80
302056976 416 80
302056980 416 80
302056984 416 80
302056988 416 80
302056992 416 80
302057220 416 160
302057224 416 160
302057228 416 160
302057232 416 160
302057236 416 160
302057240 416 160
302057244 416 160
302057248 416 160
302057476 416 160
302057480 416 160
302057484 416 160
302057488 416 160
302057492 416 160
302057496 416 160
302057500 416 160
302057504 416 160
302057732 416 160
302057736 416 160
302057740 416 160
302057744 416 160
302057748 416 160
302057752 416 160
302057756 416 160
302057760 416 160
302057988 416 160
302057992 416 160
302057996 416 160
302058000 416 160
302058004 416 160
302058008 416 160
302058012 416 160
302058016 416 160
302058244 416 160
302058248 416 160
302058252 416 160
302058256 416 160
302058260 416 160
302058264 416 160
302058268 416 160
302058272 416 160
302058500 416 160
302058504 416 160
302058508 416 160
302058512 416 160
302058516 416 160
302058520 416 160
302058524 416 160
302058528 416 160
302058756 416 160
302058760 416 160
302058764 416 160
302058768 416 160
302058772 416 160
302058776 416 160
302058780 416 160
302058784 416 160
302059012 416 160
302059016 416 160
302059020 416 160
302059024 416 160
302059028 416 160
302059032 416 160
302059036 416 160
302059040 416 160
302059268 416 80
302059272 416 80
302059276 416 80
302059280 416 80
302059284 416 80
302059288 416 80
302059292 416 80
302059296 416 80
302059524 416 80
302059528 416 80
302059532 416 80
302059536 416 80
302059540 416 80
302059544 416 80
302059548 416 80
302059552 416 80
302059780 416 160
302059784 416 160
302059788 416 160
302059792 416 160
302059796 416 160
302059800 416 160
302059804 416 160
302059808 416 160
302060036 416 160
302060040 416 160
302060044 416 160
302060048 416 160
302060052 416 160
302060056 416 160
302060060 416 160
302060064 416 160
302060292 416 160
302060296 416 160
302060300 416 160
302060304 416 160
302060308 416 160
302060312 416 160
302060316 416 160
302060320 416 160
302060548 416 160
302060552 416 160
302060556 416 160
302060560 416 160
302060564 416 160
302060568 416 160
302060572 416 160
302060576 416 160
302121220 416 160
302121224 416 160
302121228 416 160
302121232 416 160
302121236 416 160
302121240 416 160
302121244 416 160
302121248 416 160
302121476 416 160
302121480 416 160
302121484 416 160
302121488 416 160
302121492 416 160
302121496 416 160
302121500 416 160
302121504 416 160
302121732 416 160
302121736 416 160
302121740 416 160
302121744 416 160
302121748 416 160
302121752 416 160
302121756 416 160
302121760 416 160
302121988 416 160
302121992 416 160
302121996 416 160
302122000 416 160
302122004 416 160
302122008 416 160
302122012 416 160
302122016 416 160
302122244 416 160
302122248 416 160
302122252 416 160
302122256 416 160
302122260 416 160
302122264 416 160
302122268 416 160
302122272 416 160
302122500 416 160
302122504 416 160
302122508 416 160
302122512 416 160
302122516 416 160
302122520 416 160
302122524 416 160
302122528 416 160
302122756 416 160
302122760 416 160
302122764 416 160
302122768 416 160
302122772 416 160
302122776 416 160
302122780 416 160
302122784 416 160
302123012 416 80
302123016 416 80
302123020 416 80
302123024 416 80
302123028 416 80
302123032 416 80
302123036 416 80
302123040 416 80
302123268 416 80
302123272 416 80
302123276 416 80
302123280 416 80
302123284 416 80
302123288 416 80
302123292 416 80
302123296 416 80
302123524 416 160
302123528 416 160
302123532 416 160
302123536 416 160
302123540 416 160
302123544 416 160
302123548 416 160
302123552 416 160
302123780 416 160
302123784 416 160
302123788 416 160
302123792 416 160
302123796 416 160
302123800 416 160
302123804 416 160
302123808 416 160
302124036 416 160
302124040 416 160
302124044 416 160
302124048 416 160
302124052 416 160
302124056 416 160
302124060 416 160
302124064 416 160
302124292 416 160
302124296 416 160
302124300 416 160
302124304 416 160
302124308 416 160
302124312 416 160
302124316 416 160
302124320 416 160
302124548 416 160
302124552 416 160
302124556 416 160
302124560 416 160
302124564 416 160
302124568 416 160
302124572 416 160
302124576 416 160
302124804 416 160
302124808 416 160
302124812 416 160
302124816 416 160
302124820 416 160
302124824 416 160
302124828 416 160
302124832 416 160
302125060 416 160
302125064 416 160
302125068 416 160
302125072 416 160
302125076 416 160
302125080 416 160
302125084 416 160
302125088 416 160
302125316 416 160
302125320 416 160
302125324 416 160
302125328 416 160
302125332 416 160
302125336 416 160
302125340 416 160
302125344 416 160
302125572 416 160
302125576 416 160
302125580 416 160
302125584 416 160
302125588 416 160
302125592 416 160
302125596 416 160
302125600 416 160
302125828 416 160
302125832 416 160
302125836 416 160
302125840 416 160
302125844 416 160
302125848 416 160
302125852 416 160
302125856 416 160
302126084 416 160
302126088 416 160
302126092 416 160
302126096 416 160
302126100 416 160
302126104 416 160
302126108 416 160
302126112 416 160
302126340 416 160
302126344 416 160
302126348 416 160
302126352 416 160
302126356 416 160
302126360 416 160
302126364 416 160
302126368 416 160
302126596 416 160
302126600 416 160
302126604 416 160
302126608 416 160
302126612 416 160
302126616 416 160
302126620 416 160
302126624 416 160
302126852 416 160
302126856 416 160
302126860 416 160
302126864 416 160
302126868 416 160
302126872 416 160
302126876 416 160
302126880 416 160
302127108 416 80
302127112 416 80
302127116 416 80
302127120 416 80
302127124 416 80
302127128 416 80
302127132 416 80
302127136 416 80
302127364 416 80
302127368 416 80
302127372 416 80
302127376 416 80
302127380 416 80
302127384 416 80
302127388 416 80
302127392 416 80
302127620 416 160
302127624 416 160
302127628 416 160
302127632 416 160
302127636 416 160
302127640 416 160
302127644 416 160
302127648 416 160
302127876 416 160
302127880 416 160
302127884 416 160
302127888 416 160
302127892 416 160
302127896 416 160
302127900 416 160
302127904 416 160
302128132 416 160
302128136 416 160
302128140 416 160
302128144 416 160
302128148 416 160
302128152 416 160
302128156 416 160
302128160 416 160
302128388 416 160
302128392 416 160
302128396 416 160
302128400 416 160
302128404 416 160
302128408 416 160
302128412 416 160
302128416 416 160
302128644 416 160
302128648 416 160
302128652 416 160
302128656 416 160
302128660 416 160
302128664 416 160
302128668 416 160
302128672 416 160
302128900 416 160
302128904 416 160
302128908 416 160
302128912 416 160
302128916 416 160
302128920 416 160
302128924 416 160
302128928 416 160
302129156 416 160
302129160 416 160
302129164 416 160
302129168 416 160
302129172 416 160
302129176 416 160
302129180 416 160
302129184 416 160
302186756 416 160
302186760 416 160
302186764 416 160
302186768 416 160
302186772 416 160
302186776 416 160
302186780 416 160
302186784 416 160
302187012 416 160
302187016 416 160
302187020 416 160
302187024 416 160
302187028 416 160
302187032 416 160
302187036 416 160
302187040 416 160
302187268 416 160
302187272 416 160
302187276 416 160
302187280 416 160
302187284 416 160
302187288 416 160
302187292 416 160
302187296 416 160
302187524 416 160
302187528 416 160
302187532 416 160
302187536 416 160
302187540 416 160
302187544 416 160
302187548 416 160
302187552 416 160
302187780 416 160
302187784 416 160
302187788 416 160
302187792 416 160
302187796 416 160
302187800 416 160
302187804 416 160
302187808 416 160
302188036 416 160
302188040 416 160
302188044 416 160
302188048 416 160
302188052 416 160
302188056 416 160
302188060 416 160
302188064 416 160
302188292 416 160
302188296 416 160
302188300 416 160
302188304 416 160
302188308 416 160
302188312 416 160
302188316 416 160
302188320 416 160
302188548 416 160
302188552 416 160
302188556 416 160
302188560 416 160
302188564 416 160
302188568 416 160
302188572 416 160
302188576 416 160
302188804 416 160
302188808 416 160
302188812 416 160
302188816 416 160
302188820 416 160
302188824 416 160
302188828 416 160
302188832 416 160
302189060 416 160
302189064 416 160
302189068 416 160
302189072 416 160
302189076 416 160
302189080 416 160
302189084 416 160
302189088 416 160
302189316 416 80
302189320 416 80
302189324 416 80
302189328 416 80
302189332 416 80
302189336 416 80
302189340 416 80
302189344 416 80
302189572 416 80
302189576 416 80
302189580 416 80
302189584 416 80
302189588 416 80
302189592 416 80
302189596 416 80
302189600 416 80
302189828 416 160
302189832 416 160
302189836 416 160
302189840 416 160
302189844 416 160
302189848 416 160
302189852 416 160
302189856 416 160
302190084 416 160
302190088 416 160
302190092 416 160
302190096 416 160
302190100 416 160
302190104 416 160
302190108 416 160
302190112 416 160
302190340 416 160
302190344 416 160
302190348 416 160
302190352 416 160
302190356 416 160
302190360 416 160
302190364 416 160
302190368 416 160
302190596 416 160
302190600 416 160
302190604 416 160
302190608 416 160
302190612 416 160
302190616 416 160
302190620 416 160
302190624 416 160
302190852 416 160
302190856 416 160
302190860 416 160
302190864 416 160
302190868 416 160
302190872 416 160
302190876 416 160
302190880 416 160
302191108 416 160
302191112 416 160
302191116 416 160
302191120 416 160
302191124 416 160
302191128 416 160
302191132 416 160
302191136 416 160
302191364 416 160
302191368 416 160
302191372 416 160
302191376 416 160
302191380 416 160
302191384 416 160
302191388 416 160
302191392 416 160
302191620 416 160
302191624 416 160
302191628 416 160
302191632 416 160
302191636 416 160
302191640 416 160
302191644 416 160
302191648 416 160
302191876 416 160
302191880 416 160
302191884 416 160
302191888 416 160
302191892 416 160
302191896 416 160
302191900 416 160
302191904 416 160
302192132 416 160
302192136 416 160
302192140 416 160
302192144 416 160
302192148 416 160
302192152 416 160
302192156 416 160
302192160 416 160
302192388 416 160
302192392 416 160
302192396 416 160
302192400 416 160
302192404 416 160
302192408 416 160
302192412 416 160
302192416 416 160
302192644 416 160
302192648 416 160
302192652 416 160
302192656 416 160
302192660 416 160
302192664 416 160
302192668 416 160
302192672 416 160
302192900 416 160
302192904 416 160
302192908 416 160
302192912 416 160
302192916 416 160
302192920 416 160
302192924 416 160
302192928 416 160
302193156 416 160
302193160 416 160
302193164 416 160
302193168 416 160
302193172 416 160
302193176 416 160
302193180 416 160
302193184 416 160
302193412 416 160
302193416 416 160
302193420 416 160
302193424 416 160
302193428 416 160
302193432 416 160
302193436 416 160
302193440 416 160
302193668 416 160
302193672 416 160
302193676 416 160
302193680 416 160
302193684 416 160
302193688 416 160
302193692 416 160
302193696 416 160
302193924 416 160
302193928 416 160
302193932 416 160
302193936 416 160
302193940 416 160
302193944 416 160
302193948 416 160
302193952 416 160
302194180 416 160
302194184 416 160
302194188 416 160
302194192 416 160
302194196 416 160
302194200 416 160
302194204 416 160
302194208 416 160
302194436 416 160
302194440 416 160
302194444 416 160
302194448 416 160
302194452 416 160
302194456 416 160
302194460 416 160
302194464 416 160
302194692 416 160
302194696 416 160
302194700 416 160
302194704 416 160
302194708 416 160
302194712 416 160
302194716 416 160
302194720 416 160
302194948 416 80
302194952 416 80
302194956 416 80
302194960 416 80
302194964 416 80
302194968 416 80
302194972 416 80
302194976 416 80
302195204 416 80
302195208 416 80
302195212 416 80
302195216 416 80
302195220 416 80
302195224 416 80
302195228 416 80
302195232 416 80
302195460 416 160
302195464 416 160
302195468 416 160
302195472 416 160
302195476 416 160
302195480 416 160
302195484 416 160
302195488 416 160
302195716 416 160
302195720 416 160
302195724 416 160
302195728 416 160
302195732 416 160
302195736 416 160
302195740 416 160
302195744 416 160
302195972 416 160
302195976 416 160
302195980 416 160
302195984 416 160
302195988 416 160
302195992 416 160
302195996 416 160
302196000 416 160
302196228 416 160
302196232 416 160
302196236 416 160
302196240 416 160
302196244 416 160
302196248 416 160
302196252 416 160
302196256 416 160
302196484 416 160
302196488 416 160
302196492 416 160
302196496 416 160
302196500 416 160
302196504 416 160
302196508 416 160
302196512 416 160
302196740 416 160
302196744 416 160
302196748 416 160
302196752 416 160
302196756 416 160
302196760 416 160
302196764 416 160
302196768 416 160
302196996 416 160
302197000 416 160
302197004 416 160
302197008 416 160
302197012 416 160
302197016 416 160
302197020 416 160
302197024 416 160
302197252 416 160
302197256 416 160
302197260 416 160
302197264 416 160
302197268 416 160
302197272 416 160
302197276 416 160
302197280 416 160
302197508 416 160
302197512 416 160
302197516 416 160
302197520 416 160
302197524 416 160
302197528 416 160
302197532 416 160
302197536 416 160
302197764 416 160
302197768 416 160
302197772 416 160
302197776 416 160
302197780 416 160
302197784 416 160
302197788 416 160
302197792 416 160
352388356 104 80
352388360 156 160
352388364 208 160
352388368 260 80
352389380 104 80
352389384 156 160
352389388 208 160
352389392 260 80
352390404 104 80
352390408 156 160
352390412 208 160
352390416 260 80
352391428 104 80
352391432 156 160
352391436 208 160
352391440 260 80
352392452 104 80
352392456 156 160
352392460 208 160
352392464 260 80
352393476 104 80
352393480 156 160
352393484 208 160
352393488 260 80
352394500 104 80
352394504 156 160
352394508 208 160
352394512 260 80
352395524 104 80
352395528 156 160
352395532 208 160
352395536 260 80
352396548 104 80
352396552 156 160
352396556 208 160
352396560 260 80
352397572 104 80
352397576 156 160
352397580 208 160
352397584 260 80
352398596 104 80
352398600 156 160
352398604 208 160
352398608 260 80
352399620 104 80
352399624 156 160
352399628 208 160
352399632 260 80
352400644 104 80
352400648 156 160
352400652 208 160
352400656 260 80
352401668 104 80
352401672 156 160
352401676 208 160
352401680 260 80
352402692 104 80
352402696 156 160
352402700 208 160
352402704 260 80
352403716 104 80
352403720 156 160
352403724 208 160
352403728 260 80
352404740 104 80
352404744 156 160
352404748 208 160
352404752 260 80
352405764 104 80
352405768 156 160
352405772 208 160
352405776 260 80
352406788 104 80
352406792 156 160
352406796 208 160
352406800 260 80
352407812 104 80
352407816 156 160
352407820 208 160
352407824 260 80
352408836 104 80
352408840 156 160
352408844 208 160
352408848 260 80
352409860 104 80
352409864 156 160
352409868 208 160
352409872 260 80
352410884 104 80
352410888 156 160
352410892 208 160
352410896 260 80
352411908 104 80
352411912 156 160
352411916 208 160
352411920 260 80
352388612 156 160
352388616 208 160
352388620 260 160
352389636 156 160
352389640 208 160
352389644 260 160
352390660 156 160
352390664 208 160
352390668 260 160
352391684 156 160
352391688 208 160
352391692 260 160
352392708 156 160
352392712 208 160
352392716 260 160
352393732 156 160
352393736 208 160
352393740 260 160
352394756 156 160
352394760 208 160
352394764 260 160
352395780 156 160
352395784 208 160
352395788 260 160
352396804 156 160
352396808 208 160
352396812 260 160
352397828 156 160
352397832 208 160
352397836 260 160
352398852 156 160
352398856 208 160
352398860 260 160
352399876 156 160
352399880 208 160
352399884 260 160
352400900 156 160
352400904 208 160
352400908 260 160
352401924 156 160
352401928 208 160
352401932 260 160
352402948 156 160
352402952 208 160
352402956 260 160
352403972 156 160
352403976 208 160
352403980 260 160
352404996 156 160
352405000 208 160
352405004 260 160
352406020 156 160
352406024 208 160
352406028 260 160
352407044 156 160
352407048 208 160
352407052 260 160
352408068 156 160
352408072 208 160
352408076 260 160
352409092 156 160
352409096 208 160
352409100 260 160
352410116 156 160
352410120 208 160
352410124 260 160
352411140 156 160
352411144 208 160
352411148 260 160
352412164 156 160
352412168 208 160
352412172 260 160
352453892 104 80
352453896 156 160
352453900 208 160
352453904 260 80
352454916 104 80
352454920 156 160
352454924 208 160
352454928 260 80
352455940 104 80
352455944 156 160
352455948 208 160
352455952 260 80
352456964 104 80
352456968 156 160
352456972 208 160
352456976 260 80
352457988 104 80
352457992 156 160
352457996 208 160
352458000 260 80
352459012 104 80
352459016 156 160
352459020 208 160
352459024 260 80
352460036 104 80
352460040 156 160
352460044 208 160
352460048 260 80
352461060 104 80
352461064 156 160
352461068 208 160
352461072 260 80
352462084 104 80
352462088 156 160
352462092 208 160
352462096 260 80
352463108 104 80
352463112 156 160
352463116 208 160
352463120 260 80
352464132 104 80
352464136 156 160
352464140 208 160
352464144 260 80
352465156 104 80
352465160 156 160
352465164 208 160
352465168 260 80
352466180 104 80
352466184 156 160
352466188 208 160
352466192 260 80
352467204 104 80
352467208 156 160
352467212 208 160
352467216 260 80
352468228 104 80
352468232 156 160
352468236 208 160
352468240 260 80
352469252 104 80
352469256 156 160
352469260 208 160
352469264 260 80
352470276 104 80
352470280 156 160
352470284 208 160
352470288 260 80
352471300 104 80
352471304 156 160
352471308 208 160
352471312 260 80
352472324 104 80
352472328 156 160
352472332 208 160
352472336 260 80
352473348 104 80
352473352 156 160
352473356 208 160
352473360 260 80
352474372 104 80
352474376 156 160
352474380 208 160
352474384 260 80
352475396 104 80
352475400 156 160
352475404 208 160
352475408 260 80
352476420 104 80
352476424 156 160
352476428 208 160
352476432 260 80
352477444 104 80
352477448 156 160
352477452 208 160
352477456 260 80
352454148 156 160
352454152 208 160
352454156 260 160
352455172 156 160
352455176 208 160
352455180 260 160
352456196 156 160
352456200 208 160
352456204 260 160
352457220 156 160
352457224 208 160
352457228 260 160
352458244 156 160
352458248 208 160
352458252 260 160
352459268 156 160
352459272 208 160
352459276 260 160
352460292 156 160
352460296 208 160
352460300 260 160
352461316 156 160
352461320 208 160
352461324 260 160
352462340 156 160
352462344 208 160
352462348 260 160
352463364 156 160
352463368 208 160
352463372 260 160
352464388 156 160
352464392 208 160
352464396 260 160
352465412 156 160
352465416 208 160
352465420 260 160
352466436 156 160
352466440 208 160
352466444 260 160
352467460 156 160
352467464 208 160
352467468 260 160
352468484 156 160
352468488 208 160
352468492 260 160
352469508 156 160
352469512 208 160
352469516 260 160
352470532 156 160
352470536 208 160
352470540 260 160
352471556 156 160
352471560 208 160
352471564 260 160
352472580 156 160
352472584 208 160
352472588 260 160
352473604 156 160
352473608 208 160
352473612 260 160
352474628 156 160
352474632 208 160
352474636 260 160
352475652 156 160
352475656 208 160
352475660 260 160
352476676 156 160
352476680 208 160
352476684 260 160
352477700 156 160
352477704 208 160
352477708 260 160
343999748 104 80
343999752 156 160
343999756 208 160
343999760 260 80
344000772 104 80
344000776 156 160
344000780 208 160
344000784 260 80
344001796 104 80
344001800 156 160
344001804 208 160
344001808 260 80
344002820 104 80
344002824 156 160
344002828 208 160
344002832 260 80
344003844 104 80
344003848 156 160
344003852 208 160
344003856 260 80
344004868 104 80
344004872 156 160
344004876 208 160
344004880 260 80
344005892 104 80
344005896 156 160
344005900 208 160
344005904 260 80
344006916 104 80
344006920 156 160
344006924 208 160
344006928 260 80
344007940 104 80
344007944 156 160
344007948 208 160
344007952 260 80
344008964 104 80
344008968 156 160
344008972 208 160
344008976 260 80
344009988 104 80
344009992 156 160
344009996 208 160
344010000 260 80
344011012 104 80
344011016 156 160
344011020 208 160
344011024 260 80
344012036 104 80
344012040 156 160
344012044 208 160
344012048 260 80
344013060 104 80
344013064 156 160
344013068 208 160
344013072 260 80
344014084 104 80
344014088 156 160
344014092 208 160
344014096 260 80
344015108 104 80
344015112 156 160
344015116 208 160
344015120 260 80
344016132 104 80
344016136 156 160
344016140 208 160
344016144 260 80
344017156 104 80
344017160 156 160
344017164 208 160
344017168 260 80
344018180 104 80
344018184 156 160
344018188 208 160
344018192 260 80
344019204 104 80
344019208 156 160
344019212 208 160
344019216 260 80
344020228 104 80
344020232 156 160
344020236 208 160
344020240 260 80
344021252 104 80
344021256 156 160
344021260 208 160
344021264 260 80
344022276 104 80
344022280 156 160
344022284 208 160
344022288 260 80
344023300 104 80
344023304 156 160
344023308 208 160
344023312 260 80
344000004 156 160
344000008 208 160
344000012 260 160
344001028 156 160
344001032 208 160
344001036 260 160
344002052 156 160
344002056 208 160
344002060 260 160
344003076 156 160
344003080 208 160
344003084 260 160
344004100 156 160
344004104 208 160
344004108 260 160
344005124 156 160
344005128 208 160
344005132 260 160
344006148 156 160
344006152 208 160
344006156 260 160
344007172 156 160
344007176 208 160
344007180 260 160
344008196 156 160
344008200 208 160
344008204 260 160
344009220 156 160
344009224 208 160
344009228 260 160
344010244 156 160
344010248 208 160
344010252 260 160
344011268 156 160
344011272 208 160
344011276 260 160
344012292 156 160
344012296 208 160
344012300 260 160
344013316 156 160
344013320 208 160
344013324 260 160
344014340 156 160
344014344 208 160
344014348 260 160
344015364 156 160
344015368 208 160
344015372 260 160
344016388 156 160
344016392 208 160
344016396 260 160
344017412 156 160
344017416 208 160
344017420 260 160
344018436 156 160
344018440 208 160
344018444 260 160
344019460 156 160
344019464 208 160
344019468 260 160
344020484 156 160
344020488 208 160
344020492 260 160
344021508 156 160
344021512 208 160
344021516 260 160
344022532 156 160
344022536 208 160
344022540 260 160
344023556 156 160
344023560 208 160
344023564 260 160
344065284 104 80
344065288 156 160
344065292 208 160
344065296 260 80
344066308 104 80
344066312 156 160
344066316 208 160
344066320 260 80
344067332 104 80
344067336 156 160
344067340 208 160
344067344 260 80
344068356 104 80
344068360 156 160
344068364 208 160
344068368 260 80
344069380 104 80
344069384 156 160
344069388 208 160
344069392 260 80
344070404 104 80
344070408 156 160
344070412 208 160
344070416 260 80
344071428 104 80
344071432 156 160
344071436 208 160
344071440 260 80
344072452 104 80
344072456 156 160
344072460 208 160
344072464 260 80
344073476 104 80
344073480 156 160
344073484 208 160
344073488 260 80
344074500 104 80
344074504 156 160
344074508 208 160
344074512 260 80
344075524 104 80
344075528 156 160
344075532 208 160
344075536 260 80
344076548 104 80
344076552 156 160
344076556 208 160
344076560 260 80
344077572 104 80
344077576 156 160
344077580 208 160
344077584 260 80
344078596 104 80
344078600 156 160
344078604 208 160
344078608 260 80
344079620 104 80
344079624 156 160
344079628 208 160
344079632 260 80
344080644 104 80
344080648 156 160
344080652 208 160
344080656 260 80
344081668 104 80
344081672 156 160
344081676 208 160
344081680 260 80
344082692 104 80
344082696 156 160
344082700 208 160
344082704 260 80
344083716 104 80
344083720 156 160
344083724 208 160
344083728 260 80
344084740 104 80
344084744 156 160
344084748 208 160
344084752 260 80
344085764 104 80
344085768 156 160
344085772 208 160
344085776 260 80
344086788 104 80
344086792 156 160
344086796 208 160
344086800 260 80
344087812 104 80
344087816 156 160
344087820 208 160
344087824 260 80
344088836 104 80
344088840 156 160
344088844 208 160
344088848 260 80
344065540 156 160
344065544 208 160
344065548 260 160
344066564 156 160
344066568 208 160
344066572 260 160
344067588 156 160
344067592 208 160
344067596 260 160
344068612 156 160
344068616 208 160
344068620 260 160
344069636 156 160
344069640 208 160
344069644 260 160
344070660 156 160
344070664 208 160
344070668 260 160
344071684 156 160
344071688 208 160
344071692 260 160
344072708 156 160
344072712 208 160
344072716 260 160
344073732 156 160
344073736 208 160
344073740 260 160
344074756 156 160
344074760 208 160
344074764 260 160
344075780 156 160
344075784 208 160
344075788 260 160
344076804 156 160
344076808 208 160
344076812 260 160
344077828 156 160
344077832 208 160
344077836 260 160
344078852 156 160
344078856 208 160
344078860 260 160
344079876 156 160
344079880 208 160
344079884 260 160
344080900 156 160
344080904 208 160
344080908 260 160
344081924 156 160
344081928 208 160
344081932 260 160
344082948 156 160
344082952 208 160
344082956 260 160
344083972 156 160
344083976 208 160
344083980 260 160
344084996 156 160
344085000 208 160
344085004 260 160
344086020 156 160
344086024 208 160
344086028 260 160
344087044 156 160
344087048 208 160
344087052 260 160
344088068 156 160
344088072 208 160
344088076 260 160
344089092 156 160
344089096 208 160
344089100 260 160
