2S_1 4 -0.0242551 0.763084
2S_1 5 0.262019 0.403252
2S_2 5 -0.0540908 0.715091
2S_3 6 0.052169 0.726589
2S_4 6 -0.0269526 0.672498
2S_4 9 -0.0616318 0.746888
2S_5 7 -0.0619019 0.752048
2S_5 10 -0.0647979 0.748885
2S_6 8 -0.065932 0.747012
2S_6 11 -0.0682378 0.754595
PS10G_1 1 -0.0316505 0.718867
PS10G_1 8 -0.196081 0.864604
PS10G_1 10 -0.136348 0.799405
PS10G_2 1 0.321631 0.726272
PS10G_2 7 -0.191929 0.86297
PS10G_2 9 -0.128934 0.810257
PS10G_2 11 -0.113921 0.788213
PS5G_3 2 -0.119119 0.815552
PS5G_4 7 -0.0871691 0.762194
PS5G_4 9 -0.0994466 0.766043
PS5G_4 11 -0.100466 0.762169
PS5G_5 3 0.0788964 0.619395
PS5G_5 8 -0.084841 0.765615
PS5G_6 3 -0.0924708 0.617262
PS5G_6 10 -0.103243 0.744208
neg_2S_1 4 -0.0239874 0.763212
neg_2S_1 5 0.262327 0.403145
neg_2S_2 5 -0.0538124 0.715296
neg_2S_3 6 0.0523342 0.726486
neg_2S_4 6 -0.0270091 0.672474
neg_2S_4 9 -0.0700259 0.746662
neg_2S_5 7 -0.0653948 0.746469
neg_2S_5 10 -0.0655548 0.748708
neg_2S_6 8 -0.0664692 0.752786
neg_2S_6 11 -0.0632838 0.749366
neg_PS10G_1 1 -0.0409921 0.726688
neg_PS10G_1 8 -0.199707 0.865437
neg_PS10G_1 10 -0.123451 0.806015
neg_PS10G_2 1 -0.0337402 0.38231
neg_PS10G_2 7 -0.19582 0.862111
neg_PS10G_2 9 -0.141822 0.806479
neg_PS10G_2 11 -0.114128 0.788404
neg_PS5G_3 2 -0.122028 0.817309
neg_PS5G_4 7 -0.0858535 0.755101
neg_PS5G_4 9 -0.103035 0.768784
neg_PS5G_4 11 -0.103354 0.763725
neg_PS5G_5 3 -0.0912173 0.440529
neg_PS5G_5 8 -0.0817686 0.763614
neg_PS5G_6 3 -0.0933462 0.617141
neg_PS5G_6 10 -0.102808 0.764106
