mH_GeV  XS_pb   Err_Hi     Err_Lo Sca_Hi  Sca_Lo  Pdf_Hi  Pdf_Lo
 80.0 2.410 
 81.0 2.384 
 82.0 2.360 
 83.0 2.336 
 84.0 2.311 
 85.0 2.289 
 86.0 2.265 
 87.0 2.243 
 88.0 2.221 
 89.0 2.199 
 90.0 2.176 
 91.0 2.154 
 92.0 2.133 
 93.0 2.112 
 94.0 2.090 
 95.0 2.071 
 96.0 2.050 
 97.0 2.030 
 98.0 2.010 
 99.0 1.991 
100.0 1.971 
101.0 1.952 
102.0 1.934 
103.0 1.915 
104.0 1.897 
105.0 1.878 
106.0 1.860 
107.0 1.843 
108.0 1.826 
109.0 1.808 
110.0 1.791 
110.5 1.783 
111.0 1.775 
111.5 1.766 
112.0 1.758 
112.5 1.750 
113.0 1.742 
113.5 1.733 
114.0 1.725 
114.5 1.717 
115.0 1.709
115.5 1.701
116.0 1.693
116.5 1.686
117.0 1.678
117.5 1.670
118.0 1.661
118.5 1.654
119.0 1.647
119.5 1.639
120.0 1.632
120.5 1.624
121.0 1.617
121.5 1.609
122.0 1.602
122.5 1.595
123.0 1.588
123.5 1.580
124.0 1.573
124.5 1.566
125.0 1.559
125.5 1.552
126.0 1.544
126.5 1.539
127.0 1.531
127.5 1.524
128.0 1.517
128.5 1.511
129.0 1.504
129.5 1.497
130.0 1.490
130.5 1.483
131.0 1.477
131.5 1.470
132.0 1.463
132.5 1.458
133.0 1.451
133.5 1.444
134.0 1.439
134.5 1.432
135.0 1.425
135.5 1.419
136.0 1.413
136.5 1.407
137.0 1.401
137.5 1.395
138.0 1.388
138.5 1.382
139.0 1.376
139.5 1.370
140.0 1.365
141.0 1.352
142.0 1.341
143.0 1.329
144.0 1.317
145.0 1.306
146.0 1.295
147.0 1.284
148.0 1.272
149.0 1.261
150.0 1.251
151.0 1.240
152.0 1.229
153.0 1.218
154.0 1.208
155.0 1.197
156.0 1.187
157.0 1.176
158.0 1.166
159.0 1.155
160.0 1.146
162.0 1.136
164.0 1.123
165.0 1.115
166.0 1.106
168.0 1.088
170.0 1.070
172.0 1.052
174.0 1.035
175.0 1.026
176.0 1.017
178.0 1.000
180.0 0.982
182.0 0.967
184.0 0.9558
185.0 0.9496
186.0 0.9429
188.0 0.9286
190.0 0.9139
192.0 0.8998
194.0 0.8854
195.0 0.8783
196.0 0.8714
198.0 0.8574
200.0 0.8441
202.0 0.8309
204.0 0.8178
206.0 0.8051
208.0 0.7927
210.0 0.7805
212.0 0.7687
214.0 0.7568
216.0 0.7452
218.0 0.7340
220.0 0.7229
222.0 0.7120
224.0 0.7016
226.0 0.6913
228.0 0.6808
230.0 0.6707
232.0 0.6610
234.0 0.6513
236.0 0.6418
238.0 0.6326
240.0 0.6234
242.0 0.6144
244.0 0.6056
246.0 0.5969
248.0 0.5885
250.0 0.5802
252.0 0.5720
254.0 0.5640
256.0 0.5562
258.0 0.5484
260.0 0.5408
262.0 0.5333
264.0 0.5259
266.0 0.5187
268.0 0.5116
270.0 0.5047
272.0 0.4978
274.0 0.4910
276.0 0.4845
278.0 0.4780
280.0 0.4715
282.0 0.4652
284.0 0.4590
286.0 0.4530
288.0 0.4470
290.0 0.4716
295.0 0.4562
300.0 0.4408
305.0 0.4266
310.0 0.4131
315.0 0.3999
320.0 0.3875
325.0 0.3753
330.0 0.3637
335.0 0.3526
340.0 0.3422
345.0 0.3303
350.0 0.3200
360.0 0.3028
370.0 0.2896
380.0 0.2776
390.0 0.2660
400.0 0.2543
420.0 0.2317
440.0 0.2103
450.0 0.1751
460.0 0.1905
480.0 0.1724
500.0 0.1561
520.0 0.1414
540.0 0.1283
550.0 0.1038
560.0 0.1166
580.0 0.1062
600.0 0.09688
620.0 0.08861
640.0 0.08121
650.0 0.06397
660.0 0.07459
680.0 0.06865
700.0 0.06330
720.0 0.05853
740.0 0.05420
750.0 0.04058
760.0 0.05032
780.0 0.04682
800.0 0.04365
820.0 0.04078
840.0 0.03815
850.0 0.02632
860.0 0.03579
880.0 0.03363
900.0 0.03164
920.0 0.02986
940.0 0.02820
950.0 0.01719
960.0 0.02669
980.0 0.02524
1000.0 0.02399