0 0 0 -1.17771 6.06904 0 1.66096 -1.19489 7.1838 -1.58221 0 533.875 6426 497.178 6591
0 0 1 -0.899922 1.49788 0.00124395 2.41264 -0.922893 1.50146 -2.38673 -0.00107815 3700.41 21396 3728.26 21563
0 0 2 -0.899814 1.17359 1.17718 3.39995 -0.892679 1.19317 -3.37647 -1.19951 3349.31 15436 3341.48 15173
0 0 3 -0.840033 1.09975 2.19974 4.49791 -0.79561 1.09978 -4.44886 -2.20031 1356.01 6045 1419.8 6051
0 0 4 -0.772226 1.09908 3.20064 5.45556 -0.701498 1.0992 -5.57291 -3.17191 787.271 3322 739.219 3196
0 0 5 -0.79991 0.999994 4.20008 6.5998 -0.772254 0.999983 -6.66859 -4.20117 463.735 2003 427.639 1870
0 0 6 -0.692902 0.999907 5.1993 7.48415 -0.7878 0.999883 -7.4634 -5.2017 342.312 1324 336.367 1360
0 0 7 -0.721295 0.999886 6.30048 9.86389 -0.722606 1.00104 -8.39985 -6.15329 155.545 954 262.12 1015
0 0 8 -0.638785 0.999831 7.26307 9.47757 -0.641672 0.999747 -11.425 -7.30059 204.48 742 104.433 707
0 0 9 -0.65743 0.999742 8.22838 10.3997 -0.690412 0.999873 -10.2654 -8.30023 143.404 516 168.287 559
0 0 10 -0.705207 0.99984 9.30048 11.3052 -0.671702 0.999786 -11.2151 -9.30043 112.049 383 107.175 343
0 0 11 -0.768582 0.978167 10.1075 12.3542 -0.683111 0.988264 -12.2998 -10.2567 54.2743 213 67.0603 229
0 0 12 -0.77426 0.899913 11.3023 13.2763 -0.571043 0.999902 -13.2997 -11.129 31.4692 104 34.3096 117
0 0 13 -0.687377 0.999936 12.3001 14.0874 -0.792946 0.899964 -14.3994 -12.2137 16.9112 51 15.4042 57

0 1 0 0.301761 4.56812 -1.50236 1.5302 -2.48768 0.299968 -1.43564 1.39978 11270.5 145817 184.84 1461
0 1 1 -0.0976055 2.80744 0.111227 2.39984 -2.24031 1.94094 -2.40094 0.0727778 56593.3 376262 555.92 5750
0 1 2 0.0527177 2.39972 1.19824 3.40275 -2.0993 0.35832 -3.35339 -1.23917 39933.4 206615 1364.53 7090
0 1 3 0.0985227 2.27045 2.21703 4.40011 -1.9999 0.272208 -4.38091 -2.20018 20083.6 95226 467.419 2316
0 1 4 0.100061 2.17953 3.22243 5.39979 -1.99956 0.213375 -5.6965 -3.1715 11706.9 53006 196.862 1100
0 1 5 0.104057 2.10075 4.21029 6.40084 -1.88499 0.199837 -6.39267 -4.24151 7426.41 32482 130.663 586
0 1 6 0.151406 2.09999 5.29945 7.47533 -1.71511 0.199714 -8.61511 -5.30021 5398.46 22889 54.0376 343
0 1 7 0.204961 2.09956 6.30013 8.48064 -1.7648 0.273447 -10.9389 -6.40012 4040.73 16693 26.6995 247
0 1 8 0.145257 2.00091 7.24032 9.39989 -1.86618 0.18932 -9.35595 -7.40022 3043.37 12196 44.2787 178
0 1 9 0.0698275 2.00092 8.29938 10.3996 -1.7599 0.199797 -10.4854 -8.32592 2078.99 8432 38.28 162
0 1 10 0.13528 2.00102 9.29847 11.4088 -1.69986 0.272033 -11.372 -9.30009 1371.22 5399 27.6579 113
0 1 11 0.219282 1.99984 10.2987 12.3674 -1.89711 0.0836375 -12.4971 -10.4164 824.511 3037 18.6828 77
0 1 12 0.136691 1.99967 11.201 13.3022 -1.69967 -0.01067 -13.1 -11.4054 406.19 1590 15.3736 44
0 1 13 0.172507 1.99956 12.2725 14.3991 -1.39997 -0.10495 -14.9 -12.305 179.387 697 5.95134 20
0 1 14 0.100345 1.93169 13.2538 15.4848 -1.19997 -0.102475 -15.1998 -13.8023 67.5522 276 6.51994 10
0 1 15 0.300098 1.97104 14.3001 16.271 -1.59997 -0.202475 -15.8975 -14.5 35.5271 117 5.12027 10

0 2 0 1.08323 4.91131 -1.3995 1.37121 -7.07908 -1.00683 -0.89993 0.98623 20090.4 213088 79.5408 911
0 2 1 1.10051 3.89033 0.166352 2.39988 -9.02278 -0.90039 -2.42278 0.09961 96223.9 599587 15.2285 312
0 2 2 1.10027 3.51267 1.20008 3.38894 -3.08169 -0.900644 -3.32146 -1.40014 64607.1 341152 245.794 1030
0 2 3 1.0997 3.36625 2.22405 4.3994 -3.14786 -1.00018 -4.19944 -2.25688 34451 169862 151.486 632
0 2 4 1.06041 3.27386 3.23514 5.4007 -3.09325 -0.93825 -5.27772 -3.30007 19333.6 92673 42.2353 180
0 2 5 1.0557 3.19942 4.29861 6.45789 -3.0988 -0.9228 -6.07624 -4.40006 11425.6 52888 26.3204 96
0 2 6 1.00046 3.10141 5.29975 7.44239 -2.69762 -1.01162 -7.19972 -5.31372 7780.17 35023 17.6112 56
0 2 7 1.02553 3.09997 6.22878 8.4003 -2.99876 -1.00701 -8.39975 -6.408 5870.98 26447 8.31849 33
0 2 8 1.00042 3.05756 7.30223 9.39961 -2.49935 -0.906597 -9.19884 -7.60609 4442.82 19169 11.4315 29
0 2 9 1.0002 3.04799 8.30012 10.3976 -2.39109 -0.90003 -10.0999 -8.40891 3028.32 13007 14.2779 36
0 2 10 1.00025 3.05186 9.29194 11.4005 -2.79208 -1.00003 -11.298 -9.50204 1948.26 8428 9.94243 32
0 2 11 1.0001 3.03933 10.2169 12.3999 -2.49332 -1.00002 -12.1999 -10.6067 1051.99 4683 11.3484 27
0 2 12 1.03302 2.9997 11.3 13.4829 -2.59579 -1.30002 -12.9999 -11.5042 561.12 2409 8.77125 17
0 2 13 1.01948 2.99974 12.3001 14.3854 -2.49998 -0.903217 -14.4997 -12.503 251.614 1039 4.07735 13
0 2 14 0.99702 2.99967 13.3002 15.203 -2.79992 -1.20117 -15.1 -14.0012 102.873 392 2.84636 5
0 2 15 1.20017 2.96659 14.4001 16.1833 -2.59989 -0.902137 -15.6 -14.9011 42.8593 135 7.58524 9

0 3 0 2.18281 7.93015 -1.29994 1.25212 -10.0586 -2.3003 -0.80248 0.91352 5645.91 82812 55.2833 736
0 3 1 2.2572 4.79971 0.118864 2.30138 -4.69986 -2.42797 -2.07203 0.0998588 60968.9 338320 22.9009 113
0 3 2 2.2001 4.51486 1.19925 3.36448 -4.39594 -2.02719 -3.16906 -1.30016 49334.8 247266 28.236 125
0 3 3 2.19962 4.39369 2.2004 4.36466 -4.08342 -2.10013 -4.17513 -2.30008 28208.9 133951 54.0503 201
0 3 4 2.10034 4.23852 3.24357 5.40032 -3.98789 -2.10064 -5.29994 -3.31262 17154.8 79110 13.598 51
0 3 5 2.10039 4.18746 4.2421 6.40122 -3.8988 -2.3048 -5.99997 -4.30594 10509.4 47358 8.88795 24
0 3 6 2.10022 4.16739 5.30032 7.39689 -3.49936 -2.10311 -7.29992 -5.80367 7558.21 32757 7.17999 15
0 3 7 2.10011 4.14908 6.30007 8.43826 -3.59999 -2.10371 -7.79999 -6.20371 5632.16 24675 6.28018 15
0 3 8 2.06379 4.10107 7.30012 9.39811 -3.09827 -2.20001 -8.79998 -7.60173 4241.96 18131 6.50353 7
0 3 9 2.08166 4.09966 8.30041 10.3936 -2.99998 -2.10173 -9.89999 -8.90173 2957.28 12492 7.80652 7
0 3 10 2.0684 4.09938 9.30033 11.3973 -3.19999 -2.70124 -11 -10.1012 1870.9 7968 11.1543 5
0 3 11 2.00172 3.99992 10.2658 12.3997 -3.39995 -2.0007 -11.9 -10.9007 1058.86 4515 2.14561 3
0 3 12 2.01957 4.00029 11.2451 13.3993 -2.99999 -2.40124 -12.6988 -12.1 539.261 2301 13.9466 5
0 3 13 2.01572 4.00044 12.3009 14.1965 -2.99992 -2.20142 -14.1 -13.2015 278.562 1048 8.36293 6
0 3 14 2.10017 3.99885 13.2005 15.2983 -3.89992 -2.60142 -14.6 -13.7015 104.948 418 5.1427 6
0 3 15 2.01708 3.99988 14.4 16.0658 -3.79998 -2.20098 -15.899 -15.2 41.7808 138 3.57875 4

0 4 0 3.23349 11.4788 -1.23353 1.19967 -10.1636 -3.40069 -0.599311 0.863627 313.669 6293 55.6916 551
0 4 1 3.22732 5.79943 0.229085 2.30018 -8.6755 -3.40012 -2.2755 -1.76786e-05 10288.9 54810 8.24725 99
0 4 2 3.20036 5.58389 1.20008 3.29682 -5.39996 -3.40742 -3.19917 -1.40667 12640.8 63174 8.39954 30
0 4 3 3.20026 5.33154 2.20043 4.30123 -4.99988 -3.21163 -3.99994 -2.51163 8396.61 37595 17.6594 47
0 4 4 3.15734 5.20145 3.20057 5.31551 -4.89554 -3.30001 -4.89995 -3.20445 5965.3 25789 6.6538 18
0 4 5 3.10066 5.12104 4.28785 6.39979 -4.99997 -3.20247 -6.19997 -4.80247 4331.67 18483 3.98088 10
0 4 6 3.10016 5.01928 5.30025 7.39746 -4.69827 -3.80001 -6.59993 -5.50168 3508.01 14119 7.0957 7
0 4 7 3.10013 5.02831 6.28855 8.39994 -4.39998 -3.40073 -7.49999 -6.90074 2780.55 11320 5.01002 3
0 4 8 3.09203 4.99985 7.26881 9.39969 -4.29995 -3.20145 -8.69995 -7.80145 2112.74 8589 6.07901 6
0 4 9 3.10001 5.01606 8.22888 10.4007 -4.19998 -3.40073 -9.99998 -9.30074 1480.07 6159 5.36792 3
0 4 10 3.08728 4.99971 9.30022 11.3604 -inf inf -inf inf 0 0 0 0
0 4 11 3.00075 4.902 10.299 12.3792 -3.89999 -3.80024 -11.7 -11.6002 606.83 2400 100.502 1
0 4 12 3.00083 4.9911 11.2655 13.401 -3.69999 -3.40049 -12.8 -11.6005 310.571 1320 5.56715 2
0 4 13 3.0005 4.9255 12.3005 14.3255 -3.39999 -3.30024 -12.4 -12.3002 154.433 602 100.502 1
0 4 14 3.1002 4.84159 13.3001 15.2708 -3.39999 -3.30024 -14.1 -14.0002 68.7711 236 100.502 1

0 5 0 4.41174 11.8997 -1.39949 1.37653 -11.6995 -4.39355 -0.699811 0.806445 43.201 898 34.3491 378
0 5 1 4.20119 10.2538 0.00095575 2.3282 -9.39858 -4.61883 -2.18998 -3.375e-05 271.406 3823 7.73833 81
0 5 2 4.20071 6.75368 1.20151 3.1999 -5.79993 -4.50168 -2.79995 -1.3017 1690.96 8627 3.59878 7
0 5 3 4.20039 6.5079 2.2002 4.27292 -5.69998 -4.30297 -3.99955 -2.40255 816.044 3903 5.37867 12
0 5 4 4.20007 6.3361 3.2003 5.28184 -5.79999 -4.20247 -4.99997 -3.40247 533.936 2374 3.91846 10
0 5 5 4.10054 6.24511 4.29961 6.38014 -6.09999 -5.00049 -5.39999 -5.20049 339.097 1513 9.11784 2
0 5 6 4.10026 6.11016 5.24096 7.29992 -5.39993 -4.50093 -6.49993 -5.60093 273.059 1130 4.94926 4
0 5 7 4.1003 6.03182 6.30003 8.35384 -4.7 -4.60025 -8 -7.90025 240.737 955 100.502 1
0 5 8 4.09925 6.05038 7.3005 9.30174 -5.69999 -4.70074 -8.39998 -7.60073 203.346 794 3.75634 3
0 5 9 4.10013 5.9708 8.2608 10.4008 -5.2 -5.10025 -9.99999 -9.90024 159.871 640 100.502 1
0 5 10 4.01183 6.09972 9.30042 11.2384 -inf inf -inf inf 0 0 0 0
0 5 11 4.10008 5.8802 10.2624 12.3824 -5.1 -5.00025 -11.6 -11.5002 84.7939 320 100.502 1
0 5 12 4.0275 5.9775 11.3085 13.2585 -inf inf -inf inf 0 0 0 0

0 6 0 5.68061 11.9161 -1.0194 1.2161 -11.3864 -5.55812 -0.799641 0.828968 47.2041 658 30.2362 287
0 6 1 5.17673 11.8992 0.000110714 2.26164 -11.395 -5.50974 -1.3927 -2.95e-05 20.3906 310 7.19845 59
0 6 2 5.32125 7.89625 1.27125 3.29925 -8.79987 -5.80312 -3.3999 -1.20315 287.241 1500 1.97475 13
0 6 3 5.11987 7.59971 2.2002 4.24073 -7.19997 -5.90147 -3.99851 -2.80001 174.5 883 3.85539 6
0 6 4 5.3002 7.57352 3.20027 5.32055 -6.79999 -5.20148 -4.79995 -3.70145 66.5964 321 3.41693 6
0 6 5 5.12783 7.17533 4.35198 6.1999 -6.79999 -5.60124 -5.99999 -4.80124 55.5025 210 3.47947 5
0 6 6 5.20016 7.16931 5.23069 7.19985 -6.89993 -5.70093 -7.29993 -5.80093 31.9788 124 2.22556 4
0 6 9 5.20008 6.9755 8.40025 10.1755 -6.99999 -6.00049 -9.69999 -9.1005 31.4106 99 3.33778 2

0 7 0 6.63112 11.9339 -0.887358 0.515392 -11.892 -6.34526 -0.599734 0.747283 52.296 389 28.5081 213
0 7 1 6.50247 11.688 7.25e-05 2.18565 -9.89987 -6.41336 -1.78663 -6.75e-05 5.11767 58 8.66931 54
0 7 2 6.31856 9.96056 1.45742 3.19986 -8.29996 -6.70196 -2.69998 -1.50198 36.5588 232 4.17885 8
0 7 3 6.2416 8.57109 2.21058 4.24007 -11.2 -6.50073 -4.39998 -3.00073 59.6482 282 0.456244 3

0 8 0 7.71145 11.8512 -1.06566 0.874092 -11.6641 -7.60018 -0.693837 0.869913 30.0122 241 22.8168 145

0 9 0 8.94034 11.7998 -0.699796 1.05966 -11.798 -8.43102 -0.88812 0.87888 32.3986 163 22.1868 132

0 10 0 9.8001 11.9847 -0.78171 0.98729 -11.899 -9.91852 -0.680695 0.699902 32.0872 124 28.5268 78


1 0 0 -0.760141 0.699877 7.04534e-06 0.808377 -0.753411 0.701016 -0.79895 -7.02384e-06 4.89598e+06 5778405 4.98663e+06 5794486
1 0 1 -0.999415 0.903583 1.61151e-05 1.666 -0.998099 0.904933 -1.65875 -1.59395e-05 355594 1127362 356236 1124507
1 0 2 -1.02099 1.09994 1.10097 3.23557 -1.09956 1.01004 -3.23006 -1.10046 1978.86 8959 1976.81 8881
1 0 3 -0.999851 0.996362 2.20037 4.28224 -0.985674 0.999776 -4.28605 -2.20064 525.282 2183 555.974 2302
1 0 4 -0.979417 0.899906 3.26088 5.49919 -0.903812 0.927437 -5.25823 -3.20034 154.522 650 179.115 675
1 0 5 -0.89985 0.82575 4.27425 6.39963 -0.97219 0.95056 -6.47219 -4.24944 81.7985 300 72.3011 309
1 0 6 -0.88875 0.97375 5.50005 7.16288 -0.871043 0.799903 -7.29678 -5.42603 48.4339 150 37.429 117
1 0 7 -0.799957 0.874508 6.30386 8.47811 -0.896153 0.883598 -8.29858 -6.41883 28.2912 103 24.2117 81

1 1 0 -1.33492 1.3958 7.64725e-06 0.943911 -1.39807 1.34042 -0.936085 -7.62927e-06 1.08496e+06 2796509 1.0915e+06 2798005
1 1 1 -0.533576 2.10121 -0.101845 2.04309 -2.10272 0.551917 -2.02198 -3.02477e-05 108459 612954 102156 548325
1 1 2 -0.200204 2.22489 1.11479 3.29962 -2.25108 0.199807 -3.2999 -1.13759 4019.49 21297 4018.98 21299
1 1 3 -0.100189 2.19587 2.18678 4.32953 -2.13408 0.199942 -4.30508 -2.18354 1173.6 5774 1124.65 5569
1 1 4 -0.185602 2.07352 3.19965 5.45895 -2.09999 0.130944 -5.40951 -3.19763 363.242 1854 386.053 1905
1 1 5 -0.166708 2.00013 4.13396 6.43421 -1.99967 0.101505 -6.30075 -4.20067 160.305 799 181.751 802
1 1 6 -0.10009 2.09845 5.30015 7.29934 -1.94926 0.0996583 -7.48052 -5.28303 93.736 412 91.0605 410
1 1 7 -0.188505 2.05099 6.2115 8.35099 -1.9998 0.1406 -8.2703 -6.5001 50.5071 242 63.3423 240
1 1 8 -0.0997963 1.95966 7.40774 9.46699 -1.78082 0.0998708 -9.39651 -7.33526 38.435 163 39.9838 155
1 1 9 -0.176487 1.89992 8.30119 10.3774 -1.89943 0.08157 -10.3856 -8.40456 22.0359 95 19.3662 76

1 2 0 1.00169 10.7654 -1.69897 1.76104 -10.4872 -0.99788 -1.82153 1.39807 139.835 4724 160.187 4894
1 2 1 1.00021 3.61957 0.199623 2.39594 -3.67251 -0.998981 -2.30108 -0.100201 3698.45 21277 3588.64 21116
1 2 2 1.00059 3.38407 1.19037 3.30032 -3.39971 -1.0166 -3.30808 -1.10127 2238.8 11259 2122.42 11162
1 2 3 0.99994 3.24984 2.20066 4.32642 -3.24735 -1.00005 -4.31475 -2.20053 879.829 4208 904.81 4299
1 2 4 1.00016 3.16351 3.20051 5.36936 -3.33468 -0.976803 -5.40009 -3.26148 336.32 1578 304.804 1537
1 2 5 1.00032 3.00459 4.29252 6.39989 -3.15728 -1.00004 -6.31611 -4.20062 182.54 771 162.81 743
1 2 6 0.998257 2.99975 5.24913 7.39967 -3.0505 -0.900333 -7.201 -5.30033 92.2335 397 97.8773 400
1 2 7 0.941255 2.9855 6.40008 8.34481 -3.03837 -0.900207 -8.43837 -6.4001 56.0934 223 57.1343 249
1 2 8 1.00179 3.16604 7.40009 9.56461 -2.96609 -0.900343 -9.39109 -7.42535 30.5258 143 33.7376 137
1 2 9 1.01733 2.79997 8.50665 10.4891 -2.88985 -1.10005 -10.0797 -8.4001 19.8071 70 27.2774 82
1 2 10 0.91083 2.89658 9.40007 11.2859 -2.89767 -0.909922 -11.2958 -9.30809 15.2212 57 12.4015 49

1 3 0 2.22177 11.727 -2.29872 1.7098 -11.8055 -2.30131 -2.22533 2.28167 40.3392 1537 36.6988 1572
1 3 1 2.10408 8.38923 0.00101917 2.41487 -9.25414 -2.10301 -2.44404 -0.00120375 322.448 4892 275.63 4815
1 3 2 2.16607 4.69998 1.20028 3.32344 -4.59912 -2.18581 -3.32999 -1.20017 963.955 5186 1007.99 5181
1 3 3 2.1006 4.33677 2.20055 4.34325 -4.54645 -2.10005 -4.322 -2.20003 550.564 2638 514.912 2673
1 3 4 2.04732 4.29972 3.23904 5.29993 -4.33442 -2.10043 -5.27554 -3.30016 254.849 1183 271.699 1199
1 3 5 2.03198 4.19999 4.28118 6.39918 -4.19561 -2.11049 -6.27105 -4.1008 142.862 656 140.987 638
1 3 6 2.00784 4.16172 5.21568 7.42343 -4.1062 -2.10019 -7.382 -5.27675 77.599 369 89.7435 379
1 3 7 2.11381 4.09564 6.40409 8.27684 -4.08325 -2.10013 -8.29391 -6.21929 58.7367 218 49.3408 203
1 3 8 1.94059 4.0998 7.24059 9.29992 -4.1656 -2.00017 -9.2828 -7.40012 36.8828 164 34.0953 139
1 3 9 2.10702 3.98752 8.50007 10.1807 -4.098 -2.02025 -10.278 -8.40011 24.6802 78 22.8104 89

1 4 0 3.33828 11.8887 -1.82344 2.07731 -11.9728 -3.49951 -1.96066 1.79884 35.889 1197 35.2844 1124
1 4 1 3.37888 11.0989 0.00083 2.82481 -11.6341 -3.1426 -3.14879 -0.00101417 106.599 2324 91.0609 2434
1 4 2 3.1999 5.88345 1.19191 3.39919 -5.88182 -3.20113 -3.38658 -1.19966 449.745 2664 463.628 2718
1 4 3 3.20013 5.53026 2.20023 4.28462 -5.55188 -3.10133 -4.33327 -2.20001 337.871 1641 306.257 1601
1 4 4 3.10597 5.47672 3.205 5.3995 -5.38826 -3.10588 -5.38295 -3.20039 166.839 868 188.901 941
1 4 5 3.20013 5.47317 4.29965 6.37189 -5.29934 -3.13019 -6.36981 -4.30026 108.485 511 117.171 526
1 4 6 3.01106 5.23731 5.31106 7.43731 -5.22105 -3.10027 -7.32105 -5.3008 62.3209 295 74.4543 319
1 4 7 3.13382 5.18932 6.30022 8.35595 -5.07153 -3.11978 -8.28625 -6.31037 42.1248 178 50.0465 193
1 4 8 3.03168 5.09984 7.20096 9.46896 -5.17724 -2.90799 -9.29862 -7.31399 27.2887 128 27.3114 123
1 4 9 3.30204 4.98353 8.40009 10.2817 -4.99991 -3.21807 -10.0922 -8.2104 23.3889 74 21.7717 73

1 5 0 4.50098 11.8993 -1.66105 1.53395 -11.999 -4.49899 -1.79975 1.69983 34.6904 820 30.6322 804
1 5 1 4.30197 11.5109 0.000786 2.81093 -11.3999 -4.20405 -2.76651 -0.100193 77.5981 1572 84.3304 1618
1 5 2 4.30097 8.11514 1.20015 3.45616 -9.60227 -4.301 -3.60113 -1.2005 180.713 1555 126.273 1607
1 5 3 4.14193 6.66242 2.21048 4.29061 -6.78406 -4.24031 -4.2997 -2.25321 213.239 1118 206.502 1075
1 5 4 4.2046 6.4766 3.22808 5.40016 -6.58144 -4.23344 -5.39949 -3.27524 126.445 624 121.899 608
1 5 5 4.15926 6.35151 4.30377 6.29993 -6.4505 -4.20025 -6.301 -4.30033 98.49 431 88.8494 400
1 5 6 4.16559 6.39934 5.26559 7.49934 -6.29971 -4.05816 -7.34184 -5.20029 53.1101 265 48.9546 235
1 5 7 4.30008 6.17995 6.20608 8.36557 -6.19979 -4.14109 -8.38672 -6.32822 39.9056 162 39.1708 166
1 5 8 4.20009 6.18664 7.30009 9.37327 -6.17451 -4.20013 -9.39614 -7.32189 26.2234 108 25.1504 103
1 5 9 4.2004 6.18715 8.3004 10.0871 -5.99994 -4.2094 -10.2856 -8.20456 14.9303 53 20.3967 76

1 6 0 5.7495 11.7998 -1.39975 1.3505 -11.7994 -5.4476 -1.47174 1.45389 36.0583 600 32.0184 595
1 6 1 5.39954 11.9115 0.0041475 3.0159 -11.9103 -5.6003 -2.92255 -0.00140125 56.3927 1106 60.8164 1121
1 6 2 5.40131 11.4401 1.16125 3.67375 -11.1776 -5.30082 -3.62761 -1.10082 69.2041 1050 66.6021 989
1 6 3 5.30044 7.663 2.22636 4.38849 -7.66484 -5.4002 -4.43021 -2.20043 137.623 703 135.85 686
1 6 4 5.31042 7.59467 3.24399 5.42823 -7.67526 -5.20063 -5.29973 -3.2126 92.7972 463 97.5821 504
1 6 5 5.2004 7.52179 4.30026 6.52179 -7.32204 -5.20039 -6.46102 -4.30026 61.2754 316 68.712 315
1 6 6 5.30451 7.278 5.30018 7.44753 -7.39236 -5.15111 -7.29971 -5.25816 50.0259 212 51.3593 235
1 6 7 5.20015 7.27005 6.51119 8.19607 -7.29148 -5.22424 -8.39989 -6.31621 34.6951 121 30.4122 131
1 6 8 5.30013 7.17401 7.20289 9.37664 -7.09487 -5.22187 -9.39987 -7.32673 25.7773 105 27.8137 108
1 6 9 5.10012 7.18837 8.40006 10.3884 -6.98515 -5.20007 -10.1999 -8.31485 11.3196 47 17.8304 60

1 7 0 6.60008 11.8969 -1.19778 1.39948 -11.9997 -6.70643 -1.28176 1.36124 30.0205 413 32.5944 456
1 7 1 6.40102 11.4986 0.100047 2.47912 -11.8475 -6.50016 -2.54815 -0.000685833 67.5319 819 60.4158 823
1 7 2 6.40087 11.4285 1.17276 3.79984 -11.1991 -6.38166 -3.39954 -1.18258 52.4685 693 68.7264 734
1 7 3 6.40063 9.17576 2.12385 4.59834 -8.89977 -6.34103 -4.29965 -2.27004 73.1027 502 108.988 566
1 7 4 6.23468 9.04342 3.29034 5.2997 -8.68859 -6.37634 -5.29978 -3.28687 64.6729 365 75.4134 351
1 7 5 6.24848 8.57922 4.26163 6.49238 -8.49332 -6.15407 -6.33986 -4.40009 53.2762 277 53.5524 243
1 7 6 6.20023 8.5552 5.40023 7.4552 -8.45842 -6.30014 -7.29538 -5.23738 37.4012 181 37.823 168
1 7 7 6.12921 8.19985 6.32921 8.19994 -8.6708 -6.4001 -8.5708 -6.30015 30.4623 118 22.8862 118
1 7 8 6.22203 8.29989 7.40011 9.27797 -8.17624 -6.20012 -9.2994 -7.4114 22.8092 89 25.731 96
1 7 9 6.30075 8.28575 8.50008 10.2852 -8.28862 -6.40006 -10.3886 -8.70006 16.933 60 14.4249 46

1 8 0 7.77079 11.9996 -1.22921 1.09986 -11.8996 -7.48019 -1.09973 1.25991 29.0376 286 31.0697 324
1 8 1 7.47384 11.9396 0.100268 2.33355 -11.9951 -7.46522 -2.38058 -0.000350625 53.844 537 52.0306 561
1 8 2 7.30066 11.7698 1.13024 3.29958 -11.0908 -7.41632 -3.29192 -1.10031 54.2542 526 62.3366 502
1 8 3 7.31791 11.6237 2.21791 4.42366 -11.7226 -7.52184 -4.39529 -2.2201 39.695 377 43.4477 397
1 8 4 7.40809 9.84584 3.23548 5.47323 -10.429 -7.40036 -5.48637 -3.35812 45.6456 249 44.5262 287
1 8 5 7.40016 9.75347 4.30047 6.25347 -9.55416 -7.40567 -6.44901 -4.30026 40.9049 188 44.6215 206
1 8 6 7.30013 9.58144 5.30019 7.36288 -9.49268 -7.22318 -7.39969 -5.2302 31.8767 150 24.7782 122
1 8 7 7.22114 9.59739 6.40012 8.37649 -9.39989 -7.12104 -8.27896 -6.30011 20.2285 95 18.849 85
1 8 8 7.20315 9.68465 7.40009 9.38169 -9.19898 -7.21598 -9.29994 -7.31683 15.0488 74 17.2917 68

1 9 0 8.53157 11.9781 -0.973517 1.09982 -11.9909 -8.64461 -1.09086 1.15539 29.9478 214 28.6037 215
1 9 1 8.80045 11.9109 0.0135 2.3235 -11.8997 -8.54764 -2.28973 -0.121817 50.1034 360 52.9797 385
1 9 2 8.50424 11.7195 1.20028 3.3161 -11.9848 -8.47408 -3.38483 -1.17408 49.8319 339 45.9969 357
1 9 3 8.60031 11.1391 2.30015 4.33912 -11.8265 -8.40037 -4.52649 -2.30012 47.5222 246 38.9365 297
1 9 4 8.40285 11.3459 3.32166 5.39316 -11.0921 -8.54463 -5.27217 -3.22468 37.399 228 40.2607 210
1 9 5 8.33787 10.7998 4.30727 6.46902 -10.9619 -8.50013 -6.29422 -4.33273 28.748 153 31.8924 154
1 9 6 8.30027 10.4733 5.30014 7.27327 -10.3999 -8.42772 -7.09993 -5.22772 25.1888 108 30.3337 112
1 9 7 8.4002 10.48 6.50005 8.47995 -10.3797 -8.4001 -8.19733 -6.41783 19.6712 81 23.2776 82
1 9 8 8.40016 10.2842 7.41584 9.09995 -10.1999 -8.31411 -9.18589 -7.50007 20.1711 64 17.9293 57

1 10 0 9.73812 11.9999 -1.09711 0.983637 -11.9999 -10.0199 -0.995707 0.990877 32.7227 154 40.9323 161
1 10 1 9.80015 11.9802 0.20015 2.1703 -11.9999 -9.76682 -2.03317 -0.100337 55.8786 240 62.555 270
1 10 2 9.35915 11.9999 1.2003 3.24085 -11.9998 -9.66361 -3.3682 -1.20011 44.3525 239 50.7388 257
1 10 3 9.60251 11.9746 2.20028 4.34481 -11.9893 -9.64556 -4.29466 -2.22278 43.8365 223 46.3348 225
1 10 4 9.34059 11.7999 3.34059 5.39959 -11.7977 -9.34394 -5.29988 -3.34579 32.3873 164 38.5829 185
1 10 5 9.50011 11.8683 4.40048 6.18448 -11.7817 -9.51271 -6.36931 -4.30015 30.2966 128 26.4116 124
1 10 6 9.30119 11.4774 5.40012 7.57649 -11.5995 -9.32377 -7.19988 -5.22401 20.0578 95 21.5719 97
1 10 7 9.60005 11.3849 6.40008 8.1849 -11.5999 -9.40891 -8.38218 -6.50005 19.1484 61 17.4598 72


