0 0 0 -1.13926 4.69766 0 1.72349 -1.19563 5.234 -1.64467 0 345.034 3471 330.888 3499
0 0 1 -0.998726 1.41912 0.301514 2.45614 -0.912195 1.50024 -2.4675 -0.298795 3085.29 16073 3089.15 16162
0 0 2 -0.978215 1.09999 1.19874 3.31753 -0.905876 1.19964 -3.2967 -1.20017 2596.47 11433 2539.49 11210
0 0 3 -0.902631 1.09985 2.12378 4.30087 -0.843929 1.09927 -4.27817 -2.20027 727.134 3170 793.009 3202
0 0 4 -0.854213 0.999837 3.20046 5.26264 -0.815029 1.00019 -5.30019 -3.21749 290.319 1110 285.406 1079
0 0 5 -0.860153 0.999732 4.12576 6.34526 -0.825998 0.999893 -5.96188 -4.23663 78.0036 322 94.9171 299
0 0 6 -0.699575 0.896175 5.30003 6.59369 -0.897435 0.989065 -6.69905 -5.21256 24.705 51 19.2563 54

0 1 0 -1.53304 4.79764 0.000135853 1.53245 -1.70806 4.71944 -1.52759 -0.000132282 5332.97 51733 5254.77 51590
0 1 1 -0.0987989 2.85603 0.140271 2.39985 -2.11378 1.89866 -2.40881 -9.34783e-05 39817.5 265848 554.796 5362
0 1 2 0.000914554 2.38543 1.20009 3.3921 -2.09999 0.308628 -3.29997 -1.20245 24300.1 127014 1377.44 6959
0 1 3 0.000133412 2.21997 2.20029 4.35893 -1.99964 0.261784 -4.28802 -2.19865 8592.14 41172 451.434 2133
0 1 4 0.055745 2.19969 3.20022 5.28846 -1.99681 0.200007 -5.3064 -3.11915 3174.17 14211 177.108 851
0 1 5 0.0124081 2.10021 4.20072 6.17712 -2.01956 0.199729 -6.05978 -4.20027 833.91 3441 78.7536 325
0 1 6 0.00749125 1.99996 5.11959 6.90434 -1.78849 0.092005 -6.89941 -5.30916 129.638 461 26.0829 78

0 2 0 1.10238 4.58216 -1.39885 1.36267 -3.82278 -1.20039 -1.15398 1.16802 17570.9 168847 51.2383 312
0 2 1 1.10145 3.85689 0.177608 2.39924 -9.0453 -0.900276 -2.28177 -3.45313e-05 74479 455927 11.8915 221
0 2 2 1.10668 3.49932 1.20016 3.38093 -3.07514 -0.900631 -3.29985 -1.41712 43568 227330 246.457 1009
0 2 3 1.09965 3.30838 2.20008 4.35197 -3.14959 -1.00017 -4.19959 -2.25194 18938.6 90014 145.951 611
0 2 4 1.09952 3.24747 3.21644 5.29998 -3.09333 -0.932578 -5.28057 -3.30007 7491.7 33528 36.6876 157
0 2 5 1.10018 3.17982 4.20071 6.10596 -3.08029 -0.901037 -6.07946 -4.40007 1970.1 7806 22.6788 83
0 2 6 1.12143 3.09979 5.13557 7.12632 -2.6999 -1.0099 -6.89997 -5.40495 212.522 837 15.8317 40

0 3 0 2.19031 6.12443 -1.26949 1.29996 -9.04926 -2.30017 -0.849263 0.999487 5360.42 54186 16.4297 205
0 3 1 2.20156 4.80402 0.198534 2.3176 -4.69993 -2.41435 -2.09782 0.087675 43298.3 238780 11.6113 58
0 3 2 2.20022 4.55367 1.16966 3.30163 -4.39537 -2.02262 -3.19537 -1.32262 30882.4 154952 24.5298 109
0 3 3 2.19952 4.39323 2.20024 4.30928 -4.08531 -2.10011 -4.17797 -2.30009 13846.6 64063 47.747 178
0 3 4 2.10503 4.19984 3.22464 5.29951 -3.99868 -2.10968 -5.29994 -3.31089 5899.51 25642 11.7105 44
0 3 5 2.10037 4.1089 4.20028 6.14522 -3.7999 -2.40315 -5.99984 -4.30309 1620.13 6329 5.48538 13
0 3 6 2.14489 4.09959 5.20064 7.01091 -3.19997 -2.10272 -6.79999 -5.80272 215.908 764 10.0525 11

0 4 0 3.2001 10.7641 -1.29983 1.25723 -9.75842 -3.50011 -0.59979 0.95842 159.708 3089 17.2276 168
0 4 1 3.20041 5.80061 0.399664 2.345 -8.68515 -3.40007 -2.28515 -3e-05 8143.32 41191 4.96811 60
0 4 2 3.20077 5.6455 1.20003 3.29224 -5.39997 -3.40569 -3.19971 -1.40546 8206.23 41974 6.42775 23
0 4 3 3.20003 5.45102 2.20016 4.28673 -4.9962 -3.2062 -3.99995 -2.5099 3480.86 16349 14.9971 40
0 4 4 3.16352 5.30075 3.20049 5.25983 -4.89653 -3.30001 -4.89993 -3.20343 1505.93 6628 5.16891 14
0 4 5 3.10054 5.24029 4.20013 6.22971 -4.99999 -4.00074 -5.19999 -4.80074 444.415 1930 7.51973 3
0 4 6 3.20882 5.08732 5.12645 7.06194 -4.69999 -4.40049 -6.59999 -5.60049 70.9603 258 6.68114 2

0 5 0 4.31876 11.92 -1.28124 1.42001 -11.683 -4.31179 -0.699942 0.871538 19.2374 395 9.92768 115
0 5 1 4.20156 7.8746 0.139272 2.40029 -6.69995 -4.61015 -2.19938 -0.009635 450.22 3739 8.95951 41
0 5 2 4.2482 6.7995 1.19893 3.20118 -5.79997 -4.50147 -2.69992 -1.30142 1630.86 8331 3.30405 6
0 5 3 4.2006 6.53024 2.19946 4.27578 -5.69996 -4.30196 -3.89998 -2.40198 674.165 3261 3.82007 8
0 5 4 4.20051 6.31544 3.13573 5.24997 -5.39999 -4.20124 -4.89984 -3.40109 319.58 1429 2.78299 5
0 5 5 4.20018 6.29451 4.20579 6.24142 -6.09999 -5.00049 -5.39999 -5.20049 120.8 515 9.11784 2

0 6 0 5.63135 11.8743 -1.08176 1.26124 -9.19909 -5.51734 -0.781932 0.799909 15.5872 228 12.5345 73
0 6 1 5.10751 11.8393 0.000170625 2.26622 -11.3999 -5.90619 -1.39997 -0.0061875 17.8964 273 3.26495 25
0 6 2 5.30124 7.86623 1.27054 3.29982 -7.39996 -5.80196 -2.89998 -1.20198 285.297 1485 2.94833 8
0 6 3 5.11519 7.5994 2.2002 4.24259 -6.29999 -5.90049 -3.69999 -3.10049 171.078 868 8.35072 2
0 6 4 5.30025 7.56362 3.20025 5.32724 -6.79999 -5.90049 -4.09995 -3.70045 61.0697 294 5.5656 2
0 6 5 5.34133 7.09979 4.34133 6.1999 -inf inf -inf inf 0 0 0 0

0 7 0 6.82114 11.9974 -0.898813 0.577438 -11.8955 -6.408 -0.599938 0.387625 12.4322 95 9.22637 50
0 7 2 6.30497 9.94972 1.4547 3.19986 -7.89999 -6.90124 -2.39992 -1.60117 34.7447 221 6.26762 5
0 7 3 6.22168 8.55393 2.23726 4.26951 -8.29996 -6.50047 -3.19999 -3.00049 57.1764 271 5.57103 2

0 8 0 7.70117 11.5844 -0.998492 0.884758 -11.6999 -7.61064 -0.697957 0.891293 9.1616 67 6.61656 43




1 0 0 -0.798542 0.723871 6.92992e-06 0.84014 -0.799446 0.718684 -0.830987 -6.92128e-06 3.61621e+06 4625237 3.67907e+06 4641275
1 0 1 -0.998233 0.940836 1.67676e-05 1.69041 -0.998732 0.940509 -1.68445 -1.65591e-05 288345 945135 288613 942763
1 0 2 -1.0244 1.09995 1.10088 3.22141 -1.10012 1.00015 -3.19939 -1.10332 1787.66 8053 1814.96 7990
1 0 3 -1.01753 0.999405 2.19996 4.29173 -0.999717 0.980887 -4.22386 -2.20054 394.883 1666 431.952 1731
1 0 4 -0.899508 0.899744 3.20148 5.29949 -0.96029 0.93521 -5.26551 -3.20026 108.613 410 106.777 418
1 0 5 -0.899907 0.853718 4.20047 6.35372 -0.899829 0.849263 -6.49641 -4.24766 49.5234 187 52.1195 205
1 0 6 -0.799937 0.975002 5.50005 7.175 -0.778467 0.799891 -7.29978 -5.42153 33.9731 101 29.3468 87
1 0 7 -0.799964 0.78218 6.30162 8.38362 -0.898863 0.884888 -8.19996 -6.61609 21.8578 72 23.007 65

1 1 0 -1.40344 1.45451 7.58249e-06 0.967239 -1.46333 1.40541 -0.960834 -7.57817e-06 816393 2256760 819431 2258656
1 1 1 -0.567027 2.10025 -0.0999906 2.05323 -2.1024 0.586025 -2.02812 -3.30922e-05 92662.5 532181 88148.9 480620
1 1 2 -0.200625 2.21661 1.11662 3.28098 -2.24958 0.199747 -3.29931 -1.13892 3612.56 18900 3572.13 18902
1 1 3 -0.0998838 2.16904 2.1967 4.30168 -2.12133 0.199841 -4.30476 -2.1877 905.979 4327 839.835 4127
1 1 4 -0.199283 2.01612 3.20007 5.45681 -2.09984 0.10232 -5.40348 -3.20074 229.42 1147 244.084 1184
1 1 5 -0.186586 1.99969 4.20064 6.37353 -1.99975 0.076745 -6.38817 -4.30028 107.567 511 114.866 498
1 1 6 -0.14798 2.07977 5.30018 7.22847 -1.96374 0.0997558 -7.42748 -5.30012 67.2758 289 66.7456 293
1 1 7 -0.195792 2.05746 6.22992 8.38317 -1.99978 0.155697 -8.2557 -6.50011 38.5423 187 47.303 179
1 1 8 -0.0998288 1.96609 7.41028 9.47602 -1.78478 0.0998975 -9.39508 -7.32583 32.1018 137 31.5395 123
1 1 9 -0.180695 1.8999 8.30098 10.3815 -1.89838 -0.01638 -10.3998 -8.41782 18.0193 78 19.3023 72

1 2 0 1.00166 10.7733 -1.7311 1.7039 -10.4462 -0.99632 -1.49655 1.50636 138.832 4660 169.715 4816
1 2 1 1.00012 3.62149 0.200976 2.38543 -3.65118 -1.00043 -2.29976 -0.131983 3621.92 20740 3582.34 20585
1 2 2 1.00051 3.38431 1.17568 3.3001 -3.39986 -1.01275 -3.30024 -1.11424 1925.09 9749 1847.38 9640
1 2 3 1.0006 3.23932 2.21227 4.28934 -3.27783 -1.00047 -4.29993 -2.21817 666.887 3101 660.21 3130
1 2 4 1.00023 3.15908 3.1992 5.3256 -3.19983 -0.91989 -5.43011 -3.30011 216.094 992 198.507 964
1 2 5 1.00033 3.03491 4.23025 6.39937 -3.09147 -1.00015 -6.29987 -4.20887 119.186 526 108.165 473
1 2 6 1.00012 2.96436 5.23564 7.39976 -3.08279 -0.919411 -7.22748 -5.4001 67.7511 288 74.1152 293
1 2 7 0.906713 2.96196 6.40006 8.28523 -3.04852 -0.90026 -8.44852 -6.4001 46.1996 179 47.267 208
1 2 8 1.00523 3.07448 7.4001 9.46956 -2.99594 -0.927187 -9.27687 -7.40813 28.7234 123 32.3334 125
1 2 9 1.01584 2.79997 8.50016 10.4842 -2.89134 -1.10006 -10.0827 -8.40009 18.0806 64 23.2251 70

1 3 0 2.20123 11.4672 -1.93444 1.89815 -11.8124 -2.30126 -2.05598 2.26502 41.5906 1477 36.8878 1516
1 3 1 2.10387 8.07592 0.00105432 2.40864 -8.89104 -2.10285 -2.39616 -0.00126472 322.64 4639 280.063 4553
1 3 2 2.18558 4.70889 1.2004 3.2869 -4.58909 -2.19961 -3.32733 -1.19951 840.85 4427 870.706 4427
1 3 3 2.11011 4.29988 2.20043 4.32637 -4.58242 -2.10001 -4.30362 -2.20031 405.558 1888 373.856 1952
1 3 4 2.10091 4.32056 3.22658 5.2997 -4.25459 -2.10048 -5.23639 -3.30028 157.554 725 184.865 771
1 3 5 2.00758 4.19983 4.20379 6.29983 -4.19944 -2.11063 -6.28937 -4.10112 94.2316 433 97.7939 447
1 3 6 2.00504 4.07142 5.36658 7.39966 -4.14813 -2.11638 -7.39249 -5.26074 64.0306 269 63.0313 273
1 3 7 2.12104 4.09986 6.40021 8.25793 -4.08664 -2.1001 -8.15991 -6.2002 46.2449 170 41.613 162
1 3 8 1.9126 4.0776 7.23465 9.29991 -4.19537 -2.02262 -9.28651 -7.40009 31.3109 140 26.5937 109
1 3 9 2.10604 3.98828 8.50009 10.1824 -4.09777 -2.01802 -10.28 -8.4001 22.4217 71 20.7181 81

1 4 0 3.29656 11.8126 -1.69888 2.01824 -11.9778 -3.4995 -1.97739 1.78961 35.8869 1136 33.3147 1064
1 4 1 3.12646 10.8972 0.000756071 2.79201 -11.6276 -3.18336 -3.0249 -0.00092625 97.6018 2117 87.0562 2223
1 4 2 3.20045 5.83512 1.19213 3.39986 -5.91513 -3.20115 -3.38475 -1.19975 386.304 2247 388.193 2302
1 4 3 3.1995 5.4996 2.20034 4.25038 -5.49994 -3.19735 -4.35265 -2.2001 255.762 1206 238.074 1180
1 4 4 3.20022 5.48047 3.2127 5.39965 -5.48807 -3.13933 -5.37513 -3.2005 111.896 558 118.45 605
1 4 5 3.03186 5.44336 4.28762 6.29971 -5.29954 -2.99083 -6.50917 -4.30023 72.9573 354 71.9637 367
1 4 6 3.00769 5.25644 5.40359 7.45234 -5.24159 -3.1003 -7.39233 -5.35133 44.4963 205 53.9998 236
1 4 7 3.20018 5.16535 6.31733 8.29991 -5.09345 -3.13196 -8.29268 -6.33119 35.9331 140 40.0262 154
1 4 8 3.22723 5.09986 7.20083 9.47332 -5.18677 -2.91377 -9.27327 -7.30013 25.8485 110 24.0806 108
1 4 9 3.40003 4.98391 8.40008 10.2839 -4.99992 -3.21633 -10.0993 -8.21584 21.7846 65 19.6465 66

1 5 0 4.48785 11.8991 -1.66395 1.5463 -11.7994 -4.37953 -1.82047 1.69959 31.9017 759 27.6817 723
1 5 1 4.31035 11.2653 0.00069 2.77922 -11.3993 -4.24917 -2.68409 -0.100176 71.4112 1380 76.0474 1405
1 5 2 4.30107 8.18122 1.19982 3.48891 -9.66785 -4.30112 -3.63393 -1.20048 145.012 1288 102.759 1342
1 5 3 4.201 6.70126 2.23814 4.28777 -6.70819 -4.20065 -4.29976 -2.24795 156.696 803 150.632 775
1 5 4 4.11948 6.41697 3.20103 5.39985 -6.59753 -4.30021 -5.39845 -3.30008 81.1592 410 85.8807 414
1 5 5 4.11382 6.34107 4.30036 6.32798 -6.48632 -4.22232 -6.22872 -4.30036 64.4375 291 65.9672 288
1 5 6 4.30016 6.35273 5.24727 7.49952 -6.19979 -4.04207 -7.35792 -5.20021 41.3161 191 36.5142 170
1 5 7 4.30008 6.18354 6.20565 8.3724 -6.19505 -4.12805 -8.37261 -6.30561 32.5902 133 30.8953 132
1 5 8 4.20058 6.18896 7.30008 9.37698 -6.17896 -4.20011 -9.39447 -7.31572 22.52 93 20.6634 85
1 5 9 4.20056 6.18931 8.30011 10.0889 -5.98292 -4.20009 -10.2998 -8.21708 12.6498 45 18.5823 69

1 6 0 5.70131 11.7701 -1.39947 1.36981 -11.7993 -5.5287 -1.2713 1.49935 31.2387 525 29.9302 520
1 6 1 5.4001 11.8807 0.03824 2.79962 -11.9305 -5.60023 -2.86265 -0.00119875 53.4216 956 52.9435 959
1 6 2 5.40106 11.4904 1.12541 3.65483 -10.699 -5.30101 -3.4997 -1.13383 54.9914 847 63.5816 812
1 6 3 5.30044 7.58503 2.20066 4.27006 -7.6793 -5.40026 -4.37947 -2.2003 111.046 525 98.059 487
1 6 4 5.40015 7.72649 3.30015 5.42649 -7.81486 -5.30043 -5.38366 -3.26966 60.0411 297 64.7163 344
1 6 5 5.20026 7.47451 4.30773 6.55622 -7.37217 -5.22468 -6.49107 -4.31733 40.2843 206 44.9859 210
1 6 6 5.30138 7.28163 5.3002 7.46089 -7.29953 -5.14628 -7.29977 -5.24628 36.9269 158 42.2918 187
1 6 7 5.20278 7.27753 6.51919 8.19394 -7.27426 -5.30006 -8.39991 -6.32574 29.0674 101 25.3979 104
1 6 8 5.30011 7.17773 7.20113 9.37863 -7.09887 -5.32137 -9.39989 -7.32227 22.013 90 24.3707 90

1 7 0 6.43069 11.8454 -1.2156 1.39957 -11.9998 -6.69479 -1.20521 1.39952 24.081 341 27.7175 383
1 7 1 6.41292 11.8268 0.099905 2.48553 -11.6998 -6.3696 -2.54992 -0.0347988 53.3468 689 50.648 679
1 7 2 6.41202 10.7785 1.13337 3.29996 -10.0646 -6.20713 -3.35892 -1.20024 56.4459 534 68.4509 570
1 7 3 6.42263 8.87826 2.13195 4.5432 -8.89343 -6.54394 -4.20001 -2.20051 59.9548 355 85.997 404
1 7 4 6.30767 8.74867 3.25841 5.2998 -8.49971 -6.35668 -5.26737 -3.22462 47.3606 236 52.3107 229
1 7 5 6.40015 8.55669 4.22231 6.47856 -8.4953 -6.13805 -6.39701 -4.43976 35.9661 175 37.0633 171
1 7 6 6.20017 8.56708 5.40565 7.4724 -8.46832 -6.30016 -7.29392 -5.22592 27.1882 133 28.5475 128
1 7 7 6.12302 8.19988 6.32302 8.19995 -8.67723 -6.40011 -8.57723 -6.30011 23.8575 93 17.7426 92
1 7 8 6.21757 8.29991 7.40195 9.2842 -8.18119 -6.20009 -9.28119 -7.40009 18.1146 71 20.3938 76

1 8 0 7.70896 11.9492 -1.24085 1.0998 -11.8997 -7.46583 -1.09978 1.26708 24.0808 239 25.3472 266
1 8 1 7.60054 11.7941 0.100214 2.19407 -11.8975 -7.60396 -2.39745 -0.003955 48.7435 428 43.9839 452
1 8 2 7.3005 11.9008 1.19925 3.499 -11.0911 -7.48986 -3.25112 -1.10033 37.9038 401 50.9971 395
1 8 3 7.31084 9.84709 2.21084 4.24709 -10.0996 -7.56979 -4.39471 -2.22996 49.3761 255 51.4928 282
1 8 4 7.54208 9.59979 3.30014 5.45793 -10.4911 -7.43787 -5.49579 -3.34254 38.2874 170 28.4436 187
1 8 5 7.40011 9.66684 4.31441 6.2809 -9.57964 -7.41415 -6.39983 -4.33415 30.0616 134 30.8503 138
1 8 6 7.32772 9.59986 5.30896 7.38096 -9.49689 -7.21764 -7.39813 -5.31888 23.7899 112 17.5138 83
1 8 7 7.30009 9.48292 6.40017 8.38292 -9.29991 -7.31757 -8.18243 -6.30009 15.9426 69 19.0275 71
1 8 8 7.21178 9.29628 7.40767 9.29995 -9.19498 -7.20974 -9.2927 -7.60005 15.7183 62 17.5578 59

1 9 0 8.50774 11.9622 -0.99363 1.08362 -11.9982 -8.64248 -0.999889 1.15619 25.3628 182 24.4635 177
1 9 1 8.80036 11.8287 0.00648 2.33448 -11.8997 -8.53886 -2.29333 -0.132578 40.8509 288 43.2386 314
1 9 2 8.6159 11.7496 1.20033 3.33441 -11.9898 -8.4578 -3.3626 -1.1306 39.6251 265 34.5028 272
1 9 3 8.60021 11.1582 2.30014 4.35817 -11.8512 -8.40025 -4.35124 -2.3001 32.1026 169 27.8308 197
1 9 4 8.40578 11.3673 3.33812 5.39981 -10.6998 -8.53267 -5.29505 -3.22805 25.2223 154 29.4674 132
1 9 5 8.30025 10.775 4.30278 6.47753 -10.7755 -8.50012 -6.2755 -4.40004 18.7664 101 23.1993 99
1 9 6 8.30289 10.3836 5.40096 7.19455 -10.3827 -8.60004 -7.09991 -5.21732 20.6324 77 20.8584 70
1 9 7 8.40015 10.3849 6.50005 8.3849 -10.3832 -8.40009 -8.19898 -6.41598 16.306 61 19.2316 68
1 9 8 8.40276 10.2883 7.41435 9.09993 -10.1999 -8.31114 -9.08886 -7.50006 18.2496 58 14.9953 45

1 10 0 9.72921 11.9999 -1.07079 0.999852 -11.9999 -10.0146 -0.985397 0.999902 25.0964 118 29.9385 118
1 10 1 9.80015 11.9778 0.200149 2.1557 -11.9999 -9.75321 -1.94679 -0.100269 42.0326 179 51.8255 215
1 10 2 9.34257 11.9999 1.20022 3.05743 -11.9983 -9.72232 -3.35248 -1.2001 34.8508 172 39.1931 192
1 10 3 9.61782 11.6999 2.20018 4.36436 -11.997 -9.63071 -4.19848 -2.31536 31.9573 144 30.2966 135
1 10 4 9.61262 11.7999 3.32423 5.39873 -11.59 -9.31947 -5.27935 -3.30885 22.4789 102 26.3745 118
1 10 5 9.50007 11.6782 4.41089 6.09995 -11.3999 -9.52054 -6.29813 -4.31888 23.9195 88 22.3132 83
1 10 6 9.31609 11.3999 5.40008 7.28391 -11.5996 -9.31838 -7.19962 -5.21837 16.558 65 16.5939 75
1 10 7 9.60004 11.3881 6.40594 7.89997 -11.5999 -9.40705 -8.38589 -6.50004 17.9678 48 13.7833 57


