0 0 0 -2.29565 0.836885 -1.71805 1.56433 0 0 0 0 887.555 5.55041 9128
0 0 1 -2.19785 0.251339 0.00340144 2.57098 -2.16432 0.286077 -2.53277 -0.00152588 948.561 979.438 12040
0 0 2 -2.08278 0.0955917 1.17274 3.63259 -2.08136 0.0818282 -3.56171 -1.13885 670.713 659.784 7052
0 0 3 -2.07343 -0.0449136 2.3393 4.45938 -2.11794 -0.0666618 -4.61129 -2.22266 530.158 472.881 4597
0 0 4 -2.06411 -0.0876606 3.22806 5.54527 -2.05229 -0.0679791 -5.55618 -3.28589 306.123 328.303 2881
0 0 5 -1.96298 -0.171828 4.21507 6.58993 -1.88985 -0.113149 -6.57199 -4.25489 193.712 203.07 1660
0 0 6 -2.15331 -0.184605 5.42201 7.31345 -1.98352 -0.209877 -7.47765 -5.35153 128.905 126.758 958
0 0 7 -2.08391 -0.20014 6.4534 8.61813 -2.17518 -0.185746 -8.58477 -6.34201 66.2116 62.3065 548
0 0 8 -1.99274 -0.189024 7.48293 9.40139 -1.77331 -0.211978 -9.5487 -7.3691 47.9719 47.3103 327
0 0 9 -1.91417 -0.256931 8.33278 10.4001 -1.97218 -0.188272 -10.2768 -8.38957 32.9833 31.4851 219
0 0 10 -2.12335 -0.191504 9.52322 11.6208 -2.02053 -0.252137 -11.4352 -9.49369 19.7427 22.1363 156
0 1 0 -0.9962 1.1289 -1.30077 1.33008 -3.45412 -0.999069 -1.43762 1.16741 4547.28 196.389 26679
0 1 1 -1.10865 1.04491 0.0138183 2.40292 -3.32884 -0.803853 -2.33983 0.234111 6861.35 147.096 36258
0 1 2 -1.11605 0.929111 1.21405 3.48787 -3.11545 -1.17638 -3.3504 -1.11595 4985.02 99.7058 23614
0 1 3 -1.1424 0.917518 2.23109 4.5102 -3.03258 -1.20797 -4.45224 -2.09605 3395.26 76.2944 16268
0 1 4 -1.11755 0.847931 3.32353 5.56039 -3.65618 -1.26478 -6.02176 -3.3795 2426.7 39.5653 10919
0 1 5 -1.12472 0.781846 4.34965 6.62638 -3.26438 -1.2334 -6.2552 -4.29282 1458.05 35.3778 6470
0 1 6 -1.07098 0.816932 5.28418 7.52895 -2.85211 -1.21829 -7.20449 -5.45991 972.646 27.7162 4201
0 1 7 -1.02196 0.76319 6.37496 8.55242 -3.23715 -1.25479 -8.37166 -6.60342 586.557 11.126 2319
0 1 8 -1.02246 0.776824 7.42532 9.47682 -2.59963 -1.33234 -8.81729 -7.24627 394.178 14.0638 1483
0 1 9 -1.01098 0.786859 8.3368 10.5077 -2.39085 -1.45518 -10.9309 -8.82645 281.331 7.1101 1112
0 1 10 -0.976139 0.709069 9.18002 11.5275 -2.84635 -1.55443 -10.5934 -9.64381 132.712 9.7813 537
0 1 11 -0.948101 0.788105 10.4644 12.3378 -2.51515 -1.41441 -12.0215 -10.9814 124.511 6.9877 413
0 1 12 -1.12632 0.74003 11.49 13.3097 -2.12862 -1.50845 -13.4006 -12.3117 75.0832 7.40409 260
0 1 13 -1.01275 0.653118 12.4931 14.4742 -2.495 -1.43195 -13.4016 -12.6894 42.4218 7.92558 146
0 2 0 -0.0237346 2.25914 -1.1233 1.1361 -5.1824 -2.37342 -1.03107 1.07194 1238.1 60.2644 6742
0 2 1 -0.102574 2.09591 0.0346899 2.30273 -4.47894 -2.39058 -2.22933 -0.0349492 1383.61 55.4262 7153
0 2 2 -0.115883 1.90524 1.17534 3.43495 -4.05033 -2.58307 -3.09022 -1.2382 939.134 22.4478 4350
0 2 3 -0.103653 1.98691 2.22411 4.43702 -4.17267 -2.41157 -4.0291 -2.26944 751.802 12.5849 3517
0 2 4 -0.0855148 1.8071 3.2864 5.4568 -4.24494 -2.4014 -5.37179 -3.24984 600.332 10.2252 2506
0 2 5 -0.130513 1.80957 4.39245 6.49522 -3.92542 -2.74508 -6.03937 -4.4644 385.336 13.986 1598
0 2 6 -0.135557 1.53581 5.29521 7.40365 -4.01663 -2.85811 -6.70129 -5.46067 272.137 9.04478 972
0 2 7 -0.127682 1.57563 6.34178 8.67051 -3.67712 -3.06308 -7.30454 -6.49745 150.508 12.1068 603
0 2 8 -0.0916898 1.55568 7.32311 9.28879 -3.44573 -2.99133 -8.30393 -7.85693 130.011 19.6933 425
0 2 9 -0.130406 1.87814 8.3463 10.442 -3.96126 -3.07318 -9.78192 -8.27141 57.7296 4.47278 249
0 2 10 -0.122339 1.56192 9.38848 11.2596 -3.45707 -2.57227 -10.0027 -9.92514 48.2323 29.1392 154
0 3 0 0.996742 3.61081 -0.972005 1.15338 -5.59266 -3.4201 -1.00579 0.971584 212.566 34.2181 1328
0 3 1 0.865105 3.31526 0.0272989 2.18712 -5.27145 -3.46421 -2.05049 -0.0855684 202.006 26.1892 1162
0 3 2 0.961453 3.2701 1.16634 3.16986 -5.09459 -3.44046 -3.05309 -1.34663 84.9652 11.3366 425
0 3 3 0.949255 2.97196 2.21488 4.48892 -4.51987 -3.37189 -4.17225 -2.32755 65.4389 6.13878 314
0 3 4 0.905469 2.83144 3.27104 5.30497 -4.76107 -3.65437 -4.29636 -3.49147 48.7581 7.85832 198
0 3 5 1.00465 2.72068 4.41058 6.67063 -4.7229 -3.71875 -6.15655 -4.69518 30.1676 4.08879 123
0 4 0 1.96443 4.95819 -1.11355 1.05824 -6.43224 -4.76203 -0.778218 0.815821 58.2914 16.151 422
0 4 1 1.90658 4.25999 0.0335137 2.0438 -6.31508 -4.59214 -2.27624 -0.237942 68.061 13.9527 371
0 5 0 3.0055 5.07776 -0.781085 0.853775 -7.33668 -5.6133 -0.706943 0.601449 38.3723 12.8611 159
0 5 1 2.99956 5.56988 0.0586828 1.99045 -7.43239 -5.68691 -1.29571 -0.199167 25.7791 14.1067 155


1 0 0 -0.988004 1.15164 -1.13797 -0.001432 -1.0852 1.14396 0.00688235 1.17139 4229.81 3993.65 20653
1 0 1 -1.10176 1.02531 0.142312 1.96616 -1.06289 1.07195 -1.99008 -0.158362 1700.76 1702.62 13256
1 0 2 -1.35256 0.634366 1.23656 2.96745 -1.32924 0.75193 -3.15044 -1.05533 43.6154 31.4199 287
1 1 0 0.1127 1.7508 -1.08337 1.12106 -2.7716 -0.360088 -1.167 1.00178 14966.1 66.9213 54394
1 1 1 -0.0574112 1.68451 0.178305 1.76661 -2.79683 -0.286363 -2.25332 -0.0159343 15124.4 73.1723 42256
1 1 2 -0.306526 1.75312 1.09785 3.01557 -2.46447 -0.367755 -3.20048 -1.15492 55.9517 28.4452 343
1 2 0 0.76102 2.94039 -1.17502 1.26099 -3.91416 -1.52774 -1.16663 1.13297 371.259 46.8311 2228
1 2 1 0.782517 2.94248 -0.0878731 1.96481 -3.47637 -1.45324 -2.12236 -0.00714461 463.945 49.0728 2267
1 2 2 0.763857 2.77784 1.17584 2.95703 -3.47597 -1.62041 -2.93862 -1.31559 29.27 19.5907 164
1 3 0 2.01827 4.00827 -1.20268 1.17155 -4.78277 -2.66372 -0.967197 0.924404 47.1984 35.9245 367
1 3 1 1.82653 4.22825 -0.0593801 2.28994 -4.47344 -2.62176 -2.05088 0.08775 44.4847 30.3026 371
1 4 0 3.07907 5.35336 -0.879544 0.929685 -5.87482 -3.80836 -1.10508 1.13037 29.4068 22.0805 223
1 4 1 2.9139 5.20825 -0.0741323 1.81875 -5.66559 -3.65331 -1.86526 0.0155568 27.8613 26.6863 222
1 5 0 4.05813 5.94811 -0.852489 0.739781 -6.47854 -4.87146 -0.98782 0.803407 21.9315 15.6324 111
1 5 1 4.13874 6.26119 0.0944297 2.03264 -6.67402 -4.58463 -2.05935 -0.121983 18.7177 14.0813 134
1 6 1 5.34684 7.11263 0.100438 1.93563 -7.85293 -5.93034 -2.04091 -0.141648 15.4295 14.2407 102


