0 0 0 0.400004 6.18304 0 5.39262 -1.12338 0.399997 -1.19979 0 140.545 4383 1952.14 3568
0 0 1 -1.2994 5.14985 3.21474e-05 7.55176 -1.19503 4.15647 -5.65399 -3.0679e-05 102.971 5015 164.259 4970
0 0 2 -0.999645 1.14723 1.00053 4.09723 -1.09894 1.14801 -3.79496 -1.10021 320.687 2132 350.456 2122
0 0 3 -0.981759 1.09988 2.10037 5.66352 -0.898569 1.09189 -5.96223 -2.20013 99.3639 737 101.892 763
0 0 4 -0.999798 1.07995 3.2004 8.48015 -0.794951 0.999981 -8.8998 -3.1202 36.8834 405 39.3291 408
0 0 5 -0.694407 0.999984 4.20023 8.88893 -0.889209 0.999946 -6.29995 -4.3054 28.4474 226 57.8554 218
0 0 6 -0.791684 0.999986 5.3005 7.2921 -0.599973 0.995991 -10.6999 -5.30802 47.0814 168 18.8257 162
0 0 7 -0.699874 0.993826 6.40038 8.29408 -0.394109 0.99998 -8.79994 -6.20589 39.2847 126 32.9062 119
0 0 8 -0.497723 0.999985 7.30002 9.19545 -0.299984 0.998366 -11.7 -7.3049 32.4082 92 17.3492 99
0 0 9 -0.896981 0.899994 8.50038 10.2989 -0.196931 0.899984 -10.3 -8.40307 18.8749 61 29.7968 62
0 0 10 -0.699971 0.897129 9.30287 11.1 -0.499974 0.997476 -11.3 -9.50126 20.2079 58 18.9345 51

0 1 0 1.00035 5.93255 -1.76234 1.99616 -2.20095 1.83167 -1.19888 1.29982 1127.81 20907 2260.35 22776
0 1 1 -0.552285 4.19687 -0.651142 2.8978 -2.29905 1.5119 -2.49977 0.75535 3211.6 54130 306.326 3800
0 1 2 -0.294012 3.51428 1.10043 4.31428 -2.29757 0.321333 -3.25986 -1.1002 1957.14 23954 286.779 1622
0 1 3 -0.0998796 2.27554 2.13225 4.40809 -1.9753 0.299875 -4.19997 -2.20353 2028.45 10966 109.857 499
0 1 4 0.000452 2.19966 3.12587 5.39995 -1.89996 0.194728 -6.68946 -3.30005 1217.31 6088 30.001 213
0 1 5 -0.0737907 2.1 4.10179 6.62309 -1.69995 0.0952975 -6.0953 -4.30002 652.098 3574 29.476 95
0 1 6 0.100515 2.07478 5.21415 7.39991 -1.99997 0.19703 -7.09703 -5.40001 596.253 2573 16.0929 60
0 1 7 -0.104069 2.09981 6.20032 8.50407 -1.49871 -4.33333e-06 -8.19871 -6.5 381.709 1938 10.2126 26
0 1 8 0.00072 2.02872 7.10144 9.42944 -1.79998 0.098218 -9.09999 -7.30178 305.008 1440 10.5468 36
0 1 9 0.223463 2.09984 8.24693 10.4998 -1.69998 -0.000931 -10.3 -8.40094 224.263 948 5.88859 19
0 1 10 0.101158 2.07221 9.30006 11.3904 -1.39999 -0.000792 -11 -9.40077 140.525 579 7.15052 16
0 1 11 0.208761 1.99997 10.1175 12.2999 -1.7 -0.700248 -11.4 -10.7002 90.5574 354 7.14718 5
0 1 12 0.400015 1.89708 11.2003 13.2914 -1.39998 -0.500285 -12.6 -11.6003 56.5389 177 6.67089 6

0 2 0 1.0002 5.94617 -1.39987 1.40428 -3.69954 -0.845243 -1.09991 1.15476 3697.46 51281 142.025 914
0 2 1 0.998373 4.14878 -0.00122 2.41284 -3.29971 -0.95742 -2.27129 0.0998067 10390.7 79024 208.866 1160
0 2 2 0.938842 3.99891 1.10055 3.49867 -3.09995 -1.00501 -3.09992 -1.13005 5292.98 38842 147.088 607
0 2 3 0.909652 3.4445 2.10193 4.52225 -8.89979 -0.910045 -7.88985 -2.10005 3146.3 19303 4.43156 205
0 2 4 1.00026 4.36644 3.10269 7.83322 -2.99978 -1.00343 -5.29639 -3.20002 676.911 10779 17.4429 73
0 2 5 1.00003 3.27417 4.22036 6.39998 -2.99995 -0.802205 -6.09999 -4.20223 1226 6077 10.7893 45
0 2 6 0.997985 3.19967 5.2194 7.3999 -2.69992 -0.900966 -6.99896 -5.60001 824.657 3959 8.34442 21
0 2 7 0.949583 3.19983 6.2005 8.45125 -2.69998 -0.900833 -8.09995 -6.5008 593.316 3005 5.90871 17
0 2 8 1.00133 3.09984 7.17964 9.37054 -2.29998 -1.30026 -8.99999 -7.40054 474.593 2182 6.87926 11
0 2 9 0.973953 3.09981 8.20149 10.3268 -2.19936 -1.3 -10.3 -8.70064 330.671 1494 9.03794 13
0 2 10 1.00012 3.08821 9.30008 11.4528 -1.7 -1.4002 -10.5998 -9.5 212.007 953 12.1314 4
0 2 11 1.00055 3.073 10.2001 12.4727 -2.69998 -1.40023 -11.8 -10.7002 116.99 551 3.49797 5
0 2 12 1.10003 2.99573 11.3 13.2872 -1.9 -1.80005 -13 -12.9 68.7541 259 100.1 1
0 2 13 1.10001 2.99812 12.2001 14.2944 -3.40282e+38 3.40282e+38 -3.40282e+38 3.40282e+38 0 0 0 0

0 3 0 2.16159 8.12184 -1.29998 1.28912 -10.8766 -2.10012 -1.09988 1.08829 1995.57 30795 24.6297 473
0 3 1 2.20019 5.07562 3.98806e-05 2.33552 -10.6736 -2.10005 -2.39893 0.074416 7743.86 52004 25.1351 533
0 3 2 2.11318 4.59998 1.10012 3.38718 -4.2847 -2.10008 -3.09995 -1.0153 5148.17 29280 67.8496 309
0 3 3 2.10709 4.39997 2.20001 4.46635 -4.09989 -2.10549 -3.99997 -2.10554 2967.8 15422 29.6434 112
0 3 4 2.10005 4.3138 3.20115 5.39316 -3.79998 -2.00173 -5.09827 -3.40001 1894.88 9195 11.4608 35
0 3 5 2.05524 4.29978 4.20033 6.41769 -3.79998 -2.30073 -6 -4.40074 1074.16 5346 6.25605 15
0 3 6 2.08824 4.20049 5.21439 7.39986 -3.9 -2.2004 -6.99998 -5.60038 813.43 3755 3.3631 8
0 3 7 2.04462 4.19983 6.20045 8.43308 -3 -2.7001 -7.7 -7.0001 561.953 2704 9.52836 2
0 3 8 2.00021 4.14914 7.20205 9.29993 -3.3 -2.5002 -8.1 -7.6002 455.837 2055 10.0065 4
0 3 9 2.00024 4.12773 8.20015 10.3277 -3.9 -2.1002 -9.9 -9.1002 322.552 1460 2.77878 4
0 3 10 2.01526 4.09988 9.30007 11.4542 -2.7 -2.3001 -10.2 -9.60009 205.987 925 8.33682 2
0 3 11 1.9251 4.09992 10.3001 12.3916 -3 -2.90005 -11.5 -11.4 111.458 507 100.1 1
0 3 12 2.00562 3.89998 11.3001 13.3888 -2.9 -2.80005 -12 -11.9 57.3715 227 100.1 1
0 3 13 2.00003 3.99455 12.3001 14.1946 -3.39998 -2.30008 -13.7 -13.0001 29.1111 110 2.59801 2

0 4 0 3.10133 10.3348 -1.20037 1.40013 -6.98594 -3.20004 -0.999953 0.992971 424.758 7990 37.6407 284
0 4 1 3.20008 7.08142 0.000102371 2.28079 -11.1997 -3.21387 -2.98599 -2.83e-05 1526.52 13513 11.8681 283
0 4 2 3.16762 5.7998 1.10002 3.35481 -6.19921 -2.90801 -4.49129 -1.10004 1470.09 8725 15.7688 176
0 4 3 3.20002 5.47341 2.10653 4.29996 -5.19999 -3.10282 -3.89997 -2.10282 935.522 4665 15.1237 57
0 4 4 3.10026 5.22303 3.20017 5.32303 -4.89911 -3.5 -4.9994 -3.2003 690.14 3110 7.15101 18
0 4 5 3.10017 5.16556 4.20104 6.29998 -4.79989 -3.7004 -5.7 -4.60049 481.416 2087 8.27196 10
0 4 6 3.10013 5.21991 5.28009 7.39973 -4.69999 -3.50054 -6.79999 -5.40054 360.103 1618 6.5532 11
0 4 7 3.00063 5.03803 6.20031 8.33803 -4.8 -4.70005 -7.5 -7.40005 287.461 1252 100.1 1
0 4 8 3.00152 4.95097 7.20506 9.37978 -4.99998 -3.80008 -9.6 -8.4001 238.471 1011 1.38912 2
0 4 9 3.00741 5.07371 8.30008 10.3666 -3.40282e+38 3.40282e+38 -3.40282e+38 3.40282e+38 0 0 0 0
0 4 10 3.10004 4.98785 9.20025 11.3757 -4.6 -4.50005 -10.2 -10.1 119.557 491 100.1 1
0 4 11 3.01282 4.99994 10.3001 12.1872 -4.3 -4.20005 -11.9 -11.8 69.0706 259 100.1 1
0 4 12 3.00121 4.99411 11.307 13.3 -3.40282e+38 3.40282e+38 -3.40282e+38 3.40282e+38 0 0 0 0

0 5 0 4.20118 11.7924 -1.29964 1.88354 -9.09982 -4.30858 -0.999956 0.891338 97.2926 2351 19.3121 175
0 5 1 4.20057 7.93106 0.000106656 2.1947 -6.39991 -4.30856 -2.19996 -0.0085635 416.886 3413 37.7485 173
0 5 2 4.10049 10.2026 1.00049 3.25132 -6.1999 -4.30466 -3.1953 -1.20002 143.212 1967 25.1219 95
0 5 3 4.10035 6.66584 2.11139 4.19994 -5.99985 -3.80135 -3.79852 -2.30001 128.775 690 9.10617 30
0 5 4 4.00458 6.38698 3.21742 5.19996 -6.2 -4.2004 -4.9 -3.4004 74.526 352 2.66791 8
0 5 5 4.20045 6.1891 4.20045 6.1891 -5.49999 -4.40034 -5.8 -4.50035 57.3996 227 4.89798 7
0 5 6 4.10003 6.09183 5.20817 7.39996 -5.4 -5.30005 -7 -6.90005 37.7953 165 100.1 1
0 5 7 4.20001 5.89785 6.30007 8.29356 -5.49999 -4.60019 -7.3 -6.8002 38.4086 130 8.89443 4
0 5 8 4.20001 5.89465 7.10016 9.29476 -5.7 -4.90015 -8.9 -7.80015 29.0395 108 3.4102 3

0 6 0 5.4001 11.883 -1.59949 1.14911 -8.79984 -5.30529 -0.899973 0.994605 57.6912 1028 16.4635 109
0 6 1 5.30324 11.6385 9.24286e-05 2.26797 -8.29475 -5.30003 -2.19746 -0.002756 90.0631 1294 16.1277 106
0 6 2 5.10118 8.36193 1.1001 3.36114 -7.59993 -5.20338 -2.99997 -1.30342 106.474 785 16.9706 69
0 6 3 5.30006 7.78753 2.10063 4.18803 -6.99842 -5.50001 -3.79974 -2.20054 48.5331 252 13.3542 32
0 6 4 5.3053 7.29997 3.30021 5.19486 -6.79999 -5.20099 -4.69901 -3.3 28.3128 107 8.94051 20

0 7 0 6.40026 11.9745 -1.09987 1.17446 -11.6999 -6.30364 -0.896288 0.899981 40.7018 516 7.73745 75
0 7 1 6.40006 8.89259 3.74375e-05 2.17035 -8.2999 -6.30325 -1.89997 -0.0016415 110.73 599 17.6767 67
0 7 2 6.40006 8.68069 1.10006 3.1807 -8.19976 -6.40196 -3.09782 -1.30001 82.1892 390 13.6134 44
0 7 3 6.10063 8.59358 2.10014 4.29309 -8.39995 -6.9007 -3.89926 -2.2 25.7915 141 5.88788 15

0 8 0 7.60007 11.786 -1.09406 1.09179 -10.6969 -7.50001 -0.799984 0.996881 30.9297 283 10.9673 63
0 8 1 7.40189 11.9847 -0.082972 2.19991 -9.69708 -7.40001 -1.89999 -0.0029205 32.8809 344 13.5393 59
0 8 2 7.40029 9.89059 1.10005 3.1904 -8.99999 -7.30114 -3.09995 -1.2011 37.2676 194 7.12985 23

0 9 0 8.40019 11.2907 -0.999969 0.990645 -10.3 -8.50163 -0.599994 0.799183 32.8469 189 13.1149 33
0 9 1 8.5001 11.8896 0.10001 2.08961 -10.4 -8.50208 -1.99966 -0.001764 31.14 210 11.0764 42
0 9 2 8.40003 10.9938 1.10002 2.99381 -10.0988 -8.50001 -2.89876 -1.40001 25.4475 125 10.4334 25

0 10 0 9.40006 11.9937 -0.799979 0.897888 -11.7 -9.30149 -0.998515 0.499992 29.0672 128 8.34685 30
0 10 1 9.6053 11.8 0.100053 2.0947 -11.5999 -9.40169 -1.89822 -0.100009 24.4425 107 9.10742 36
0 10 2 9.50002 11.4979 1.20001 3.19574 -11.4992 -9.9 -3 -1.50079 21.5692 86 6.67353 16


1 0 0 -1.15881 1.09993 1.33129e-06 0.972657 -1.0999 1.15283 -0.963144 -1.32134e-06 358335 787252 364654 791189
1 0 1 -1.10974 1.19993 2.99058e-06 1.94588 -1.11656 1.19923 -1.98291 -2.93012e-06 33495.4 150540 32944.7 151282
1 0 2 -1.06389 1.09985 1.10007 3.32778 -0.999954 1.09199 -3.22788 -1.10024 302.685 1459 327.35 1457
1 0 3 -0.899943 0.994374 2.10844 4.19996 -0.991189 0.999955 -4.28238 -2.20004 86.0677 341 85.8608 356
1 0 4 -0.799977 0.795446 3.20002 5.29545 -0.89998 0.997104 -5.19906 -3.20491 27.5195 92 30.9273 117

1 1 0 -2.20174 2.25285 1.46615e-06 1.0776 -2.19974 2.25716 -1.07219 -1.46617e-06 88559.5 425107 88959.7 425106
1 1 1 -0.73394 2.39951 -0.479898 2.2005 -2.40034 0.736013 -2.20357 0.400214 11602.9 97451 10579.2 86394
1 1 2 -0.299699 2.25531 1.00181 3.32126 -2.3226 0.301496 -3.31293 -1.1001 609.326 3611 605.853 3518
1 1 3 -0.251589 2.09988 2.20005 4.2879 -2.05203 0.199758 -4.29903 -2.14748 199.205 978 200.006 969
1 1 4 -0.284952 1.99995 3.21505 5.29995 -1.99998 0.185991 -5.29993 -3.207 63.8147 304 61.8569 283
1 1 5 0.100018 1.9947 4.40003 6.09735 -2.09994 0.194258 -6.09988 -4.20568 33.2722 107 26.6932 116
1 1 6 -0.196535 1.89998 5.30002 7.39653 -1.99997 -0.103217 -7.29678 -5.40002 15.9258 70 18.0671 65

1 2 0 0.914613 7.22751 -1.19967 1.19365 -4.02208 -0.901609 -1.19986 1.17985 644.789 9742 1300.2 9655
1 2 1 1.00005 3.65838 -0.0994806 2.24817 -3.59454 -1.00015 -2.29972 0.00863275 1498.2 9350 1564.76 9371
1 2 2 0.999704 3.4932 1.00038 3.34392 -3.48766 -0.999813 -3.27224 -1.10008 387.774 2266 415.062 2243
1 2 3 1.00013 3.36253 2.10013 4.36253 -3.26416 -0.900181 -4.19988 -2.13584 141.636 757 148.38 724
1 2 4 1.00006 3.28763 3.21237 5.09997 -3.09986 -1.01376 -5.29986 -3.30681 57.8973 250 66.8639 278
1 2 5 1.00589 3.09999 4.20006 6.29411 -3.09911 -1.10134 -6.09337 -4.30003 27.1371 119 37.4024 134
1 2 6 1.10047 3.09736 5.30001 6.89939 -2.99998 -0.903465 -7.29996 -5.20346 19.4126 62 15.9259 70

1 3 0 2.10055 9.13759 -1.29993 1.23602 -8.47502 -2.20013 -1.25011 1.1995 183.855 3281 196.994 3028
1 3 1 2.10025 4.96493 -0.0765138 2.29965 -4.99942 -2.07355 -2.24215 -5.47812e-05 504.923 3437 534.445 3506
1 3 2 2.10009 4.53139 1.10006 3.53139 -4.56874 -2.10009 -3.28437 -1.10007 234.466 1386 234.224 1263
1 3 3 2.10009 4.37302 2.12698 4.19986 -4.37416 -2.10004 -4.29991 -2.12584 115.674 545 105.58 522
1 3 4 2.00046 4.28891 3.20046 5.29469 -4.29914 -2.20984 -5.28941 -3.20004 48.2 231 49.0227 214
1 3 5 2.00005 4.19515 4.40005 6.29515 -3.99998 -2.20485 -6.29995 -4.20485 23.5581 98 26.057 98
1 3 6 2.10016 3.99706 5.20028 7.09718 -3.99994 -2.10274 -7.19992 -5.40272 17.2307 62 16.424 56

1 4 0 2.90134 10.4344 -2.09933 1.43377 -11.2361 -3.30006 -1.3361 1.49968 50.272 1338 57.3656 1291
1 4 1 3.20017 11.214 6.20357e-05 2.51402 -8.61526 -3.10043 -2.19914 0.015256 86.2186 1737 140.19 1712
1 4 2 3.02756 5.98381 1.10011 3.25669 -5.69987 -3.13831 -3.1999 -1.03831 137.247 875 139.786 774
1 4 3 3.20005 5.59107 2.20063 4.19161 -5.48307 -3.10009 -4.19997 -2.11693 75.833 361 68.898 342
1 4 4 3.20198 5.29758 3.10871 5.39996 -5.59966 -3.10811 -5.09582 -3.20003 36.655 176 35.7789 169
1 4 5 3.20002 5.095 4.30005 6.195 -5.1955 -3.20002 -6.19977 -4.30432 28.1267 101 24.0593 91

1 5 0 4.10218 11.8711 -1.09995 1.0923 -11.9718 -4.40007 -1.09986 1.47178 36.5208 622 29.2732 570
1 5 1 4.20023 11.954 5.16111e-05 2.35401 -10.3977 -4.0428 -2.5991 0.055851 50.8982 929 53.4019 901
1 5 2 4.20009 6.68733 1.10051 3.47491 -6.69976 -4.12346 -3.27654 -1.10012 86.6958 512 84.5356 474
1 5 3 4.20006 6.48743 2.10025 4.28755 -6.39374 -4.30003 -4.28748 -2.20006 50.768 254 57.889 253
1 5 4 4.20006 6.29381 3.30002 5.19381 -6.29997 -4.30584 -5.09416 -3.30001 31.5249 125 32.9816 118
1 5 5 4.50001 6.19688 4.30003 6.19688 -5.99999 -4.30327 -5.9999 -4.4032 19.573 63 24.3618 66

1 6 0 5.30005 11.8816 -0.999977 1.28164 -11.895 -5.31162 -1.39992 1.19178 24.7059 371 19.4582 332
1 6 1 5.00273 11.2755 3.89286e-05 2.18651 -10.9986 -5.22218 -2.87664 -4.72e-05 39.737 545 28.4058 472
1 6 2 5.30006 7.69141 1.10429 3.09997 -9.58297 -5.30006 -3.09991 -1.01703 72.7102 347 38.5615 344
1 6 3 5.20777 7.39997 2.10016 4.39231 -7.89104 -5.30002 -4.29104 -2.20002 31.2447 157 33.4079 181
1 6 4 5.50001 7.5948 3.1052 5.09997 -7.19998 -5.2052 -5.0948 -3.20003 25.1278 105 27.7802 105
1 6 5 5.20009 6.99724 4.40001 5.99859 -7.49997 -5.10292 -6.19708 -4.40001 19.8407 57 13.6966 59

1 7 0 6.50003 11.29 -0.999949 1.18995 -11.5 -6.20871 -1.19991 1.09129 19.3528 203 14.5175 176
1 7 1 6.30016 10.9838 0.000164 2.28376 -10.3989 -6.21521 -2.28381 -4.0875e-05 30.6672 328 34.2247 327
1 7 2 6.30559 8.59996 1.10023 3.28893 -9.39934 -6.31039 -3.28906 -1.20003 45.0048 226 34.2481 221
1 7 3 6.10006 8.49411 2.10003 4.09411 -8.39979 -6.30669 -4.1999 -2.20335 24.9271 119 33.0224 138
1 7 4 6.20233 8.19999 3.20465 5.19998 -8.49975 -6.4033 -5.29996 -3.20351 23.5826 94 16.1544 71

1 8 0 7.40067 11.0933 -1.09998 1.09267 -11.9944 -7.70001 -1.19994 1.09436 18.2793 148 11.5706 114
1 8 1 7.30012 11.8881 4.01667e-05 2.58807 -10.5997 -7.31225 -2.19988 -0.012375 20.2969 241 34.7637 250
1 8 2 7.40031 10.3926 1.10762 3.19996 -9.89084 -7.30005 -3.19806 -1.10731 24.5971 154 34.1536 185
1 8 3 7.50009 9.69549 2.30228 4.09998 -9.59991 -7.30446 -3.99991 -2.30446 23.3107 92 23.3824 91
1 8 4 7.50024 9.29754 3.30005 5.09735 -9.69683 -7.50002 -5.19997 -3.10317 16.7168 54 13.8941 64

1 9 0 8.60002 11.6959 -0.999986 0.995941 -11 -8.6047 -1.0953 0.799984 13.2703 82 20.9266 95
1 9 1 8.70002 11.9929 0.100071 2.19292 -11.4999 -8.40762 -1.89998 -0.007623 20.7501 143 26.3169 154
1 9 2 8.60002 10.8953 1.10002 3.39535 -11.7999 -8.50539 -3.19917 -1.10468 17.8419 94 15.9413 110
1 9 3 8.20034 10.7961 2.30008 4.09868 -10.5 -8.40371 -4.09955 -2.1033 17.9918 84 17.9225 75

1 10 0 9.40003 11.9968 -0.999947 0.898987 -12 -9.30351 -0.999964 0.996485 12.9787 64 13.1888 71
1 10 1 9.60002 11.9953 0.200012 1.9953 -11.9 -9.30569 -2.19431 -0.100029 22.092 95 21.1663 115
1 10 2 9.30005 11.5954 1.00005 3.1954 -12 -9.4046 -3.0954 -1.20002 18.4557 93 18.9056 93
1 10 3 9.70002 11.7976 2.20012 4.19767 -11.6974 -9.60001 -4.19995 -2.20255 11.6946 49 12.4124 52


