0 0 0 -1.05639 2.29974 0 3.52043 -1.13164 2.52699 -3.59236 0 669.231 7907 598.185 7862
0 0 1 -0.442865 1.79965 0.00264203 4.34417 -0.490403 1.89962 -4.22553 -0.00253144 3473.52 33818 3310.68 33415
0 0 2 -0.699858 1.30484 1.09666 5.3163 -0.706909 1.30133 -4.87762 -1.10219 4570.82 38665 5075.19 38480
0 0 3 -0.849083 1.19963 2.10158 6.03186 -0.843186 1.19997 -5.86849 -2.09522 3112.76 25064 3293.65 25392
0 0 4 -0.890863 1.10083 3.10219 6.27899 -0.946666 1.10026 -6.9013 -3.09572 1942.56 12291 1638.31 12762
0 0 5 -0.815089 1.09999 4.02348 6.84097 -0.785999 1.09994 -6.69576 -4.10543 1160.17 6260 1333.82 6516
0 0 6 -0.761548 1.09984 5.20063 7.45339 -0.692316 1.09973 -7.71075 -5.1275 850.412 3566 792.128 3667
0 0 7 -0.763218 1.09968 6.30007 8.39639 -0.844258 1.09972 -8.47832 -6.19244 528.01 2062 475.505 2113
0 0 8 -0.899828 1.09648 7.3002 9.36338 -0.980312 1.065 -9.23375 -7.2525 205.159 845 215.928 875
0 0 9 -0.88449 0.999906 8.20024 9.95347 -0.83565 0.999928 -10.2997 -8.16435 56.9044 188 66.3341 260

0 1 0 0.500226 2.13814 -2.40255 2.24111 -2.19085 0.19983 -1.2634 3.1966 15529.8 118118 127.551 1360
0 1 1 0.299544 2.27574 0.10065 2.64747 -2.291 1.99983 -5.58369 0.198907 96611.9 486249 35.2247 874
0 1 2 0.116879 2.20074 1.09242 3.63148 -1.74297 0.199163 -5.19848 -1.11673 79378.2 419993 211.043 1673
0 1 3 0.0998953 2.13652 2.09471 4.70819 -1.66673 0.0997009 -4.39958 -2.20083 49823.2 265193 831.629 3230
0 1 4 0.136651 2.0996 3.10465 5.63547 -1.90936 0.0996106 -5.29969 -3.1218 30885.2 153434 427.17 1869
0 1 5 0.181367 2.0999 4.15534 6.6022 -1.91321 0.0993425 -8.33963 -4.20088 18863.1 88550 126.299 1052
0 1 6 0.199756 2.0962 5.2012 7.47673 -2.05824 0.01126 -7.37341 -5.10392 12847.2 55441 111.141 522
0 1 7 0.199143 2.07876 6.20002 8.36264 -1.8997 0.0096625 -8.90966 -6.20046 7582.02 30820 70.5608 365
0 1 8 0.136968 1.99992 7.20046 9.28665 -1.54184 -0.0001175 -9.24184 -7.20029 2821.34 10965 74.6627 235
0 1 9 0.107246 1.99969 8.16935 10.2868 -1.68919 -0.100082 -10.1676 -8.30016 546.509 2190 44.1445 131
0 1 10 0.0340575 2.07431 9.15557 11.1958 -1.88663 -0.100067 -12.5999 -9.41336 57.4158 239 9.4855 54

0 2 0 1.09929 3.39094 -1.19348 1.19978 -4.36635 -1.10027 -0.699687 0.783125 3836.62 21042 111.501 540
0 2 1 1.09966 2.79396 0.199834 2.31863 -3.25421 -1.10023 -1.95421 -5.78125e-05 38259.3 137346 43.9512 185
0 2 2 1.10008 3.01348 1.10296 3.30045 -3.19988 -1.11163 -3.19777 -1.20952 42480.1 178615 11.3199 47
0 2 3 1.09946 3.06922 2.19951 4.38968 -2.8755 -1.10003 -4.29988 -2.1245 29766.8 128417 25.6323 99
0 2 4 1.06896 2.99914 3.19919 5.39033 -2.59974 -1.05099 -5.24901 -3.30026 18007.9 76161 68.2537 206
0 2 5 1.00056 2.89328 4.20004 6.39201 -2.99088 -1.01938 -6.27178 -4.20014 10810.9 44852 27.9121 114
0 2 6 1.00014 2.86874 5.20579 7.39946 -3.08094 -1.10005 -9.79711 -5.31636 7011.31 28740 8.67518 77
0 2 7 1.00022 2.87319 6.205 8.30026 -2.59183 -1.10004 -7.99996 -6.30817 4258.25 16711 13.0755 33
0 2 8 1.00048 2.89631 7.18363 9.3008 -2.7953 -1.10002 -8.99998 -7.7047 1576.82 6329 8.65267 19
0 2 9 1.00049 2.88943 8.252 10.2791 -2.4971 -1.00385 -10.4933 -8.50002 361.181 1383 9.07109 27
0 2 10 1.03935 2.8998 9.2002 11.1606 -2.4961 -1.2011 -11.9 -9.70495 43.5937 159 7.036 20

0 3 0 2.37001 4.69951 -0.819005 0.839495 -5.07912 -2.14437 -0.799782 0.935402 353.568 1366 51.2535 261
0 3 1 2.00071 4.55917 8.62121e-05 2.27982 -5.1656 -2.20017 -1.89409 0.0711575 195.11 1138 23.8512 139
0 3 2 2.00004 3.78542 1.30009 3.30237 -4.29953 -2.50628 -3.1971 -1.30385 1874.77 6702 7.95271 27
0 3 3 2.02328 3.99992 2.17514 4.29995 -4.0999 -2.20315 -4.2999 -2.20315 2217.39 9313 3.26879 13
0 3 4 2.00048 4.07605 3.17928 5.29951 -3.69989 -2.10339 -5.19995 -3.6017 1200.94 5285 5.48674 14
0 3 5 2.04907 4.00046 4.13532 6.29981 -3.29971 -2.30446 -5.79998 -4.2047 704.108 2974 11.967 19
0 3 6 2.00042 3.97244 5.10106 7.3265 -3.59957 -2.30182 -7.39998 -5.80223 387.14 1699 4.34053 9
0 3 7 2.00047 3.88392 6.24532 8.29961 -3.69998 -2.60098 -7.89993 -7.00093 292.83 1133 4.04858 4
0 3 8 1.98745 4.02245 7.20033 9.11833 -3.19998 -2.10173 -8.69827 -7.80001 169.096 660 7.0957 7
0 3 9 2.06089 4.09969 8.30015 10.3391 -3.09999 -2.30049 -9.49999 -8.7005 59.1766 246 3.12891 2

0 4 0 3.30058 10.5292 -0.812025 0.915475 -5.39325 -3.33825 -0.99325 0.86175 55.2553 690 47.219 180
0 4 1 3.33121 7.17646 2.88158e-05 2.2458 -9.6802 -3.40005 -1.8901 -0.100033 25.3603 219 7.11624 80
0 4 3 3.12125 4.95875 2.41187 4.39938 -4.99653 -3.60002 -3.99989 -2.30339 136.91 500 5.90919 14
0 4 4 3.10032 5.0576 3.22827 5.19992 -4.49984 -3.70109 -4.79984 -3.80109 133.193 514 6.26762 5
0 4 5 3.03882 5.26557 4.20024 6.12748 -4.19997 -3.50097 -5.19901 -4.5 68.2748 293 8.18656 4
0 4 6 3.00761 5.16286 5.2443 7.39978 -3.99999 -3.50099 -6.99993 -5.20093 38.5312 179 4.45578 4

0 5 0 4.30046 9.70867 -0.908672 0.899539 -10.9765 -4.20012 -0.799881 0.876488 37.7332 369 8.3629 95
0 5 1 4.20261 6.57361 5.8e-05 1.97129 -6.79988 -4.41163 -1.98837 -3.91667e-05 24.8193 116 9.8976 47

0 6 0 5.42438 11.0784 -0.79655 0.88045 -9.18515 -5.40007 -0.69835 0.68665 19.4057 184 11.4453 60
0 6 1 5.42104 7.49989 -0.09235 1.8864 -7.48837 -5.40006 -1.89418 -0.100039 20.6635 85 12.5443 47

0 7 0 6.30014 8.37228 -0.99524 0.87676 -8.29724 -6.40674 -0.899905 0.790595 28.8731 112 11.8903 38





1 0 0 -1.47619 1.40131 0.600034 1.38674 -1.32339 1.30075 -1.42255 -0.700033 75646.8 171244 92791.4 175932
1 0 1 -1.31995 1.39903 0.600098 1.54841 -1.21607 1.29886 -1.64085 -0.700207 187902 484498 342408 810021
1 0 2 -1.20079 1.28497 1.09818 3.19866 -1.2325 1.20027 -2.59616 -1.10032 537.223 2805 3309.4 12043
1 0 3 -1.19968 1.43763 2.20032 6.93763 -1.09979 1.05892 -4.38672 -2.32822 20.17 252 37.3563 166
1 0 4 -1.09974 1.34827 3.3001 9.24827 -1.19426 1.26749 -9.89426 -3.13251 14.3532 209 9.19154 153
1 0 5 -1.1647 1.09004 4.11177 11.8665 -1.16906 0.899922 -11.6769 -4.20813 10.3517 181 8.08919 125
1 0 6 -1.19983 1.06585 5.32036 10.3859 -0.999861 1.17253 -7.29991 -5.22747 12.0243 138 24.655 111
1 0 7 -1.49697 1.07553 6.30014 11.6728 -1.07773 0.899888 -10.6998 -6.52228 7.95884 110 10.8939 90
1 0 8 -1.08391 0.899919 7.40016 9.28391 -0.799935 1.09357 -10.9871 -7.20006 17.3934 65 7.25162 52

1 1 0 0.399424 1.88911 -1.35003 1.29988 -1.89095 -0.400091 -1.31554 1.29996 60231.2 237766 69798.4 272169
1 1 1 0.300548 1.8894 0.0994648 1.54035 -1.95849 -0.299705 -1.69959 0.0115656 428792 981657 368127 1044902
1 1 2 0.213189 2.09914 0.498744 3.18198 -2.10766 -0.200272 -3.33042 -0.401944 3122.06 15799 2088.36 11665
1 1 3 0.00568917 2.0998 1.60828 7.69003 -2.19583 -0.0003765 -8.87848 -1.70123 37.1392 473 31.1602 491
1 1 4 -0.0471325 2.76012 3.10046 9.20818 -2.14306 0.160435 -9.05271 -3.14922 21.6379 371 28.385 386
1 1 5 -0.1559 2.1811 4.21071 9.94771 -2.52822 -0.0003625 -13.0964 -3.96888 18.7956 252 12.5688 290
1 1 6 -0.1913 3.1507 5.00029 11.9426 -2.19821 0.0854819 -11.2354 -5.10013 9.99951 232 18.6282 261
1 1 7 -0.092275 4.05622 5.90026 16.449 -2.07138 0.180115 -8.79466 -5.94317 4.70733 206 30.2174 194
1 1 8 -0.163865 2.09982 6.90329 9.66679 -2.06609 0.0998858 -9.79109 -6.72535 23.3388 146 20.6314 137
1 1 9 0.100076 2.27748 8.10637 10.9836 -1.97302 0.0998638 -10.5999 -8.02698 14.5253 91 20.4376 109
1 1 10 -0.084655 1.99992 9.00047 11.785 -2.38317 -8.5e-05 -15.1995 -8.91649 10.6814 62 4.54153 68
1 1 11 0.41287 1.99994 10.0047 13.6917 -2.19893 -0.214182 -12.3849 -9.80005 8.8866 52 11.8902 61

1 2 0 1.20017 3.14507 -1.18982 1.19986 -3.26905 -1.19972 -1.20042 1.23518 490.999 2282 494.637 2493
1 2 1 1.10159 2.9381 0.0682514 1.99822 -2.90201 -1.10012 -2.06987 0.199478 3940.85 13968 3311.73 13542
1 2 2 1.1007 3.15108 0.500438 3.85325 -3.30519 -1.05495 -3.70519 -0.454945 203.795 1401 136.59 999
1 2 3 1.00059 3.38244 2.10059 4.88244 -3.45581 -1.07856 -4.7779 -2.30007 71.6882 475 83.3556 491
1 2 4 1.00033 3.23466 3.10033 6.33466 -3.22748 -1.00018 -8.86118 -3.03443 36.5319 264 22.5768 293
1 2 5 0.900282 3.34407 4.00735 6.85085 -3.09986 -1.05643 -7.07834 -3.73534 32.5232 226 33.3764 228
1 2 6 0.94059 3.79959 4.94059 11.3996 -3.45396 -0.900155 -13.7995 -4.84603 8.88105 164 8.13451 186
1 2 7 0.905438 3.16919 6.10109 9.16484 -3.27699 -0.91599 -8.6727 -5.7117 20.9067 145 22.3147 156
1 2 8 1.20008 2.98762 6.80425 9.57925 -3.39594 -0.927187 -9.76906 -7.00008 20.1596 100 18.2857 125
1 2 9 1.2001 3.0802 8.0006 10.9806 -2.99988 -1.02376 -10.7762 -7.90012 14.2788 80 16.8908 96
1 2 10 0.903185 3.09094 8.90417 11.0919 -3.09992 -1.00755 -11.3998 -8.9151 10.2377 49 11.733 61

1 3 0 2.50006 5.57649 -0.998812 1.07744 -5.89503 -2.22428 -1.19854 1.27221 14.873 95 12.9004 117
1 3 1 2.27581 4.87606 -0.262095 2.78803 -6.73044 -2.22444 -2.60694 0.39953 50.3084 399 27.7549 376
1 3 2 2.01495 4.29998 1.00003 3.6701 -6.58627 -2.00352 -3.69972 -0.516415 85.2296 520 32.1491 469
1 3 3 2.00037 6.52674 2.05624 7.88224 -7.73119 -2.10014 -6.38818 -1.85769 11.2246 296 10.897 278
1 3 4 1.94727 6.19952 3.00024 9.85273 -4.25347 -2.00016 -5.69988 -2.64653 6.5549 191 27.3249 188
1 3 5 2.00722 7.36922 4.00228 12.3643 -4.1557 -2.00022 -7.8557 -4.00015 3.39005 152 21.5389 179
1 3 6 2.00017 4.2656 4.90174 10.467 -5.16164 -2.10019 -11.3616 -5.00019 11.0251 139 7.95884 155
1 3 7 2.00194 5.77419 5.90139 15.9736 -4.27451 -2.00006 -8.69614 -5.62189 2.92143 111 14.7307 103
1 3 8 2.20011 4.07921 6.90189 9.48089 -3.98835 -1.9081 -9.69862 -6.71837 17.3331 84 12.7426 79

1 4 0 3.41084 5.64709 -0.987887 0.990862 -6.39298 -3.44698 -1.44654 1.09982 57.6274 255 28.7939 216
1 4 1 3.21544 8.89669 -0.382188 2.69969 -5.47051 -3.22413 -2.49946 0.393823 27.1291 475 66.006 429
1 4 2 3.20034 5.43243 0.912967 3.54472 -5.36696 -3.20022 -3.59967 -0.766082 46.4736 273 43.488 267
1 4 3 3.11584 5.19992 1.80608 4.77408 -5.09981 -3.13836 -4.56164 -1.70039 20.6934 128 27.6185 155
1 4 4 3.00322 5.17397 2.92896 5.79985 -5.29334 -3.20959 -6.29772 -2.83023 18.7741 117 17.9921 130
1 4 5 3.10322 5.37397 4.20322 7.07397 -5.09984 -2.93094 -6.69594 -3.82719 17.9482 117 20.0898 125
1 4 6 2.90322 5.27847 4.9245 7.59988 -5.28266 -2.80816 -7.57475 -5.00013 15.5791 99 16.0103 102
1 4 7 3.20099 5.28449 5.81634 8.39992 -6.37921 -3.00011 -12.7987 -5.91974 12.2611 66 3.6137 84
1 4 8 3.40003 5.18565 7.00247 9.78796 -5.19873 -3.31023 -9.39997 -6.91138 11.661 58 9.78787 46

1 5 0 4.04505 6.69955 -1.08453 1.06997 -6.69976 -4.24752 -1.09136 0.98464 31.8231 182 37.7147 192
1 5 1 4.2002 6.52204 -0.455112 2.46614 -6.42501 -4.20038 -2.32501 0.599621 46.4418 315 46.5709 303
1 5 2 4.20047 6.55372 0.846283 3.29988 -6.39685 -4.21536 -3.39371 -0.73071 32.3869 187 25.4762 148
1 5 3 4.00565 6.3759 1.81131 4.48155 -6.57327 -4.40013 -4.48677 -1.81377 18.8019 119 18.5925 108
1 5 4 4.10278 6.37753 3.125 5.39987 -8.17673 -4.20012 -7.59976 -2.92326 19.5178 101 5.05467 94
1 5 5 4.30007 6.2807 4.00254 6.68304 -6.2797 -4.00021 -6.3797 -3.9002 14.6918 78 14.5081 82
1 5 6 4.10969 6.49069 4.91881 7.49991 -5.99901 -4.11551 -7.59901 -4.91551 12.3666 76 13.058 66
1 5 7 4.1104 6.19995 6.2104 8.49995 -5.99945 -4.20732 -8.59984 -6.11559 8.77901 42 14.1507 63

1 6 0 5.20138 7.28163 -1.08045 0.999901 -6.97896 -5.30011 -1.09989 0.978963 18.2547 79 24.3546 85
1 6 1 5.13391 7.39983 -0.399829 2.36609 -7.77724 -5.308 -2.09785 0.471402 21.8593 137 19.388 123
1 6 2 5.30408 7.37858 0.81734 3.49184 -7.29987 -5.22549 -3.29987 -0.525493 18.3842 102 17.8971 103
1 6 3 5.102 7.37975 2.20007 4.57797 -7.19685 -5.11536 -4.19843 -1.90768 16.432 89 15.5195 74
1 6 4 5.20228 7.28477 3.00009 5.28268 -10.3932 -5.41116 -8.88218 -3.10009 14.726 70 2.49945 72






