0 0 0 -0.399983 1.22387 0 2.88999 -4.68858 -0.40002 -10.2458 0 391.611 3347 48.4234 4225
0 0 1 -3.15111 1.17339 0.000234898 9.76051 -2.79932 1.4171 -8.2638 -0.0001579 109.078 4604 135.953 4737
0 0 2 -2.69955 1.09832 1.10063 10.4996 -2.01861 0.999392 -9.91861 -1.10081 56.6452 2022 73.0869 1945
0 0 3 -1.59952 1.03545 2.20083 9.73615 -1.23995 0.99505 -8.63665 -2.20055 33.341 662 45.8821 660
0 0 4 -1.2677 0.8473 3.2289 10.5439 -1.5931 0.6609 -15.3089 -3.30046 21.9763 340 13.5959 368
0 0 5 -0.999897 0.774508 4.30017 11.349 -0.977106 0.599923 -8.38335 -4.2296 16.4701 206 28.2417 185
0 0 6 -0.99392 0.77408 5.30016 8.16832 -0.999834 0.667082 -12.199 -5.33225 25.242 128 11.6195 133
0 0 7 -0.999901 0.780447 6.30296 13.2832 -0.899959 0.571537 -8.28304 -6.21179 6.35698 79 37.7317 115
0 0 8 -0.899972 0.680448 7.40296 9.18321 -0.999907 0.581685 -9.19907 -7.31757 28.0785 79 24.8675 74

0 1 0 -1.69985 2.0494 -1.59466 1.36434 -4.54829 -1.10357 -2.98444 3.08731 1861.9 20656 928.785 19426
0 1 1 -1.25152 2.19904 -0.898567 2.28549 -3.32152 0.504257 -4.85409 0.0999208 309.189 3397 2570.73 48723
0 1 2 -0.299701 2.06699 1.08069 3.21393 -3.00384 0.15144 -6.87776 -1.10173 290.567 1467 1179.92 21504
0 1 3 -0.29099 1.95601 2.20021 4.39506 -2.69951 0.0800692 -9.59274 -2.12362 85.9723 424 455.035 9447
0 1 4 -0.0999185 1.95966 3.30007 12.8597 -2.54616 0.0968144 -11.0192 -3.10637 8.27886 163 243.717 5097
0 1 5 -0.281933 1.49991 4.20073 10.1825 -2.19935 -0.0531967 -11.1594 -4.1229 6.84898 73 202.233 3054
0 1 6 -0.199602 1.88715 5.40007 7.28688 -2.09984 -0.124795 -10.2545 -5.2011 13.461 53 220.826 2204
0 1 7 -0.093565 1.59997 6.50084 8.19435 -2.09973 -0.14541 -9.41093 -6.20393 9.06556 26 250.818 1572
0 1 8 -0.099975 1.59753 7.50005 9.09505 -1.99982 -0.122409 -9.30518 -7.30026 7.38686 20 310.037 1167
0 1 9 2.5e-05 1.49752 8.60017 9.99767 -2.00028 -0.134595 -10.2996 -8.30025 4.77839 10 218.225 814
0 1 10 0.20006 1.49856 9.50002 10.4985 -1.99984 -0.141085 -11.2998 -9.22365 4.62766 6 129.045 498
0 1 11 0.0001375 1.59739 10.6 12.3973 -1.9376 -0.0176 -12.3208 -10.3004 3.83184 11 82.4919 320
0 1 12 0.700007 1.59852 11.4 12.8985 -1.98936 -0.400072 -13.2918 -11.2348 4.45626 6 52.6129 172

0 2 0 0.9265 3.4965 -1.03615 1.09923 -4.7731 -1.09152 -1.29936 1.27051 167.64 920 4881.64 46186
0 2 1 0.900873 3.34062 -0.00044 2.16878 -3.82544 -1.10119 -2.29961 -0.00505236 198.022 1048 11372.3 71088
0 2 2 1.00018 3.18756 1.10031 3.18134 -3.50261 -1.05743 -3.65698 -1.10241 121.485 553 5563.54 34752
0 2 3 0.938362 2.89981 2.13836 4.19961 -3.41933 -1.00182 -5.78487 -2.10698 38.3376 155 1883.74 16749
0 2 4 1.10004 2.68688 3.31312 4.99993 -3.27466 -1.00085 -7.29364 -3.18803 19.8005 53 942.971 8803
0 2 5 1.20003 2.69431 4.50569 5.89997 -3.54475 -1.00021 -9.18131 -4.20115 11.0394 23 400.483 5075
0 2 6 1.10346 2.39999 5.80002 7.19654 -3.09966 -1.00178 -10.1763 -5.20416 7.73217 14 319.049 3328
0 2 7 1.00049 2.89724 6.30016 7.89691 -3.13506 -1.00037 -10.0701 -6.20318 4.29236 13 308.31 2545
0 2 8 1.3 1.99876 7.40124 8.59999 -3.09946 -1.03291 -9.39814 -7.3031 5.96914 5 401.665 1739
0 2 9 1.70006 2.89956 8.7 9.49951 -3.09955 -1.05235 -10.2997 -8.3349 2.0855 2 315.49 1269
0 2 10 1.70001 1.89951 10.2 10.6995 -3.05224 -1.00049 -11.3996 -9.29677 20.0702 2 183.102 790
0 2 11 0.90001 1.59951 11.4 11.7995 -2.99749 -1.10013 -12.2999 -10.303 7.15691 2 122.466 464
0 2 12 1.00098 2.49973 11.9 12.7988 -2.99982 -1.05272 -15.3473 -11.4001 3.71195 5 27.714 213
0 2 13 1.90003 1.99978 13.4 13.4998 -2.97253 -1.00014 -14.1725 -12.4001 100.502 1 31.7512 111

0 3 0 1.70763 7.19863 -1.09237 1.09863 -5.39727 -2.27399 -1.18985 1.19994 36.2404 436 3708.07 27677
0 3 1 2.10037 4.24456 0.000124444 2.16304 -4.73908 -2.20019 -2.22481 -0.000392744 96.5997 448 8223.22 46441
0 3 2 2.20011 4.03714 1.10021 3.06857 -4.49333 -2.20044 -3.30053 -1.18874 70.2448 254 5383.81 26069
0 3 3 2.10322 4.17847 2.20012 3.9755 -4.35575 -2.20007 -4.35276 -2.20058 26.8705 99 2819.34 13080
0 3 4 2.20767 3.99996 3.40004 5.09233 -4.22603 -2.10076 -5.45413 -3.20119 10.2207 31 1589.35 7610
0 3 5 1.80272 3.79999 4.50003 6.09728 -4.19959 -2.1262 -6.99691 -4.12257 3.44814 11 757.6 4515
0 3 6 2.10003 4.79853 6.00001 10.7985 -4.17612 -2.10004 -8.91592 -5.30053 0.463364 6 422.071 3168
0 3 7 2.40001 3.3995 6.60001 7.39951 -4.12283 -2.00291 -10.4785 -6.26996 2.50282 2 261.386 2332
0 3 8 2.2 3.39876 7.60005 9.1988 -4.09693 -2.1001 -9.3638 -7.22117 2.6089 5 401.547 1718
0 3 9 2.10005 2.9993 8.60074 9.9 -4.00004 -2.00153 -10.2987 -8.30012 2.56772 3 306.439 1224
0 3 10 0 0 0 0 -4.09968 -2.03757 -11.294 -9.3389 0 0 188.259 759
0 3 11 3.1 3.7995 10.7 10.9995 -4.00016 -2.01096 -12.3397 -10.3001 9.54651 2 120.034 487
0 3 12 2.3 3.0995 11.6 12.1995 -3.99984 -2.02364 -13.1974 -11.3212 4.17275 2 51.5157 191

0 4 0 3.10644 11.0479 -1.04209 0.999708 -8.69919 -3.11819 -1.19998 1.11511 14.4312 234 563.136 7276
0 4 1 3.13658 6.57458 -0.07644 2.09256 -5.79973 -3.21058 -2.19974 -0.017313 33.2572 248 2178.7 12311
0 4 2 3.23382 5.58932 1.10022 3.05594 -5.52665 -3.20091 -3.20016 -1.11636 38.6393 178 1589.03 7701
0 4 3 3.40005 5.38441 2.20535 4.78961 -5.21434 -3.19995 -4.28464 -2.19995 12.2853 63 952.045 3998
0 4 4 3.30088 4.79413 3.20088 4.89413 -5.15183 -3.20006 -5.39981 -3.26947 10.6785 27 615.209 2558
0 4 5 3.60003 4.39853 4.60001 6.09852 -5.18178 -3.10051 -6.84534 -4.20153 5.01437 6 333.849 1837
0 4 6 3.50074 4.1 5.90003 7.09853 -4.96548 -3.10043 -7.39 -5.30015 8.35417 6 350.465 1366
0 4 7 3.90001 3.99975 6.9 6.99975 -4.92107 -3.10056 -9.22107 -6.10282 100.502 1 198.528 1127
0 4 8 4.20001 4.6995 7.4 8.29951 -5.08738 -3.09987 -9.98738 -7.29987 4.45137 2 159.134 850
0 4 9 3.60004 4.09954 8.60001 9.49951 -4.87815 -3.10019 -10.1999 -8.25408 4.45136 2 178.632 618
0 4 10 3.1 3.5995 9.60001 10.3995 -4.8484 -3.10017 -11.2968 -9.20052 5.00814 2 113.787 417
0 4 11 3.50001 3.59976 10.4 10.4998 -4.89074 -3.04523 -12.273 -10.4001 100.502 1 63.0703 218
0 4 12 4 4.09975 12.4 12.4998 -4.5999 -3.13069 -13.1817 -11.3127 100.502 1 45.1575 124

0 5 0 4.2443 6.79978 -0.955697 0.899776 -11.0859 -4.13869 -1.11458 1.15905 37.7509 179 139.977 2211
0 5 1 4.20254 7.06629 0.00308125 2.08496 -7.12364 -4.19753 -2.20954 -0.000341023 24.3208 145 464.238 3001
0 5 2 4.2012 6.1772 1.20008 3.17624 -6.69969 -4.23532 -3.19888 -1.19984 24.5845 96 330.871 1630
0 5 3 4.40005 6.18961 2.20115 3.99065 -6.55843 -4.20072 -4.47559 -2.01859 13.1151 42 98.7414 572
0 5 4 4.40003 6.19703 3.40297 4.89998 -6.26065 -4.20026 -5.4213 -3.20026 4.46074 12 69.4904 318
0 5 5 4.90004 5.49804 4.20004 5.79804 -6.15495 -4.20011 -6.25495 -4.30046 8.37167 8 47.6348 182
0 5 6 4.50001 4.89926 5.40001 6.59926 -6.06609 -4.20004 -7.1887 -5.50005 6.26566 3 43.4769 137
0 5 7 0 0 0 0 -6.09859 -4.12684 -8.29929 -6.31342 0 0 28.8586 113

0 6 0 5.20286 11.0769 -1.08024 0.69376 -11.182 -5.40133 -1.09952 1.03182 9.98035 104 77.5132 955
0 6 1 5.30797 7.29348 9.66667e-05 2.18565 -9.60597 -5.40148 -2.20597 -0.000297 26.7318 116 128.104 1188
0 6 2 5.40005 7.28639 1.30005 3.08639 -7.89918 -5.2736 -3.16325 -1.10044 16.3222 55 129.43 701
0 6 3 5.40037 7.29287 2.10083 3.79332 -8.44877 -5.30013 -4.49017 -2.14192 9.36606 30 27.9965 207

0 7 0 6.51757 8.49991 -0.699911 0.882428 -11.7901 -6.50016 -0.999891 1.19008 22.635 71 38.0673 441
0 7 1 6.10016 8.48391 0.101381 1.99326 -9.1998 -6.34511 -2.15198 -0.000291 14.4132 65 94.7507 582
0 7 2 6.40792 8.29996 1.40104 2.99304 -8.99025 -6.36525 -3.12575 -1.10038 10.6237 32 56.427 300
0 7 3 6.50002 8.09505 2.40002 4.19505 -8.89678 -6.32603 -4.09503 -2.22428 6.98538 20 24.3282 117

0 8 0 7.60003 9.58985 -0.799693 0.890058 -11.926 -7.50037 -1.026 0.899813 12.1941 41 35.0819 299
0 8 1 7.50004 9.28738 0.112622 1.89994 -11.3317 -7.50023 -2.33169 -0.100099 15.9648 51 32.2797 276
0 8 2 7.50016 9.09466 1.40544 2.49997 -10.2995 -7.44826 -3.17124 -1.01999 12.6058 22 31.7913 195

0 9 0 8.30005 10.5896 -0.794225 0.895275 -11.8584 -8.50014 -0.89979 0.95842 10.8578 42 26.9214 168
0 9 1 8.40224 10.3952 0.30119 1.79419 -11.2918 -8.43483 -2.07872 -0.000143333 9.41003 28 28.9636 172
0 9 2 8.40446 9.79998 1.20022 2.99572 -10.7967 -8.5267 -3.0961 -1.1261 7.1837 18 26.8342 120

0 10 0 9.50032 11.6923 -0.79944 0.89256 -11.9986 -9.62636 -0.999861 0.772528 8.62798 32 26.4 111
0 10 1 9.60011 10.9949 0.105197 1.89997 -11.9992 -9.42643 -2.17302 -0.00013625 8.38905 21 19.4981 109


1 0 0 -0.906456 0.999111 6.3924e-06 0.79466 -0.903888 0.998781 -0.791906 -6.39393e-06 466854 706941 471545 710488
1 0 1 -1.00029 1.01913 1.42896e-05 1.68027 -1.03517 0.999764 -1.66582 -1.41619e-05 39221 133082 39398.2 133552
1 0 2 -1.05048 0.999937 1.1005 3.13868 -1.03858 0.999962 -3.32717 -1.10004 333.802 1395 304.838 1384
1 0 3 -0.999602 0.921295 2.16201 4.18251 -0.899743 0.92377 -4.08691 -2.16391 81.934 318 87.834 308
1 0 4 -0.899912 0.886882 3.21007 5.28357 -0.898133 0.881118 -5.09336 -3.11411 28.6106 106 23.569 83

1 1 0 -1.98673 1.9009 7.14082e-06 0.936775 -1.99711 1.91356 -0.92998 -7.08649e-06 105146 382922 104992 381837
1 1 1 -0.499615 2.22716 -0.199456 2.02466 -2.19825 0.49891 -2.01511 0.301195 12706.1 77058 14167.4 88510
1 1 2 -0.20019 2.18348 1.1096 3.19953 -2.19547 0.199389 -3.19998 -1.12822 667.84 3327 686.879 3408
1 1 3 -0.179935 2.11656 2.20025 4.29927 -2.17264 0.172115 -4.2916 -2.10105 168.866 814 163.931 842
1 1 4 -0.137383 1.99968 3.20032 5.23738 -1.99963 0.127235 -5.17575 -3.30012 58.1162 253 73.699 294
1 1 5 5.75e-05 1.97723 4.41139 6.09992 -1.89993 0.17822 -6.29989 -4.22178 27.557 92 20.3769 88
1 1 6 0.01386 1.69993 5.21386 7.09995 -1.98515 0.09995 -7.29962 -5.20713 17.6096 56 13.7518 60

1 2 0 0.999938 3.58409 -1.12203 1.09969 -3.59927 -1.01773 -1.09993 1.0936 1606.97 9226 1666.53 9437
1 2 1 1.0912 3.49952 0.000135682 2.16906 -3.43737 -1.00021 -2.11888 -2.20058e-05 1673.61 8742 1737.61 8973
1 2 2 0.901792 3.33394 1.12956 3.19989 -3.31759 -0.993967 -3.19965 -1.11658 426.983 2150 456.793 2211
1 2 3 1.0004 3.23987 2.18249 4.32074 -3.30339 -0.972885 -4.16525 -2.2 135.114 647 148.034 678
1 2 4 0.900201 3.07018 3.11145 5.2512 -3.09866 -1.11775 -5.29986 -3.21889 51.9038 241 55.5526 229
1 2 5 1.10012 2.97624 4.2012 6.2772 -3.07772 -1.00011 -6.29887 -4.32137 24.6481 96 21.9059 90

1 3 0 2.00381 4.84537 -1.07863 1.09964 -7.96864 -2.10185 -1.19193 1.10054 492.594 3049 219.712 2955
1 3 1 2.10027 4.61097 6.44e-05 2.16862 -4.63679 -2.1003 -2.16051 -8.86667e-05 622.083 3387 624.464 3422
1 3 2 2.1002 4.49174 1.10041 3.19625 -4.41891 -2.10058 -3.18918 -1.10087 259.96 1303 286.488 1387
1 3 3 2.10007 4.37943 2.2003 4.26007 -4.19444 -2.10022 -4.1001 -2.10617 103.09 484 107.527 449
1 3 4 2.01593 4.27168 3.24381 5.09978 -3.9999 -2.04826 -5.35174 -3.20024 42.2777 177 46.4403 195
1 3 5 2.00091 4.18266 4.31807 6.19991 -4.09336 -2.11411 -6.27946 -4.40005 17.7801 73 22.3129 83
1 3 6 2.10008 4.08515 5.10165 6.98665 -3.99883 -2.31183 -7.08713 -5.40004 16.0348 60 18.2705 52

1 4 0 3.11922 9.69897 -1.18951 1.10072 -7.67132 -3.30055 -1.1004 1.1892 85.0079 1281 132.703 1328
1 4 1 3.10138 5.89162 0.00034375 2.16527 -5.72749 -3.2007 -2.25614 -0.000271111 273.148 1650 295.96 1687
1 4 2 3.15062 5.59958 1.10029 3.26651 -5.59573 -3.20004 -3.29778 -1.1007 152.687 810 158.639 835
1 4 3 3.20028 5.4578 2.20017 4.2156 -5.51998 -3.00248 -4.21997 -2.10247 74.9472 341 61.9043 330
1 4 4 3.3344 5.19983 3.11042 5.07568 -5.35842 -3.2001 -5.25842 -3.20021 37.9157 139 37.8185 168
1 4 5 3.3009 5.0829 4.40009 6.48218 -4.99995 -3.11559 -6.18441 -4.40005 19.4055 72 18.7368 63

1 5 0 4.30051 10.4478 -1.09963 1.24773 -11.4837 -4.36966 -1.1796 1.3484 42.62 615 38.2558 688
1 5 1 4.21539 6.89701 0.00307775 2.0894 -8.67106 -4.10231 -2.31962 0.049125 169.266 947 85.4723 925
1 5 2 4.1177 6.49993 1.13894 3.0998 -6.77774 -4.10123 -3.19998 -1.12346 101.044 472 88.8841 494
1 5 3 4.10026 6.64803 2.20026 4.14803 -6.4991 -4.22922 -4.34035 -2.2001 42.3179 210 49.6078 241
1 5 4 4.22574 6.19987 3.30013 5.27426 -6.37724 -4.108 -5.06956 -3.20015 26.6859 104 28.9948 123
1 5 5 4.30006 6.29443 4.31114 5.99994 -6.28416 -4.30008 -6.19952 -4.41552 13.3606 45 18.0811 64

1 6 0 5.30907 11.7807 -1.0677 1.4473 -11.5945 -5.27347 -1.33996 1.18104 20.8893 340 19.8303 316
1 6 1 5.12119 10.6799 0.000353125 2.28008 -8.55917 -5.30071 -2.10043 -0.0213375 44.5849 565 83.9899 569
1 6 2 5.20046 8.00818 1.09182 3.09977 -8.01635 -5.30042 -3.11634 -1.10021 65.8065 371 61.7277 338
1 6 3 5.20254 7.46629 2.13589 4.09991 -7.59546 -5.13671 -4.15916 -2.20021 32.6132 145 34.2566 165
1 6 4 5.20187 7.28112 3.30007 5.07946 -7.27921 -5.4001 -5.1958 -3.4168 22.4337 83 25.1277 84

1 7 0 6.50011 11.5569 -0.999783 0.956935 -10.1998 -6.34554 -1.1931 1.1609 17.585 174 20.2803 184
1 7 1 6.40013 9.22031 0.100268 2.32031 -11.9158 -6.30043 -2.11585 -0.000425 51.4304 322 28.6219 340
1 7 2 6.45074 10.5995 1.10564 3.35439 -8.74209 -6.30029 -3.19981 -1.15791 21.9733 205 46.9326 234
1 7 3 6.2037 8.67521 2.12822 3.99986 -8.77806 -6.4113 -4.39435 -2.2276 24.6446 114 25.9352 133
1 7 4 6.40008 8.38317 3.30187 5.08487 -8.39316 -6.21116 -5.29838 -3.31638 19.2316 68 16.6485 72

1 8 0 7.30016 11.8693 -0.899897 0.96931 -11.5982 -7.43372 -0.999822 1.06485 14.5187 124 16.5148 142
1 8 1 7.31785 10.1653 0.007875 2.25537 -11.9953 -7.34732 -2.44852 -0.10026 32.8138 210 19.0568 208
1 8 2 7.30044 10.1569 1.10014 3.17847 -9.99762 -7.43162 -3.16634 -1.10017 29.3091 174 25.6517 136
1 8 3 7.50011 9.67748 2.10387 4.18112 -9.5998 -7.21955 -4.1999 -2.11955 20.1197 91 15.954 79

1 9 0 8.7001 11.8792 -0.999895 0.77921 -11.1775 -8.70008 -1.09227 0.984985 14.8516 84 17.683 91
1 9 1 8.24133 10.7998 0.0062625 2.16451 -11.1624 -8.5001 -2.16238 -0.10019 30.2438 167 27.686 152
1 9 2 8.50069 10.8777 1.00345 3.38045 -10.8975 -8.42502 -2.97277 -1.20009 16.2828 92 25.0972 110
1 9 3 8.50007 11.0861 2.21386 4.19993 -10.5999 -8.41337 -3.89332 -2.30005 10.9032 56 15.5003 54

1 10 1 9.52203 11.8999 0.0220275 1.99989 -11.8999 -9.32252 -1.99992 -0.122523 18.9238 89 18.8065 91
1 10 2 9.70681 11.9 1.01361 2.99993 -11.8827 -9.40009 -2.99994 -1.21732 12.6254 55 15.8174 70


