0 0 0 -0.399997 2.63432 0 4.56277 -5.39086 -0.400004 -13.6923 0 105.73 3347 33.0828 4225
0 0 1 -4.3872 1.3826 4.69796e-05 11.4721 -4.665 1.19938 -13.1655 -3.158e-05 69.5558 4604 61.3542 4737
0 0 2 -3.99991 1.09966 1.10013 13.0999 -5.70372 0.999878 -13.0037 -1.10016 33.0426 2022 24.3744 1945
0 0 3 -2.27418 1.09272 2.20017 14.4672 -1.56964 0.99736 -11.2673 -2.20011 16.0283 662 28.3559 660
0 0 4 -1.29014 0.89286 3.20408 10.5871 -1.59871 0.692088 -15.3818 -3.30009 21.0956 340 13.2964 368
0 0 5 -0.999979 0.794901 4.30003 11.3898 -0.995421 0.599985 -8.39963 -4.20888 16.1882 206 27.67 185
0 0 6 -0.995008 0.798592 5.30003 8.19366 -0.999967 0.693416 -12.1983 -5.30499 24.6627 128 11.3937 133
0 0 7 -0.99998 0.796089 6.30028 13.2963 -0.899992 0.594307 -8.29764 -6.20339 6.28711 79 36.7478 115
0 0 8 -0.899994 0.69609 7.40028 9.19633 -0.999982 0.596337 -9.19944 -7.30314 27.5583 79 24.4459 74

0 1 0 -2.97278 2.69442 -6.07048 2.39836 -7.69691 -1.06512 -5.78631 5.74239 430.382 20656 254.081 19426
0 1 1 -2.48811 2.24204 -1.28811 3.44204 -4.49934 0.544859 -8.38566 0.678192 151.826 3397 1065.69 48723
0 1 2 -0.327383 2.09991 1.06235 4.989 -4.03555 0.296416 -10.0678 -1.10035 153.917 1467 553.562 21504
0 1 3 -0.297456 1.99194 2.20004 8.97901 -4.06538 0.0989632 -11.6607 -2.19683 27.32 424 239.707 9447
0 1 4 -0.0999837 1.99193 3.30001 12.8919 -3.47385 0.0993629 -12.0477 -3.10127 8.1234 163 159.443 5097
0 1 5 -0.296387 1.49998 4.20015 10.1965 -3.28089 0.066406 -12.7809 -4.13359 6.77705 73 105.51 3054
0 1 6 -0.199947 1.8974 5.40001 7.29738 -2.6909 -0.100551 -13.0909 -5.20022 13.3185 53 107.83 2204
0 1 7 -0.098713 1.59999 6.50003 8.19873 -2.52219 0.099214 -13.2222 -6.20079 9.01028 26 85.4074 1572
0 1 8 -0.099995 1.5995 7.50003 9.09903 -2.09008 -0.0484305 -9.39971 -7.15777 7.35971 20 254.956 1167
0 1 9 5e-06 1.49951 8.60001 9.99951 -2.05971 -0.100136 -10.3943 -8.235 4.76519 10 192.376 814
0 1 10 0.200003 1.4997 9.50001 10.4997 -1.99997 -0.108217 -11.4806 -9.20548 4.61783 6 115.708 498
0 1 11 4.4e-05 1.59949 10.6 12.3995 -1.9896 -0.0056 -12.3842 -10.3001 3.82192 11 77.3916 320
0 1 12 0.700001 1.5997 11.4 12.8997 -1.99787 -0.400014 -13.2923 -11.2009 4.4468 6 51.4699 172

0 2 0 0.71288 5.06688 -1.85446 1.09985 -6.66872 -1.00172 -1.69788 1.59979 71.5227 920 2471.43 46186
0 2 1 0.900175 5.84812 -0.091092 3.35651 -4.39314 -1.00083 -2.97166 0.052608 61.4355 1048 6929.15 71088
0 2 2 0.927374 3.19991 1.02737 3.19986 -4.37333 -1.00016 -5.73989 -1.10048 112.01 553 2220.64 34752
0 2 3 0.907673 2.89996 2.10736 4.19961 -4.32364 -1.00036 -8.67092 -2.1014 37.1848 155 767.164 16749
0 2 4 1.10001 2.69738 3.30262 4.99999 -4.33213 -1.00017 -9.28186 -3.12201 19.5477 53 428.905 8803
0 2 5 1.20001 2.69886 4.50114 5.89999 -4.09216 -0.919031 -12.4244 -4.20023 10.9697 23 194.472 5075
0 2 6 1.10069 2.4 5.8 7.19931 -4.23526 -1.00012 -13.1353 -5.20083 7.70026 14 129.65 3328
0 2 7 1.00001 2.89936 6.30001 7.89936 -3.87402 -1.00007 -12.774 -6.20064 4.27952 13 134.716 2545
0 2 8 1.3 1.99975 7.40025 8.6 -3.09989 -0.94304 -9.49261 -7.23608 5.95573 5 357.305 1739
0 2 9 1.7 2.8999 8.7 9.4999 -3.09991 -1.01047 -10.2999 -8.30698 2.08377 2 304.743 1269
0 2 10 1.7 1.8999 10.2 10.6999 -3.1609 -1.0001 -11.7984 -9.23792 20.014 2 142.787 790
0 2 11 0.900001 1.5999 11.4 11.7999 -2.99996 -1.02297 -12.3 -10.223 7.14566 2 112.999 464
0 2 12 1.00001 2.49976 11.9 12.7998 -2.99996 -1.01054 -15.3895 -11.4 3.70535 5 26.8374 213
0 2 13 1.9 1.99995 13.4 13.5 -2.99451 -1.00003 -14.1945 -12.4 100.1 1 31.0137 111

0 3 0 1.70828 7.78648 -1.07929 1.59891 -7.08534 -2.16919 -1.31906 1.30091 26.7836 436 2148.81 27677
0 3 1 2.10007 4.28891 2.48889e-05 2.19261 -5.10023 -2.1029 -2.35436 -0.000109567 93.3487 448 6581.34 46441
0 3 2 2.20002 4.08743 1.10004 3.09371 -4.64233 -2.09993 -3.46402 -1.09776 67.5017 254 4333.28 26069
0 3 3 2.10252 4.19757 2.20002 3.9951 -4.47013 -2.10039 -5.02627 -2.10163 26.3244 99 1887.27 13080
0 3 4 2.20153 3.99999 3.40001 5.09847 -4.42331 -2.10015 -7.1233 -3.20024 10.1486 31 834.99 7610
0 3 5 1.80054 3.8 4.50006 6.09951 -4.49231 -2.01806 -8.29231 -4.11806 3.43962 11 437.155 4515
0 3 6 2.10002 4.79972 6 10.7997 -4.37159 -2.00053 -10.6432 -5.30011 0.463043 6 250.064 3168
0 3 7 2.4 3.3999 6.6 7.3999 -4.49462 -2.00291 -12.1846 -6.20058 2.50056 2 156.402 2332
0 3 8 2.2 3.39975 7.6 9.19975 -4.51496 -2.00043 -14.0416 -7.12749 2.60511 5 98.8168 1718
0 3 9 2.10007 2.99992 8.60015 9.9 -4.0798 -2.00015 -10.448 -8.20918 2.56482 3 262.891 1224
0 3 10 0 0 0 0 -4.09994 -2.00751 -11.3624 -9.30019 0 0 175.895 759
0 3 11 3.1 3.7999 10.7 10.9999 -4.07589 -2.00012 -12.3879 -10.3 9.52835 2 112.366 487
0 3 12 2.3 3.0999 11.6 12.1999 -3.99997 -2.00473 -13.1992 -11.304 4.16789 2 50.51 191

0 4 0 3.10679 11.0951 -1.08842 0.999942 -10.946 -3.20031 -1.32538 1.21082 14.0267 234 370.38 7276
0 4 1 3.10087 6.58847 -0.099566 2.09423 -6.39762 -3.1108 -2.2889 -0.000105534 32.4137 248 1636.48 12311
0 4 2 3.20249 5.59359 1.10004 3.09119 -5.85379 -3.20002 -3.29375 -1.10019 37.3869 178 1322.92 7701
0 4 3 3.40001 5.39688 2.20054 4.79739 -5.3021 -3.101 -4.6021 -2.1005 12.1491 63 726.081 3998
0 4 4 3.3008 4.79945 3.2008 4.89945 -5.57338 -3.10128 -6.45012 -3.11407 10.6062 27 310.172 2558
0 4 5 3.60002 4.39972 4.6 6.0997 -5.30907 -3.1001 -7.90907 -4.20031 5.00287 6 224.229 1837
0 4 6 3.50015 4.1 5.90001 7.09971 -5.13238 -3.10009 -7.43238 -5.20034 8.33749 6 301.135 1366
0 4 7 3.9 3.99995 6.9 6.99995 -5.07211 -3.10011 -9.66168 -6.11803 100.1 1 161.275 1127
0 4 8 4.2 4.6999 7.40001 8.29991 -5.3898 -3.0323 -10.1898 -7.2323 4.44583 2 121.911 850
0 4 9 3.6 4.0999 8.6 9.4999 -4.89563 -3.10004 -10.9852 -8.21607 4.44583 2 124.292 618
0 4 10 3.1 3.5999 9.6 10.3999 -4.88968 -3.10003 -11.3794 -9.2001 5.00163 2 106.921 417
0 4 11 3.5 3.59995 10.4 10.5 -4.89586 -3.00676 -12.2946 -10.4 100.1 1 60.9099 218
0 4 12 4 4.09995 12.4 12.5 -4.59998 -3.10614 -13.1996 -11.3058 100.1 1 43.8312 124

0 5 0 4.20886 6.79996 -0.991139 0.899955 -11.9359 -4.14643 -1.19694 1.29779 36.5306 179 113.778 2211
0 5 1 4.20573 7.09848 0.000145 2.09652 -8.98296 -4.13301 -2.35145 -6.82045e-05 23.9105 145 263.151 3001
0 5 2 4.20182 6.19702 1.20002 3.19525 -7.81931 -4.20027 -3.29715 -1.1379 24.1152 96 208.589 1630
0 5 3 4.40001 6.19792 2.20004 3.99794 -7.87169 -4.20014 -5.57769 -2.00629 12.9932 42 43.6223 572
0 5 4 4.40001 6.19941 3.40059 4.9 -6.29213 -4.20005 -5.48426 -3.20005 4.4477 12 66.5448 318
0 5 5 4.9 5.4996 4.2 5.7996 -6.19099 -4.20002 -6.29691 -4.30601 8.34097 8 45.9153 182
0 5 6 4.5 4.89985 5.4 6.59985 -6.09322 -4.20001 -7.19774 -5.50001 6.25313 3 42.6239 137
0 5 7 0 0 0 0 -6.0996 -4.10525 -8.29912 -6.30195 0 0 28.3701 113

0 6 0 5.20026 11.0951 -1.09875 0.696048 -11.3756 -5.3234 -1.0999 1.15273 9.82988 104 70.0481 955
0 6 1 5.30003 7.29713 1.93333e-05 2.19713 -11.8958 -5.42554 -3.34119 -5.94e-05 26.4366 116 54.9538 1188
0 6 2 5.40001 7.29728 1.30001 3.09728 -10.8797 -5.21472 -3.2653 -1.10009 16.1295 55 57.1507 701
0 6 3 5.40003 7.29853 2.10003 3.79853 -8.48975 -5.30003 -4.49824 -2.10859 9.30347 30 27.157 207

0 7 0 6.50351 8.49998 -0.699982 0.896486 -11.7985 -6.32051 -1.19846 1.17949 22.2759 71 33.8546 441
0 7 1 6.10068 8.49743 0.100276 1.99865 -9.49011 -6.31921 -2.1904 -5.82e-05 14.2859 65 83.7971 582
0 7 2 6.40158 8.29999 1.40038 2.99878 -8.9964 -6.3114 -3.18515 -1.10008 10.5457 32 53.5865 300
0 7 3 6.5 8.09901 2.4 4.19901 -8.89994 -6.30579 -4.09918 -2.20503 6.9526 20 23.8109 117

0 8 0 7.60001 9.59797 -0.79998 0.89797 -11.9852 -7.50007 -1.0852 0.899963 12.0857 41 33.5815 299
0 8 1 7.50001 9.29748 0.102524 1.89999 -11.3863 -7.50005 -2.38634 -0.10002 15.7852 51 31.0625 276
0 8 2 7.50012 9.09902 1.40109 2.49999 -10.298 -7.4077 -3.19269 -1.00244 12.5211 22 30.8039 195

0 9 0 8.30001 10.5979 -0.798215 0.899685 -11.8917 -8.50003 -0.899958 0.991684 10.7648 42 26.1854 168
0 9 1 8.40001 10.3986 0.300714 1.79931 -11.2923 -8.40095 -2.09574 -2.86667e-05 9.3486 28 28.3849 172
0 9 2 8.40089 9.8 1.20031 2.99941 -10.7987 -8.50474 -3.09874 -1.10474 7.151 18 26.2339 120

0 10 0 9.50002 11.6984 -0.799984 0.898416 -11.9999 -9.60549 -0.999972 0.794505 8.57045 32 25.8333 111
0 10 1 9.60002 10.999 0.101039 1.89999 -11.9998 -9.40523 -2.1946 -2.725e-05 8.34443 21 19.1432 109


1 0 0 -1.16588 1.10185 1.27848e-06 0.978075 -1.10173 1.14089 -0.967789 -1.27879e-06 318728 706941 327356 710488
1 0 1 -1.20024 1.10817 2.85792e-06 1.95651 -1.1953 1.10059 -1.92657 -2.83237e-06 29466.2 133082 30193.6 133552
1 0 2 -1.09986 1.03095 1.1001 3.33095 -1.09983 1.03149 -3.43426 -1.00346 293.467 1395 267.14 1384
1 0 3 -0.99992 0.984259 2.10223 4.18633 -0.899949 0.984754 -4.09892 -2.11432 76.9002 318 82.3446 308
1 0 4 -0.899982 0.897376 3.20058 5.29528 -0.898589 0.897261 -5.09871 -3.10286 28.1546 106 23.1569 83

1 1 0 -2.25726 2.20007 1.42816e-06 1.0842 -2.19898 2.26515 -1.07967 -1.4173e-06 79236.4 382922 79222.6 381837
1 1 1 -0.73516 2.39971 -0.364349 2.1989 -2.40047 0.75114 -2.20225 0.502687 9589.75 77058 10382.5 88510
1 1 2 -0.280038 2.33679 1.10013 3.33531 -2.29966 0.243768 -3.3313 -1.10011 568.806 3327 600.54 3408
1 1 3 -0.294302 2.165 2.20005 4.37985 -2.19979 0.258321 -4.39642 -2.11747 151.843 814 150.306 842
1 1 4 -0.187477 1.99994 3.20006 5.28748 -1.99993 0.185447 -5.19515 -3.30002 55.4091 253 70.9878 294
1 1 5 1.15e-05 1.99545 4.40228 6.09998 -1.89999 0.195644 -6.29998 -4.20436 27.1574 92 20.038 88
1 1 6 0.002772 1.69999 5.20277 7.09999 -1.99703 0.09999 -7.29997 -5.20147 17.3914 56 13.6345 60

1 2 0 0.804613 4.54331 -1.20082 1.24569 -3.88295 -0.918874 -1.19965 1.15911 1008.66 9226 1349.77 9437
1 2 1 1.00004 3.59269 -0.0992715 2.27345 -3.5996 -0.986365 -2.26331 -2.20058e-05 1421.08 8742 1517.12 8973
1 2 2 0.900358 3.54679 1.10013 3.29679 -3.49056 -0.900553 -3.29685 -1.10012 369.842 2150 388.608 2211
1 2 3 1.00008 3.36797 2.13073 4.39838 -3.37356 -0.907458 -4.19983 -2.13356 120.494 647 133.055 678
1 2 4 0.90004 3.09404 3.10615 5.2941 -3.09908 -1.1029 -5.29997 -3.20378 50.2047 241 54.7273 229
1 2 5 1.10002 2.99525 4.20182 6.29702 -3.09555 -1.00002 -6.29969 -4.30418 24.176 96 21.5228 90

1 3 0 2.00076 8.04907 -1.19949 1.12454 -9.75373 -2.10037 -1.25272 1.39977 216.911 3049 145.564 2955
1 3 1 2.09822 4.82887 -0.03226 2.29946 -4.78597 -2.10011 -2.26407 0.000762 531.952 3387 562.549 3422
1 3 2 2.06189 4.69674 1.10008 3.3355 -4.53134 -2.10012 -3.33134 -1.10017 221.223 1303 255.693 1387
1 3 3 1.90823 4.38403 2.20006 4.29201 -4.27777 -2.10004 -4.17777 -2.10011 93.4497 484 99.2356 449
1 3 4 2.00451 4.29566 3.20876 5.09996 -3.99998 -2.00965 -5.39035 -3.20005 40.8492 177 44.7308 195
1 3 5 2.00015 4.1965 4.30361 6.19998 -4.09871 -2.10286 -6.29589 -4.40001 17.5266 73 21.9351 83
1 3 6 2.10001 4.09703 5.10204 6.99904 -3.99979 -2.30239 -7.09743 -5.40001 15.8381 60 18.0481 52

1 4 0 3.13074 11.6667 -1.86926 1.16669 -9.23426 -3.30011 -1.17742 1.35618 49.4314 1281 88.3286 1328
1 4 1 3.10028 10.6183 6.875e-05 2.91832 -6.71649 -3.20014 -2.29983 0.0582468 75.2065 1650 203.453 1687
1 4 2 3.1002 5.7599 1.10006 3.35991 -5.77871 -3.12046 -3.37933 -1.10014 134.764 810 137.819 835
1 4 3 3.20006 5.49156 2.20003 4.28312 -5.58482 -3.00132 -4.28482 -2.10132 71.4375 341 58.4995 330
1 4 4 3.30688 5.19997 3.10542 5.09847 -5.39168 -3.20002 -5.29168 -3.20004 36.8406 139 36.6478 168
1 4 5 3.3005 5.0969 4.40002 6.49644 -4.99999 -3.10312 -6.19688 -4.40001 19.1184 72 18.4836 63

1 5 0 4.3001 11.1696 -1.57909 1.29016 -11.4912 -4.30843 -1.48934 1.37626 31.2021 615 33.4256 688
1 5 1 4.20024 9.75312 4.735e-05 2.25312 -11.9921 -4.13839 -2.99214 0.0616125 75.6929 947 38.5684 925
1 5 2 4.11841 6.79481 1.10779 3.09996 -7.08073 -4.10543 -3.57653 -1.10124 88.5246 472 67.0762 494
1 5 3 4.10005 6.68961 2.20005 4.18961 -6.49855 -4.20458 -4.38807 -2.20002 40.7605 210 48.0143 241
1 5 4 4.20515 6.19997 3.30003 5.29485 -6.39975 -4.1059 -5.09391 -3.20003 26.1351 104 28.3131 123
1 5 5 4.30001 6.29889 4.30223 5.99999 -6.29683 -4.30002 -6.19997 -4.40317 13.2602 45 17.8378 64

1 6 0 5.30136 11.7957 -1.09014 1.49286 -11.5989 -5.21469 -1.39084 1.19336 20.2684 340 19.1538 316
1 6 1 5.11356 11.0853 7.0625e-05 2.57203 -9.97183 -5.30014 -2.17183 -0.00014225 36.786 565 56.0841 569
1 6 2 5.20009 8.08164 1.01836 3.09995 -8.08327 -5.30008 -3.18327 -1.10004 61.852 371 58.2959 338
1 6 3 5.20573 7.49848 2.10718 4.09998 -7.59356 -5.10182 -4.19183 -2.20004 31.7356 145 33.2457 165
1 6 4 5.20008 7.29593 3.30001 5.09589 -7.29584 -5.40002 -5.19882 -3.40302 22.0517 83 24.6731 84

1 7 0 6.50002 11.5914 -0.999956 0.991387 -10.2 -6.30911 -1.19871 1.19209 17.162 174 19.7802 184
1 7 1 6.40003 9.28406 0.100054 2.38406 -11.9832 -6.30009 -2.18317 -8.5e-05 48.883 322 27.4046 340
1 7 2 6.40389 10.5936 1.108 3.39774 -8.78842 -6.30006 -3.19996 -1.11158 21.3687 205 45.0292 234
1 7 3 6.20564 8.69994 2.10564 3.99997 -8.79834 -6.40499 -4.39727 -2.20392 24.1269 114 25.336 133
1 7 4 6.40002 8.39663 3.30211 5.09871 -8.39982 -6.20342 -5.29946 -3.30306 18.9567 68 16.42 72

1 8 0 7.30003 11.8939 -0.899979 0.993862 -11.5983 -7.4054 -0.999964 1.09297 14.2529 124 16.1815 142
1 8 1 7.30042 10.1899 0.00042 2.28992 -11.9965 -7.30686 -2.4897 -0.100052 31.7436 210 18.5606 208
1 8 2 7.30679 10.1981 1.10003 3.19569 -9.99898 -7.40578 -3.19327 -1.10003 28.7167 174 25.0545 136
1 8 3 7.50002 9.6955 2.10018 4.19563 -9.59838 -7.20233 -4.19998 -2.10391 19.7804 91 15.7299 79

1 9 0 8.70002 11.8958 -0.999979 0.795842 -11.1955 -8.70002 -1.09704 0.998407 14.6364 84 17.4024 91
1 9 1 8.20827 10.8 0.0005845 2.19223 -11.1925 -8.50002 -2.19248 -0.100038 29.401 167 26.98 152
1 9 2 8.50069 10.8961 1.00064 3.39604 -10.8994 -8.40489 -2.99455 -1.20002 16.0336 92 24.5729 110
1 9 3 8.50001 11.0972 2.20277 4.19999 -10.6 -8.40267 -3.89866 -2.30001 10.7958 56 15.3726 54

1 10 1 9.50441 11.9 0.0044055 1.99998 -11.9 -9.3045 -1.99998 -0.104505 18.6172 89 18.4972 91
1 10 2 9.70136 11.9 1.00272 2.99999 -11.8965 -9.40002 -2.99999 -1.20346 12.5249 55 15.6074 70


