0 0 0 -1.0133 2.89668 0 3.11945 -1.09928 2.39358 -2.29358 0 892.613 11560 1588.85 14100
0 0 1 -0.931555 1.39886 0.000341547 2.33928 -0.917651 1.40283 -2.33236 -0.000330069 3483.95 18990 3537.7 19144
0 0 2 -0.857577 1.19978 1.17046 3.3992 -0.826886 1.1998 -3.37225 -1.10094 2480.1 11372 2475.44 11395
0 0 3 -0.896182 1.09999 2.20032 4.35456 -0.799659 1.17736 -4.40737 -2.20016 1521.78 6544 1496.21 6529
0 0 4 -0.808288 1.09993 3.23233 5.39962 -0.731205 1.09984 -5.39983 -3.26991 833.723 3448 874.364 3410
0 0 5 -0.717188 1.09965 4.28308 6.39952 -0.821806 1.10001 -6.43848 -4.20073 540.149 2077 476.917 2051
0 0 6 -0.692502 1.0997 5.20054 7.43875 -0.739496 1.09964 -7.4395 -5.20108 324.829 1303 315.054 1297
0 0 7 -0.699693 1.09832 6.264 8.45374 -0.700257 1.095 -8.39743 -6.30023 213.604 841 227.889 858
0 0 8 -0.599833 1.0665 7.20045 9.36734 -0.583854 1.09502 -9.44594 -7.1882 148.445 536 150.113 569
0 0 9 -0.597915 0.999994 8.30321 10.3997 -0.445674 1.09963 -10.4979 -8.20768 124.475 417 124.041 439
0 0 10 -0.613622 0.999903 9.22879 11.2998 -0.51981 0.999798 -11.3198 -9.30027 104.441 349 105.575 324
0 0 11 -0.53565 0.999935 10.3046 12.3396 -0.747778 0.999912 -12.4689 -10.2216 83.2023 260 53.7238 211
0 0 12 -0.187996 0.999903 11.348 13.2999 -0.348767 0.999871 -13.3488 -11.3003 83.6705 194 74.9268 207
0 0 13 -0.666587 0.999916 12.4001 14.2666 -0.45941 0.999918 -14.3999 -12.3203 43.4016 135 54.0403 164
0 0 14 -0.488367 0.999922 13.4002 15.3767 -0.669558 0.999846 -15.2696 -13.4001 31.9554 94 39.4115 123
0 0 15 -0.190966 0.899954 14.3013 16.283 -0.579952 0.899966 -16.28 -14.3001 33.7661 73 27.6449 81

0 1 0 0.3002 2.23927 -1.19977 1.19739 -2.16978 0.29998 -1.07804 1.09966 14142.3 65737 662.095 3561
0 1 1 0.0983181 2.2563 0.000516721 2.29848 -2.09924 0.871559 -2.14248 0.199797 23227.3 115183 429.263 2987
0 1 2 0.0990656 2.1688 1.18371 3.39947 -1.99965 0.047616 -3.28762 -1.10026 16318.4 74837 414.461 1856
0 1 3 0.124351 2.1002 2.20022 4.36708 -1.95211 0.0995092 -4.19995 -2.12356 10621.6 45475 276.528 1178
0 1 4 0.100205 2.04253 3.20062 5.37525 -1.98971 0.000175 -5.25009 -3.20025 6429.22 27156 148.323 605
0 1 5 0.10328 2.00096 4.20006 6.36039 -1.92897 0.0996412 -6.28637 -4.15812 4087.22 16756 66.4754 287
0 1 6 0.128965 1.99994 5.23402 7.39946 -1.97946 -5.1875e-05 -7.29979 -5.34108 2663.97 10793 42.8158 166
0 1 7 0.146442 2.0006 6.29933 8.3996 -1.99352 0.08623 -8.37995 -6.3001 1856.34 7229 18.7259 81
0 1 8 0.14962 1.99994 7.24279 9.39976 -1.7976 0.0864 -9.29995 -7.20792 1148.81 4585 16.238 64
0 1 9 0.100069 2.01091 8.20334 10.3999 -1.59991 0.090595 -10.3 -8.4094 796.002 3341 11.89 38
0 1 10 0.100096 1.91769 9.21291 11.3995 -1.59579 -1.41667e-05 -11.0999 -9.40417 598.832 2380 6.28224 17
0 1 11 0.0699262 1.99968 10.2699 12.3998 -1.79959 -0.0033375 -11.9 -10.2037 469.334 1929 4.92305 15
0 1 12 0.2001 1.98134 11.25 13.4185 -1.59753 -0.100013 -12.7998 -11.4023 408.531 1578 4.77835 10
0 1 13 0.197262 1.99901 12.1298 14.431 -1.39997 -0.002475 -14.4998 -12.4023 287.005 1190 3.41151 10
0 1 14 0.118525 2.00303 13.205 15.3 -1.19989 -0.0021375 -14.8 -13.7022 218.343 862 6.84499 9
0 1 15 0.11004 1.98104 14.3003 16.3812 -1.29901 -0.300005 -15.9999 -14.8009 162.325 632 3.33943 4

0 2 0 1.14849 3.29983 -1.09567 1.09994 -3.19815 -1.1003 -0.972765 0.999888 3685.61 17409 202.497 838
0 2 1 1.10012 3.15019 0.000132934 2.22003 -3.15607 -1.10016 -2.09989 0.0108175 6556.88 29840 174.908 759
0 2 2 1.10002 3.09348 1.14624 3.29965 -3.10348 -1.10011 -3.10348 -1.10049 5234.19 22469 97.191 390
0 2 3 1.09842 3.12427 2.1414 4.30064 -3.03119 -1.00035 -4.19977 -2.1688 3512.11 15363 67.4008 278
0 2 4 1.00451 2.90051 3.20047 5.31748 -5.69546 -1.03671 -16.3592 -3.20014 2259.67 9070 2.69148 165
0 2 5 1.00085 2.88399 4.20006 6.34115 -3.09992 -1.21634 -6.08366 -4.30004 1431.06 5770 19.6452 66
0 2 6 0.998725 2.84204 5.26015 7.39957 -2.99344 -1.10003 -7.0996 -5.31285 1001.36 3949 15.6663 53
0 2 7 1.00076 2.7541 6.30015 8.36504 -2.69998 -1.20334 -8.09997 -6.40668 753.775 2729 10.6541 27
0 2 8 1.0002 2.71233 7.20091 9.41233 -2.6994 -1.20291 -8.89997 -7.50347 480.954 1821 6.69901 14
0 2 9 1.00027 2.79407 8.24366 10.2998 -2.89802 -1.40001 -9.69996 -8.10196 348.134 1284 3.34193 8
0 2 10 1.00026 2.74458 9.29933 11.4802 -2.89999 -1.10149 -11.2 -9.70148 271.281 1032 2.22629 6
0 2 11 1.00025 2.50571 10.2481 12.4 -2.89995 -1.3017 -11.6 -10.3017 242.313 785 3.37361 7
0 2 12 1.00025 2.85422 11.3292 13.2998 -2.09999 -1.20124 -12.9 -11.8012 161.218 589 5.06325 5
0 2 13 1.01002 2.49983 12.2301 14.2998 -2.99995 -2.0007 -13.4993 -13.3 169.61 523 15.0675 3
0 2 14 1.00013 2.60719 13.2084 15.3147 0 0 0 0 0 0 0 1
0 2 15 1.0001 2.56411 14.3001 16.3282 -1.39997 -1.30022 -15.3 -15.2002 91.4269 290 100.501 1

0 3 0 2.10102 4.39969 -1.08455 1.04227 -5.01808 -2.20017 -0.859039 0.999724 500.936 2449 63.1941 331
0 3 1 2.10084 4.3264 0.000192786 2.161 -4.53243 -2.10034 -2.03243 -8.53125e-05 561.24 2699 55.2313 273
0 3 2 2.10003 4.28585 1.10043 3.19881 -4.1943 -2.1243 -2.89985 -1.0297 447.82 2054 30.9981 120
0 3 3 2.05368 4.20061 2.19969 4.27316 -4.17599 -2.10008 -4.09992 -2.112 275.632 1227 23.5053 97
0 3 4 2.0646 4.0946 3.20004 5.26515 -3.99985 -2.0151 -5.09995 -3.1151 162.207 680 15.4845 61
0 3 5 2.10013 4.09994 4.30014 6.24988 -3.9906 -2.30005 -5.99995 -4.2094 103.87 405 12.5537 38
0 3 6 2.10009 4.05421 5.22289 7.09985 -3.69998 -2.20495 -6.99995 -5.50495 50.4391 185 8.9483 20
0 3 7 2.10108 3.78558 6.30008 8.26931 -3.8999 -2.30315 -7.99984 -6.20309 37.3812 124 4.53126 13

0 4 0 3.20049 5.60423 -0.934743 0.999605 -5.28853 -3.22228 -0.966587 0.899831 170.12 791 35.0059 135
0 4 1 3.12314 5.34514 0.000136923 2.07063 -5.59772 -3.23023 -1.76783 -0.000108333 154.761 712 31.0628 130
0 4 2 3.10051 5.29951 1.10025 3.09995 -5.19857 -3.11157 -2.79996 -1.01287 92.3286 406 13.9423 52
0 4 3 3.05947 5.38122 2.25947 4.08122 -4.69995 -3.10891 -4.19109 -2.20005 74.0014 313 11.3642 36
0 4 4 3.11266 5.17542 3.11266 5.17542 -6.6955 -3.30399 -5.7955 -3.20399 35.0181 149 3.86844 34
0 4 5 3.10012 5.0755 4.20012 5.9755 -4.89953 -3.20628 -5.89953 -4.40628 28.229 99 10.6785 27

0 5 0 4.20041 6.61907 -1.01907 0.999591 -6.09889 -4.30901 -0.898076 0.891799 66.9746 327 25.2836 81
0 5 1 4.30027 6.15978 0.00040625 2.01956 -7.99901 -4.31551 -1.88366 -8.25e-05 86.5595 325 9.51259 66
0 5 2 4.21147 6.37773 1.13341 3.09983 -5.79997 -4.20569 -2.89431 -1.10002 31.692 135 8.04028 23
0 5 3 4.20119 6.37744 2.12351 3.99988 -6.59996 -4.50446 -3.89555 -2.30002 23.2647 95 5.38371 18

0 6 0 5.30774 7.66699 -0.859658 0.899796 -7.1906 -5.50005 -0.695297 0.799968 39.2677 163 15.0327 38
0 6 1 5.30009 7.58243 0.0001775 1.76486 -7.2996 -5.41285 -1.69344 -0.100033 35.2568 142 17.6293 53

0 7 1 6.40007 8.37896 0.100042 1.97896 -7.89995 -6.50495 -1.59997 -0.002475 22.8606 85 8.9746 20





1 0 0 -1.40139 0.268512 -0.0998323 1.12093 -1.39992 0.308944 -1.19984 -0.00640857 26268.7 53550 28111 57330
1 0 1 -1.39939 0.550893 9.17565e-05 1.67034 -1.30024 0.481599 -1.61898 -0.0997937 12593 41021 23594.2 63868
1 0 2 -1.18942 0.890075 1.08319 3.24219 -1.1704 0.899751 -3.252 -1.10025 125.623 564 134.248 598
1 0 3 -1.09979 0.938372 2.10031 4.23837 -1.04728 0.899734 -4.19987 -2.05272 57.14 249 50.9504 213
1 0 4 -1.17723 0.899885 3.12277 5.19988 -1.196 0.880495 -4.99995 -3.32327 21.3239 92 26.9988 94

1 1 0 -2.19572 0.845735 -1.15652 -0.000391393 -2.29704 0.269627 -0.085591 1.09978 25350.3 89139 37397 113778
1 1 1 -0.24984 2.22616 -0.09956 2.52592 -1.95296 -0.200739 -1.5783 0.0995609 260.895 1696 56280.9 165465
1 1 2 -0.0997839 2.04116 0.800372 3.38816 -2.26758 -0.100378 -3.53447 -0.700241 171.651 951 172.409 1059
1 1 3 -0.199576 2.0161 1.81441 4.62966 -2.21437 -0.100288 -4.41436 -1.80043 54.3472 339 62.6125 346
1 1 4 0.0113231 1.89991 2.74529 5.59985 -2.25322 -0.200079 -5.49102 -2.83827 33.945 183 34.7013 189
1 1 5 5.25e-05 1.87921 3.92079 6.29989 -1.99995 -0.223017 -6.57698 -3.80012 18.7889 84 18.8476 93

1 2 0 1.0003 3.61239 -1.11239 1.09956 -3.19982 -1.15502 -1.0651 0.999887 61.2691 354 935.467 3950
1 2 1 1.0005 3.15013 -0.399563 2.49971 -3.3278 -1.19998 -2.20671 0.399111 129.485 807 641.152 3555
1 2 2 0.92838 3.19985 0.80043 3.57229 -3.29836 -1.20986 -3.59754 -0.714795 81.9544 516 89.3595 538
1 2 3 0.954945 2.99972 1.84218 4.18668 -3.33936 -1.2002 -4.86509 -1.72634 46.3081 222 36.4894 245
1 2 4 1.00005 3.07822 2.90011 5.37822 -3.26708 -1.30017 -4.99992 -3.11097 17.0876 88 35.797 133
1 2 5 1.10007 2.98663 4.31336 6.49993 -3.09658 -1.31458 -6.29838 -3.91638 13.0906 54 16.9622 72

1 3 0 2.12394 4.35744 -1.13417 1.09967 -4.29621 -2.20546 -1.09563 1.09983 53.3145 266 95.2037 437
1 3 1 2.01495 4.39395 -0.27701 2.40199 -4.19996 -2.31235 -2.33206 0.299726 75.9413 484 110.512 549
1 3 2 2.02871 4.19981 0.8087 3.4507 -4.33318 -2.20034 -3.38144 -0.715187 40.446 232 47.4794 270
1 3 3 2.02797 3.99986 1.82797 4.09994 -4.27244 -2.30968 -4.26312 -1.90012 25.2227 113 32.1261 149
1 3 4 2.11238 3.89996 3.01238 5.29994 -4.2844 -2.2044 -5.3844 -2.9044 12.2273 50 15.5087 80

1 4 0 3.13416 5.29983 -1.08982 0.992927 -4.79996 -3.20866 -0.782675 0.799942 30.5949 138 27.7953 70
1 4 1 3.22549 5.29987 -0.277083 2.19717 -5.49944 -3.31819 -2.29437 0.086875 40.1361 206 28.8789 150
1 4 2 3.10014 5.37179 0.728215 3.19986 -5.09987 -3.32524 -3.28215 -0.80765 20.3039 114 23.2277 102
1 4 3 3.20409 5.18258 2.00409 4.38259 -5.49773 -3.31522 -4.58267 -2.10009 18.2751 86 12.9193 70

1 5 1 4.20187 6.18112 -0.180287 2.39896 -6.19953 -4.50628 -2.29744 0.289065 16.2586 83 12.3299 54
1 5 2 4.10005 5.98589 0.914108 3.09993 -6.0996 -4.31285 -3.2996 -1.11285 13.8278 57 13.5648 53







