0 0 0 -1.09815 6.33454 0 13.4345 -1.97064 4.64136 -12.8169 0 73.9373 7383 115.169 9760
0 0 1 -1.08139 3.7992 6.26465e-05 13.643 -1.09989 3.1369 -11.5795 -5.49781e-05 186.286 12404 255.505 12535
0 0 2 -1.09974 2.61466 1.00386 13.1183 -1.09611 2.11524 -13.1852 -1.07384 171.386 7712 199.852 7773
0 0 3 -1.09884 2.13491 2.10039 14.4698 -0.999548 2.17626 -15.0989 -2.02486 116.251 4650 108.862 4520
0 0 4 -0.899561 1.65651 3.00132 13.8695 -1.29871 1.87199 -14.772 -3.10022 94.8889 2636 69.8773 2586
0 0 5 -0.99959 1.61882 4.10082 16.0188 -0.920008 1.8996 -16.72 -4.2004 52.5536 1640 45.7786 1616
0 0 6 -0.899893 1.24704 5.20027 14.647 -0.999476 1.44817 -15.299 -5.2513 52.7574 1070 42.5729 1047
0 0 7 -0.999622 1.16258 6.10019 16.4626 -0.790706 1.09996 -14.7628 -6.30009 33.7416 756 46.9369 751
0 0 8 -0.699865 1.57322 7.20081 16.9738 -0.771389 1.09986 -16.1983 -7.22717 24.3532 541 34.4312 578
0 0 9 -0.778764 1.09996 8.30005 16.9788 -0.77926 1.0999 -15.7996 -8.22053 26.3111 429 29.4196 419
0 0 10 -0.799656 1.08314 9.30034 16.2831 -0.799832 1.08337 -15.3834 -9.40004 26.1652 344 29.8195 336
0 0 11 -0.69942 1.08608 10.4004 14.5859 -0.786635 0.999991 -15.2999 -10.2134 38.8053 290 29.7102 270
0 0 12 -0.799316 1.08928 11.2003 16.4889 -0.799874 1.08758 -16.4997 -11.2123 22.8273 228 25.1508 251
0 0 13 -0.490793 0.999993 12.3001 16.1908 -0.69991 1.09109 -15.4998 -12.2088 32.0679 186 30.5386 180
0 0 14 -0.496114 0.999991 13.5 15.5922 -0.49505 0.999987 -15.4 -13.3099 50.1576 157 64.0061 200
0 0 15 -0.393169 0.999965 14.1002 16.3933 -0.393813 0.999984 -16.4 -14.3062 43.198 138 42.8331 125

0 1 0 0.300069 2.89132 -2.79835 2.62195 -2.29578 0.299996 -1.59986 1.98634 4221.1 59287 244.495 2276
0 1 1 -0.0786727 2.50131 -0.495964 4.4927 -2.5909 1.79945 -6.09421 1.79559 8318.76 107068 63.6277 2204
0 1 2 0.000454446 2.34361 1.00357 6.07776 -2.19965 0.131294 -4.69514 -1.06454 6003.83 71383 164.013 1388
0 1 3 1.49118e-05 2.27569 2.10087 8.18443 -2.0507 0.0999502 -6.9507 -2.10017 3264.47 45194 95.4774 996
0 1 4 0.0166622 2.19966 3.10131 10.8703 -1.99144 -2.1625e-05 -5.19991 -3.12569 1703.04 28883 125.646 519
0 1 5 0.046303 2.19973 4.10487 12.7675 -1.89569 -3.2625e-05 -9.08708 -4.20003 1045.12 19496 28.173 261
0 1 6 0.087685 2.10044 5.10337 14.4322 -1.79729 -1.64e-05 -7.39996 -5.20812 718.444 13490 41.6313 164
0 1 7 0.000685286 2.14502 6.1016 15.9251 -1.89997 -0.0055935 -15.3944 -6.50001 455.45 9594 6.70649 113
0 1 8 0.100283 2.17937 7.10172 16.1588 -1.99653 -1.16667e-05 -10.5965 -7.30002 366.056 6893 10.6358 70
0 1 9 0.100131 2.14759 8.20005 16.5714 -1.69743 -0.100013 -10.7974 -8.40001 300.759 5155 13.5782 52
0 1 10 0.100503 2.20071 9.10101 16.6007 -1.59861 -7e-06 -11.3 -9.30139 255.604 4026 8.76376 28
0 1 11 0.100032 2.0879 10.2004 16.6289 -1.6 -0.000396 -12.3 -10.5008 270.443 3456 5.55942 16
0 1 12 0.10029 2.07128 11.2007 16.1564 -1.69891 -0.100004 -13.1 -11.7011 297.003 2901 9.83583 22
0 1 13 0.100104 2.09411 12.1062 16.6821 -1.29978 -0.000184 -13.9999 -12.6003 272.019 2482 4.39822 8
0 1 14 0.100653 1.99991 13.201 15.7974 -1.3 -0.000693 -16.3993 -13.7 420.389 2073 3.99177 14
0 1 15 0.100429 2.01511 14.2017 16.516 -1.7 -0.100396 -16.2 -14.7004 387.042 1715 3.33506 8

0 2 0 1.00156 3.70532 -1.19991 1.24541 -3.79986 -1.02851 -1.07149 0.999856 3312.39 21900 100.341 576
0 2 1 1.00091 3.32309 -0.0223525 2.40031 -4.79972 -1.12772 -2.37228 -3.5e-05 7098.09 39933 64.2874 560
0 2 2 1.00047 3.25055 1.00178 3.58312 -3.08366 -1.10003 -3.98366 -1.10005 5510.82 32008 57.6921 330
0 2 3 1.00002 3.18547 2.10066 4.58908 -3.58718 -1.00004 -4.69935 -2.1123 4120.39 22408 38.6969 259
0 2 4 1.00028 3.16353 3.10123 6.27176 -3.19134 -1.10002 -5.19134 -3.30003 2145.03 14712 44.2441 175
0 2 5 1.00018 3.04843 4.10172 7.1906 -3.09995 -1.0046 -5.9954 -4.30002 1626.57 10291 26.1795 93
0 2 6 1.00005 3.05643 5.10188 9.22801 -2.69802 -1.20001 -7.19998 -5.50198 885.693 7515 15.7256 40
0 2 7 0.999792 3.1113 6.20031 13.0128 -2.89822 -1.30001 -10.5999 -6.30171 385.413 5544 5.24062 36
0 2 8 1.00015 2.99479 7.10106 12.0896 -2.79999 -1.10089 -8.99911 -7.3 427.225 4251 6.23496 18
0 2 9 1.00011 3.01981 8.1162 11.6542 -2.39995 -1.3006 -10.1 -8.40063 453.419 3240 6.95865 13
0 2 10 1.00025 3.53716 9.20042 16.3743 -2.5 -1.30064 -10.7994 -9.3 139.509 2539 7.22923 13
0 2 11 1.0001 2.9455 10.2004 15.491 -2.59998 -1.00074 -12 -10.2007 213.944 2202 5.21295 15
0 2 12 1.00013 2.75406 11.2003 15.8081 -2.2 -1.7001 -12.2 -12.1 229.652 1856 40.0281 2
0 2 13 1.00009 2.81941 12.2002 16.9194 -2.3 -1.9001 -13.2 -13.0001 189.616 1628 25.0188 2
0 2 14 1.0001 2.86587 13.2002 16.6317 -1.8 -1.5001 -14.6 -14.3001 215.388 1379 22.2371 2
0 2 15 0.900272 2.84609 14.2005 16.7461 -2.5997 -1.2 -16.4 -14.6003 219.858 1089 2.38186 6

0 3 0 2.00124 5.67744 -1.17276 1.10344 -4.79986 -2.11356 -0.993218 0.899954 295.897 2476 53.8773 274
0 3 1 2.00041 4.93937 1.75e-05 2.26917 -5.68871 -2.10006 -1.99436 -2.85e-05 486.582 3245 31.8571 228
0 3 2 2.10009 4.29116 1.00128 3.47348 -6.59411 -2.10003 -5.59994 -1.00589 471.869 2556 5.76382 119
0 3 3 2.00032 4.35218 2.00097 4.50437 -4.09475 -2.10003 -4.09973 -2.10504 328.145 1932 26.6407 106
0 3 4 2.00027 4.24634 3.10018 5.34634 -5.69683 -2.20002 -6.69997 -3.10317 214.865 1084 5.08851 64
0 3 5 2.00011 4.16624 4.13376 6.29993 -4.19969 -2.10249 -6.19723 -4.20001 145.347 682 13.3698 56
0 3 6 2.0001 3.8804 5.00059 7.48079 -3.69999 -2.20153 -7.09997 -5.20152 84.9144 396 10.8973 31
0 3 7 2.00005 3.99297 6.20007 8.78594 -3.89911 -2.1 -8.19911 -6.5 55.1088 284 5.88838 18
0 3 8 2.00012 3.98782 7.30209 9.38979 -3.79999 -2.4005 -8.79995 -7.90045 59.2811 246 7.94376 10
0 3 9 2.00002 3.99614 8.20008 10.3923 -3.49955 -2.5 -9.9999 -8.70035 35.6499 156 6.92858 9
0 3 10 2.00002 4.09213 9.40008 11.5921 -3.79955 -2.6 -10.6996 -9.7 34.6707 159 7.50616 9
0 3 11 2.00002 3.89381 10.1001 13.1938 -3.6 -2.7003 -11.6 -10.5003 21.3349 125 6.06428 6
0 3 12 2.00002 3.595 11.4 13.2983 -3.89999 -2.50019 -12.4998 -12.2 33.3577 101 9.5315 4

0 4 0 3.10018 5.76372 -1.06372 0.999817 -5.49376 -3.20002 -0.999969 0.996881 133.363 733 27.5094 126
0 4 1 3.00018 9.56362 2.82692e-05 2.36362 -6.69949 -3.10684 -1.89272 -2.45e-05 47.3788 735 21.6183 147
0 4 2 3.20009 5.57401 1.02599 3.19987 -8.69997 -3.10282 -3.89989 -1.10274 101.732 525 3.64076 57
0 4 3 3.10088 6.47898 2.00022 4.67832 -5.19777 -3.10001 -4.09955 -2.2018 48.4144 438 11.3036 45
0 4 4 3.11426 5.09995 3.11426 5.19995 -5.69812 -3.30001 -5.79812 -3.20001 69.539 288 6.09898 38
0 4 5 3.10028 5.29318 4.30004 6.39297 -4.99998 -3.20153 -5.79998 -4.40153 30.9395 142 12.3258 31
0 4 6 3.10004 4.99599 5.10401 7.09998 -4.99976 -3.20086 -6.99991 -5.20101 21.4045 81 6.79843 22

0 5 0 4.20009 10.7829 -0.982873 0.899913 -7.69987 -4.20432 -0.999955 1.09559 27.9168 346 12.15 89
0 5 1 4.20004 6.39198 5.4e-05 2.08396 -6.59663 -4.20002 -1.99912 -0.102516 70.9313 324 14.9601 68
0 5 2 4.30002 6.59193 1.00285 3.1947 -5.89993 -4.30124 -2.79936 -1.2 32.4473 163 10.1686 26
0 5 3 4.10004 10.2928 2.20002 7.19282 -6.09999 -4.10094 -4.2999 -2.10086 4.68962 145 4.3221 19
0 5 4 4.20066 6.79516 3.20022 5.09472 -5.99891 -4.30001 -5.09988 -3.20098 22.3792 110 6.81948 22

0 6 0 5.20014 7.69329 -0.799983 1.09322 -7.29996 -5.30211 -0.899849 0.898 29.0252 137 11.9716 43
0 6 1 5.30004 7.39193 0.000163 2.09201 -7.39708 -5.20001 -1.69997 -0.102921 37.2493 163 16.8148 59

0 7 0 6.30006 8.39426 -0.999942 1.09426 -8.09998 -6.50053 -0.899978 0.698922 26.4498 116 8.60262 22
0 7 1 6.20004 8.39639 0.0001095 1.89646 -8.39847 -6.40001 -1.79847 -0.200008 17.5268 73 9.70433 31





1 0 0 -1.67461 1.60754 0.103367 1.50095 -1.48164 1.40018 -1.59971 -0.0406233 4873.9 22357 5100.39 22916
1 0 1 -1.46429 1.40075 0.400023 1.91706 -1.3952 1.30049 -1.99902 -0.552457 14166.3 61572 26179.2 102085
1 0 2 -1.27975 1.19992 1.0001 3.15951 -1.29973 1.26403 -3.09978 -1.03597 152.765 818 412.012 2180
1 0 3 -0.89998 1.09193 1.90807 4.09997 -0.992674 0.999975 -4.29993 -2.10733 37.3333 163 33.8744 148
1 0 4 -1.19599 0.99998 3.10089 5.19684 -0.99996 1.19599 -6.59992 -3.10397 17.5986 81 10.5511 81
1 0 5 -0.899991 0.998614 4.30031 6.29751 -0.799952 0.897648 -6.39762 -4.30001 14.7684 56 13.4797 48

1 1 0 0.000793833 2.31151 -1.4 1.35554 -2.26813 -0.00059898 -1.39989 1.38452 5236.31 33341 4743.47 29949
1 1 1 -0.248531 2.30385 -0.321826 2.30198 -2.27696 0.700346 -2.11111 1.09975 18024.2 120707 12961.4 123907
1 1 2 -0.0996087 2.29502 0.500138 3.69036 -2.29977 0.181076 -3.64388 -0.400394 289.945 2215 391.968 3154
1 1 3 -0.199854 3.08555 1.70015 7.58555 -2.89649 0.187559 -11.0998 -1.81579 15.1014 292 11.1412 319
1 1 4 -0.0999535 2.59079 2.80019 9.19089 -2.09996 -0.0077715 -5.4999 -2.90251 10.8166 186 28.891 157
1 1 5 -0.193813 1.99997 3.70619 6.59997 -2.19994 0.094555 -6.59455 -3.90003 19.6902 125 17.7919 110
1 1 6 1.625e-05 1.99678 5.00013 7.59688 -1.99999 0.097624 -7.19762 -4.90001 12.5359 65 9.95954 48

1 2 0 1.00059 4.24124 -1.29941 1.24124 -3.39918 -1.02648 -1.19982 1.24595 144.17 1187 188.176 1092
1 2 1 0.900507 3.37466 -0.599493 2.52466 -3.39962 -0.96718 -2.52946 0.502589 393.809 3044 455.441 3359
1 2 2 1.01168 3.09995 0.600079 3.77664 -3.37223 -1.00005 -3.57223 -0.500047 71.1539 472 76.9781 561
1 2 3 0.900037 3.19446 1.60011 4.78891 -3.09 -1.00005 -4.4999 -1.81 30.616 224 35.9318 202
1 2 4 1.00013 3.19388 3.00619 5.09999 -3.29986 -1.00681 -5.99993 -2.90688 27.2137 125 19.5981 139
1 2 5 1.00401 3.19998 3.80053 6.39648 -3.09842 -0.902471 -6.79883 -3.70288 14.209 81 11.9143 81
1 2 6 1.20053 3.09788 4.50003 7.29738 -3.09999 -0.802475 -7.69998 -4.80247 9.98577 53 7.51084 50

1 3 0 2.30004 4.68416 -1.09996 1.09208 -4.39638 -2.11283 -1.09995 1.09186 61.2313 320 65.7331 329
1 3 1 2.00022 4.37812 -0.498453 2.47945 -4.29956 -2.12176 -2.49911 0.578688 62.4193 442 66.2407 444
1 3 2 2.00012 4.38847 0.700058 3.49423 -4.48936 -2.00004 -3.49468 -0.800022 34.9144 233 32.0519 215
1 3 3 2.00002 5.89312 1.70014 5.59319 -4.29964 -2.00675 -4.79964 -1.70675 9.17127 139 20.0234 142
1 3 4 2.30001 4.19574 2.90004 5.49574 -5.69988 -2.00373 -8.39969 -2.60354 17.477 86 3.59419 77
1 3 5 1.90019 4.29699 3.90001 6.29842 -4.19997 -2.10347 -6.59993 -3.90343 11.1333 64 12.3823 70

1 4 0 3.10015 5.29289 -1.09993 1.09282 -5.39381 -3.30003 -0.999984 1.09691 30.1571 145 28.471 125
1 4 1 3.10279 5.39379 -0.39991 2.29109 -5.29995 -3.0102 -2.5898 0.299974 29.1967 180 31.1325 206
1 4 2 3.20033 6.19382 1.00006 5.29356 -5.09981 -3.10626 -3.59361 -1.00003 10.1147 130 24.9495 129
1 4 3 3.1001 5.09812 1.90002 4.59609 -5.29988 -3.00373 -4.49999 -1.90191 14.6654 79 12.9074 77
1 4 4 3.00001 5.19753 2.70003 5.29752 -6.39997 -3.00277 -8.19994 -2.70274 8.75958 50 2.99865 56

1 5 0 4.30001 6.09728 -1.09997 0.897277 -6.09998 -4.20302 -0.899985 1.09698 15.3221 55 16.1027 61
1 5 1 4.10005 6.1951 -0.299901 2.19515 -6.29995 -4.1051 -2.19763 0.197219 18.9392 99 19.5954 103
1 5 2 4.30361 6.39998 0.800183 3.49653 -6.09997 -4.20302 -3.19998 -0.603019 12.9145 73 12.3825 61







