0 0 0 -9.02539 6.21511 0 13.4455 -11.5957 6.47603 -12.376 0 8.78991 1838 7.53812 1713
0 0 1 -10.3888 7.4185 -0.398536 11.7102 -8.61414 4.09856 -11.9863 0.424925 5.43078 1171 7.3203 1155
0 0 2 -8.39106 8.32769 -0.0910625 11.6277 -9.01213 6.69537 -11.8121 0.595375 1.65882 325 1.8985 370
0 0 3 -9.09447 2.97303 -0.199892 11.8678 -7.19435 5.0724 -11.599 -0.0322525 0.892691 130 0.937369 133
0 0 4 -6.29813 5.78112 -0.599948 12.9795 -4.99959 1.08666 -10.7864 -0.700069 0.506008 83 0.895943 55

0 1 0 -10.7283 6.89847 -0.199928 12.9122 -10.4271 7.89421 -12.6086 0.298146 29.0103 6705 30.2831 7161
0 1 1 -11.7896 4.47238 -0.48962 12.4724 -9.88429 6.86096 -12.4178 0.398844 19.6975 4152 21.522 4619
0 1 2 -10.1991 3.83564 -0.745212 13.2895 -9.988 8.162 -11.9535 0.198833 7.41721 1461 6.34734 1400
0 1 3 -10.0937 6.3261 -0.895494 13.2644 -10.58 6.98674 -13.2961 -0.029315 3.10105 721 2.28703 533
0 1 4 -11.4916 8.51469 -1.09156 14.4147 -9.7898 5.91745 -12.0995 0.308178 1.20881 375 1.90363 371
0 1 5 -7.19626 2.35024 -0.268435 14.0781 -6.27072 3.96953 -13.6444 0.0958175 1.56251 214 1.69861 239
0 1 6 -8.96022 3.28453 -2.99282 12.1519 -4.09983 1.18292 -10.6865 -2.6038 1.19174 221 1.61596 69
0 1 7 -7.37244 5.99031 -1.29814 11.0646 -6.89926 3.57599 -12.0998 -1.2245 0.901935 149 0.869024 99
0 1 8 -6.09618 1.57833 -0.997705 12.9768 -4.19862 0.181633 -11.9804 -0.800099 0.951073 102 1.61314 79
0 1 9 -7.69976 0.575993 -4.09988 9.17599 -3.7988 -0.1048 -10.9998 -4.40582 0.882879 97 0.985293 24

0 2 0 -11.4925 6.37198 -0.28503 12.6972 -11.3244 4.29672 -12.3978 0.375198 26.4831 6142 31.7851 6342
0 2 1 -8.70005 6.69448 -0.094445 12.3001 -10.567 6.25224 -12.2321 0.196798 23.2904 4444 24.5068 5123
0 2 2 -11.6851 6.71888 -0.299924 13.309 -9.97631 5.18194 -12.2627 -0.300092 7.92149 1984 9.74457 1767
0 2 3 -10.1803 5.93844 -0.880313 11.8384 -6.39952 6.71046 -14.4152 -0.705715 5.48753 1125 4.23966 762
0 2 4 -8.69362 3.15863 -0.389657 12.7626 -8.29509 9.07041 -14.4951 0.07041 3.79129 591 2.12701 538
0 2 5 -9.09122 9.59428 -2.29971 12.4866 -5.89585 0.566402 -12.8958 -2.3336 1.65768 458 2.21226 151
0 2 6 -7.39092 4.02658 -2.69092 13.6266 -4.37129 -0.200145 -11.2713 -2.70015 1.77129 330 3.24462 116
0 2 7 -9.39828 3.74447 -3.59981 13.1433 -4.1991 2.4829 -10.8932 -3.61116 1.04067 229 1.47971 72
0 2 8 -8.19431 6.95394 -3.99327 11.855 -4.69988 1.98837 -12.0999 -4.11163 0.862237 207 0.879698 47
0 2 9 -7.89651 3.97174 -4.29989 10.3686 -5.6999 -0.509405 -12.7999 -4.40941 0.729512 127 0.872543 38
0 2 10 -4.79979 -0.40679 0.60007 9.89307 -4.99963 -0.018375 -11.4996 0.481625 0.685869 28 1.25667 75

0 3 0 -10.2894 7.27313 -0.092625 12.3699 -10.242 7.78174 -12.1315 0.196119 13.4782 2950 13.9745 3105
0 3 1 -10.6932 6.22779 -0.499075 13.4614 -9.74764 2.75136 -12.9986 0.60186 11.4975 2716 16.4949 2804
0 3 2 -7.99654 6.05721 -0.6446 12.0823 -10.6991 3.77333 -11.7972 0.188503 7.74347 1385 7.57511 1314
0 3 3 -9.39084 6.17691 -1.17445 12.8933 -10.878 3.37547 -13.955 -0.800732 4.24195 929 3.12544 586
0 3 4 -10.5737 3.27176 -1.97373 13.1718 -9.55288 3.68512 -11.8423 -1.40434 2.94711 618 1.79478 248
0 3 5 -11.2989 8.29234 -2.69891 11.4923 -4.3949 -0.2289 -13.1663 -2.40011 1.56461 435 3.03219 136
0 3 6 -8.0985 7.4515 -0.6915 13.0585 -8.27484 2.07941 -12.3968 0.0574525 0.935399 200 1.41911 183
0 3 7 -10.7988 7.54316 -3.4681 10.0739 -5.49901 5.68449 -11.5975 -3.81402 0.934025 232 0.758213 66
0 3 8 -6.89788 8.97187 -1.8997 10.8701 -7.89912 5.17163 -12.671 -0.100097 0.597081 121 0.712061 117
0 3 9 -5.39575 0.17925 -0.899917 14.8752 -4.89909 1.98266 -10.6922 -1.0104 1.13705 100 1.09565 73
0 3 10 -10.0993 0.57769 -4.39977 11.1772 -7.59992 -0.904165 -11.4999 -6.80416 0.553165 92 0.540685 17

0 4 0 -11.2903 3.68693 0.100066 13.2402 -11.1859 6.05758 -11.7235 0.0999406 6.55984 1291 6.99438 1426
0 4 1 -10.5722 5.57505 0.200072 13.0249 -10.4745 6.15561 -11.5636 0.19989 4.88204 1011 6.94682 1359
0 4 2 -7.58974 8.66126 -0.89255 11.2584 -11.1779 2.09231 -12.6715 0.0993512 3.01824 596 3.06243 519
0 4 3 -10.1626 3.1694 -0.2898 12.6422 -11.525 1.39962 -12.3568 0.267428 1.57764 272 1.85703 303
0 4 4 -7.99873 2.45902 -0.758173 12.5996 -10.5984 3.46088 -11.887 0.07229 1.2098 169 0.969441 163
0 4 5 -6.58787 1.09988 2.10006 11.1879 -8.79957 1.15693 -11.6996 2.05694 0.701354 49 1.27038 174
0 4 6 -5.59979 8.47896 -0.699787 8.57896 -8.39592 5.98258 -12.0994 0.779145 0.650677 85 0.464429 86
0 4 7 -7.19711 3.98589 -0.59949 9.18351 -7.19772 0.884775 -11.0934 0.88915 0.621553 68 0.722778 70
0 4 8 -8.49907 3.48242 -2.69686 10.8846 -5.5955 1.89601 -12.0986 -1.80705 0.45475 74 0.440993 34

0 5 0 -10.7707 3.55682 -0.199425 12.8292 -10.9912 5.63256 -12.3994 0.525513 3.6964 690 3.2812 705
0 5 1 -6.58787 10.6684 -0.156875 11.0997 -8.58582 8.75667 -12.7472 0.595275 2.96016 575 2.72265 630
0 5 2 -6.0971 7.5449 -0.1681 11.1739 -9.89798 11.5348 -13.3899 0.642838 1.49941 232 0.8944 269
0 5 3 -5.19985 1.2849 1.00015 13.5849 -11.6996 8.36411 -9.69529 1.06846 0.747467 61 0.671417 145
0 5 4 -9.99969 -0.810185 0.20042 10.6899 -7.1995 1.08399 -13.0993 0.28416 0.435715 42 0.595334 66

0 6 0 -11.9992 11.5215 -13.0215 -0.300088 -11.8003 7.2995 -0.299922 11.7003 1.05943 317 1.75829 403
0 6 1 -11.6883 8.93391 0.100259 13.423 -10.2055 8.79904 -12.2055 0.299045 1.13196 311 1.60746 382
0 6 2 -6.798 5.97975 0.902892 11.6806 -9.69943 6.34332 -10.5433 1.09971 0.64626 89 1.226 229
0 6 3 -4.99769 1.98131 -0.89916 10.9798 -10.0998 0.384407 -12.2998 -0.115593 1.01323 84 0.493179 63

0 7 0 -5.19969 7.43788 -0.399791 12.5379 -8.59069 2.25456 -13.2458 -9.125e-05 1.53516 251 1.52451 219
0 7 1 -5.29772 10.9643 0.20304 11.065 -8.67945 1.85205 -10.8322 0.899924 0.860518 152 2.21761 274
0 7 2 -10.9998 7.87946 0.100208 9.57946 -11.4997 9.96832 -9.48176 0.48624 0.463788 83 0.59815 128
0 7 3 -4.59994 8.38861 0.201725 10.1902 -8.49967 5.78383 -14.0837 0.199917 0.354566 46 0.323498 66

0 8 0 -10.0781 2.8887 -16.1817 0.385038 -5.09967 2.96758 -0.0957425 9.77151 0.619132 133 1.6457 131
0 8 1 -6.79854 2.67221 0.0002925 10.471 -10.9975 3.06675 -12.2975 0.366753 1.17984 117 0.80286 143
0 8 2 -4.19944 -0.310688 1.40006 10.2889 -8.8997 1.67055 -11.7997 1.57055 1.30184 45 0.84202 119

0 9 0 -5.89711 5.58364 -9.29711 0.183637 -11.296 0.677262 -0.595987 11.2773 0.707421 77 0.752666 107
0 9 1 -5.99977 11.0775 -10.9936 1.88362 -7.87525 0.59975 -0.591 11.584 0.413809 91 0.969151 100
0 9 2 -5.29983 5.78292 -0.799828 10.7829 -4.59796 0.0912925 -12.5968 -0.607525 0.537514 69 0.764844 43

0 10 0 0.600035 9.89828 -1.59998 1.19827 -7.89976 -0.524007 -7.69951 10.3762 0.269036 7 0.727561 97
0 10 1 -4.79953 -0.0062775 1.80007 12.7933 -7.49041 1.08434 -9.69975 1.675 0.512398 27 1.03552 101


1 0 0 -8.31265 7.70372 7.55164e-06 4.54965 -8.09426 7.91736 -4.65809 -7.47741e-06 3574.36 260459 3500.92 261111
1 0 1 -7.8305 8.39133 7.68456e-06 4.53641 -7.86472 8.53479 -5.01817 -7.63269e-06 601.45 44260 534.708 44004
1 0 2 -3.48587 6.48388 -0.0995633 3.77106 -7.16983 7.09767 -4.16983 0.197675 23.8668 921 14.9246 930
1 0 3 -9.79948 9.64877 -0.0901675 5.95808 -5.99031 1.15869 -3.5643 0.0847 1.75979 207 7.82008 204
1 0 4 -1.29954 1.18497 7.75e-06 4.18466 -9.49986 0.686635 -5.59905 0.087445 5.9634 62 0.932231 54

1 1 0 -8.06304 8.13446 7.64154e-06 4.55583 -8.18526 8.00473 -4.63374 -7.56105e-06 2543.2 187670 2512.62 188497
1 1 1 -8.57879 7.63366 -0.0999565 4.48804 -7.49211 8.62915 -4.77091 0.101268 543.608 40435 502.803 39493
1 1 2 -7.1997 7.0106 7.95148e-06 4.1159 -9.2739 6.4311 -3.71095 0.09405 40.3501 2360 39.8276 2380
1 1 3 -5.19631 5.86544 7.81073e-06 5.76313 -8.38881 4.96094 -4.75125 -7.25845e-06 8.67448 553 9.47532 601
1 1 4 -10.1911 4.56213 6.77536e-06 10.7537 -7.99373 3.14927 -5.74357 -7.7027e-06 1.17868 187 3.56247 228
1 1 5 -1.89691 2.87734 6.60256e-06 4.47451 -7.59786 2.87839 -7.27649 -6.98529e-06 4.82156 103 1.24622 95

1 2 0 -7.08779 8.69896 7.86102e-06 4.63116 -7.58085 9.07695 -4.73968 -7.78148e-06 352.328 25759 322.485 25461
1 2 1 -8.99438 6.64887 1.62993e-07 4.92198 -7.16474 6.99626 -4.4486 -7.70242e-06 174.386 13427 212.012 13356
1 2 2 -9.5961 6.6844 -0.297403 4.7857 -5.99895 8.3908 -4.46631 0.278565 25.1102 2078 29.8927 2041
1 2 3 -3.29061 8.36915 7.22938e-06 4.06115 -5.68003 5.19097 -5.03615 -7.5e-06 11.8475 561 9.42503 516
1 2 4 -2.09957 6.75743 -0.0998567 4.65743 -11.2923 4.66223 -4.35496 0.899545 4.08209 172 2.17098 182
1 2 5 -1.49235 2.7864 8.17308e-06 5.37896 -2.49711 1.18589 -5.79099 0.09201 3.69321 85 3.1384 68

1 3 0 -0.793316 8.04262 -4.42282 5.00643 -9.52875 0.5981 -7.7905 3.93825 113.819 9483 80.1766 9523
1 3 1 -9.09597 7.30706 7.93392e-06 4.5834 -7.48957 6.65618 -4.56329 -7.71099e-06 95.8214 7204 108.705 7017
1 3 2 -8.09988 6.49988 -0.0639775 4.53577 -7.58226 4.99724 -4.0837 -7.93396e-06 23.8403 1601 32.7423 1682
1 3 3 -9.99417 3.18933 7.56494e-06 3.38467 -7.49641 6.18384 -3.78145 -7.43789e-06 10.4434 466 9.25943 479
1 3 4 -2.69777 2.65773 -0.073745 4.28175 -6.6969 2.55885 -11.2562 -6.91406e-06 7.63101 178 1.69891 177
1 3 5 -3.49921 2.97429 7.57143e-06 5.97376 -2.99978 5.27847 -4.47847 -6.79687e-06 2.74106 106 2.34667 87

1 4 0 4.8013e-06 7.75656 -4.08621 4.27204 -8.76057 -4.6871e-06 -4.3532 3.85705 70.4445 4567 60.6036 4359
1 4 1 -7.99918 9.17789 -0.0897625 4.68649 -7.9385 6.69917 -4.38476 -7.68165e-06 49.9135 4095 63.9115 4102
1 4 2 -4.38682 6.69968 7.24018e-06 4.49482 -8.39836 8.59364 -4.79508 -8.36956e-06 25.1647 1254 15.1207 1232
1 4 3 -3.09111 6.71014 9.14352e-06 4.00224 -9.49897 4.39778 -5.09778 -7.3227e-06 10.0696 395 5.82983 413
1 4 4 -5.97434 4.68217 -0.074335 4.18217 -10.2987 4.65732 -2.7582 0.0978 3.83603 174 4.1204 176
1 4 5 -8.19288 5.18487 1.01136e-05 8.67797 -3.68775 6.69475 -7.49773 0.084775 0.766636 89 0.889168 70

1 5 0 -0.0980542 9.02209 -4.58985 3.2264 -7.52456 0.197094 -4.59431 3.82444 32.7557 2335 35.7655 2325
1 5 1 -0.896903 8.9867 -3.88937 6.39113 -6.39981 0.993937 -4.99988 4.59387 24.3878 2478 34.1868 2425
1 5 2 -4.19798 8.38002 -0.099556 3.68022 -7.09578 6.48247 -5.69377 0.184477 18.6782 888 11.113 887
1 5 3 -3.55625 6.767 -1.28542 5.43783 -8.95271 6.45079 -6.78552 2.21797 4.42326 307 2.78328 386
1 5 4 -7.59814 5.66461 7.0283e-06 11.9631 -8.39696 8.66504 -4.29962 0.06238 0.939093 149 2.04234 152
1 5 5 -2.79835 6.88665 1e-05 2.78515 -0.699625 4.28162 -2.09437 0.286875 2.22436 60 6.32292 75

1 6 0 4.75591e-06 8.70102 -3.61914 6.07886 -8.79904 -4.65544e-06 -3.69936 3.49664 14.3158 1208 19.2047 1216
1 6 1 -6.29801 9.63474 7.33034e-06 5.73642 -7.66272 6.57603 -6.44236 -7.70256e-06 16.0728 1469 15.7526 1445
1 6 2 -5.34657 8.99193 7.17778e-06 4.64011 -8.69755 6.23721 -7.8364 -8.22139e-06 9.70959 646 5.6479 661
1 6 3 -1.99332 5.94593 -0.179345 4.6599 -7.28894 5.73731 -3.92699 0.0997542 6.32483 243 5.62405 295
1 6 4 -10.0997 6.76882 -0.07543 3.89307 -7.09983 9.56634 -4.86634 -1.0303e-05 1.88221 126 1.67688 136
1 6 5 -3.99955 6.47771 8.42593e-06 4.07748 -5.99983 4.38292 -5.18292 -6.63462e-06 2.13012 91 1.28222 69

1 7 0 4.89556e-06 9.41438 -3.41812 9.49438 -10.297 0.128455 -4.62724 2.19826 6.16964 750 9.80898 698
1 7 1 -9.66922 7.19403 -0.0988163 6.66562 -8.88363 4.07888 -4.07438 0.388125 8.3019 947 16.4232 950
1 7 2 -5.39146 8.29429 -0.187432 3.69832 -9.0802 4.09629 -3.47774 0.0995883 8.59355 457 10.4802 494
1 7 3 -8.59398 9.15127 -0.0950725 6.15018 -8.15858 2.58692 -4.04604 -7.89855e-06 1.97611 219 5.01418 218
1 7 4 -5.39972 8.67278 7.85714e-06 8.17278 -8.26857 1.09989 -4.18428 -7.55952e-06 0.956428 110 3.23978 127
1 7 5 -2.49744 0.389065 -0.197435 2.28906 -8.2854 1.29993 -6.49985 0.385397 7.52374 54 0.893975 59

1 8 0 -2.99949 6.89952 -0.498985 5.59951 -3.695 8.79675 -5.59283 0.0996392 6.7253 406 6.08925 433
1 8 1 -7.59794 9.36031 8.05398e-06 3.65967 -9.37739 5.08961 -4.56833 -8.10976e-06 9.13611 567 8.04964 532
1 8 2 -7.64749 11.3635 -0.08843 6.42257 -11.1837 6.53054 -3.18371 0.0305425 2.87606 356 6.02409 343
1 8 3 -4.29974 6.84877 6.80921e-06 2.94877 -9.59957 8.35743 -5.15743 -7.67857e-06 6.29672 207 1.85721 172
1 8 4 -5.49974 9.37426 -0.09974 4.57426 -3.79716 3.27133 -2.26882 0.499842 1.49595 104 6.43834 126

1 9 0 -9.08027 10.154 -5.29934 0.234907 -6.1935 5.63425 -0.0996388 4.72847 2.47071 263 5.06079 289
1 9 1 -11.3563 9.26122 -4.31997 0.297525 -8.49921 10.7215 7.69418e-06 4.12154 3.46634 330 4.00157 317
1 9 2 -3.66395 9.4728 8.32237e-06 2.03738 -9.99715 4.54585 -4.67834 0.06466 9.45283 253 3.30543 228
1 9 3 -2.69142 11.7728 -0.0831975 3.58105 -1.99814 6.86461 -2.19441 0.0683375 2.69808 143 7.42987 149
1 9 4 -1.698 1.77975 8.55769e-06 1.97797 -10.099 2.88675 -4.78589 -6.47727e-06 12.9382 89 0.917161 57

1 10 0 -2.39925 11.6632 -1.06288 -7.07547e-06 -11.3982 2.66532 7.60417e-06 2.86386 10.0357 150 3.625 146
1 10 1 -1.18851 7.851 -0.0996975 7.74011 -6.39936 4.53664 -9.49424 0.04176 3.4148 242 2.45479 256
1 10 2 -11.6928 4.55899 8.46491e-06 5.25223 -6.09855 3.7532 -4.75223 -7.65873e-06 2.26107 193 4.12237 193
1 10 3 -10.4997 2.475 7.65152e-06 2.175 -10.5978 3.97024 -4.29392 0.27408 3.57902 101 1.92346 128
1 10 4 -0.599392 6.88036 -0.0980762 0.991799 -11.0995 3.08351 -4.68317 -9.44444e-06 9.93622 81 1.02377 68


