0 0 0 -0.99948 2.34981 0 3.50774 -1.03953 2.40137 -3.56555 0 1145.34 13456 1101.42 13513
0 0 1 -0.40108 1.86784 0.00171417 4.51396 -0.512678 1.90192 -4.39039 -0.00180338 4822.07 49368 4629 49052
0 0 2 -0.698017 1.36259 1.10067 5.69507 -0.700395 1.37867 -5.53884 -1.10054 5498.53 52056 5636.49 52011
0 0 3 -0.899544 1.20551 2.10302 7.16402 -0.901303 1.22564 -7.07208 -2.10242 3296.24 35117 3346.95 35378
0 0 4 -0.901025 1.20969 3.09906 9.36152 -0.901961 1.28063 -9.20344 -3.10015 1498.83 19812 1526.77 20338
0 0 5 -0.898844 1.32949 4.10288 11.9783 -0.897317 1.29154 -11.2679 -4.10527 707.501 12416 807.184 12655
0 0 6 -0.79934 1.38297 5.13215 13.197 -0.699852 1.28159 -12.7806 -5.19673 487.158 8574 577.027 8671
0 0 7 -0.699862 1.36862 6.10302 15.1755 -0.804209 1.19944 -14.7136 -6.10318 332.084 6232 368.358 6355
0 0 8 -0.898094 1.10496 7.19835 15.2528 -0.707503 1.29135 -16.1469 -7.19952 270.927 4371 247.31 4423
0 0 9 -0.687183 1.18513 8.19858 15.6885 -0.607251 1.31687 -16.4784 -8.10284 234.32 3286 211.41 3407
0 0 10 -0.550214 1.09993 9.20175 16.2025 -0.802481 1.09998 -15.7167 -9.20077 242.203 2798 222.729 2761
0 0 11 -0.58431 1.05294 10.1765 15.5882 -0.423592 1.09847 -15.5972 -10.202 265.564 2353 297.988 2447
0 0 12 -0.45704 1.12496 11.2134 15.8954 -0.543237 0.999995 -15.7389 -11.2026 289.459 2144 301.408 2110
0 0 13 -0.572919 1.09847 12.2023 16.6458 -0.612899 1.00473 -16.0199 -12.2009 247.075 1835 300.919 1859
0 0 14 -0.557074 1.0987 13.2481 15.6584 -0.679004 1.00074 -16.6297 -13.0115 390.645 1559 251.244 1527
0 0 15 -0.632225 0.99998 14.3001 16.5215 -0.670982 0.999957 -16.5 -14.2588 371.229 1346 339.399 1271

0 1 0 0.400551 2.2058 -2.47131 2.30323 -2.25497 0.0997938 -1.22775 1.17725 18512.2 159561 349.624 1980
0 1 1 0.245989 2.30089 1.10283 3.60416 0.294218 2.21065 -0.471079 1.39972 61569.5 316467 93037.4 333563
0 1 2 0.143867 2.20087 1.09209 4.09775 -1.89151 0.199444 -5.47603 -1.10428 93516.8 578181 187.395 1713
0 1 3 0.191549 2.1993 2.09719 5.83531 -1.67909 0.0996973 -4.44353 -2.20062 51798.6 388760 819.365 3269
0 1 4 0.141343 2.10011 3.10462 7.28037 -1.93268 0.099605 -5.43074 -3.10158 30362.8 248346 400.547 1896
0 1 5 0.201569 2.09995 4.10728 9.73091 -1.90999 0.0994545 -8.32998 -4.20091 15548 165987 131.491 1091
0 1 6 0.209745 2.09939 5.1103 11.8422 -2.04978 0.01072 -10.3498 -5.18928 9394.54 119507 52.4771 558
0 1 7 0.211914 2.09987 6.11009 13.3148 -1.89825 0.00025 -8.49605 -6.20053 6232.38 84774 96.3733 420
0 1 8 0.231969 2.09983 7.10552 14.7485 -1.57489 0.05536 -14.1309 -7.20035 4024.88 57459 24.6933 279
0 1 9 0.216594 2.09992 8.1118 14.9484 -1.69984 0.052975 -11.653 -8.30012 3298.88 42475 32.3297 190
0 1 10 0.200711 2.0467 9.1147 15.1227 -1.87277 -6.875e-05 -12.5975 -9.42502 3181.03 35280 18.5149 110
0 1 11 0.200215 2.03413 10.1981 15.5719 -1.8797 -3.41667e-05 -12.3797 -10.5 3183.99 31379 23.2088 82
0 1 12 0.216411 2.00081 11.1114 15.7228 -1.99072 -3.125e-05 -13.2996 -11.4184 3332.22 27419 20.0268 75
0 1 13 0.217792 1.99994 12.2009 15.8706 -1.88193 -9.125e-05 -15.0819 -12.6001 3575.28 23382 15.6302 73
0 1 14 0.20013 2.01533 13.1985 15.5983 -1.68144 -6.25e-05 -15.4996 -13.3184 4520.27 19691 20.4499 75
0 1 15 0.205586 1.99999 14.2 16.4962 -1.48564 -7.25e-05 -16.1856 -14.6 3885.88 16011 24.6228 58

0 2 0 1.09799 3.41722 -1.18614 1.19993 -4.36449 -1.10046 -0.698994 0.757569 6306.82 34901 230.319 1095
0 2 1 1.10023 2.7528 0.131411 2.2998 -4.71684 -1.10042 -1.9538 0.0622 54160.8 194081 46.0861 336
0 2 2 1.09989 2.97794 1.10135 3.30644 -3.19956 -1.11431 -3.1854 -1.20007 59324.8 245680 14.2516 59
0 2 3 1.07531 2.99988 2.19715 4.39976 -2.97277 -1.10003 -4.29991 -2.12722 44187.5 187314 27.0345 110
0 2 4 1.0319 2.89965 3.20004 5.41451 -3.25671 -1.01221 -5.24505 -3.30028 30401.7 125744 50.8585 222
0 2 5 1.00078 2.81779 4.19994 6.49286 -2.98869 -1.01845 -6.27055 -4.20015 20989.8 87449 29.1724 119
0 2 6 1.00014 2.77817 5.10567 7.50131 -3.07822 -1.10005 -9.79274 -5.31474 15439 65763 9.93427 88
0 2 7 1.00007 2.77331 6.20009 8.6574 -2.59493 -1.10003 -10.6993 -6.30953 11294.6 49215 6.2479 41
0 2 8 1.00021 2.73548 7.10792 9.98009 -2.79356 -1.10002 -8.99997 -7.50643 6987.55 34826 10.2793 26
0 2 9 1.00024 2.67227 8.11112 12.0324 -2.79974 -1.00849 -10.4998 -8.30857 4068.94 26678 8.91702 35
0 2 10 1.00032 2.66889 9.10945 12.8176 -2.49997 -1.20594 -11.8999 -9.40594 3664.75 22675 7.43653 24
0 2 11 1.00002 2.67811 10.117 13.3085 -2.5994 -1.3029 -12.1965 -10.7 3759.79 20136 7.21562 14
0 2 12 1.0003 2.66801 11.2012 14.4369 -2.59999 -1.50198 -13 -11.702 3346.8 18060 5.61318 8
0 2 13 1.00017 2.67086 12.2 15.099 -2.39838 -1.10113 -14 -12.5027 3306.24 16013 5.66337 11
0 2 14 1.00006 2.68217 13.2173 15.4991 -2.29995 -1.5017 -14.7 -13.4017 3586.63 13766 6.75462 7
0 2 15 1.0001 2.66546 14.2747 16.4998 -1.99999 -1.10074 -16.2998 -15.2005 3025.55 11211 3.0349 3

0 3 0 2.18888 4.79756 -0.80375 0.8025 -6.74722 -2.10473 -0.799475 0.772037 471.337 1975 86.3517 630
0 3 1 2.00054 4.58875 7.23889e-05 2.27528 -5.13911 -2.2002 -1.83911 0.0996925 221.271 1303 43.1732 246
0 3 2 2.0002 3.79712 1.3003 3.31464 -4.29976 -2.40776 -3.19928 -1.30728 1928.39 6980 8.93939 32
0 3 3 2.00748 3.99995 2.18279 4.29992 -4.09953 -2.20378 -4.29953 -2.20378 2317.28 9775 4.27886 17
0 3 4 2.00032 4.07019 3.17669 5.29954 -4.7981 -2.1031 -9.09945 -3.50445 1342.51 5899 1.32639 20
0 3 5 2.00014 3.95315 4.1814 6.29971 -3.2999 -2.3049 -5.79997 -4.20495 899.423 3721 12.602 20
0 3 6 2 3.98432 5.15317 7.42179 -4.2999 -2.30315 -7.39984 -5.70309 555.793 2502 3.83709 13
0 3 7 1.98935 3.89929 6.21369 8.29994 -3.89957 -2.30182 -7.89998 -6.30223 484.866 1932 3.52553 9
0 3 8 1.98985 4.0003 7.20062 9.30861 -3.29999 -2.10247 -8.89752 -7.80001 348.512 1477 7.6087 10
0 3 9 2.0001 3.96771 8.30022 10.6354 -3.59999 -2.30124 -9.59999 -8.70124 232.656 1069 4.28357 5
0 3 10 1.93532 3.9872 9.30001 11.3679 -3.39998 -2.90098 -10.5 -10.3005 185.004 785 40.1806 4
0 3 11 2.00009 3.48726 10.2196 12.5414 -3.49995 -2.9007 -12.1 -11.3007 206.497 713 6.26369 3
0 3 12 2.00007 3.9088 11.17 13.5858 -3.89998 -2.20173 -12.7 -12.1017 159.835 737 6.88991 7
0 3 13 2.00007 3.64581 12.2545 14.3998 -3.09992 -2.30142 -13.3985 -12.5 176.459 623 8.36286 6
0 3 14 2.00001 3.6764 13.3221 15.4746 -2.89999 -2.80024 -14.6 -14.5002 163.506 590 100.502 1
0 3 15 2.00004 3.77278 14.3023 16.2952 -3.09999 -2.20049 -16.4 -14.6005 145.491 514 1.2356 2

0 4 0 3.30078 10.2904 -0.860866 0.932759 -6.49432 -3.20053 -0.986122 0.907127 99.7869 1251 68.4739 427
0 4 1 3.31634 10.1303 -0.09957 2.21486 -9.67845 -3.2207 -1.87909 -0.000140833 21.8128 344 13.9281 169
0 4 2 3.20008 6.47525 1.30008 3.28763 -5.29983 -3.60533 -3.39901 -1.20451 15.3621 100 5.91624 22
0 4 3 3.10065 5.17105 2.41447 4.39957 -4.99629 -3.60002 -3.99936 -2.30311 126.766 521 6.33333 15
0 4 4 3.10033 5.05636 3.23174 5.19983 -4.49986 -3.40186 -4.79986 -3.50186 137.416 529 5.61323 8
0 4 5 3.04375 5.267 4.20026 6.16201 -4.19997 -3.50097 -5.19901 -4.5 70.3892 307 8.18656 4
0 4 6 3.01607 5.16882 5.24678 7.39976 -4.09984 -3.50109 -6.99999 -5.20124 40.7781 189 4.64252 5
0 4 7 3.10012 5.07575 6.30006 8.47574 -3.9 -3.40074 -7.59999 -6.90074 22.7996 98 8.59345 3

0 5 0 4.30062 9.31536 -0.815365 0.899067 -10.9396 -4.2003 -1.0817 0.8573 86.77 746 18.6723 244
0 5 1 4.25321 6.59973 5.375e-05 1.94679 -6.99487 -4.22187 -1.97327 -5.4e-05 47.0661 215 19.7378 108

0 6 0 5.30878 7.79903 -0.800128 0.896708 -9.19384 -5.33009 -0.797281 0.784594 103.892 439 23.7239 145
0 6 1 5.42398 7.67873 -0.064705 1.89004 -7.57451 -5.40013 -1.89807 -0.0109438 41.0666 181 25.1016 103

0 7 0 6.30033 8.73417 -0.988695 0.844805 -8.29991 -6.41324 -0.973517 0.799866 59.6088 266 31.9805 107
0 7 1 6.50589 8.57489 6.2e-05 1.96931 -8.38218 -6.50009 -1.99838 -0.01638 30.4341 124 19.3014 72

0 8 0 7.50015 10.1542 -0.899846 0.854213 -9.59316 -7.41116 -0.79838 0.88362 39.739 185 19.6179 72
0 8 1 7.60069 9.67769 5.75e-05 1.77723 -9.19968 -7.41018 -1.39422 -0.004725 24.9242 92 16.8911 42

0 9 0 8.40234 11.0763 -0.99766 0.97634 -11.8958 -8.40809 -0.995835 1.09192 19.7027 104 6.72934 49
0 9 1 8.30436 10.6876 0.0165825 1.39994 -10.5998 -8.50858 -1.59134 -4.375e-05 20.3221 67 10.5175 35



1 0 0 -1.47619 1.40131 0.600034 1.38674 -1.32339 1.30075 -1.42255 -0.700033 75646.8 171244 92791.4 175932
1 0 1 -1.31995 1.39903 0.600098 1.54841 -1.21607 1.29886 -1.64085 -0.700207 187902 484498 342408 810021
1 0 2 -1.20079 1.28497 1.09818 3.19866 -1.2325 1.20027 -2.59616 -1.10032 537.223 2805 3309.4 12043
1 0 3 -1.19968 1.43763 2.20032 6.93763 -1.09979 1.05892 -4.38672 -2.32822 20.17 252 37.3563 166
1 0 4 -1.09974 1.34827 3.3001 9.24827 -1.19426 1.26749 -9.89426 -3.13251 14.3532 209 9.19154 153
1 0 5 -1.1647 1.09004 4.11177 11.8665 -1.16906 0.899922 -11.6769 -4.20813 10.3517 181 8.08919 125
1 0 6 -1.19983 1.06585 5.32036 10.3859 -0.999861 1.17253 -7.29991 -5.22747 12.0243 138 24.655 111
1 0 7 -1.49697 1.07553 6.30014 11.6728 -1.07773 0.899888 -10.6998 -6.52228 7.95884 110 10.8939 90
1 0 8 -1.08391 0.899919 7.40016 9.28391 -0.799935 1.09357 -10.9871 -7.20006 17.3934 65 7.25162 52

1 1 0 0.399424 1.88911 -1.35003 1.29988 -1.89095 -0.400091 -1.31554 1.29996 60231.2 237766 69798.4 272169
1 1 1 0.300548 1.8894 0.0994648 1.54035 -1.95849 -0.299705 -1.69959 0.0115656 428792 981657 368127 1044902
1 1 2 0.213189 2.09914 0.498744 3.18198 -2.10766 -0.200272 -3.33042 -0.401944 3122.06 15799 2088.36 11665
1 1 3 0.00568917 2.0998 1.60828 7.69003 -2.19583 -0.0003765 -8.87848 -1.70123 37.1392 473 31.1602 491
1 1 4 -0.0471325 2.76012 3.10046 9.20818 -2.14306 0.160435 -9.05271 -3.14922 21.6379 371 28.385 386
1 1 5 -0.1559 2.1811 4.21071 9.94771 -2.52822 -0.0003625 -13.0964 -3.96888 18.7956 252 12.5688 290
1 1 6 -0.1913 3.1507 5.00029 11.9426 -2.19821 0.0854819 -11.2354 -5.10013 9.99951 232 18.6282 261
1 1 7 -0.092275 4.05622 5.90026 16.449 -2.07138 0.180115 -8.79466 -5.94317 4.70733 206 30.2174 194
1 1 8 -0.163865 2.09982 6.90329 9.66679 -2.06609 0.0998858 -9.79109 -6.72535 23.3388 146 20.6314 137
1 1 9 0.100076 2.27748 8.10637 10.9836 -1.97302 0.0998638 -10.5999 -8.02698 14.5253 91 20.4376 109
1 1 10 -0.084655 1.99992 9.00047 11.785 -2.38317 -8.5e-05 -15.1995 -8.91649 10.6814 62 4.54153 68
1 1 11 0.41287 1.99994 10.0047 13.6917 -2.19893 -0.214182 -12.3849 -9.80005 8.8866 52 11.8902 61

1 2 0 1.20017 3.14507 -1.18982 1.19986 -3.26905 -1.19972 -1.20042 1.23518 490.999 2282 494.637 2493
1 2 1 1.10159 2.9381 0.0682514 1.99822 -2.90201 -1.10012 -2.06987 0.199478 3940.85 13968 3311.73 13542
1 2 2 1.1007 3.15108 0.500438 3.85325 -3.30519 -1.05495 -3.70519 -0.454945 203.795 1401 136.59 999
1 2 3 1.00059 3.38244 2.10059 4.88244 -3.45581 -1.07856 -4.7779 -2.30007 71.6882 475 83.3556 491
1 2 4 1.00033 3.23466 3.10033 6.33466 -3.22748 -1.00018 -8.86118 -3.03443 36.5319 264 22.5768 293
1 2 5 0.900282 3.34407 4.00735 6.85085 -3.09986 -1.05643 -7.07834 -3.73534 32.5232 226 33.3764 228
1 2 6 0.94059 3.79959 4.94059 11.3996 -3.45396 -0.900155 -13.7995 -4.84603 8.88105 164 8.13451 186
1 2 7 0.905438 3.16919 6.10109 9.16484 -3.27699 -0.91599 -8.6727 -5.7117 20.9067 145 22.3147 156
1 2 8 1.20008 2.98762 6.80425 9.57925 -3.39594 -0.927187 -9.76906 -7.00008 20.1596 100 18.2857 125
1 2 9 1.2001 3.0802 8.0006 10.9806 -2.99988 -1.02376 -10.7762 -7.90012 14.2788 80 16.8908 96
1 2 10 0.903185 3.09094 8.90417 11.0919 -3.09992 -1.00755 -11.3998 -8.9151 10.2377 49 11.733 61

1 3 0 2.50006 5.57649 -0.998812 1.07744 -5.89503 -2.22428 -1.19854 1.27221 14.873 95 12.9004 117
1 3 1 2.27581 4.87606 -0.262095 2.78803 -6.73044 -2.22444 -2.60694 0.39953 50.3084 399 27.7549 376
1 3 2 2.01495 4.29998 1.00003 3.6701 -6.58627 -2.00352 -3.69972 -0.516415 85.2296 520 32.1491 469
1 3 3 2.00037 6.52674 2.05624 7.88224 -7.73119 -2.10014 -6.38818 -1.85769 11.2246 296 10.897 278
1 3 4 1.94727 6.19952 3.00024 9.85273 -4.25347 -2.00016 -5.69988 -2.64653 6.5549 191 27.3249 188
1 3 5 2.00722 7.36922 4.00228 12.3643 -4.1557 -2.00022 -7.8557 -4.00015 3.39005 152 21.5389 179
1 3 6 2.00017 4.2656 4.90174 10.467 -5.16164 -2.10019 -11.3616 -5.00019 11.0251 139 7.95884 155
1 3 7 2.00194 5.77419 5.90139 15.9736 -4.27451 -2.00006 -8.69614 -5.62189 2.92143 111 14.7307 103
1 3 8 2.20011 4.07921 6.90189 9.48089 -3.98835 -1.9081 -9.69862 -6.71837 17.3331 84 12.7426 79

1 4 0 3.41084 5.64709 -0.987887 0.990862 -6.39298 -3.44698 -1.44654 1.09982 57.6274 255 28.7939 216
1 4 1 3.21544 8.89669 -0.382188 2.69969 -5.47051 -3.22413 -2.49946 0.393823 27.1291 475 66.006 429
1 4 2 3.20034 5.43243 0.912967 3.54472 -5.36696 -3.20022 -3.59967 -0.766082 46.4736 273 43.488 267
1 4 3 3.11584 5.19992 1.80608 4.77408 -5.09981 -3.13836 -4.56164 -1.70039 20.6934 128 27.6185 155
1 4 4 3.00322 5.17397 2.92896 5.79985 -5.29334 -3.20959 -6.29772 -2.83023 18.7741 117 17.9921 130
1 4 5 3.10322 5.37397 4.20322 7.07397 -5.09984 -2.93094 -6.69594 -3.82719 17.9482 117 20.0898 125
1 4 6 2.90322 5.27847 4.9245 7.59988 -5.28266 -2.80816 -7.57475 -5.00013 15.5791 99 16.0103 102
1 4 7 3.20099 5.28449 5.81634 8.39992 -6.37921 -3.00011 -12.7987 -5.91974 12.2611 66 3.6137 84
1 4 8 3.40003 5.18565 7.00247 9.78796 -5.19873 -3.31023 -9.39997 -6.91138 11.661 58 9.78787 46

1 5 0 4.04505 6.69955 -1.08453 1.06997 -6.69976 -4.24752 -1.09136 0.98464 31.8231 182 37.7147 192
1 5 1 4.2002 6.52204 -0.455112 2.46614 -6.42501 -4.20038 -2.32501 0.599621 46.4418 315 46.5709 303
1 5 2 4.20047 6.55372 0.846283 3.29988 -6.39685 -4.21536 -3.39371 -0.73071 32.3869 187 25.4762 148
1 5 3 4.00565 6.3759 1.81131 4.48155 -6.57327 -4.40013 -4.48677 -1.81377 18.8019 119 18.5925 108
1 5 4 4.10278 6.37753 3.125 5.39987 -8.17673 -4.20012 -7.59976 -2.92326 19.5178 101 5.05467 94
1 5 5 4.30007 6.2807 4.00254 6.68304 -6.2797 -4.00021 -6.3797 -3.9002 14.6918 78 14.5081 82
1 5 6 4.10969 6.49069 4.91881 7.49991 -5.99901 -4.11551 -7.59901 -4.91551 12.3666 76 13.058 66
1 5 7 4.1104 6.19995 6.2104 8.49995 -5.99945 -4.20732 -8.59984 -6.11559 8.77901 42 14.1507 63

1 6 0 5.20138 7.28163 -1.08045 0.999901 -6.97896 -5.30011 -1.09989 0.978963 18.2547 79 24.3546 85
1 6 1 5.13391 7.39983 -0.399829 2.36609 -7.77724 -5.308 -2.09785 0.471402 21.8593 137 19.388 123
1 6 2 5.30408 7.37858 0.81734 3.49184 -7.29987 -5.22549 -3.29987 -0.525493 18.3842 102 17.8971 103
1 6 3 5.102 7.37975 2.20007 4.57797 -7.19685 -5.11536 -4.19843 -1.90768 16.432 89 15.5195 74
1 6 4 5.20228 7.28477 3.00009 5.28268 -10.3932 -5.41116 -8.88218 -3.10009 14.726 70 2.49945 72






