0 0 0 -1.19969 3.02904 0 4.43393 -1.29933 3.0257 -4.08622 0 717.657 13456 764.613 13513
0 0 1 -0.699083 2.30797 0.000342833 5.48907 -0.82104 2.30006 -5.54532 -0.000360676 2991.11 49368 2834.33 49052
0 0 2 -0.800387 1.8765 1.10009 6.95022 -0.891725 1.74157 -7.05087 -1.10007 3324.11 52056 3319.1 52011
0 0 3 -0.917633 1.69896 2.07901 8.90109 -0.999182 1.6826 -8.70977 -2.04422 1967.27 35117 1979.13 35378
0 0 4 -1.00094 1.57712 3.09906 11.3085 -0.99974 1.82883 -11.4212 -3.10015 936.105 19812 864.1 20338
0 0 5 -0.899534 1.79763 4.0031 13.5927 -0.89969 1.85658 -13.8912 -4.10105 480.036 12416 468.978 12655
0 0 6 -0.834951 1.9014 5.10107 14.9756 -0.898555 1.58539 -13.6984 -5.03035 317.319 8574 402.722 8671
0 0 7 -0.996884 1.69152 6.01558 16.104 -0.927977 1.69966 -16.1927 -6.10064 229.779 6232 239.645 6355
0 0 8 -1.04755 1.4339 7.10219 16.4836 -0.995024 1.29975 -16.8392 -7.19952 187.761 4371 199.947 4423
0 0 9 -0.899452 1.26867 8.15586 16.7916 -0.899148 1.43135 -16.8657 -8.10057 175.504 3286 166.788 3407
0 0 10 -0.599879 1.46083 9.20035 16.5615 -0.990336 1.17161 -16.6633 -9.20015 184.453 2798 171.119 2761
0 0 11 -0.883527 1.09961 10.12 16.9024 -0.559624 1.09969 -16.7789 -10.2004 174.94 2353 224.171 2447
0 0 12 -0.693872 1.19946 11.2005 16.3939 -0.599944 1.09736 -16.5956 -11.2005 218.047 2144 230.424 2110
0 0 13 -0.709167 1.09969 12.2005 16.8092 -0.80798 1.09954 -16.808 -12.2002 220.116 1835 211.504 1859
0 0 14 -0.698181 1.07584 13.1187 16.3408 -0.699809 1.0748 -16.9996 -13.0756 272.745 1559 219.282 1527
0 0 15 -0.754236 1.07846 14.2666 16.5998 -0.767589 1.06886 -16.7371 -14.2003 314.783 1346 272.826 1271

0 1 0 0.172843 2.39991 -3.62452 3.39503 -6.60199 0.0999588 -4.18317 3.11783 10206.7 159561 40.4652 1980
0 1 1 0.0997515 2.46725 1.10057 5.01977 -1.32879 2.29912 -1.83577 1.39994 34106.8 316467 28415.2 333563
0 1 2 0.0168087 2.29976 1.00411 6.13667 -3.48544 0.32891 -9.08544 -1.17109 49344 578181 56.7442 1713
0 1 3 0.000287488 2.21133 2.00972 8.12227 -2.01909 0.0999395 -7.69539 -2.05884 28764.8 388760 273.693 3269
0 1 4 0.0563592 2.19978 3.10053 10.1755 -3.10615 0.099921 -6.35307 -3.10032 16376.6 248346 181.808 1896
0 1 5 0.068494 2.19996 4.10146 12.6884 -1.982 0.0998909 -10.846 -4.20018 9068.99 165987 78.8531 1091
0 1 6 0.0461039 2.19925 5.10206 14.7948 -2.09805 0.074053 -10.398 -5.12595 5726.3 119507 48.7271 558
0 1 7 0.0825183 2.19975 6.10202 15.6407 -1.89993 0.07921 -8.97921 -6.20011 4197.63 84774 76.3603 420
0 1 8 0.0985011 2.17095 7.1011 16.257 -1.59902 0.0870265 -14.1862 -7.20007 3028.14 57459 23.6863 279
0 1 9 0.0116806 2.10082 8.10236 16.4658 -1.69997 0.090595 -11.6906 -8.30002 2430.97 42475 31.2962 190
0 1 10 0.104921 2.09985 9.19996 16.7765 -1.89455 -1.375e-05 -12.5994 -9.40489 2334.15 35280 18.1755 110
0 1 11 0.112619 2.09996 10.1431 16.7018 -1.89594 -6.83333e-06 -12.3959 -10.5 2407.42 31379 22.8122 82
0 1 12 0.153404 2.09974 11.116 16.6875 -1.99814 -6.25e-06 -13.2964 -11.4002 2528.49 27419 19.7943 75
0 1 13 0.134941 2.09978 12.1987 16.8074 -1.89639 -1.825e-05 -15.0964 -12.6 2582.14 23382 15.4203 73
0 1 14 0.120639 2.09961 13.1985 16.5531 -1.69629 -1.25e-05 -15.4964 -13.3002 2966.09 19691 20.1318 75
0 1 15 0.114782 2.096 14.2 16.8499 -1.49713 -1.45e-05 -16.1971 -14.6 3049.67 16011 24.2569 58

0 2 0 0.969802 3.79818 -1.25052 1.29983 -4.9458 -1.10009 -0.945797 0.799863 4838.38 34901 163.109 1095
0 2 1 1.00071 3.04249 0.00580184 2.39975 -4.78337 -1.10008 -1.99362 0.089584 39706.3 194081 43.7898 336
0 2 2 1.00049 3.16393 1.09827 3.54546 -3.19997 -1.10292 -3.19708 -1.20001 46404.2 245680 14.0881 59
0 2 3 1.00021 3.14432 2.09366 4.89721 -2.99455 -1.10001 -4.29998 -2.10545 31161.2 187314 26.4572 110
0 2 4 1.00016 3.07213 3.10016 6.03245 -3.29922 -1.01032 -5.28901 -3.30006 20696.4 125744 48.7642 222
0 2 5 1.00007 3.03268 4.10092 7.75125 -2.99988 -1.00583 -6.29411 -4.20003 11786.1 87449 28.4982 119
0 2 6 1.00014 2.97102 5.10113 9.68158 -3.09564 -1.10001 -9.79952 -5.30392 7284.74 65763 9.80877 88
0 2 7 1.00007 2.97655 6.10224 11.4819 -2.59899 -1.10001 -10.7 -6.30203 4628.59 49215 6.21925 41
0 2 8 1 2.93994 7.10158 12.919 -2.79871 -1.1 -8.99999 -7.50129 3085.91 34826 10.2126 26
0 2 9 1.00005 2.87728 8.10222 15.2897 -2.79984 -1.00159 -10.5 -8.30171 1977.23 26678 8.85403 35
0 2 10 1.00005 2.85149 9.10189 15.2776 -2.49999 -1.20119 -11.9 -9.40119 1983.13 22675 7.39495 24
0 2 11 1.00002 2.95646 10.0705 15.5637 -2.59991 -1.30061 -12.1993 -10.7 1873.62 20136 7.18669 14
0 2 12 1.00007 2.87181 11.2004 16.0047 -2.6 -1.5004 -13 -11.7004 2008.35 18060 5.59815 8
0 2 13 0.999281 2.88697 12.0961 16.3977 -2.39999 -1.10054 -14 -12.5005 1972.01 16013 5.64548 11
0 2 14 0.999804 2.90226 13.2001 16.505 -2.29999 -1.50034 -14.7 -13.4003 2189.48 13766 6.73553 7
0 2 15 1.00003 2.89174 14.2005 16.7863 -2 -1.10015 -16.3 -15.2001 2291.91 11211 3.03122 3

0 3 0 2.10691 8.00816 -1.09309 1.10816 -7.79464 -2.12615 -0.799895 0.968815 152.039 1975 62.837 630
0 3 1 2.00011 5.8355 1.44778e-05 2.3355 -5.18782 -2.20004 -1.88782 0.0999385 145.465 1303 41.4211 246
0 3 2 2.00005 4.18407 1.2003 3.42611 -4.29994 -2.40154 -3.19973 -1.30133 1435.86 6980 8.87921 32
0 3 3 2.00002 4.17309 2.10003 4.38895 -4.0999 -2.20075 -4.2999 -2.20075 1965.22 9775 4.26428 17
0 3 4 1.90147 4.308 3.10029 5.454 -4.79986 -2.10086 -9.09996 -3.50096 1041.44 5899 1.32348 20
0 3 5 1.9893 4.10325 4.10047 6.80791 -3.29999 -2.30099 -5.79999 -4.20099 650.139 3721 12.5203 20
0 3 6 1.95129 4.12619 5.10532 7.49904 -4.29999 -2.30064 -7.39999 -5.70064 480.589 2502 3.82624 13
0 3 7 1.90048 4.10437 6.20016 8.50437 -3.9 -2.30045 -7.89999 -6.30044 380.45 1932 3.5176 9
0 3 8 1.90025 4.02689 7.20012 9.38172 -3.3 -2.10049 -8.8995 -7.8 318.355 1477 7.58233 10
0 3 9 2.00002 4.07354 8.30004 11.0471 -3.59999 -2.30024 -9.59999 -8.70024 187.674 1069 4.27551 5
0 3 10 1.9002 4.06114 9.23886 11.3999 -3.4 -2.9002 -10.5 -10.3001 168.1 785 40.036 4
0 3 11 2.00002 3.66471 10.2061 12.6704 -3.49993 -2.90008 -12.1 -11.3001 173.802 713 6.25274 3
0 3 12 2.00001 3.98176 11.1063 16.7694 -3.8998 -2.20015 -12.7 -12.1003 65.6692 737 6.86816 7
0 3 13 2.00001 3.76916 12.2044 14.5732 -3.1 -2.3003 -13.3997 -12.5 148.657 623 8.33923 6
0 3 14 1.92921 3.69985 13.3121 16.2826 -2.9 -2.80005 -14.6 -14.5 112.174 590 100.1 1
0 3 15 2.00001 3.87456 14.2254 16.2999 -3.1 -2.2001 -16.4 -14.6001 132.177 514 1.23477 2

0 4 0 3.30016 11.7381 -0.938075 0.999687 -6.87886 -3.20011 -0.979717 0.998932 76.5106 1251 58.6621 427
0 4 1 3.30705 10.1899 -0.099914 2.28297 -9.69856 -3.20701 -1.89582 -2.81667e-05 20.9744 344 13.7325 169
0 4 2 3.20002 6.49505 1.30002 3.29753 -5.29996 -3.60106 -3.39991 -1.20101 15.1933 100 5.88911 22
0 4 3 3.10013 5.27421 2.12579 4.39991 -4.99926 -3.6 -3.99997 -2.30072 105.378 521 6.30867 15
0 4 4 3.10007 5.09127 3.21349 5.38704 -4.49999 -3.40039 -4.79999 -3.50039 122.228 529 5.59816 8
0 4 5 3.00215 5.2868 4.20005 6.1924 -4.19999 -3.50019 -5.1998 -4.5 67.4455 307 8.16792 4
0 4 6 3.00293 5.19348 5.20936 7.39995 -4.09995 -3.50021 -7 -5.20025 39.3864 189 4.6322 5
0 4 7 3.10002 5.09515 6.30001 8.49515 -3.9 -3.40015 -7.6 -6.90015 22.3766 98 8.57583 3

0 5 0 4.30012 9.76307 -0.963073 0.899814 -10.9879 -4.20006 -1.09793 0.889874 73.3036 746 18.0836 244
0 5 1 4.21064 6.59995 1.075e-05 1.98936 -6.99962 -4.20502 -1.99465 -1.08e-05 45.2331 215 19.3749 108

0 6 0 5.31119 11.0892 -0.87827 0.899927 -9.19877 -5.30602 -0.799746 0.796629 42.7271 439 23.3333 145
0 6 1 5.40462 7.69557 -0.0953845 1.89557 -7.5949 -5.40003 -1.89982 -0.00239475 39.6828 181 24.7322 103

0 7 0 6.30007 8.78683 -0.994547 0.892153 -8.29998 -6.40265 -0.994703 0.799973 56.6949 266 31.4234 107
0 7 1 6.50155 8.59535 1.24e-05 1.99386 -8.39644 -6.50002 -1.99878 -0.002376 29.7026 124 19.0174 72

0 8 0 7.50003 10.1908 -0.899969 0.890843 -9.59982 -7.40342 -0.798776 0.897624 38.3918 185 19.3238 72
0 8 1 7.60097 9.69637 1.15e-05 1.79545 -9.19998 -7.40208 -1.39992 -0.002016 24.4541 92 16.7112 42

0 9 0 8.40125 11.096 -0.998752 0.996048 -11.9 -8.40243 -0.999975 1.09757 19.3467 104 6.67913 49
0 9 1 8.30027 10.6969 0.0033165 1.39999 -10.6 -8.50172 -1.59827 -8.75e-06 20.0159 67 10.4367 35



1 0 0 -1.57717 1.55373 0.500274 1.44704 -1.45183 1.40216 -1.59872 -0.658019 57770.4 171244 65530.3 175932
1 0 1 -1.4 1.48101 0.600004 1.70013 -1.38647 1.30036 -1.76014 -0.700013 152865 484498 284380 810021
1 0 2 -1.29223 1.2998 1.00047 5.66115 -1.29974 1.27516 -3.10387 -1.10006 232.19 2805 2334.1 12043
1 0 3 -1.19994 1.48753 2.20006 6.98753 -1.09996 1.09178 -4.39377 -2.30208 19.5863 252 36.2092 166
1 0 4 -1.09995 1.38965 3.30002 9.28965 -1.1987 1.29365 -9.89992 -3.10757 14.0157 209 9.03779 153
1 0 5 -1.19538 1.09557 4.10317 11.8941 -1.19381 0.899984 -11.6947 -4.20094 10.1408 181 7.96666 125
1 0 6 -1.19997 1.09317 5.30048 10.3936 -0.999972 1.19451 -7.29998 -5.20549 11.8159 138 24.1498 111
1 0 7 -1.49961 1.09489 6.30003 11.6946 -1.09554 0.899978 -10.6997 -6.50419 7.85933 110 10.7498 90
1 0 8 -1.09678 0.899984 7.40068 9.29743 -0.799896 1.0988 -10.9974 -7.20001 17.1623 65 7.21206 52

1 1 0 0.300461 2.06796 -1.40017 1.39544 -2.05994 -0.299486 -1.3998 1.36495 48118.7 237766 55918.9 272169
1 1 1 0.200279 2.10276 0.0994648 1.77435 -2.09916 0.734636 -1.73353 1.09865 308074 981657 130192 1044902
1 1 2 0.0961408 2.29892 0.443447 3.59956 -2.26808 0.170837 -3.92258 -0.400389 2272.51 15799 1357.92 11665
1 1 3 -0.0765865 2.09996 1.61206 8.28841 -2.19995 0.0756955 -9.29558 -1.72013 32.5502 473 28.4819 491
1 1 4 -0.0905395 2.79091 3.10009 9.28164 -2.19865 0.182051 -9.09865 -3.11795 20.8289 371 27.1101 386
1 1 5 -0.197858 2.18954 4.20214 9.98954 -2.58564 -7.25e-05 -13.0972 -3.91175 18.2386 252 12.2106 290
1 1 6 -0.199188 3.18921 5.00006 11.9885 -2.19987 0.096868 -11.2871 -5.10003 9.79743 232 18.3673 261
1 1 7 -0.099279 4.09042 5.90005 16.4898 -2.09505 0.195247 -8.79631 -5.90601 4.643 206 29.3067 194
1 1 8 -0.192773 2.09996 6.90029 9.69299 -2.09322 0.0999772 -9.79349 -6.70034 22.8021 146 20.1949 137
1 1 9 0.100015 2.2955 8.10155 10.997 -1.9946 0.0999728 -10.6 -8.0054 14.3151 91 20.0569 109
1 1 10 -0.096931 1.99998 9.0014 11.7983 -2.39663 -1.7e-05 -15.1997 -8.90309 10.5714 62 4.50613 68
1 1 11 0.402574 1.99999 10.0001 13.6975 -2.19875 -0.201799 -12.397 -9.80001 8.8042 52 11.7624 61

1 2 0 1.20003 4.98704 -1.26235 1.19997 -3.39079 -1.10312 -1.2883 1.29975 244.723 2282 421.071 2493
1 2 1 1.10032 3.25143 -0.151112 2.59984 -3.40612 -1.10012 -2.51223 0.299217 2360.41 13968 2088.79 13542
1 2 2 1.10014 4.93065 0.500088 7.13065 -4.29151 -1.04146 -5.29151 -0.441459 55.1609 1401 63.3766 999
1 2 3 1.00012 4.47649 2.10012 7.37649 -3.49411 -1.01866 -4.77668 -2.00123 25.896 475 71.4651 491
1 2 4 1.00007 3.28693 3.10007 6.38693 -3.2855 -1.00004 -8.89648 -3.01113 35.1222 264 21.7832 293
1 2 5 0.900057 3.38881 4.00316 6.89186 -3.09997 -1.01129 -7.09419 -3.70559 31.4357 226 32.2138 228
1 2 6 0.904182 3.79598 4.90779 11.3996 -3.49079 -0.900031 -13.799 -4.80828 8.73596 164 7.98531 186
1 2 7 0.905003 3.19775 6.10123 9.19398 -3.2947 -0.902496 -8.69992 -5.70772 20.4487 145 21.794 156
1 2 8 1.20002 2.99752 6.8012 9.5962 -3.39575 -0.902 -9.79381 -7.00002 19.9043 100 17.9416 125
1 2 9 1.20002 3.09604 8.00004 10.996 -2.99998 -1.00475 -10.7952 -7.90002 14.0833 80 16.6187 96
1 2 10 0.901911 3.09946 8.90002 11.0976 -3.09997 -1.00149 -11.4 -8.90302 10.1466 49 11.6417 61

1 3 0 2.50001 5.5953 -0.99981 1.09544 -5.89918 -2.20503 -1.19994 1.29421 14.6483 95 12.6984 117
1 3 1 2.20678 4.88683 -0.296608 2.79342 -6.7968 -2.2156 -2.68139 0.399906 48.1801 399 26.6364 376
1 3 2 2.00013 4.37426 0.81326 3.68726 -8.29508 -2.01853 -5.59508 -0.518526 76.21 520 14.7192 469
1 3 3 2.00007 6.58535 2.0111 7.8963 -7.78624 -2.10003 -6.39764 -1.81154 10.969 296 10.6605 278
1 3 4 1.90229 6.19274 3.00005 9.89055 -4.29069 -2.00003 -5.69998 -2.60931 6.46071 191 26.5549 188
1 3 5 2.00129 7.39369 4.00182 12.3942 -4.19114 -2.00004 -7.89114 -4.00003 3.35873 152 20.9951 179
1 3 6 2.00003 4.29312 4.90334 10.4964 -5.19233 -2.10004 -11.3923 -5.00004 10.8379 139 7.84143 155
1 3 7 2.00039 5.79484 5.90006 15.9945 -4.2949 -2.00001 -8.69768 -5.60283 2.89795 111 14.5023 103
1 3 8 2.20002 4.09584 6.90055 9.49635 -3.99996 -1.90391 -9.69953 -6.70348 17.0691 84 12.5799 79

1 4 0 3.40089 5.68814 -0.999702 0.996047 -6.39924 -3.41004 -1.48931 1.09996 55.8625 255 27.9075 216
1 4 1 3.20808 9.78432 -0.391925 3.38432 -5.49925 -3.20997 -2.49989 0.478764 19.1273 475 62.9128 429
1 4 2 3.20007 5.48649 0.904231 3.59058 -5.39339 -3.20004 -3.59993 -0.713216 44.4472 273 42.1696 267
1 4 3 3.10317 5.19998 1.80109 4.79469 -5.09996 -3.10767 -4.5976 -1.70535 20.3918 128 26.8995 155
1 4 4 3.00339 5.19754 2.90579 5.79997 -5.29922 -3.20247 -6.29844 -2.80494 18.4244 117 17.7474 130
1 4 5 3.10339 5.39754 4.20339 7.09754 -5.09997 -2.90619 -6.69575 -3.802 17.6215 117 19.6905 125
1 4 6 2.90252 5.29757 4.9049 7.59998 -5.2998 -2.8049 -7.59495 -5.00003 15.3373 99 15.7551 102
1 4 7 3.20102 5.29772 5.80327 8.39998 -6.39584 -3.00002 -12.7998 -5.90403 12.1222 66 3.58715 84
1 4 8 3.40001 5.19713 7.0002 9.7973 -5.19952 -3.30182 -9.39999 -6.90228 11.5383 58 9.70481 46

1 5 0 4.00309 6.69399 -1.09691 1.09399 -6.69995 -4.2095 -1.09885 0.996352 30.871 182 36.7958 192
1 5 1 4.20004 6.58441 -0.497322 2.48693 -6.485 -4.20008 -2.385 0.599924 44.2692 315 44.426 303
1 5 2 4.20729 6.59794 0.809257 3.29998 -6.39959 -4.20329 -3.39948 -0.706882 31.4051 187 25.0264 148
1 5 3 4.00012 6.39417 1.80012 4.49417 -6.59465 -4.40003 -4.49962 -1.80502 18.4505 119 18.2629 108
1 5 4 4.1001 6.39505 3.105 5.39997 -8.19535 -4.20002 -7.59976 -2.90446 19.1765 101 5.01086 94
1 5 5 4.30001 6.29614 4.00059 6.69669 -6.29791 -4.00201 -6.39791 -3.90201 14.4934 78 14.3098 82
1 5 6 4.10182 6.49802 4.90376 7.49998 -5.99898 -4.10228 -7.59898 -4.90228 12.2166 76 12.9037 66
1 5 7 4.10208 6.19999 6.20208 8.49999 -5.99997 -4.20154 -8.59997 -6.10312 8.71223 42 14.0299 63

1 6 0 5.20004 7.29609 -1.09609 0.99998 -6.99579 -5.30002 -1.09998 0.995793 17.9812 79 23.9171 85
1 6 1 5.10678 7.39997 -0.399966 2.39322 -7.79975 -5.3059 -2.09975 0.494096 21.3886 137 19.0147 123
1 6 2 5.30173 7.39663 0.800204 3.4951 -7.29997 -5.2051 -3.29997 -0.505098 18.0673 102 17.592 103
1 6 3 5.10125 7.3968 2.20001 4.59559 -7.19959 -5.10329 -4.19993 -1.90178 16.1843 89 15.3603 74
1 6 4 5.20014 7.29664 3.00002 5.29654 -10.3998 -5.40342 -8.89644 -3.10002 14.539 70 2.48608 72






