1 0.437 0.008 0.479 0.008
2 0.957 0.002 0.566 0.002
3 0.993 0.004 0.875 0.003
4 1.960 0.006 0.946 0.004
5 3.170 0.007 0.970 0.004
6 4.339 0.008 0.957 0.005
7 5.467 0.009 0.932 0.006
8 6.553 0.010 0.908 0.007
9 7.614 0.011 0.875 0.007
10 8.694 0.011 0.873 0.008
11 9.759 0.011 0.859 0.008
12 10.808 0.011 0.841 0.008
13 11.808 0.012 0.857 0.009
14 12.852 0.012 0.805 0.008
15 13.872 0.013 0.804 0.009
16 14.953 0.014 0.790 0.011
17 15.933 0.014 0.763 0.011
18 16.973 0.013 0.721 0.010
19 18.025 0.015 0.744 0.012
20 19.006 0.016 0.700 0.013
21 20.015 0.015 0.753 0.013
22 21.039 0.016 0.705 0.014
23 22.028 0.019 0.673 0.017
24 23.052 0.020 0.758 0.017
