637566980  27.3178
637599748  26.4359
637632516  25.46
637566982  27.3178
637599750  26.4359
637632518  25.46
637566984  32.4753
637599752  31.1716
637632520  29.7834
637566986  32.4753
637599754  31.1716
637632522  29.7834
637566989  20.9195
637632525  24.1091
637566993  15.4382
637632529  17.6113
637566997  14.0081
637632533  13.9799
637567001  15.4382
637632537  17.6113
637567005  20.9195
637632541  24.1091
637567108  27.3178
637599876  26.4359
637632644  25.46
637567110  27.3178
637599878  26.4359
637632646  25.46
637567112  32.4753
637599880  31.1716
637632648  29.7834
637567114  32.4753
637599882  31.1716
637632650  29.7834
637567117  20.9195
637632653  24.1091
637567121  15.4382
637632657  17.6113
637567125  14.0081
637632661  13.9799
637567129  15.4382
637632665  17.6113
637567133  20.9195
637632669  24.1091
637567236  27.3178
637600004  26.4359
637632772  25.46
637567238  27.3178
637600006  26.4359
637632774  25.46
637567240  32.4753
637600008  31.1716
637632776  29.7834
637567242  32.4753
637600010  31.1716
637632778  29.7834
637567245  20.9195
637632781  24.1091
637567249  15.7365
637632785  17.6278
637567253  14.0081
637632789  13.9799
637567257  15.4382
637632793  17.6113
637567261  20.9195
637632797  24.1091
637567364  27.3178
637600132  26.4359
637632900  25.46
637567366  27.3178
637600134  26.4359
637632902  25.46
637567368  32.4753
637600136  31.1716
637632904  29.7834
637567370  32.4753
637600138  31.1716
637632906  29.7834
637567373  20.9195
637632909  24.1091
637567377  15.4382
637632913  17.6113
637567381  14.0081
637632917  13.9799
637567385  15.7365
637632921  17.6278
637567389  20.9195
637632925  24.1091
637567492  27.3178
637600260  26.4359
637633028  25.46
637567494  27.3178
637600262  26.4359
637633030  25.46
637567496  32.4753
637600264  31.1716
637633032  29.7834
637567498  32.4753
637600266  31.1716
637633034  29.7834
637567501  20.9195
637633037  24.1091
637567505  15.4382
637633041  17.6113
637567509  14.0081
637633045  13.9799
637567513  15.4382
637633049  17.6113
637567517  20.9195
637633053  24.1091
637567620  27.3178
637600388  26.4359
637633156  25.46
637567622  27.3178
637600390  26.4359
637633158  25.46
637567624  32.4753
637600392  31.1716
637633160  29.7834
637567626  32.4753
637600394  31.1716
637633162  29.7834
637567629  20.9195
637633165  24.1091
637567633  15.4382
637633169  17.6113
637567637  14.0081
637633173  13.9799
637567641  15.4382
637633177  17.6113
637567645  20.9195
637633181  24.1091
637567757  20.9195
637633293  24.1091
637567761  15.4382
637633297  17.6113
637567765  14.0081
637633301  13.9799
637567769  15.4382
637633305  17.6113
637567773  20.9195
637633309  24.1091
637567885  20.9195
637633421  24.1091
637567889  15.4382
637633425  17.6113
637567893  14.0081
637633429  13.9799
637567897  15.4382
637633433  17.6113
637567901  20.9195
637633437  24.1091
637568013  20.9195
637633549  24.1091
637568017  15.4382
637633553  17.6113
637568021  14.0081
637633557  13.9799
637568025  15.4382
637633561  17.6113
637568029  20.9195
637633565  24.1091
637568141  20.9195
637633677  24.1091
637568145  15.4382
637633681  17.6113
637568149  14.0081
637633685  13.9799
637568153  15.4382
637633689  17.6113
637568157  20.9195
637633693  24.1091
637568269  20.9195
637633805  24.1091
637568273  15.4382
637633809  17.6113
637568277  14.0081
637633813  13.9799
637568281  15.4382
637633817  17.6113
637568285  20.9195
637633821  24.1091
637568397  20.9195
637633933  24.1091
637568401  15.4382
637633937  17.6113
637568405  14.0081
637633941  13.9799
637568409  15.4382
637633945  17.6113
637568413  20.9195
637633949  24.1091
637571076  28.1998
637603844  27.3464
637636612  26.4041
637571078  28.1998
637603846  27.3464
637636614  26.4041
637571080  32.5832
637603848  31.284
637636616  29.9009
637571082  32.5832
637603850  31.284
637636618  29.9009
637571204  28.1998
637603972  27.3464
637636740  26.4041
637571206  28.1998
637603974  27.3464
637636742  26.4041
637571208  32.5832
637603976  31.284
637636744  29.9009
637571210  32.5832
637603978  31.284
637636746  29.9009
637571332  28.1998
637604100  27.3464
637636868  26.4041
637571334  28.1998
637604102  27.3464
637636870  26.4041
637571336  32.5832
637604104  31.284
637636872  29.9009
637571338  32.5832
637604106  31.284
637636874  29.9009
637571460  28.1998
637604228  27.3464
637636996  26.4041
637571462  28.1998
637604230  27.3464
637636998  26.4041
637571464  32.5832
637604232  31.284
637637000  29.9009
637571466  32.5832
637604234  31.284
637637002  29.9009
637571588  28.1998
637604356  27.3464
637637124  26.4041
637571590  28.1998
637604358  27.3464
637637126  26.4041
637571592  32.5832
637604360  31.284
637637128  29.9009
637571594  32.5832
637604362  31.284
637637130  29.9009
637571716  28.1998
637604484  27.3464
637637252  26.4041
637571718  28.1998
637604486  27.3464
637637254  26.4041
637571720  32.5832
637604488  31.284
637637256  29.9009
637571722  32.5832
637604490  31.284
637637258  29.9009
637575172  27.3178
637607940  26.4359
637640708  25.46
637575174  27.3178
637607942  26.4359
637640710  25.46
637575176  32.4753
637607944  31.1716
637640712  29.7834
637575178  32.4753
637607946  31.1716
637640714  29.7834
637575300  27.3178
637608068  26.4359
637640836  25.46
637575302  27.3178
637608070  26.4359
637640838  25.46
637575304  32.4753
637608072  31.1716
637640840  29.7834
637575306  32.4753
637608074  31.1716
637640842  29.7834
637575428  27.3178
637608196  26.4359
637640964  25.46
637575430  27.3178
637608198  26.4359
637640966  25.46
637575432  32.4753
637608200  31.1716
637640968  29.7834
637575434  32.4753
637608202  31.1716
637640970  29.7834
637575556  27.3178
637608324  26.4359
637641092  25.46
637575558  27.3178
637608326  26.4359
637641094  25.46
637575560  32.4753
637608328  31.1716
637641096  29.7834
637575562  32.4753
637608330  31.1716
637641098  29.7834
637575684  27.3178
637608452  26.4359
637641220  25.46
637575686  27.3178
637608454  26.4359
637641222  25.46
637575688  32.4753
637608456  31.1716
637641224  29.7834
637575690  32.4753
637608458  31.1716
637641226  29.7834
637575812  27.3178
637608580  26.4359
637641348  25.46
637575814  27.3178
637608582  26.4359
637641350  25.46
637575816  32.4753
637608584  31.1716
637641352  29.7834
637575818  32.4753
637608586  31.1716
637641354  29.7834
637579268  28.1998
637612036  27.3464
637644804  26.4041
637579270  28.1998
637612038  27.3464
637644806  26.4041
637579272  32.5832
637612040  31.284
637644808  29.9009
637579274  32.5832
637612042  31.284
637644810  29.9009
637579396  28.1998
637612164  27.3464
637644932  26.4041
637579398  28.1998
637612166  27.3464
637644934  26.4041
637579400  32.5832
637612168  31.284
637644936  29.9009
637579402  32.5832
637612170  31.284
637644938  29.9009
637579524  28.1998
637612292  27.3464
637645060  26.4041
637579526  28.1998
637612294  27.3464
637645062  26.4041
637579528  32.5832
637612296  31.284
637645064  29.9009
637579530  32.5832
637612298  31.284
637645066  29.9009
637579652  28.1998
637612420  27.3464
637645188  26.4041
637579654  28.1998
637612422  27.3464
637645190  26.4041
637579656  32.5832
637612424  31.284
637645192  29.9009
637579658  32.5832
637612426  31.284
637645194  29.9009
637579780  28.1998
637612548  27.3464
637645316  26.4041
637579782  28.1998
637612550  27.3464
637645318  26.4041
637579784  32.5832
637612552  31.284
637645320  29.9009
637579786  32.5832
637612554  31.284
637645322  29.9009
637579908  28.1998
637612676  27.3464
637645444  26.4041
637579910  28.1998
637612678  27.3464
637645446  26.4041
637579912  32.5832
637612680  31.284
637645448  29.9009
637579914  32.5832
637612682  31.284
637645450  29.9009
637583364  27.3178
637616132  26.4359
637648900  25.46
637583366  27.3178
637616134  26.4359
637648902  25.46
637583368  32.4753
637616136  31.1716
637648904  29.7834
637583370  32.4753
637616138  31.1716
637648906  29.7834
637583492  27.3178
637616260  26.4359
637649028  25.46
637583494  27.3178
637616262  26.4359
637649030  25.46
637583496  32.4753
637616264  31.1716
637649032  29.7834
637583498  32.4753
637616266  31.1716
637649034  29.7834
637583620  27.3178
637616388  26.4359
637649156  25.46
637583622  27.3178
637616390  26.4359
637649158  25.46
637583624  32.4753
637616392  31.1716
637649160  29.7834
637583626  32.4753
637616394  31.1716
637649162  29.7834
637583748  27.3178
637616516  26.4359
637649284  25.46
637583750  27.3178
637616518  26.4359
637649286  25.46
637583752  32.4753
637616520  31.1716
637649288  29.7834
637583754  32.4753
637616522  31.1716
637649290  29.7834
637583876  27.3178
637616644  26.4359
637649412  25.46
637583878  27.3178
637616646  26.4359
637649414  25.46
637583880  32.4753
637616648  31.1716
637649416  29.7834
637583882  32.4753
637616650  31.1716
637649418  29.7834
637584004  27.3178
637616772  26.4359
637649540  25.46
637584006  27.3178
637616774  26.4359
637649542  25.46
637584008  32.4753
637616776  31.1716
637649544  29.7834
637584010  32.4753
637616778  31.1716
637649546  29.7834
637587460  28.1998
637620228  27.3464
637652996  26.4041
637587462  28.1998
637620230  27.3464
637652998  26.4041
637587464  32.5832
637620232  31.284
637653000  29.9009
637587466  32.5832
637620234  31.284
637653002  29.9009
637587588  28.1998
637620356  27.3464
637653124  26.4041
637587590  28.1998
637620358  27.3464
637653126  26.4041
637587592  32.5832
637620360  31.284
637653128  29.9009
637587594  32.5832
637620362  31.284
637653130  29.9009
637587716  28.1998
637620484  27.3464
637653252  26.4041
637587718  28.1998
637620486  27.3464
637653254  26.4041
637587720  32.5832
637620488  31.284
637653256  29.9009
637587722  32.5832
637620490  31.284
637653258  29.9009
637587844  28.1998
637620612  27.3464
637653380  26.4041
637587846  28.1998
637620614  27.3464
637653382  26.4041
637587848  32.5832
637620616  31.284
637653384  29.9009
637587850  32.5832
637620618  31.284
637653386  29.9009
637587972  28.1998
637620740  27.3464
637653508  26.4041
637587974  28.1998
637620742  27.3464
637653510  26.4041
637587976  32.5832
637620744  31.284
637653512  29.9009
637587978  32.5832
637620746  31.284
637653514  29.9009
637588100  28.1998
637620868  27.3464
637653636  26.4041
637588102  28.1998
637620870  27.3464
637653638  26.4041
637588104  32.5832
637620872  31.284
637653640  29.9009
637588106  32.5832
637620874  31.284
637653642  29.9009
637569037  21.6981
637634573  24.7877
637569041  16.4779
637634577  18.5295
637569045  15.1463
637634581  15.1202
637569049  16.4779
637634585  18.5295
637569053  21.6981
637634589  24.7877
637569165  21.6981
637634701  24.7877
637569169  16.4779
637634705  18.5295
637569173  15.1463
637634709  15.1202
637569177  16.4779
637634713  18.5295
637569181  21.6981
637634717  24.7877
637569293  21.6981
637634829  24.7877
637569297  16.7577
637634833  18.5451
637569301  15.1463
637634837  15.1202
637569305  16.4779
637634841  18.5295
637569309  21.6981
637634845  24.7877
637569421  21.6981
637634957  24.7877
637569425  16.4779
637634961  18.5295
637569429  15.1463
637634965  15.1202
637569433  16.7577
637634969  18.5451
637569437  21.6981
637634973  24.7877
637569549  21.6981
637635085  24.7877
637569553  16.4779
637635089  18.5295
637569557  15.1463
637635093  15.1202
637569561  16.4779
637635097  18.5295
637569565  21.6981
637635101  24.7877
637569677  21.6981
637635213  24.7877
637569681  16.4779
637635217  18.5295
637569685  15.1463
637635221  15.1202
637569689  16.4779
637635225  18.5295
637569693  21.6981
637635229  24.7877
637569805  21.6981
637635341  24.7877
637569809  16.4779
637635345  18.5295
637569813  15.1463
637635349  15.1202
637569817  16.4779
637635353  18.5295
637569821  21.6981
637635357  24.7877
637569933  21.6981
637635469  24.7877
637569937  16.4779
637635473  18.5295
637569941  15.1463
637635477  15.1202
637569945  16.4779
637635481  18.5295
637569949  21.6981
637635485  24.7877
637570061  21.6981
637635597  24.7877
637570065  16.4779
637635601  18.5295
637570069  15.1463
637635605  15.1202
637570073  16.4779
637635609  18.5295
637570077  21.6981
637635613  24.7877
637570189  21.6981
637635725  24.7877
637570193  16.4779
637635729  18.5295
637570197  15.1463
637635733  15.1202
637570201  16.4779
637635737  18.5295
637570205  21.6981
637635741  24.7877
637570317  21.6981
637635853  24.7877
637570321  16.4779
637635857  18.5295
637570325  15.1463
637635861  15.1202
637570329  16.4779
637635865  18.5295
637570333  21.6981
637635869  24.7877
637570445  21.6981
637635981  24.7877
637570449  16.4779
637635985  18.5295
637570453  15.1463
637635989  15.1202
637570457  16.4779
637635993  18.5295
637570461  21.6981
637635997  24.7877
637567012  30.5482
637599780  29.5985
637632548  28.8451
637567014  30.5482
637599782  29.5985
637632550  28.8451
637567016  34.4474
637599784  33.091
637632552  31.7444
637567018  34.4474
637599786  33.091
637632554  31.7444
637567021  22.7705
637632557  25.7317
637567025  17.6224
637599793  18.7026
637632561  20.1491
637567029  16.7444
637599797  16.5109
637632565  16.713
637567033  17.6224
637599801  18.7026
637632569  20.1491
637567037  22.7705
637632573  25.7317
637567140  30.5482
637599908  29.5985
637632676  28.8451
637567142  30.5482
637599910  29.5985
637632678  28.8451
637567144  34.4474
637599912  33.091
637632680  31.7444
637567146  34.4474
637599914  33.091
637632682  31.7444
637567149  22.7705
637632685  25.7317
637567153  17.6224
637599921  18.7026
637632689  20.1491
637567157  16.7444
637599925  16.5109
637632693  16.713
637567161  17.6224
637599929  18.7026
637632697  20.1491
637567165  22.7705
637632701  25.7317
637567268  30.5482
637600036  29.5985
637632804  28.8451
637567270  30.5482
637600038  29.5985
637632806  28.8451
637567272  34.4474
637600040  33.091
637632808  31.7444
637567274  34.4474
637600042  33.091
637632810  31.7444
637567277  22.7705
637632813  25.7317
637567281  17.86
637600049  18.7152
637632817  20.1644
637567285  16.7444
637600053  16.5109
637632821  16.713
637567289  17.6224
637600057  18.7026
637632825  20.1491
637567293  22.7705
637632829  25.7317
637567396  30.5482
637600164  29.5985
637632932  28.8451
637567398  30.5482
637600166  29.5985
637632934  28.8451
637567400  34.4474
637600168  33.091
637632936  31.7444
637567402  34.4474
637600170  33.091
637632938  31.7444
637567405  22.7705
637632941  25.7317
637567409  17.6224
637600177  18.7026
637632945  20.1491
637567413  16.7444
637600181  16.5109
637632949  16.713
637567417  17.86
637600185  18.7152
637632953  20.1644
637567421  22.7705
637632957  25.7317
637567524  30.5482
637600292  29.5985
637633060  28.8451
637567526  30.5482
637600294  29.5985
637633062  28.8451
637567528  34.4474
637600296  33.091
637633064  31.7444
637567530  34.4474
637600298  33.091
637633066  31.7444
637567533  22.7705
637633069  25.7317
637567537  17.6224
637600305  18.7026
637633073  20.1491
637567541  16.7444
637600309  16.5109
637633077  16.713
637567545  17.6224
637600313  18.7026
637633081  20.1491
637567549  22.7705
637633085  25.7317
637567652  30.5482
637600420  29.5985
637633188  28.8451
637567654  30.5482
637600422  29.5985
637633190  28.8451
637567656  34.4474
637600424  33.091
637633192  31.7444
637567658  34.4474
637600426  33.091
637633194  31.7444
637567661  22.7705
637633197  25.7317
637567665  17.6224
637600433  18.7026
637633201  20.1491
637567669  16.7444
637600437  16.5109
637633205  16.713
637567673  17.6224
637600441  18.7026
637633209  20.1491
637567677  22.7705
637633213  25.7317
637567789  22.7705
637633325  25.7317
637567793  17.6224
637600561  18.7026
637633329  20.1491
637567797  16.7444
637600565  16.5109
637633333  16.713
637567801  17.6224
637600569  18.7026
637633337  20.1491
637567805  22.7705
637633341  25.7317
637567917  22.7705
637633453  25.7317
637567921  17.6224
637600689  18.7026
637633457  20.1491
637567925  16.7444
637600693  16.5109
637633461  16.713
637567929  17.6224
637600697  18.7026
637633465  20.1491
637567933  22.7705
637633469  25.7317
637568045  22.7705
637633581  25.7317
637568049  17.6224
637600817  18.7026
637633585  20.1491
637568053  16.7444
637600821  16.5109
637633589  16.713
637568057  17.6224
637600825  18.7026
637633593  20.1491
637568061  22.7705
637633597  25.7317
637568173  22.7705
637633709  25.7317
637568177  17.6224
637600945  18.7026
637633713  20.1491
637568181  16.7444
637600949  16.5109
637633717  16.713
637568185  17.6224
637600953  18.7026
637633721  20.1491
637568189  22.7705
637633725  25.7317
637568301  22.7705
637633837  25.7317
637568305  17.6224
637601073  18.7026
637633841  20.1491
637568309  16.7444
637601077  16.5109
637633845  16.713
637568313  17.6224
637601081  18.7026
637633849  20.1491
637568317  22.7705
637633853  25.7317
637568429  22.7705
637633965  25.7317
637568433  17.6224
637601201  18.7026
637633969  20.1491
637568437  16.7444
637601205  16.5109
637633973  16.713
637568441  17.6224
637601209  18.7026
637633977  20.1491
637568445  22.7705
637633981  25.7317
637571108  30.6745
637603876  29.7289
637636644  28.9788
637571110  30.6745
637603878  29.7289
637636646  28.9788
637571112  34.5595
637603880  33.2077
637636648  31.866
637571114  34.5595
637603882  33.2077
637636650  31.866
637571236  30.6745
637604004  29.7289
637636772  28.9788
637571238  30.6745
637604006  29.7289
637636774  28.9788
637571240  34.5595
637604008  33.2077
637636776  31.866
637571242  34.5595
637604010  33.2077
637636778  31.866
637571364  30.6745
637604132  29.7289
637636900  28.9788
637571366  30.6745
637604134  29.7289
637636902  28.9788
637571368  34.5595
637604136  33.2077
637636904  31.866
637571370  34.5595
637604138  33.2077
637636906  31.866
637571492  30.6745
637604260  29.7289
637637028  28.9788
637571494  30.6745
637604262  29.7289
637637030  28.9788
637571496  34.5595
637604264  33.2077
637637032  31.866
637571498  34.5595
637604266  33.2077
637637034  31.866
637571620  30.6745
637604388  29.7289
637637156  28.9788
637571622  30.6745
637604390  29.7289
637637158  28.9788
637571624  34.5595
637604392  33.2077
637637160  31.866
637571626  34.5595
637604394  33.2077
637637162  31.866
637571748  30.6745
637604516  29.7289
637637284  28.9788
637571750  30.6745
637604518  29.7289
637637286  28.9788
637571752  34.5595
637604520  33.2077
637637288  31.866
637571754  34.5595
637604522  33.2077
637637290  31.866
637575204  30.5482
637607972  29.5985
637640740  28.8451
637575206  30.5482
637607974  29.5985
637640742  28.8451
637575208  34.4474
637607976  33.091
637640744  31.7444
637575210  34.4474
637607978  33.091
637640746  31.7444
637575332  30.5482
637608100  29.5985
637640868  28.8451
637575334  30.5482
637608102  29.5985
637640870  28.8451
637575336  34.4474
637608104  33.091
637640872  31.7444
637575338  34.4474
637608106  33.091
637640874  31.7444
637575460  30.5482
637608228  29.5985
637640996  28.8451
637575462  30.5482
637608230  29.5985
637640998  28.8451
637575464  34.4474
637608232  33.091
637641000  31.7444
637575466  34.4474
637608234  33.091
637641002  31.7444
637575588  30.5482
637608356  29.5985
637641124  28.8451
637575590  30.5482
637608358  29.5985
637641126  28.8451
637575592  34.4474
637608360  33.091
637641128  31.7444
637575594  34.4474
637608362  33.091
637641130  31.7444
637575716  30.5482
637608484  29.5985
637641252  28.8451
637575718  30.5482
637608486  29.5985
637641254  28.8451
637575720  34.4474
637608488  33.091
637641256  31.7444
637575722  34.4474
637608490  33.091
637641258  31.7444
637575844  30.5482
637608612  29.5985
637641380  28.8451
637575846  30.5482
637608614  29.5985
637641382  28.8451
637575848  34.4474
637608616  33.091
637641384  31.7444
637575850  34.4474
637608618  33.091
637641386  31.7444
637579300  30.6745
637612068  29.7289
637644836  28.9788
637579302  30.6745
637612070  29.7289
637644838  28.9788
637579304  34.5595
637612072  33.2077
637644840  31.866
637579306  34.5595
637612074  33.2077
637644842  31.866
637579428  30.6745
637612196  29.7289
637644964  28.9788
637579430  30.6745
637612198  29.7289
637644966  28.9788
637579432  34.5595
637612200  33.2077
637644968  31.866
637579434  34.5595
637612202  33.2077
637644970  31.866
637579556  30.6745
637612324  29.7289
637645092  28.9788
637579558  30.6745
637612326  29.7289
637645094  28.9788
637579560  34.5595
637612328  33.2077
637645096  31.866
637579562  34.5595
637612330  33.2077
637645098  31.866
637579684  30.6745
637612452  29.7289
637645220  28.9788
637579686  30.6745
637612454  29.7289
637645222  28.9788
637579688  34.5595
637612456  33.2077
637645224  31.866
637579690  34.5595
637612458  33.2077
637645226  31.866
637579812  30.6745
637612580  29.7289
637645348  28.9788
637579814  30.6745
637612582  29.7289
637645350  28.9788
637579816  34.5595
637612584  33.2077
637645352  31.866
637579818  34.5595
637612586  33.2077
637645354  31.866
637579940  30.6745
637612708  29.7289
637645476  28.9788
637579942  30.6745
637612710  29.7289
637645478  28.9788
637579944  34.5595
637612712  33.2077
637645480  31.866
637579946  34.5595
637612714  33.2077
637645482  31.866
637583396  30.5482
637616164  29.5985
637648932  28.8451
637583398  30.5482
637616166  29.5985
637648934  28.8451
637583400  34.4474
637616168  33.091
637648936  31.7444
637583402  34.4474
637616170  33.091
637648938  31.7444
637583524  30.5482
637616292  29.5985
637649060  28.8451
637583526  30.5482
637616294  29.5985
637649062  28.8451
637583528  34.4474
637616296  33.091
637649064  31.7444
637583530  34.4474
637616298  33.091
637649066  31.7444
637583652  30.5482
637616420  29.5985
637649188  28.8451
637583654  30.5482
637616422  29.5985
637649190  28.8451
637583656  34.4474
637616424  33.091
637649192  31.7444
637583658  34.4474
637616426  33.091
637649194  31.7444
637583780  30.5482
637616548  29.5985
637649316  28.8451
637583782  30.5482
637616550  29.5985
637649318  28.8451
637583784  34.4474
637616552  33.091
637649320  31.7444
637583786  34.4474
637616554  33.091
637649322  31.7444
637583908  30.5482
637616676  29.5985
637649444  28.8451
637583910  30.5482
637616678  29.5985
637649446  28.8451
637583912  34.4474
637616680  33.091
637649448  31.7444
637583914  34.4474
637616682  33.091
637649450  31.7444
637584036  30.5482
637616804  29.5985
637649572  28.8451
637584038  30.5482
637616806  29.5985
637649574  28.8451
637584040  34.4474
637616808  33.091
637649576  31.7444
637584042  34.4474
637616810  33.091
637649578  31.7444
637587492  30.6745
637620260  29.7289
637653028  28.9788
637587494  30.6745
637620262  29.7289
637653030  28.9788
637587496  34.5595
637620264  33.2077
637653032  31.866
637587498  34.5595
637620266  33.2077
637653034  31.866
637587620  30.6745
637620388  29.7289
637653156  28.9788
637587622  30.6745
637620390  29.7289
637653158  28.9788
637587624  34.5595
637620392  33.2077
637653160  31.866
637587626  34.5595
637620394  33.2077
637653162  31.866
637587748  30.6745
637620516  29.7289
637653284  28.9788
637587750  30.6745
637620518  29.7289
637653286  28.9788
637587752  34.5595
637620520  33.2077
637653288  31.866
637587754  34.5595
637620522  33.2077
637653290  31.866
637587876  30.6745
637620644  29.7289
637653412  28.9788
637587878  30.6745
637620646  29.7289
637653414  28.9788
637587880  34.5595
637620648  33.2077
637653416  31.866
637587882  34.5595
637620650  33.2077
637653418  31.866
637588004  30.6745
637620772  29.7289
637653540  28.9788
637588006  30.6745
637620774  29.7289
637653542  28.9788
637588008  34.5595
637620776  33.2077
637653544  31.866
637588010  34.5595
637620778  33.2077
637653546  31.866
637588132  30.6745
637620900  29.7289
637653668  28.9788
637588134  30.6745
637620902  29.7289
637653670  28.9788
637588136  34.5595
637620904  33.2077
637653672  31.866
637588138  34.5595
637620906  33.2077
637653674  31.866
637569069  23.1931
637601837  24.9728
637634605  26.9957
637569073  18.9498
637634609  20.7585
637569077  17.8041
637634613  17.7819
637569081  18.9498
637634617  20.7585
637569085  23.1931
637601853  24.9728
637634621  26.9957
637569197  23.1931
637601965  24.9728
637634733  26.9957
637569201  18.9498
637634737  20.7585
637569205  17.8041
637634741  17.7819
637569209  18.9498
637634745  20.7585
637569213  23.1931
637601981  24.9728
637634749  26.9957
637569325  23.1931
637602093  24.9728
637634861  26.9957
637569329  19.1936
637634865  20.7725
637569333  17.8041
637634869  17.7819
637569337  18.9498
637634873  20.7585
637569341  23.1931
637602109  24.9728
637634877  26.9957
637569453  23.1931
637602221  24.9728
637634989  26.9957
637569457  18.9498
637634993  20.7585
637569461  17.8041
637634997  17.7819
637569465  19.1936
637635001  20.7725
637569469  23.1931
637602237  24.9728
637635005  26.9957
637569581  23.1931
637602349  24.9728
637635117  26.9957
637569585  18.9498
637635121  20.7585
637569589  17.8041
637635125  17.7819
637569593  18.9498
637635129  20.7585
637569597  23.1931
637602365  24.9728
637635133  26.9957
637569709  23.1931
637602477  24.9728
637635245  26.9957
637569713  18.9498
637635249  20.7585
637569717  17.8041
637635253  17.7819
637569721  18.9498
637635257  20.7585
637569725  23.1931
637602493  24.9728
637635261  26.9957
637569837  23.1931
637602605  24.9728
637635373  26.9957
637569841  18.9498
637635377  20.7585
637569845  17.8041
637635381  17.7819
637569849  18.9498
637635385  20.7585
637569853  23.1931
637602621  24.9728
637635389  26.9957
637569965  23.1931
637602733  24.9728
637635501  26.9957
637569969  18.9498
637635505  20.7585
637569973  17.8041
637635509  17.7819
637569977  18.9498
637635513  20.7585
637569981  23.1931
637602749  24.9728
637635517  26.9957
637570093  23.1931
637602861  24.9728
637635629  26.9957
637570097  18.9498
637635633  20.7585
637570101  17.8041
637635637  17.7819
637570105  18.9498
637635641  20.7585
637570109  23.1931
637602877  24.9728
637635645  26.9957
637570221  23.1931
637602989  24.9728
637635757  26.9957
637570225  18.9498
637635761  20.7585
637570229  17.8041
637635765  17.7819
637570233  18.9498
637635769  20.7585
637570237  23.1931
637603005  24.9728
637635773  26.9957
637570349  23.1931
637603117  24.9728
637635885  26.9957
637570353  18.9498
637635889  20.7585
637570357  17.8041
637635893  17.7819
637570361  18.9498
637635897  20.7585
637570365  23.1931
637603133  24.9728
637635901  26.9957
637570477  23.1931
637603245  24.9728
637636013  26.9957
637570481  18.9498
637636017  20.7585
637570485  17.8041
637636021  17.7819
637570489  18.9498
637636025  20.7585
637570493  23.1931
637603261  24.9728
637636029  26.9957
637567044  35.903
637599812  35.0985
637632580  34.4655
637567046  35.903
637599814  35.0985
637632582  34.4655
637567048  39.2741
637599816  38.09
637632584  36.9261
637567050  39.2741
637599818  38.09
637632586  36.9261
637567053  25.5411
637632589  28.2129
637567057  21.2851
637632593  22.9102
637567061  20.2718
637632597  20.2523
637567065  21.2851
637632601  22.9102
637567069  25.5411
637632605  28.2129
637567172  35.903
637599940  35.0985
637632708  34.4655
637567174  35.903
637599942  35.0985
637632710  34.4655
637567176  39.2741
637599944  38.09
637632712  36.9261
637567178  39.2741
637599946  38.09
637632714  36.9261
637567181  25.5411
637632717  28.2129
637567185  21.2851
637632721  22.9102
637567189  20.2718
637632725  20.2523
637567193  21.2851
637632729  22.9102
637567197  25.5411
637632733  28.2129
637567300  35.903
637600068  35.0985
637632836  34.4655
637567302  35.903
637600070  35.0985
637632838  34.4655
637567304  39.2741
637600072  38.09
637632840  36.9261
637567306  39.2741
637600074  38.09
637632842  36.9261
637567309  25.5411
637632845  28.2129
637567313  21.5025
637632849  22.9229
637567317  20.2718
637632853  20.2523
637567321  21.2851
637632857  22.9102
637567325  25.5411
637632861  28.2129
637567428  35.903
637600196  35.0985
637632964  34.4655
637567430  35.903
637600198  35.0985
637632966  34.4655
637567432  39.2741
637600200  38.09
637632968  36.9261
637567434  39.2741
637600202  38.09
637632970  36.9261
637567437  25.5411
637632973  28.2129
637567441  21.2851
637632977  22.9102
637567445  20.2718
637632981  20.2523
637567449  21.5025
637632985  22.9229
637567453  25.5411
637632989  28.2129
637567556  35.903
637600324  35.0985
637633092  34.4655
637567558  35.903
637600326  35.0985
637633094  34.4655
637567560  39.2741
637600328  38.09
637633096  36.9261
637567562  39.2741
637600330  38.09
637633098  36.9261
637567565  25.5411
637633101  28.2129
637567569  21.2851
637633105  22.9102
637567573  20.2718
637633109  20.2523
637567577  21.2851
637633113  22.9102
637567581  25.5411
637633117  28.2129
637567684  35.903
637600452  35.0985
637633220  34.4655
637567686  35.903
637600454  35.0985
637633222  34.4655
637567688  39.2741
637600456  38.09
637633224  36.9261
637567690  39.2741
637600458  38.09
637633226  36.9261
637567693  25.5411
637633229  28.2129
637567697  21.2851
637633233  22.9102
637567701  20.2718
637633237  20.2523
637567705  21.2851
637633241  22.9102
637567709  25.5411
637633245  28.2129
637567821  25.5411
637633357  28.2129
637567825  21.2851
637633361  22.9102
637567829  20.2718
637633365  20.2523
637567833  21.2851
637633369  22.9102
637567837  25.5411
637633373  28.2129
637567949  25.5411
637633485  28.2129
637567953  21.2851
637633489  22.9102
637567957  20.2718
637633493  20.2523
637567961  21.2851
637633497  22.9102
637567965  25.5411
637633501  28.2129
637568077  25.5411
637633613  28.2129
637568081  21.2851
637633617  22.9102
637568085  20.2718
637633621  20.2523
637568089  21.2851
637633625  22.9102
637568093  25.5411
637633629  28.2129
637568205  25.5411
637633741  28.2129
637568209  21.2851
637633745  22.9102
637568213  20.2718
637633749  20.2523
637568217  21.2851
637633753  22.9102
637568221  25.5411
637633757  28.2129
637568333  25.5411
637633869  28.2129
637568337  21.2851
637633873  22.9102
637568341  20.2718
637633877  20.2523
637568345  21.2851
637633881  22.9102
637568349  25.5411
637633885  28.2129
637568461  25.5411
637633997  28.2129
637568465  21.2851
637634001  22.9102
637568469  20.2718
637634005  20.2523
637568473  21.2851
637634009  22.9102
637568477  25.5411
637634013  28.2129
637571140  36.0352
637603908  35.2337
637636676  34.6032
637571142  36.0352
637603910  35.2337
637636678  34.6032
637571144  39.395
637603912  38.2146
637636680  37.0547
637571146  39.395
637603914  38.2146
637636682  37.0547
637571149  25.6609
637636685  28.3214
637571153  21.4287
637636689  23.0437
637571157  20.4225
637636693  20.4032
637571161  21.4287
637636697  23.0437
637571165  25.6609
637636701  28.3214
637571268  36.0352
637604036  35.2337
637636804  34.6032
637571270  36.0352
637604038  35.2337
637636806  34.6032
637571272  39.395
637604040  38.2146
637636808  37.0547
637571274  39.395
637604042  38.2146
637636810  37.0547
637571277  25.6609
637636813  28.3214
637571281  21.4287
637636817  23.0437
637571285  20.4225
637636821  20.4032
637571289  21.4287
637636825  23.0437
637571293  25.6609
637636829  28.3214
637571396  36.0352
637604164  35.2337
637636932  34.6032
637571398  36.0352
637604166  35.2337
637636934  34.6032
637571400  39.395
637604168  38.2146
637636936  37.0547
637571402  39.395
637604170  38.2146
637636938  37.0547
637571405  25.6609
637636941  28.3214
637571409  21.6446
637636945  23.0563
637571413  20.4225
637636949  20.4032
637571417  21.4287
637636953  23.0437
637571421  25.6609
637636957  28.3214
637571524  36.0352
637604292  35.2337
637637060  34.6032
637571526  36.0352
637604294  35.2337
637637062  34.6032
637571528  39.395
637604296  38.2146
637637064  37.0547
637571530  39.395
637604298  38.2146
637637066  37.0547
637571533  25.6609
637637069  28.3214
637571537  21.4287
637637073  23.0437
637571541  20.4225
637637077  20.4032
637571545  21.6446
637637081  23.0563
637571549  25.6609
637637085  28.3214
637571652  36.0352
637604420  35.2337
637637188  34.6032
637571654  36.0352
637604422  35.2337
637637190  34.6032
637571656  39.395
637604424  38.2146
637637192  37.0547
637571658  39.395
637604426  38.2146
637637194  37.0547
637571661  25.6609
637637197  28.3214
637571665  21.4287
637637201  23.0437
637571669  20.4225
637637205  20.4032
637571673  21.4287
637637209  23.0437
637571677  25.6609
637637213  28.3214
637571780  36.0352
637604548  35.2337
637637316  34.6032
637571782  36.0352
637604550  35.2337
637637318  34.6032
637571784  39.395
637604552  38.2146
637637320  37.0547
637571786  39.395
637604554  38.2146
637637322  37.0547
637571789  25.6609
637637325  28.3214
637571793  21.4287
637637329  23.0437
637571797  20.4225
637637333  20.4032
637571801  21.4287
637637337  23.0437
637571805  25.6609
637637341  28.3214
637571917  25.6609
637637453  28.3214
637571921  21.4287
637637457  23.0437
637571925  20.4225
637637461  20.4032
637571929  21.4287
637637465  23.0437
637571933  25.6609
637637469  28.3214
637572045  25.6609
637637581  28.3214
637572049  21.4287
637637585  23.0437
637572053  20.4225
637637589  20.4032
637572057  21.4287
637637593  23.0437
637572061  25.6609
637637597  28.3214
637572173  25.6609
637637709  28.3214
637572177  21.4287
637637713  23.0437
637572181  20.4225
637637717  20.4032
637572185  21.4287
637637721  23.0437
637572189  25.6609
637637725  28.3214
637572301  25.6609
637637837  28.3214
637572305  21.4287
637637841  23.0437
637572309  20.4225
637637845  20.4032
637572313  21.4287
637637849  23.0437
637572317  25.6609
637637853  28.3214
637572429  25.6609
637637965  28.3214
637572433  21.4287
637637969  23.0437
637572437  20.4225
637637973  20.4032
637572441  21.4287
637637977  23.0437
637572445  25.6609
637637981  28.3214
637572557  25.6609
637638093  28.3214
637572561  21.4287
637638097  23.0437
637572565  20.4225
637638101  20.4032
637572569  21.4287
637638105  23.0437
637572573  25.6609
637638109  28.3214
637575236  35.903
637608004  35.0985
637640772  34.4655
637575238  35.903
637608006  35.0985
637640774  34.4655
637575240  39.2741
637608008  38.09
637640776  36.9261
637575242  39.2741
637608010  38.09
637640778  36.9261
637575364  35.903
637608132  35.0985
637640900  34.4655
637575366  35.903
637608134  35.0985
637640902  34.4655
637575368  39.2741
637608136  38.09
637640904  36.9261
637575370  39.2741
637608138  38.09
637640906  36.9261
637575492  35.903
637608260  35.0985
637641028  34.4655
637575494  35.903
637608262  35.0985
637641030  34.4655
637575496  39.2741
637608264  38.09
637641032  36.9261
637575498  39.2741
637608266  38.09
637641034  36.9261
637575620  35.903
637608388  35.0985
637641156  34.4655
637575622  35.903
637608390  35.0985
637641158  34.4655
637575624  39.2741
637608392  38.09
637641160  36.9261
637575626  39.2741
637608394  38.09
637641162  36.9261
637575748  35.903
637608516  35.0985
637641284  34.4655
637575750  35.903
637608518  35.0985
637641286  34.4655
637575752  39.2741
637608520  38.09
637641288  36.9261
637575754  39.2741
637608522  38.09
637641290  36.9261
637575876  35.903
637608644  35.0985
637641412  34.4655
637575878  35.903
637608646  35.0985
637641414  34.4655
637575880  39.2741
637608648  38.09
637641416  36.9261
637575882  39.2741
637608650  38.09
637641418  36.9261
637579332  36.0352
637612100  35.2337
637644868  34.6032
637579334  36.0352
637612102  35.2337
637644870  34.6032
637579336  39.395
637612104  38.2146
637644872  37.0547
637579338  39.395
637612106  38.2146
637644874  37.0547
637579460  36.0352
637612228  35.2337
637644996  34.6032
637579462  36.0352
637612230  35.2337
637644998  34.6032
637579464  39.395
637612232  38.2146
637645000  37.0547
637579466  39.395
637612234  38.2146
637645002  37.0547
637579588  36.0352
637612356  35.2337
637645124  34.6032
637579590  36.0352
637612358  35.2337
637645126  34.6032
637579592  39.395
637612360  38.2146
637645128  37.0547
637579594  39.395
637612362  38.2146
637645130  37.0547
637579716  36.0352
637612484  35.2337
637645252  34.6032
637579718  36.0352
637612486  35.2337
637645254  34.6032
637579720  39.395
637612488  38.2146
637645256  37.0547
637579722  39.395
637612490  38.2146
637645258  37.0547
637579844  36.0352
637612612  35.2337
637645380  34.6032
637579846  36.0352
637612614  35.2337
637645382  34.6032
637579848  39.395
637612616  38.2146
637645384  37.0547
637579850  39.395
637612618  38.2146
637645386  37.0547
637579972  36.0352
637612740  35.2337
637645508  34.6032
637579974  36.0352
637612742  35.2337
637645510  34.6032
637579976  39.395
637612744  38.2146
637645512  37.0547
637579978  39.395
637612746  38.2146
637645514  37.0547
637583428  35.903
637616196  35.0985
637648964  34.4655
637583430  35.903
637616198  35.0985
637648966  34.4655
637583432  39.2741
637616200  38.09
637648968  36.9261
637583434  39.2741
637616202  38.09
637648970  36.9261
637583556  35.903
637616324  35.0985
637649092  34.4655
637583558  35.903
637616326  35.0985
637649094  34.4655
637583560  39.2741
637616328  38.09
637649096  36.9261
637583562  39.2741
637616330  38.09
637649098  36.9261
637583684  35.903
637616452  35.0985
637649220  34.4655
637583686  35.903
637616454  35.0985
637649222  34.4655
637583688  39.2741
637616456  38.09
637649224  36.9261
637583690  39.2741
637616458  38.09
637649226  36.9261
637583812  35.903
637616580  35.0985
637649348  34.4655
637583814  35.903
637616582  35.0985
637649350  34.4655
637583816  39.2741
637616584  38.09
637649352  36.9261
637583818  39.2741
637616586  38.09
637649354  36.9261
637583940  35.903
637616708  35.0985
637649476  34.4655
637583942  35.903
637616710  35.0985
637649478  34.4655
637583944  39.2741
637616712  38.09
637649480  36.9261
637583946  39.2741
637616714  38.09
637649482  36.9261
637584068  35.903
637616836  35.0985
637649604  34.4655
637584070  35.903
637616838  35.0985
637649606  34.4655
637584072  39.2741
637616840  38.09
637649608  36.9261
637584074  39.2741
637616842  38.09
637649610  36.9261
637587524  36.0352
637620292  35.2337
637653060  34.6032
637587526  36.0352
637620294  35.2337
637653062  34.6032
637587528  39.395
637620296  38.2146
637653064  37.0547
637587530  39.395
637620298  38.2146
637653066  37.0547
637587652  36.0352
637620420  35.2337
637653188  34.6032
637587654  36.0352
637620422  35.2337
637653190  34.6032
637587656  39.395
637620424  38.2146
637653192  37.0547
637587658  39.395
637620426  38.2146
637653194  37.0547
637587780  36.0352
637620548  35.2337
637653316  34.6032
637587782  36.0352
637620550  35.2337
637653318  34.6032
637587784  39.395
637620552  38.2146
637653320  37.0547
637587786  39.395
637620554  38.2146
637653322  37.0547
637587908  36.0352
637620676  35.2337
637653444  34.6032
637587910  36.0352
637620678  35.2337
637653446  34.6032
637587912  39.395
637620680  38.2146
637653448  37.0547
637587914  39.395
637620682  38.2146
637653450  37.0547
637588036  36.0352
637620804  35.2337
637653572  34.6032
637588038  36.0352
637620806  35.2337
637653574  34.6032
637588040  39.395
637620808  38.2146
637653576  37.0547
637588042  39.395
637620810  38.2146
637653578  37.0547
637588164  36.0352
637620932  35.2337
637653700  34.6032
637588166  36.0352
637620934  35.2337
637653702  34.6032
637588168  39.395
637620936  38.2146
637653704  37.0547
637588170  39.395
637620938  38.2146
637653706  37.0547
637567085  28.9533
637632621  31.3355
637567089  25.2785
637632625  26.6613
637567093  24.4314
637632629  24.4152
637567097  25.2785
637632633  26.6613
637567101  28.9533
637632637  31.3355
637567213  28.9533
637632749  31.3355
637567217  25.2785
637632753  26.6613
637567221  24.4314
637632757  24.4152
637567225  25.2785
637632761  26.6613
637567229  28.9533
637632765  31.3355
637567341  28.9533
637632877  31.3355
637567345  25.4618
637632881  26.6722
637567349  24.4314
637632885  24.4152
637567353  25.2785
637632889  26.6613
637567357  28.9533
637632893  31.3355
637567469  29.3123
637633005  31.6676
637567473  25.689
637633009  27.0508
637567477  24.8559
637633013  24.84
637567481  25.8694
637633017  27.0615
637567485  29.3123
637633021  31.6676
637567597  28.2407
637633133  30.6783
637567601  24.4591
637633137  25.8857
637567605  23.5826
637633141  23.5658
637567609  24.4591
637633145  25.8857
637567613  28.2407
637633149  30.6783
637567725  28.2407
637633261  30.6783
637567729  24.4591
637633265  25.8857
637567733  23.5826
637633269  23.5658
637567737  24.4591
637633273  25.8857
637567741  28.2407
637633277  30.6783
637567853  28.2407
637633389  30.6783
637567857  24.4591
637633393  25.8857
637567861  23.5826
637633397  23.5658
637567865  24.4591
637633401  25.8857
637567869  28.2407
637633405  30.6783
637567981  28.2407
637633517  30.6783
637567985  24.4591
637633521  25.8857
637567989  23.5826
637633525  23.5658
637567993  24.4591
637633529  25.8857
637567997  28.2407
637633533  30.6783
637568109  28.308
637633645  30.7403
637568113  24.5368
637633649  25.9591
637568117  23.6631
637633653  23.6464
637568121  24.5368
637633657  25.9591
637568125  28.308
637633661  30.7403
637568237  28.5941
637633773  31.0039
637568241  24.8663
637633777  26.2707
637568245  24.0046
637633781  23.9881
637568249  24.8663
637633785  26.2707
637568253  28.5941
637633789  31.0039
637568365  28.308
637633901  30.7403
637568369  24.5368
637633905  25.9591
637568373  23.6631
637633909  23.6464
637568377  24.5368
637633913  25.9591
637568381  28.308
637633917  30.7403
637568493  28.7808
637634029  31.1762
637568497  25.0808
637634033  26.4739
637568501  24.2268
637634037  24.2105
637568505  25.0808
637634041  26.4739
637568509  28.7808
637634045  31.1762
637571181  28.2407
637636717  30.6783
637571185  24.4591
637636721  25.8857
637571189  23.5826
637636725  23.5658
637571193  24.4591
637636729  25.8857
637571197  28.2407
637636733  30.6783
637571309  28.2407
637636845  30.6783
637571313  24.4591
637636849  25.8857
637571317  23.5826
637636853  23.5658
637571321  24.4591
637636857  25.8857
637571325  28.2407
637636861  30.6783
637571437  28.2407
637636973  30.6783
637571441  24.6485
637636977  25.8969
637571445  23.5826
637636981  23.5658
637571449  24.4591
637636985  25.8857
637571453  28.2407
637636989  30.6783
637571565  28.3836
637637101  30.8099
637571569  24.624
637637105  26.0415
637571573  23.7535
637637109  23.7369
637571577  24.8121
637637113  26.0527
637571581  28.3836
637637117  30.8099
637571693  28.9533
637637229  31.3355
637571697  25.2785
637637233  26.6613
637571701  24.4314
637637237  24.4152
637571705  25.2785
637637241  26.6613
637571709  28.9533
637637245  31.3355
637571821  28.9533
637637357  31.3355
637571825  25.2785
637637361  26.6613
637571829  24.4314
637637365  24.4152
637571833  25.2785
637637369  26.6613
637571837  28.9533
637637373  31.3355
637571949  28.9533
637637485  31.3355
637571953  25.2785
637637489  26.6613
637571957  24.4314
637637493  24.4152
637571961  25.2785
637637497  26.6613
637571965  28.9533
637637501  31.3355
637572077  28.7808
637637613  31.1762
637572081  25.0808
637637617  26.4739
637572085  24.2268
637637621  24.2105
637572089  25.0808
637637625  26.4739
637572093  28.7808
637637629  31.1762
637572333  28.5941
637637869  31.0039
637572337  24.8663
637637873  26.2707
637572341  24.0046
637637877  23.9881
637572345  24.8663
637637881  26.2707
637572349  28.5941
637637885  31.0039
637572589  28.2407
637638125  30.6783
637572593  24.4591
637638129  25.8857
637572597  23.5826
637638133  23.5658
637572601  24.4591
637638137  25.8857
637572605  28.2407
637638141  30.6783
637575661  28.3836
637641197  30.8099
637575665  24.624
637641201  26.0415
637575669  23.7535
637641205  23.7369
637575673  24.8121
637641209  26.0527
637575677  28.3836
637641213  30.8099
637579757  29.3123
637645293  31.6676
637579761  25.689
637645297  27.0508
637579765  24.8559
637645301  24.84
637579769  25.8694
637645305  27.0615
637579773  29.3123
637645309  31.6676
