303042564 416 160
303042568 416 160
303042572 416 160
303042576 416 160
303042580 416 160
303042584 416 160
303042588 416 160
303042592 416 160
303046660 416 160
303046664 416 160
303046668 416 160
303046672 416 160
303046676 416 160
303046680 416 160
303046684 416 160
303046688 416 160
303050756 416 160
303050760 416 160
303050764 416 160
303050768 416 160
303050772 416 160
303050776 416 160
303050780 416 160
303050784 416 160
303054852 416 160
303054856 416 160
303054860 416 160
303054864 416 160
303054868 416 160
303054872 416 160
303054876 416 160
303054880 416 160
303058948 416 160
303058952 416 160
303058956 416 160
303058960 416 160
303058964 416 160
303058968 416 160
303058972 416 160
303058976 416 160
303063044 416 160
303063048 416 160
303063052 416 160
303063056 416 160
303063060 416 160
303063064 416 160
303063068 416 160
303063072 416 160
303067140 416 160
303067144 416 160
303067148 416 160
303067152 416 160
303067156 416 160
303067160 416 160
303067164 416 160
303067168 416 160
303071236 416 160
303071240 416 160
303071244 416 160
303071248 416 160
303071252 416 160
303071256 416 160
303071260 416 160
303071264 416 160
303075332 416 160
303075336 416 160
303075340 416 160
303075344 416 160
303075348 416 160
303075352 416 160
303075356 416 160
303075360 416 160
303079428 416 160
303079432 416 160
303079436 416 160
303079440 416 160
303079444 416 160
303079448 416 160
303079452 416 160
303079456 416 160
303083524 416 160
303083528 416 160
303083532 416 160
303083536 416 160
303083540 416 160
303083544 416 160
303083548 416 160
303083552 416 160
303087620 416 160
303087624 416 160
303087628 416 160
303087632 416 160
303087636 416 160
303087640 416 160
303087644 416 160
303087648 416 160
304091140 416 160
304091144 416 160
304091148 416 160
304091152 416 160
304091156 416 160
304091160 416 160
304091164 416 160
304091168 416 160
304095236 416 160
304095240 416 160
304095244 416 160
304095248 416 160
304095252 416 160
304095256 416 160
304095260 416 160
304095264 416 160
304099332 416 160
304099336 416 160
304099340 416 160
304099344 416 160
304099348 416 160
304099352 416 160
304099356 416 160
304099360 416 160
304103428 416 160
304103432 416 160
304103436 416 160
304103440 416 160
304103444 416 160
304103448 416 160
304103452 416 160
304103456 416 160
304107524 416 160
304107528 416 160
304107532 416 160
304107536 416 160
304107540 416 160
304107544 416 160
304107548 416 160
304107552 416 160
304111620 416 160
304111624 416 160
304111628 416 160
304111632 416 160
304111636 416 160
304111640 416 160
304111644 416 160
304111648 416 160
304115716 416 160
304115720 416 160
304115724 416 160
304115728 416 160
304115732 416 160
304115736 416 160
304115740 416 160
304115744 416 160
304119812 416 160
304119816 416 160
304119820 416 160
304119824 416 160
304119828 416 160
304119832 416 160
304119836 416 160
304119840 416 160
304123908 416 160
304123912 416 160
304123916 416 160
304123920 416 160
304123924 416 160
304123928 416 160
304123932 416 160
304123936 416 160
304128004 416 160
304128008 416 160
304128012 416 160
304128016 416 160
304128020 416 160
304128024 416 160
304128028 416 160
304128032 416 160
304132100 416 160
304132104 416 160
304132108 416 160
304132112 416 160
304132116 416 160
304132120 416 160
304132124 416 160
304132128 416 160
304136196 416 160
304136200 416 160
304136204 416 160
304136208 416 160
304136212 416 160
304136216 416 160
304136220 416 160
304136224 416 160
304140292 416 160
304140296 416 160
304140300 416 160
304140304 416 160
304140308 416 160
304140312 416 160
304140316 416 160
304140320 416 160
304144388 416 160
304144392 416 160
304144396 416 160
304144400 416 160
304144404 416 160
304144408 416 160
304144412 416 160
304144416 416 160
304148484 416 160
304148488 416 160
304148492 416 160
304148496 416 160
304148500 416 160
304148504 416 160
304148508 416 160
304148512 416 160
304152580 416 160
304152584 416 160
304152588 416 160
304152592 416 160
304152596 416 160
304152600 416 160
304152604 416 160
304152608 416 160
304156676 416 160
304156680 416 160
304156684 416 160
304156688 416 160
304156692 416 160
304156696 416 160
304156700 416 160
304156704 416 160
304160772 416 160
304160776 416 160
304160780 416 160
304160784 416 160
304160788 416 160
304160792 416 160
304160796 416 160
304160800 416 160
304164868 416 160
304164872 416 160
304164876 416 160
304164880 416 160
304164884 416 160
304164888 416 160
304164892 416 160
304164896 416 160
304168964 416 160
304168968 416 160
304168972 416 160
304168976 416 160
304168980 416 160
304168984 416 160
304168988 416 160
304168992 416 160
304173060 416 160
304173064 416 160
304173068 416 160
304173072 416 160
304173076 416 160
304173080 416 160
304173084 416 160
304173088 416 160
304177156 416 160
304177160 416 160
304177164 416 160
304177168 416 160
304177172 416 160
304177176 416 160
304177180 416 160
304177184 416 160
304181252 416 160
304181256 416 160
304181260 416 160
304181264 416 160
304181268 416 160
304181272 416 160
304181276 416 160
304181280 416 160
304185348 416 160
304185352 416 160
304185356 416 160
304185360 416 160
304185364 416 160
304185368 416 160
304185372 416 160
304185376 416 160
304189444 416 160
304189448 416 160
304189452 416 160
304189456 416 160
304189460 416 160
304189464 416 160
304189468 416 160
304189472 416 160
304193540 416 160
304193544 416 160
304193548 416 160
304193552 416 160
304193556 416 160
304193560 416 160
304193564 416 160
304193568 416 160
304197636 416 160
304197640 416 160
304197644 416 160
304197648 416 160
304197652 416 160
304197656 416 160
304197660 416 160
304197664 416 160
304201732 416 160
304201736 416 160
304201740 416 160
304201744 416 160
304201748 416 160
304201752 416 160
304201756 416 160
304201760 416 160
305139716 416 160
305139720 416 160
305139724 416 160
305139728 416 160
305139732 416 160
305139736 416 160
305139740 416 160
305139744 416 160
305143812 416 160
305143816 416 160
305143820 416 160
305143824 416 160
305143828 416 160
305143832 416 160
305143836 416 160
305143840 416 160
305147908 416 160
305147912 416 160
305147916 416 160
305147920 416 160
305147924 416 160
305147928 416 160
305147932 416 160
305147936 416 160
305152004 416 160
305152008 416 160
305152012 416 160
305152016 416 160
305152020 416 160
305152024 416 160
305152028 416 160
305152032 416 160
305156100 416 160
305156104 416 160
305156108 416 160
305156112 416 160
305156116 416 160
305156120 416 160
305156124 416 160
305156128 416 160
305160196 416 160
305160200 416 160
305160204 416 160
305160208 416 160
305160212 416 160
305160216 416 160
305160220 416 160
305160224 416 160
305164292 416 160
305164296 416 160
305164300 416 160
305164304 416 160
305164308 416 160
305164312 416 160
305164316 416 160
305164320 416 160
305168388 416 160
305168392 416 160
305168396 416 160
305168400 416 160
305168404 416 160
305168408 416 160
305168412 416 160
305168416 416 160
305172484 416 160
305172488 416 160
305172492 416 160
305172496 416 160
305172500 416 160
305172504 416 160
305172508 416 160
305172512 416 160
305176580 416 160
305176584 416 160
305176588 416 160
305176592 416 160
305176596 416 160
305176600 416 160
305176604 416 160
305176608 416 160
305180676 416 160
305180680 416 160
305180684 416 160
305180688 416 160
305180692 416 160
305180696 416 160
305180700 416 160
305180704 416 160
305184772 416 160
305184776 416 160
305184780 416 160
305184784 416 160
305184788 416 160
305184792 416 160
305184796 416 160
305184800 416 160
305188868 416 160
305188872 416 160
305188876 416 160
305188880 416 160
305188884 416 160
305188888 416 160
305188892 416 160
305188896 416 160
305192964 416 160
305192968 416 160
305192972 416 160
305192976 416 160
305192980 416 160
305192984 416 160
305192988 416 160
305192992 416 160
305197060 416 160
305197064 416 160
305197068 416 160
305197072 416 160
305197076 416 160
305197080 416 160
305197084 416 160
305197088 416 160
305201156 416 160
305201160 416 160
305201164 416 160
305201168 416 160
305201172 416 160
305201176 416 160
305201180 416 160
305201184 416 160
305205252 416 160
305205256 416 160
305205260 416 160
305205264 416 160
305205268 416 160
305205272 416 160
305205276 416 160
305205280 416 160
305209348 416 160
305209352 416 160
305209356 416 160
305209360 416 160
305209364 416 160
305209368 416 160
305209372 416 160
305209376 416 160
305213444 416 160
305213448 416 160
305213452 416 160
305213456 416 160
305213460 416 160
305213464 416 160
305213468 416 160
305213472 416 160
305217540 416 160
305217544 416 160
305217548 416 160
305217552 416 160
305217556 416 160
305217560 416 160
305217564 416 160
305217568 416 160
305221636 416 160
305221640 416 160
305221644 416 160
305221648 416 160
305221652 416 160
305221656 416 160
305221660 416 160
305221664 416 160
305225732 416 160
305225736 416 160
305225740 416 160
305225744 416 160
305225748 416 160
305225752 416 160
305225756 416 160
305225760 416 160
305229828 416 160
305229832 416 160
305229836 416 160
305229840 416 160
305229844 416 160
305229848 416 160
305229852 416 160
305229856 416 160
305233924 416 160
305233928 416 160
305233932 416 160
305233936 416 160
305233940 416 160
305233944 416 160
305233948 416 160
305233952 416 160
305238020 416 160
305238024 416 160
305238028 416 160
305238032 416 160
305238036 416 160
305238040 416 160
305238044 416 160
305238048 416 160
305242116 416 160
305242120 416 160
305242124 416 160
305242128 416 160
305242132 416 160
305242136 416 160
305242140 416 160
305242144 416 160
305246212 416 160
305246216 416 160
305246220 416 160
305246224 416 160
305246228 416 160
305246232 416 160
305246236 416 160
305246240 416 160
305250308 416 160
305250312 416 160
305250316 416 160
305250320 416 160
305250324 416 160
305250328 416 160
305250332 416 160
305250336 416 160
305254404 416 160
305254408 416 160
305254412 416 160
305254416 416 160
305254420 416 160
305254424 416 160
305254428 416 160
305254432 416 160
305258500 416 160
305258504 416 160
305258508 416 160
305258512 416 160
305258516 416 160
305258520 416 160
305258524 416 160
305258528 416 160
305262596 416 160
305262600 416 160
305262604 416 160
305262608 416 160
305262612 416 160
305262616 416 160
305262620 416 160
305262624 416 160
305266692 416 160
305266696 416 160
305266700 416 160
305266704 416 160
305266708 416 160
305266712 416 160
305266716 416 160
305266720 416 160
305270788 416 160
305270792 416 160
305270796 416 160
305270800 416 160
305270804 416 160
305270808 416 160
305270812 416 160
305270816 416 160
305274884 416 160
305274888 416 160
305274892 416 160
305274896 416 160
305274900 416 160
305274904 416 160
305274908 416 160
305274912 416 160
305278980 416 160
305278984 416 160
305278988 416 160
305278992 416 160
305278996 416 160
305279000 416 160
305279004 416 160
305279008 416 160
305283076 416 160
305283080 416 160
305283084 416 160
305283088 416 160
305283092 416 160
305283096 416 160
305283100 416 160
305283104 416 160
305287172 416 160
305287176 416 160
305287180 416 160
305287184 416 160
305287188 416 160
305287192 416 160
305287196 416 160
305287200 416 160
305291268 416 160
305291272 416 160
305291276 416 160
305291280 416 160
305291284 416 160
305291288 416 160
305291292 416 160
305291296 416 160
305295364 416 160
305295368 416 160
305295372 416 160
305295376 416 160
305295380 416 160
305295384 416 160
305295388 416 160
305295392 416 160
305299460 416 160
305299464 416 160
305299468 416 160
305299472 416 160
305299476 416 160
305299480 416 160
305299484 416 160
305299488 416 160
305303556 416 160
305303560 416 160
305303564 416 160
305303568 416 160
305303572 416 160
305303576 416 160
305303580 416 160
305303584 416 160
305307652 416 160
305307656 416 160
305307660 416 160
305307664 416 160
305307668 416 160
305307672 416 160
305307676 416 160
305307680 416 160
305311748 416 160
305311752 416 160
305311756 416 160
305311760 416 160
305311764 416 160
305311768 416 160
305311772 416 160
305311776 416 160
305315844 416 160
305315848 416 160
305315852 416 160
305315856 416 160
305315860 416 160
305315864 416 160
305315868 416 160
305315872 416 160
306188292 416 160
306188296 416 160
306188300 416 160
306188304 416 160
306188308 416 160
306188312 416 160
306188316 416 160
306188320 416 160
306192388 416 160
306192392 416 160
306192396 416 160
306192400 416 160
306192404 416 160
306192408 416 160
306192412 416 160
306192416 416 160
306196484 416 160
306196488 416 160
306196492 416 160
306196496 416 160
306196500 416 160
306196504 416 160
306196508 416 160
306196512 416 160
306200580 416 160
306200584 416 160
306200588 416 160
306200592 416 160
306200596 416 160
306200600 416 160
306200604 416 160
306200608 416 160
306204676 416 160
306204680 416 160
306204684 416 160
306204688 416 160
306204692 416 160
306204696 416 160
306204700 416 160
306204704 416 160
306208772 416 160
306208776 416 160
306208780 416 160
306208784 416 160
306208788 416 160
306208792 416 160
306208796 416 160
306208800 416 160
306212868 416 160
306212872 416 160
306212876 416 160
306212880 416 160
306212884 416 160
306212888 416 160
306212892 416 160
306212896 416 160
306216964 416 160
306216968 416 160
306216972 416 160
306216976 416 160
306216980 416 160
306216984 416 160
306216988 416 160
306216992 416 160
306221060 416 160
306221064 416 160
306221068 416 160
306221072 416 160
306221076 416 160
306221080 416 160
306221084 416 160
306221088 416 160
306225156 416 160
306225160 416 160
306225164 416 160
306225168 416 160
306225172 416 160
306225176 416 160
306225180 416 160
306225184 416 160
306229252 416 160
306229256 416 160
306229260 416 160
306229264 416 160
306229268 416 160
306229272 416 160
306229276 416 160
306229280 416 160
306233348 416 160
306233352 416 160
306233356 416 160
306233360 416 160
306233364 416 160
306233368 416 160
306233372 416 160
306233376 416 160
306237444 416 160
306237448 416 160
306237452 416 160
306237456 416 160
306237460 416 160
306237464 416 160
306237468 416 160
306237472 416 160
306241540 416 160
306241544 416 160
306241548 416 160
306241552 416 160
306241556 416 160
306241560 416 160
306241564 416 160
306241568 416 160
306245636 416 160
306245640 416 160
306245644 416 160
306245648 416 160
306245652 416 160
306245656 416 160
306245660 416 160
306245664 416 160
306249732 416 160
306249736 416 160
306249740 416 160
306249744 416 160
306249748 416 160
306249752 416 160
306249756 416 160
306249760 416 160
306253828 416 160
306253832 416 160
306253836 416 160
306253840 416 160
306253844 416 160
306253848 416 160
306253852 416 160
306253856 416 160
306257924 416 160
306257928 416 160
306257932 416 160
306257936 416 160
306257940 416 160
306257944 416 160
306257948 416 160
306257952 416 160
306262020 416 160
306262024 416 160
306262028 416 160
306262032 416 160
306262036 416 160
306262040 416 160
306262044 416 160
306262048 416 160
306266116 416 160
306266120 416 160
306266124 416 160
306266128 416 160
306266132 416 160
306266136 416 160
306266140 416 160
306266144 416 160
306270212 416 160
306270216 416 160
306270220 416 160
306270224 416 160
306270228 416 160
306270232 416 160
306270236 416 160
306270240 416 160
306274308 416 160
306274312 416 160
306274316 416 160
306274320 416 160
306274324 416 160
306274328 416 160
306274332 416 160
306274336 416 160
306278404 416 160
306278408 416 160
306278412 416 160
306278416 416 160
306278420 416 160
306278424 416 160
306278428 416 160
306278432 416 160
306282500 416 160
306282504 416 160
306282508 416 160
306282512 416 160
306282516 416 160
306282520 416 160
306282524 416 160
306282528 416 160
306286596 416 160
306286600 416 160
306286604 416 160
306286608 416 160
306286612 416 160
306286616 416 160
306286620 416 160
306286624 416 160
306290692 416 160
306290696 416 160
306290700 416 160
306290704 416 160
306290708 416 160
306290712 416 160
306290716 416 160
306290720 416 160
306294788 416 160
306294792 416 160
306294796 416 160
306294800 416 160
306294804 416 160
306294808 416 160
306294812 416 160
306294816 416 160
306298884 416 160
306298888 416 160
306298892 416 160
306298896 416 160
306298900 416 160
306298904 416 160
306298908 416 160
306298912 416 160
306302980 416 160
306302984 416 160
306302988 416 160
306302992 416 160
306302996 416 160
306303000 416 160
306303004 416 160
306303008 416 160
306307076 416 160
306307080 416 160
306307084 416 160
306307088 416 160
306307092 416 160
306307096 416 160
306307100 416 160
306307104 416 160
306311172 416 160
306311176 416 160
306311180 416 160
306311184 416 160
306311188 416 160
306311192 416 160
306311196 416 160
306311200 416 160
306315268 416 160
306315272 416 160
306315276 416 160
306315280 416 160
306315284 416 160
306315288 416 160
306315292 416 160
306315296 416 160
306319364 416 160
306319368 416 160
306319372 416 160
306319376 416 160
306319380 416 160
306319384 416 160
306319388 416 160
306319392 416 160
306323460 416 160
306323464 416 160
306323468 416 160
306323472 416 160
306323476 416 160
306323480 416 160
306323484 416 160
306323488 416 160
306327556 416 160
306327560 416 160
306327564 416 160
306327568 416 160
306327572 416 160
306327576 416 160
306327580 416 160
306327584 416 160
306331652 416 160
306331656 416 160
306331660 416 160
306331664 416 160
306331668 416 160
306331672 416 160
306331676 416 160
306331680 416 160
306335748 416 160
306335752 416 160
306335756 416 160
306335760 416 160
306335764 416 160
306335768 416 160
306335772 416 160
306335776 416 160
306339844 416 160
306339848 416 160
306339852 416 160
306339856 416 160
306339860 416 160
306339864 416 160
306339868 416 160
306339872 416 160
306343940 416 160
306343944 416 160
306343948 416 160
306343952 416 160
306343956 416 160
306343960 416 160
306343964 416 160
306343968 416 160
306348036 416 160
306348040 416 160
306348044 416 160
306348048 416 160
306348052 416 160
306348056 416 160
306348060 416 160
306348064 416 160
306352132 416 160
306352136 416 160
306352140 416 160
306352144 416 160
306352148 416 160
306352152 416 160
306352156 416 160
306352160 416 160
306356228 416 160
306356232 416 160
306356236 416 160
306356240 416 160
306356244 416 160
306356248 416 160
306356252 416 160
306356256 416 160
306360324 416 160
306360328 416 160
306360332 416 160
306360336 416 160
306360340 416 160
306360344 416 160
306360348 416 160
306360352 416 160
306364420 416 160
306364424 416 160
306364428 416 160
306364432 416 160
306364436 416 160
306364440 416 160
306364444 416 160
306364448 416 160
306368516 416 160
306368520 416 160
306368524 416 160
306368528 416 160
306368532 416 160
306368536 416 160
306368540 416 160
306368544 416 160
306372612 416 160
306372616 416 160
306372620 416 160
306372624 416 160
306372628 416 160
306372632 416 160
306372636 416 160
306372640 416 160
306376708 416 160
306376712 416 160
306376716 416 160
306376720 416 160
306376724 416 160
306376728 416 160
306376732 416 160
306376736 416 160
306380804 416 160
306380808 416 160
306380812 416 160
306380816 416 160
306380820 416 160
306380824 416 160
306380828 416 160
306380832 416 160
306384900 416 160
306384904 416 160
306384908 416 160
306384912 416 160
306384916 416 160
306384920 416 160
306384924 416 160
306384928 416 160
306388996 416 160
306389000 416 160
306389004 416 160
306389008 416 160
306389012 416 160
306389016 416 160
306389020 416 160
306389024 416 160
306393092 416 160
306393096 416 160
306393100 416 160
306393104 416 160
306393108 416 160
306393112 416 160
306393116 416 160
306393120 416 160
306397188 416 160
306397192 416 160
306397196 416 160
306397200 416 160
306397204 416 160
306397208 416 160
306397212 416 160
306397216 416 160
306401284 416 160
306401288 416 160
306401292 416 160
306401296 416 160
306401300 416 160
306401304 416 160
306401308 416 160
306401312 416 160
306405380 416 160
306405384 416 160
306405388 416 160
306405392 416 160
306405396 416 160
306405400 416 160
306405404 416 160
306405408 416 160
306409476 416 160
306409480 416 160
306409484 416 160
306409488 416 160
306409492 416 160
306409496 416 160
306409500 416 160
306409504 416 160
306413572 416 160
306413576 416 160
306413580 416 160
306413584 416 160
306413588 416 160
306413592 416 160
306413596 416 160
306413600 416 160
306417668 416 160
306417672 416 160
306417676 416 160
306417680 416 160
306417684 416 160
306417688 416 160
306417692 416 160
306417696 416 160
306421764 416 160
306421768 416 160
306421772 416 160
306421776 416 160
306421780 416 160
306421784 416 160
306421788 416 160
306421792 416 160
306425860 416 160
306425864 416 160
306425868 416 160
306425872 416 160
306425876 416 160
306425880 416 160
306425884 416 160
306425888 416 160
306429956 416 160
306429960 416 160
306429964 416 160
306429968 416 160
306429972 416 160
306429976 416 160
306429980 416 160
306429984 416 160
306434052 416 160
306434056 416 160
306434060 416 160
306434064 416 160
306434068 416 160
306434072 416 160
306434076 416 160
306434080 416 160
306438148 416 160
306438152 416 160
306438156 416 160
306438160 416 160
306438164 416 160
306438168 416 160
306438172 416 160
306438176 416 160
306442244 416 160
306442248 416 160
306442252 416 160
306442256 416 160
306442260 416 160
306442264 416 160
306442268 416 160
306442272 416 160
306446340 416 160
306446344 416 160
306446348 416 160
306446352 416 160
306446356 416 160
306446360 416 160
306446364 416 160
306446368 416 160
352588804 416 160
352592900 416 160
352596996 416 160
352601092 416 160
352605188 416 160
352609284 416 160
352613380 416 160
352617476 416 160
352621572 416 160
352625668 416 160
352629764 416 160
352633860 416 160
352637956 416 160
352642052 416 160
352646148 416 160
352650244 416 160
352654340 416 160
352658436 416 160
352662532 416 160
352666628 416 160
352670724 416 160
352674820 416 160
352678916 416 160
352683012 416 160
352687108 416 160
352691204 416 160
352695300 416 160
352699396 416 160
352703492 416 160
352707588 416 160
352711684 416 160
352715780 416 160
352719876 416 160
352723972 416 160
352728068 416 160
352732164 416 160
352736260 416 160
352740356 416 160
352744452 416 160
352748548 416 160
352752644 416 160
352756740 416 160
352760836 416 160
352764932 416 160
352769028 416 160
352773124 416 160
352777220 416 160
352781316 416 160
352785412 416 160
352789508 416 160
352793604 416 160
352797700 416 160
352801796 416 160
352805892 416 160
352809988 416 160
352814084 416 160
352589828 416 160
352593924 416 160
352598020 416 160
352602116 416 160
352606212 416 160
352610308 416 160
352614404 416 160
352618500 416 160
352622596 416 160
352626692 416 160
352630788 416 160
352634884 416 160
352638980 416 160
352643076 416 160
352647172 416 160
352651268 416 160
352655364 416 160
352659460 416 160
352663556 416 160
352667652 416 160
352671748 416 160
352675844 416 160
352679940 416 160
352684036 416 160
352688132 416 160
352692228 416 160
352696324 416 160
352700420 416 160
352704516 416 160
352708612 416 160
352712708 416 160
352716804 416 160
352720900 416 160
352724996 416 160
352729092 416 160
352733188 416 160
352737284 416 160
352741380 416 160
352745476 416 160
352749572 416 160
352753668 416 160
352757764 416 160
352761860 416 160
352765956 416 160
352770052 416 160
352774148 416 160
352778244 416 160
352782340 416 160
352786436 416 160
352790532 416 160
352794628 416 160
352798724 416 160
352802820 416 160
352806916 416 160
352811012 416 160
352815108 416 160
352850948 416 160
352855044 416 160
352859140 416 160
352863236 416 160
352867332 416 160
352871428 416 160
352875524 416 160
352879620 416 160
352883716 416 160
352887812 416 160
352891908 416 160
352896004 416 160
352900100 416 160
352904196 416 160
352908292 416 160
352912388 416 160
352916484 416 160
352920580 416 160
352924676 416 160
352928772 416 160
352932868 416 160
352936964 416 160
352941060 416 160
352945156 416 160
352949252 416 160
352953348 416 160
352957444 416 160
352961540 416 160
352965636 416 160
352969732 416 160
352973828 416 160
352977924 416 160
352982020 416 160
352986116 416 160
352990212 416 160
352994308 416 160
352998404 416 160
353002500 416 160
353006596 416 160
353010692 416 160
353014788 416 160
353018884 416 160
353022980 416 160
353027076 416 160
353031172 416 160
353035268 416 160
353039364 416 160
353043460 416 160
353047556 416 160
353051652 416 160
353055748 416 160
353059844 416 160
353063940 416 160
353068036 416 160
353072132 416 160
353076228 416 160
352851972 416 160
352856068 416 160
352860164 416 160
352864260 416 160
352868356 416 160
352872452 416 160
352876548 416 160
352880644 416 160
352884740 416 160
352888836 416 160
352892932 416 160
352897028 416 160
352901124 416 160
352905220 416 160
352909316 416 160
352913412 416 160
352917508 416 160
352921604 416 160
352925700 416 160
352929796 416 160
352933892 416 160
352937988 416 160
352942084 416 160
352946180 416 160
352950276 416 160
352954372 416 160
352958468 416 160
352962564 416 160
352966660 416 160
352970756 416 160
352974852 416 160
352978948 416 160
352983044 416 160
352987140 416 160
352991236 416 160
352995332 416 160
352999428 416 160
353003524 416 160
353007620 416 160
353011716 416 160
353015812 416 160
353019908 416 160
353024004 416 160
353028100 416 160
353032196 416 160
353036292 416 160
353040388 416 160
353044484 416 160
353048580 416 160
353052676 416 160
353056772 416 160
353060868 416 160
353064964 416 160
353069060 416 160
353073156 416 160
353077252 416 160
353113092 416 160
353117188 416 160
353121284 416 160
353125380 416 160
353129476 416 160
353133572 416 160
353137668 416 160
353141764 416 160
353145860 416 160
353149956 416 160
353154052 416 160
353158148 416 160
353162244 416 160
353166340 416 160
353170436 416 160
353174532 416 160
353178628 416 160
353182724 416 160
353186820 416 160
353190916 416 160
353195012 416 160
353199108 416 160
353203204 416 160
353207300 416 160
353211396 416 160
353215492 416 160
353219588 416 160
353223684 416 160
353227780 416 160
353231876 416 160
353235972 416 160
353240068 416 160
353244164 416 160
353248260 416 160
353252356 416 160
353256452 416 160
353260548 416 160
353264644 416 160
353268740 416 160
353272836 416 160
353276932 416 160
353281028 416 160
353285124 416 160
353289220 416 160
353293316 416 160
353297412 416 160
353301508 416 160
353305604 416 160
353309700 416 160
353313796 416 160
353317892 416 160
353321988 416 160
353326084 416 160
353330180 416 160
353334276 416 160
353338372 416 160
353114116 416 160
353118212 416 160
353122308 416 160
353126404 416 160
353130500 416 160
353134596 416 160
353138692 416 160
353142788 416 160
353146884 416 160
353150980 416 160
353155076 416 160
353159172 416 160
353163268 416 160
353167364 416 160
353171460 416 160
353175556 416 160
353179652 416 160
353183748 416 160
353187844 416 160
353191940 416 160
353196036 416 160
353200132 416 160
353204228 416 160
353208324 416 160
353212420 416 160
353216516 416 160
353220612 416 160
353224708 416 160
353228804 416 160
353232900 416 160
353236996 416 160
353241092 416 160
353245188 416 160
353249284 416 160
353253380 416 160
353257476 416 160
353261572 416 160
353265668 416 160
353269764 416 160
353273860 416 160
353277956 416 160
353282052 416 160
353286148 416 160
353290244 416 160
353294340 416 160
353298436 416 160
353302532 416 160
353306628 416 160
353310724 416 160
353314820 416 160
353318916 416 160
353323012 416 160
353327108 416 160
353331204 416 160
353335300 416 160
353339396 416 160
353375236 416 160
353379332 416 160
353383428 416 160
353387524 416 160
353391620 416 160
353395716 416 160
353399812 416 160
353403908 416 160
353408004 416 160
353412100 416 160
353416196 416 160
353420292 416 160
353424388 416 160
353428484 416 160
353432580 416 160
353436676 416 160
353440772 416 160
353444868 416 160
353448964 416 160
353453060 416 160
353457156 416 160
353461252 416 160
353465348 416 160
353469444 416 160
353473540 416 160
353477636 416 160
353481732 416 160
353485828 416 160
353489924 416 160
353494020 416 160
353498116 416 160
353502212 416 160
353506308 416 160
353510404 416 160
353514500 416 160
353518596 416 160
353522692 416 160
353526788 416 160
353530884 416 160
353534980 416 160
353539076 416 160
353543172 416 160
353547268 416 160
353551364 416 160
353555460 416 160
353559556 416 160
353563652 416 160
353567748 416 160
353571844 416 160
353575940 416 160
353580036 416 160
353584132 416 160
353588228 416 160
353592324 416 160
353596420 416 160
353600516 416 160
353376260 416 160
353380356 416 160
353384452 416 160
353388548 416 160
353392644 416 160
353396740 416 160
353400836 416 160
353404932 416 160
353409028 416 160
353413124 416 160
353417220 416 160
353421316 416 160
353425412 416 160
353429508 416 160
353433604 416 160
353437700 416 160
353441796 416 160
353445892 416 160
353449988 416 160
353454084 416 160
353458180 416 160
353462276 416 160
353466372 416 160
353470468 416 160
353474564 416 160
353478660 416 160
353482756 416 160
353486852 416 160
353490948 416 160
353495044 416 160
353499140 416 160
353503236 416 160
353507332 416 160
353511428 416 160
353515524 416 160
353519620 416 160
353523716 416 160
353527812 416 160
353531908 416 160
353536004 416 160
353540100 416 160
353544196 416 160
353548292 416 160
353552388 416 160
353556484 416 160
353560580 416 160
353564676 416 160
353568772 416 160
353572868 416 160
353576964 416 160
353581060 416 160
353585156 416 160
353589252 416 160
353593348 416 160
353597444 416 160
353601540 416 160
353637380 416 160
353641476 416 160
353645572 416 160
353649668 416 160
353653764 416 160
353657860 416 160
353661956 416 160
353666052 416 160
353670148 416 160
353674244 416 160
353678340 416 160
353682436 416 160
353686532 416 160
353690628 416 160
353694724 416 160
353698820 416 160
353702916 416 160
353707012 416 160
353711108 416 160
353715204 416 160
353719300 416 160
353723396 416 160
353727492 416 160
353731588 416 160
353735684 416 160
353739780 416 160
353743876 416 160
353747972 416 160
353752068 416 160
353756164 416 160
353760260 416 160
353764356 416 160
353768452 416 160
353772548 416 160
353776644 416 160
353780740 416 160
353784836 416 160
353788932 416 160
353793028 416 160
353797124 416 160
353801220 416 160
353805316 416 160
353809412 416 160
353813508 416 160
353817604 416 160
353821700 416 160
353825796 416 160
353829892 416 160
353833988 416 160
353838084 416 160
353842180 416 160
353846276 416 160
353850372 416 160
353854468 416 160
353858564 416 160
353862660 416 160
353638404 416 160
353642500 416 160
353646596 416 160
353650692 416 160
353654788 416 160
353658884 416 160
353662980 416 160
353667076 416 160
353671172 416 160
353675268 416 160
353679364 416 160
353683460 416 160
353687556 416 160
353691652 416 160
353695748 416 160
353699844 416 160
353703940 416 160
353708036 416 160
353712132 416 160
353716228 416 160
353720324 416 160
353724420 416 160
353728516 416 160
353732612 416 160
353736708 416 160
353740804 416 160
353744900 416 160
353748996 416 160
353753092 416 160
353757188 416 160
353761284 416 160
353765380 416 160
353769476 416 160
353773572 416 160
353777668 416 160
353781764 416 160
353785860 416 160
353789956 416 160
353794052 416 160
353798148 416 160
353802244 416 160
353806340 416 160
353810436 416 160
353814532 416 160
353818628 416 160
353822724 416 160
353826820 416 160
353830916 416 160
353835012 416 160
353839108 416 160
353843204 416 160
353847300 416 160
353851396 416 160
353855492 416 160
353859588 416 160
353863684 416 160
353899524 416 160
353903620 416 160
353907716 416 160
353911812 416 160
353915908 416 160
353920004 416 160
353924100 416 160
353928196 416 160
353932292 416 160
353936388 416 160
353940484 416 160
353944580 416 160
353948676 416 160
353952772 416 160
353956868 416 160
353960964 416 160
353965060 416 160
353969156 416 160
353973252 416 160
353977348 416 160
353981444 416 160
353985540 416 160
353989636 416 160
353993732 416 160
353997828 416 160
354001924 416 160
354006020 416 160
354010116 416 160
354014212 416 160
354018308 416 160
354022404 416 160
354026500 416 160
354030596 416 160
354034692 416 160
354038788 416 160
354042884 416 160
354046980 416 160
354051076 416 160
354055172 416 160
354059268 416 160
354063364 416 160
354067460 416 160
354071556 416 160
354075652 416 160
354079748 416 160
354083844 416 160
354087940 416 160
354092036 416 160
354096132 416 160
354100228 416 160
354104324 416 160
354108420 416 160
354112516 416 160
354116612 416 160
354120708 416 160
354124804 416 160
353900548 416 160
353904644 416 160
353908740 416 160
353912836 416 160
353916932 416 160
353921028 416 160
353925124 416 160
353929220 416 160
353933316 416 160
353937412 416 160
353941508 416 160
353945604 416 160
353949700 416 160
353953796 416 160
353957892 416 160
353961988 416 160
353966084 416 160
353970180 416 160
353974276 416 160
353978372 416 160
353982468 416 160
353986564 416 160
353990660 416 160
353994756 416 160
353998852 416 160
354002948 416 160
354007044 416 160
354011140 416 160
354015236 416 160
354019332 416 160
354023428 416 160
354027524 416 160
354031620 416 160
354035716 416 160
354039812 416 160
354043908 416 160
354048004 416 160
354052100 416 160
354056196 416 160
354060292 416 160
354064388 416 160
354068484 416 160
354072580 416 160
354076676 416 160
354080772 416 160
354084868 416 160
354088964 416 160
354093060 416 160
354097156 416 160
354101252 416 160
354105348 416 160
354109444 416 160
354113540 416 160
354117636 416 160
354121732 416 160
354125828 416 160
354161668 416 160
354165764 416 160
354169860 416 160
354173956 416 160
354178052 416 160
354182148 416 160
354186244 416 160
354190340 416 160
354194436 416 160
354198532 416 160
354202628 416 160
354206724 416 160
354210820 416 160
354214916 416 160
354219012 416 160
354223108 416 160
354227204 416 160
354231300 416 160
354235396 416 160
354239492 416 160
354243588 416 160
354247684 416 160
354251780 416 160
354255876 416 160
354259972 416 160
354264068 416 160
354268164 416 160
354272260 416 160
354276356 416 160
354280452 416 160
354284548 416 160
354288644 416 160
354292740 416 160
354296836 416 160
354300932 416 160
354305028 416 160
354309124 416 160
354313220 416 160
354317316 416 160
354321412 416 160
354325508 416 160
354329604 416 160
354333700 416 160
354337796 416 160
354341892 416 160
354345988 416 160
354350084 416 160
354354180 416 160
354358276 416 160
354362372 416 160
354366468 416 160
354370564 416 160
354374660 416 160
354378756 416 160
354382852 416 160
354386948 416 160
354162692 416 160
354166788 416 160
354170884 416 160
354174980 416 160
354179076 416 160
354183172 416 160
354187268 416 160
354191364 416 160
354195460 416 160
354199556 416 160
354203652 416 160
354207748 416 160
354211844 416 160
354215940 416 160
354220036 416 160
354224132 416 160
354228228 416 160
354232324 416 160
354236420 416 160
354240516 416 160
354244612 416 160
354248708 416 160
354252804 416 160
354256900 416 160
354260996 416 160
354265092 416 160
354269188 416 160
354273284 416 160
354277380 416 160
354281476 416 160
354285572 416 160
354289668 416 160
354293764 416 160
354297860 416 160
354301956 416 160
354306052 416 160
354310148 416 160
354314244 416 160
354318340 416 160
354322436 416 160
354326532 416 160
354330628 416 160
354334724 416 160
354338820 416 160
354342916 416 160
354347012 416 160
354351108 416 160
354355204 416 160
354359300 416 160
354363396 416 160
354367492 416 160
354371588 416 160
354375684 416 160
354379780 416 160
354383876 416 160
354387972 416 160
354423812 416 160
354427908 416 160
354432004 416 160
354436100 416 160
354440196 416 160
354444292 416 160
354448388 416 160
354452484 416 160
354456580 416 160
354460676 416 160
354464772 416 160
354468868 416 160
354472964 416 160
354477060 416 160
354481156 416 160
354485252 416 160
354489348 416 160
354493444 416 160
354497540 416 160
354501636 416 160
354505732 416 160
354509828 416 160
354513924 416 160
354518020 416 160
354522116 416 160
354526212 416 160
354530308 416 160
354534404 416 160
354538500 416 160
354542596 416 160
354546692 416 160
354550788 416 160
354554884 416 160
354558980 416 160
354424836 416 160
354428932 416 160
354433028 416 160
354437124 416 160
354441220 416 160
354445316 416 160
354449412 416 160
354453508 416 160
354457604 416 160
354461700 416 160
354465796 416 160
354469892 416 160
354473988 416 160
354478084 416 160
354482180 416 160
354486276 416 160
354490372 416 160
354494468 416 160
354498564 416 160
354502660 416 160
354506756 416 160
354510852 416 160
354514948 416 160
354519044 416 160
354523140 416 160
354527236 416 160
354531332 416 160
354535428 416 160
354539524 416 160
354543620 416 160
354547716 416 160
354551812 416 160
354555908 416 160
354560004 416 160
354685956 416 160
354690052 416 160
354694148 416 160
354698244 416 160
354702340 416 160
354706436 416 160
354710532 416 160
354714628 416 160
354718724 416 160
354722820 416 160
354726916 416 160
354731012 416 160
354735108 416 160
354739204 416 160
354743300 416 160
354747396 416 160
354751492 416 160
354755588 416 160
354759684 416 160
354763780 416 160
354767876 416 160
354771972 416 160
354776068 416 160
354780164 416 160
354784260 416 160
354788356 416 160
354792452 416 160
354796548 416 160
354800644 416 160
354804740 416 160
354808836 416 160
354812932 416 160
354817028 416 160
354821124 416 160
354686980 416 160
354691076 416 160
354695172 416 160
354699268 416 160
354703364 416 160
354707460 416 160
354711556 416 160
354715652 416 160
354719748 416 160
354723844 416 160
354727940 416 160
354732036 416 160
354736132 416 160
354740228 416 160
354744324 416 160
354748420 416 160
354752516 416 160
354756612 416 160
354760708 416 160
354764804 416 160
354768900 416 160
354772996 416 160
354777092 416 160
354781188 416 160
354785284 416 160
354789380 416 160
354793476 416 160
354797572 416 160
354801668 416 160
354805764 416 160
354809860 416 160
354813956 416 160
354818052 416 160
354822148 416 160
354948100 416 160
354952196 416 160
354956292 416 160
354960388 416 160
354964484 416 160
354968580 416 160
354972676 416 160
354976772 416 160
354980868 416 160
354984964 416 160
354989060 416 160
354993156 416 160
354997252 416 160
355001348 416 160
355005444 416 160
355009540 416 160
355013636 416 160
355017732 416 160
355021828 416 160
355025924 416 160
355030020 416 160
355034116 416 160
355038212 416 160
355042308 416 160
355046404 416 160
355050500 416 160
355054596 416 160
355058692 416 160
355062788 416 160
355066884 416 160
355070980 416 160
355075076 416 160
355079172 416 160
355083268 416 160
354949124 416 160
354953220 416 160
354957316 416 160
354961412 416 160
354965508 416 160
354969604 416 160
354973700 416 160
354977796 416 160
354981892 416 160
354985988 416 160
354990084 416 160
354994180 416 160
354998276 416 160
355002372 416 160
355006468 416 160
355010564 416 160
355014660 416 160
355018756 416 160
355022852 416 160
355026948 416 160
355031044 416 160
355035140 416 160
355039236 416 160
355043332 416 160
355047428 416 160
355051524 416 160
355055620 416 160
355059716 416 160
355063812 416 160
355067908 416 160
355072004 416 160
355076100 416 160
355080196 416 160
355084292 416 160
344200196 416 160
344204292 416 160
344208388 416 160
344212484 416 160
344216580 416 160
344220676 416 160
344224772 416 160
344228868 416 160
344232964 416 160
344237060 416 160
344241156 416 160
344245252 416 160
344249348 416 160
344253444 416 160
344257540 416 160
344261636 416 160
344265732 416 160
344269828 416 160
344273924 416 160
344278020 416 160
344282116 416 160
344286212 416 160
344290308 416 160
344294404 416 160
344298500 416 160
344302596 416 160
344306692 416 160
344310788 416 160
344314884 416 160
344318980 416 160
344323076 416 160
344327172 416 160
344331268 416 160
344335364 416 160
344339460 416 160
344343556 416 160
344347652 416 160
344351748 416 160
344355844 416 160
344359940 416 160
344364036 416 160
344368132 416 160
344372228 416 160
344376324 416 160
344380420 416 160
344384516 416 160
344388612 416 160
344392708 416 160
344396804 416 160
344400900 416 160
344404996 416 160
344409092 416 160
344413188 416 160
344417284 416 160
344421380 416 160
344425476 416 160
344201220 416 160
344205316 416 160
344209412 416 160
344213508 416 160
344217604 416 160
344221700 416 160
344225796 416 160
344229892 416 160
344233988 416 160
344238084 416 160
344242180 416 160
344246276 416 160
344250372 416 160
344254468 416 160
344258564 416 160
344262660 416 160
344266756 416 160
344270852 416 160
344274948 416 160
344279044 416 160
344283140 416 160
344287236 416 160
344291332 416 160
344295428 416 160
344299524 416 160
344303620 416 160
344307716 416 160
344311812 416 160
344315908 416 160
344320004 416 160
344324100 416 160
344328196 416 160
344332292 416 160
344336388 416 160
344340484 416 160
344344580 416 160
344348676 416 160
344352772 416 160
344356868 416 160
344360964 416 160
344365060 416 160
344369156 416 160
344373252 416 160
344377348 416 160
344381444 416 160
344385540 416 160
344389636 416 160
344393732 416 160
344397828 416 160
344401924 416 160
344406020 416 160
344410116 416 160
344414212 416 160
344418308 416 160
344422404 416 160
344426500 416 160
344462340 416 160
344466436 416 160
344470532 416 160
344474628 416 160
344478724 416 160
344482820 416 160
344486916 416 160
344491012 416 160
344495108 416 160
344499204 416 160
344503300 416 160
344507396 416 160
344511492 416 160
344515588 416 160
344519684 416 160
344523780 416 160
344527876 416 160
344531972 416 160
344536068 416 160
344540164 416 160
344544260 416 160
344548356 416 160
344552452 416 160
344556548 416 160
344560644 416 160
344564740 416 160
344568836 416 160
344572932 416 160
344577028 416 160
344581124 416 160
344585220 416 160
344589316 416 160
344593412 416 160
344597508 416 160
344601604 416 160
344605700 416 160
344609796 416 160
344613892 416 160
344617988 416 160
344622084 416 160
344626180 416 160
344630276 416 160
344634372 416 160
344638468 416 160
344642564 416 160
344646660 416 160
344650756 416 160
344654852 416 160
344658948 416 160
344663044 416 160
344667140 416 160
344671236 416 160
344675332 416 160
344679428 416 160
344683524 416 160
344687620 416 160
344463364 416 160
344467460 416 160
344471556 416 160
344475652 416 160
344479748 416 160
344483844 416 160
344487940 416 160
344492036 416 160
344496132 416 160
344500228 416 160
344504324 416 160
344508420 416 160
344512516 416 160
344516612 416 160
344520708 416 160
344524804 416 160
344528900 416 160
344532996 416 160
344537092 416 160
344541188 416 160
344545284 416 160
344549380 416 160
344553476 416 160
344557572 416 160
344561668 416 160
344565764 416 160
344569860 416 160
344573956 416 160
344578052 416 160
344582148 416 160
344586244 416 160
344590340 416 160
344594436 416 160
344598532 416 160
344602628 416 160
344606724 416 160
344610820 416 160
344614916 416 160
344619012 416 160
344623108 416 160
344627204 416 160
344631300 416 160
344635396 416 160
344639492 416 160
344643588 416 160
344647684 416 160
344651780 416 160
344655876 416 160
344659972 416 160
344664068 416 160
344668164 416 160
344672260 416 160
344676356 416 160
344680452 416 160
344684548 416 160
344688644 416 160
344724484 416 160
344728580 416 160
344732676 416 160
344736772 416 160
344740868 416 160
344744964 416 160
344749060 416 160
344753156 416 160
344757252 416 160
344761348 416 160
344765444 416 160
344769540 416 160
344773636 416 160
344777732 416 160
344781828 416 160
344785924 416 160
344790020 416 160
344794116 416 160
344798212 416 160
344802308 416 160
344806404 416 160
344810500 416 160
344814596 416 160
344818692 416 160
344822788 416 160
344826884 416 160
344830980 416 160
344835076 416 160
344839172 416 160
344843268 416 160
344847364 416 160
344851460 416 160
344855556 416 160
344859652 416 160
344863748 416 160
344867844 416 160
344871940 416 160
344876036 416 160
344880132 416 160
344884228 416 160
344888324 416 160
344892420 416 160
344896516 416 160
344900612 416 160
344904708 416 160
344908804 416 160
344912900 416 160
344916996 416 160
344921092 416 160
344925188 416 160
344929284 416 160
344933380 416 160
344937476 416 160
344941572 416 160
344945668 416 160
344949764 416 160
344725508 416 160
344729604 416 160
344733700 416 160
344737796 416 160
344741892 416 160
344745988 416 160
344750084 416 160
344754180 416 160
344758276 416 160
344762372 416 160
344766468 416 160
344770564 416 160
344774660 416 160
344778756 416 160
344782852 416 160
344786948 416 160
344791044 416 160
344795140 416 160
344799236 416 160
344803332 416 160
344807428 416 160
344811524 416 160
344815620 416 160
344819716 416 160
344823812 416 160
344827908 416 160
344832004 416 160
344836100 416 160
344840196 416 160
344844292 416 160
344848388 416 160
344852484 416 160
344856580 416 160
344860676 416 160
344864772 416 160
344868868 416 160
344872964 416 160
344877060 416 160
344881156 416 160
344885252 416 160
344889348 416 160
344893444 416 160
344897540 416 160
344901636 416 160
344905732 416 160
344909828 416 160
344913924 416 160
344918020 416 160
344922116 416 160
344926212 416 160
344930308 416 160
344934404 416 160
344938500 416 160
344942596 416 160
344946692 416 160
344950788 416 160
344986628 416 160
344990724 416 160
344994820 416 160
344998916 416 160
345003012 416 160
345007108 416 160
345011204 416 160
345015300 416 160
345019396 416 160
345023492 416 160
345027588 416 160
345031684 416 160
345035780 416 160
345039876 416 160
345043972 416 160
345048068 416 160
345052164 416 160
345056260 416 160
345060356 416 160
345064452 416 160
345068548 416 160
345072644 416 160
345076740 416 160
345080836 416 160
345084932 416 160
345089028 416 160
345093124 416 160
345097220 416 160
345101316 416 160
345105412 416 160
345109508 416 160
345113604 416 160
345117700 416 160
345121796 416 160
345125892 416 160
345129988 416 160
345134084 416 160
345138180 416 160
345142276 416 160
345146372 416 160
345150468 416 160
345154564 416 160
345158660 416 160
345162756 416 160
345166852 416 160
345170948 416 160
345175044 416 160
345179140 416 160
345183236 416 160
345187332 416 160
345191428 416 160
345195524 416 160
345199620 416 160
345203716 416 160
345207812 416 160
345211908 416 160
344987652 416 160
344991748 416 160
344995844 416 160
344999940 416 160
345004036 416 160
345008132 416 160
345012228 416 160
345016324 416 160
345020420 416 160
345024516 416 160
345028612 416 160
345032708 416 160
345036804 416 160
345040900 416 160
345044996 416 160
345049092 416 160
345053188 416 160
345057284 416 160
345061380 416 160
345065476 416 160
345069572 416 160
345073668 416 160
345077764 416 160
345081860 416 160
345085956 416 160
345090052 416 160
345094148 416 160
345098244 416 160
345102340 416 160
345106436 416 160
345110532 416 160
345114628 416 160
345118724 416 160
345122820 416 160
345126916 416 160
345131012 416 160
345135108 416 160
345139204 416 160
345143300 416 160
345147396 416 160
345151492 416 160
345155588 416 160
345159684 416 160
345163780 416 160
345167876 416 160
345171972 416 160
345176068 416 160
345180164 416 160
345184260 416 160
345188356 416 160
345192452 416 160
345196548 416 160
345200644 416 160
345204740 416 160
345208836 416 160
345212932 416 160
345248772 416 160
345252868 416 160
345256964 416 160
345261060 416 160
345265156 416 160
345269252 416 160
345273348 416 160
345277444 416 160
345281540 416 160
345285636 416 160
345289732 416 160
345293828 416 160
345297924 416 160
345302020 416 160
345306116 416 160
345310212 416 160
345314308 416 160
345318404 416 160
345322500 416 160
345326596 416 160
345330692 416 160
345334788 416 160
345338884 416 160
345342980 416 160
345347076 416 160
345351172 416 160
345355268 416 160
345359364 416 160
345363460 416 160
345367556 416 160
345371652 416 160
345375748 416 160
345379844 416 160
345383940 416 160
345388036 416 160
345392132 416 160
345396228 416 160
345400324 416 160
345404420 416 160
345408516 416 160
345412612 416 160
345416708 416 160
345420804 416 160
345424900 416 160
345428996 416 160
345433092 416 160
345437188 416 160
345441284 416 160
345445380 416 160
345449476 416 160
345453572 416 160
345457668 416 160
345461764 416 160
345465860 416 160
345469956 416 160
345474052 416 160
345249796 416 160
345253892 416 160
345257988 416 160
345262084 416 160
345266180 416 160
345270276 416 160
345274372 416 160
345278468 416 160
345282564 416 160
345286660 416 160
345290756 416 160
345294852 416 160
345298948 416 160
345303044 416 160
345307140 416 160
345311236 416 160
345315332 416 160
345319428 416 160
345323524 416 160
345327620 416 160
345331716 416 160
345335812 416 160
345339908 416 160
345344004 416 160
345348100 416 160
345352196 416 160
345356292 416 160
345360388 416 160
345364484 416 160
345368580 416 160
345372676 416 160
345376772 416 160
345380868 416 160
345384964 416 160
345389060 416 160
345393156 416 160
345397252 416 160
345401348 416 160
345405444 416 160
345409540 416 160
345413636 416 160
345417732 416 160
345421828 416 160
345425924 416 160
345430020 416 160
345434116 416 160
345438212 416 160
345442308 416 160
345446404 416 160
345450500 416 160
345454596 416 160
345458692 416 160
345462788 416 160
345466884 416 160
345470980 416 160
345475076 416 160
345510916 416 160
345515012 416 160
345519108 416 160
345523204 416 160
345527300 416 160
345531396 416 160
345535492 416 160
345539588 416 160
345543684 416 160
345547780 416 160
345551876 416 160
345555972 416 160
345560068 416 160
345564164 416 160
345568260 416 160
345572356 416 160
345576452 416 160
345580548 416 160
345584644 416 160
345588740 416 160
345592836 416 160
345596932 416 160
345601028 416 160
345605124 416 160
345609220 416 160
345613316 416 160
345617412 416 160
345621508 416 160
345625604 416 160
345629700 416 160
345633796 416 160
345637892 416 160
345641988 416 160
345646084 416 160
345650180 416 160
345654276 416 160
345658372 416 160
345662468 416 160
345666564 416 160
345670660 416 160
345674756 416 160
345678852 416 160
345682948 416 160
345687044 416 160
345691140 416 160
345695236 416 160
345699332 416 160
345703428 416 160
345707524 416 160
345711620 416 160
345715716 416 160
345719812 416 160
345723908 416 160
345728004 416 160
345732100 416 160
345736196 416 160
345511940 416 160
345516036 416 160
345520132 416 160
345524228 416 160
345528324 416 160
345532420 416 160
345536516 416 160
345540612 416 160
345544708 416 160
345548804 416 160
345552900 416 160
345556996 416 160
345561092 416 160
345565188 416 160
345569284 416 160
345573380 416 160
345577476 416 160
345581572 416 160
345585668 416 160
345589764 416 160
345593860 416 160
345597956 416 160
345602052 416 160
345606148 416 160
345610244 416 160
345614340 416 160
345618436 416 160
345622532 416 160
345626628 416 160
345630724 416 160
345634820 416 160
345638916 416 160
345643012 416 160
345647108 416 160
345651204 416 160
345655300 416 160
345659396 416 160
345663492 416 160
345667588 416 160
345671684 416 160
345675780 416 160
345679876 416 160
345683972 416 160
345688068 416 160
345692164 416 160
345696260 416 160
345700356 416 160
345704452 416 160
345708548 416 160
345712644 416 160
345716740 416 160
345720836 416 160
345724932 416 160
345729028 416 160
345733124 416 160
345737220 416 160
345773060 416 160
345777156 416 160
345781252 416 160
345785348 416 160
345789444 416 160
345793540 416 160
345797636 416 160
345801732 416 160
345805828 416 160
345809924 416 160
345814020 416 160
345818116 416 160
345822212 416 160
345826308 416 160
345830404 416 160
345834500 416 160
345838596 416 160
345842692 416 160
345846788 416 160
345850884 416 160
345854980 416 160
345859076 416 160
345863172 416 160
345867268 416 160
345871364 416 160
345875460 416 160
345879556 416 160
345883652 416 160
345887748 416 160
345891844 416 160
345895940 416 160
345900036 416 160
345904132 416 160
345908228 416 160
345912324 416 160
345916420 416 160
345920516 416 160
345924612 416 160
345928708 416 160
345932804 416 160
345936900 416 160
345940996 416 160
345945092 416 160
345949188 416 160
345953284 416 160
345957380 416 160
345961476 416 160
345965572 416 160
345969668 416 160
345973764 416 160
345977860 416 160
345981956 416 160
345986052 416 160
345990148 416 160
345994244 416 160
345998340 416 160
345774084 416 160
345778180 416 160
345782276 416 160
345786372 416 160
345790468 416 160
345794564 416 160
345798660 416 160
345802756 416 160
345806852 416 160
345810948 416 160
345815044 416 160
345819140 416 160
345823236 416 160
345827332 416 160
345831428 416 160
345835524 416 160
345839620 416 160
345843716 416 160
345847812 416 160
345851908 416 160
345856004 416 160
345860100 416 160
345864196 416 160
345868292 416 160
345872388 416 160
345876484 416 160
345880580 416 160
345884676 416 160
345888772 416 160
345892868 416 160
345896964 416 160
345901060 416 160
345905156 416 160
345909252 416 160
345913348 416 160
345917444 416 160
345921540 416 160
345925636 416 160
345929732 416 160
345933828 416 160
345937924 416 160
345942020 416 160
345946116 416 160
345950212 416 160
345954308 416 160
345958404 416 160
345962500 416 160
345966596 416 160
345970692 416 160
345974788 416 160
345978884 416 160
345982980 416 160
345987076 416 160
345991172 416 160
345995268 416 160
345999364 416 160
346035204 416 160
346039300 416 160
346043396 416 160
346047492 416 160
346051588 416 160
346055684 416 160
346059780 416 160
346063876 416 160
346067972 416 160
346072068 416 160
346076164 416 160
346080260 416 160
346084356 416 160
346088452 416 160
346092548 416 160
346096644 416 160
346100740 416 160
346104836 416 160
346108932 416 160
346113028 416 160
346117124 416 160
346121220 416 160
346125316 416 160
346129412 416 160
346133508 416 160
346137604 416 160
346141700 416 160
346145796 416 160
346149892 416 160
346153988 416 160
346158084 416 160
346162180 416 160
346166276 416 160
346170372 416 160
346036228 416 160
346040324 416 160
346044420 416 160
346048516 416 160
346052612 416 160
346056708 416 160
346060804 416 160
346064900 416 160
346068996 416 160
346073092 416 160
346077188 416 160
346081284 416 160
346085380 416 160
346089476 416 160
346093572 416 160
346097668 416 160
346101764 416 160
346105860 416 160
346109956 416 160
346114052 416 160
346118148 416 160
346122244 416 160
346126340 416 160
346130436 416 160
346134532 416 160
346138628 416 160
346142724 416 160
346146820 416 160
346150916 416 160
346155012 416 160
346159108 416 160
346163204 416 160
346167300 416 160
346171396 416 160
346297348 416 160
346301444 416 160
346305540 416 160
346309636 416 160
346313732 416 160
346317828 416 160
346321924 416 160
346326020 416 160
346330116 416 160
346334212 416 160
346338308 416 160
346342404 416 160
346346500 416 160
346350596 416 160
346354692 416 160
346358788 416 160
346362884 416 160
346366980 416 160
346371076 416 160
346375172 416 160
346379268 416 160
346383364 416 160
346387460 416 160
346391556 416 160
346395652 416 160
346399748 416 160
346403844 416 160
346407940 416 160
346412036 416 160
346416132 416 160
346420228 416 160
346424324 416 160
346428420 416 160
346432516 416 160
346298372 416 160
346302468 416 160
346306564 416 160
346310660 416 160
346314756 416 160
346318852 416 160
346322948 416 160
346327044 416 160
346331140 416 160
346335236 416 160
346339332 416 160
346343428 416 160
346347524 416 160
346351620 416 160
346355716 416 160
346359812 416 160
346363908 416 160
346368004 416 160
346372100 416 160
346376196 416 160
346380292 416 160
346384388 416 160
346388484 416 160
346392580 416 160
346396676 416 160
346400772 416 160
346404868 416 160
346408964 416 160
346413060 416 160
346417156 416 160
346421252 416 160
346425348 416 160
346429444 416 160
346433540 416 160
346559492 416 160
346563588 416 160
346567684 416 160
346571780 416 160
346575876 416 160
346579972 416 160
346584068 416 160
346588164 416 160
346592260 416 160
346596356 416 160
346600452 416 160
346604548 416 160
346608644 416 160
346612740 416 160
346616836 416 160
346620932 416 160
346625028 416 160
346629124 416 160
346633220 416 160
346637316 416 160
346641412 416 160
346645508 416 160
346649604 416 160
346653700 416 160
346657796 416 160
346661892 416 160
346665988 416 160
346670084 416 160
346674180 416 160
346678276 416 160
346682372 416 160
346686468 416 160
346690564 416 160
346694660 416 160
346560516 416 160
346564612 416 160
346568708 416 160
346572804 416 160
346576900 416 160
346580996 416 160
346585092 416 160
346589188 416 160
346593284 416 160
346597380 416 160
346601476 416 160
346605572 416 160
346609668 416 160
346613764 416 160
346617860 416 160
346621956 416 160
346626052 416 160
346630148 416 160
346634244 416 160
346638340 416 160
346642436 416 160
346646532 416 160
346650628 416 160
346654724 416 160
346658820 416 160
346662916 416 160
346667012 416 160
346671108 416 160
346675204 416 160
346679300 416 160
346683396 416 160
346687492 416 160
346691588 416 160
346695684 416 160
